Sex,Education,Marriage,Age,Credit_Limit,Current_Bill,Prev_Bill1,Prev_Bill2,Prev_Bill3,Prev_Bill4,Prev_Bill5,Paid_Amt1,Paid_Amt2,Paid_Amt3,Paid_Amt4,Paid_Amt5,Unpaid1,Unpaid2,Unpaid3,Unpaid4,Unpaid5,Default
Female,University,Married,24,20000,3913,3102,689,0,0,0,0,689,0,0,0,3102,0,0,0,0,1
Female,University,Single,26,120000,2682,1725,2682,3272,3455,3261,0,1000,1000,1000,0,1725,1682,2272,2455,3261,1
Female,University,Single,34,90000,29239,14027,13559,14331,14948,15549,1518,1500,1000,1000,1000,12509,12059,13331,13948,14549,0
Female,University,Married,37,50000,46990,48233,49291,28314,28959,29547,2000,2019,1200,1100,1069,46233,47272,27114,27859,28478,0
Male,University,Married,57,50000,8617,5670,35835,20940,19146,19131,2000,36681,10000,9000,689,3670,-846,10940,10146,18442,0
Male,Graduate,Single,37,50000,64400,57069,57608,19394,19619,20024,2500,1815,657,1000,1000,54569,55793,18737,18619,19024,0
Male,Graduate,Single,29,500000,367965,412023,445007,542653,483003,473944,55000,40000,38000,20239,13750,357023,405007,504653,462764,460194,0
Female,University,Single,23,100000,11876,380,601,221,-159,567,380,601,0,581,1687,0,0,221,-740,-1120,0
Female,High School,Married,28,140000,11285,14096,12108,12211,11793,3719,3329,0,432,1000,1000,10767,12108,11779,10793,2719,0
Male,High School,Single,35,20000,0,0,0,0,13007,13912,0,0,0,13007,1122,0,0,0,0,12790,0
Female,High School,Single,34,200000,11073,9787,5535,2513,1828,3731,2306,12,50,300,3738,7481,5523,2463,1528,-7,0
Female,Graduate,Single,51,260000,12261,21670,9966,8517,22287,13668,21818,9966,8583,22301,0,-148,0,-66,-14,13668,0
Female,University,Single,41,630000,12137,6500,6500,6500,6500,2870,1000,6500,6500,6500,2870,5500,0,0,0,0,0
Male,University,Single,30,70000,65802,67369,65701,66782,36137,36894,3200,0,3000,3000,1500,64169,65701,63782,33137,35394,1
Male,Graduate,Single,29,250000,70887,67060,63561,59696,56875,55512,3000,3000,3000,3000,3000,64060,60561,56696,53875,52512,0
Female,High School,Other,23,50000,50614,29173,28116,28771,29531,30211,0,1500,1100,1200,1300,29173,26616,27671,28331,28911,0
Male,Graduate,Single,24,20000,15376,18010,17428,18338,17905,19104,3200,0,1500,0,1650,14810,17428,16838,17905,17454,1
Male,Graduate,Married,49,320000,253286,246536,194663,70074,5856,195599,10358,10000,75940,20000,195599,236178,184663,-5866,-14144,0,0
Female,Graduate,Married,49,360000,0,0,0,0,0,0,0,0,0,0,0,0,0,0,0,0,0
Female,Graduate,Single,29,180000,0,0,0,0,0,0,0,0,0,0,0,0,0,0,0,0,0
Female,High School,Single,39,130000,38358,27688,24489,20616,11802,930,3000,1537,1000,2000,930,24688,22952,19616,9802,0,0
Female,University,Married,39,120000,316,316,316,0,632,316,316,316,0,632,316,0,0,0,0,0,1
Female,University,Single,26,70000,41087,42445,45020,44006,46905,46012,2007,3582,0,3601,0,40438,41438,44006,43304,46012,1
Female,Graduate,Married,40,450000,5512,19420,1473,560,0,0,19428,1473,560,0,0,-8,0,0,0,0,1
Male,Graduate,Single,23,90000,4744,7070,0,5398,6360,8292,5757,0,5398,1200,2045,1313,0,0,5160,6247,0
Male,High School,Single,23,50000,47620,41810,36023,28967,29829,30046,1973,1426,1001,1432,1062,39837,34597,27966,28397,28984,0
Male,Graduate,Single,27,60000,-109,-425,259,-57,127,-189,0,1000,0,500,0,-425,-741,-57,-373,-189,1
Female,High School,Single,30,50000,22541,16138,17163,17878,18931,19617,1300,1300,1000,1500,1000,14838,15863,16878,17431,18617,0
Female,High School,Married,47,50000,650,3415,3416,2040,30430,257,3415,3421,2044,30430,257,0,-5,-4,0,0,0
Male,Graduate,Single,26,50000,15329,16575,17496,17907,18375,11400,1500,1500,1000,1000,1600,15075,15996,16907,17375,9800,0
Female,Graduate,Single,27,230000,16646,17265,13266,15339,14307,36923,17270,13281,15339,14307,37292,-5,-15,0,0,-369,0
Male,University,Single,33,50000,30518,29618,22102,22734,23217,23680,1718,1500,1000,1000,1000,27900,20602,21734,22217,22680,1
Male,Graduate,Single,32,100000,93036,84071,82880,80958,78703,75589,3023,3511,3302,3204,3200,81048,79369,77656,75499,72389,0
Female,University,Married,54,500000,10929,4152,22722,7521,71439,8981,4152,22827,7521,71439,981,0,-105,0,0,8000,0
Male,Graduate,Married,58,500000,13709,5006,31130,3180,0,5293,5006,31178,3180,0,5293,0,-48,0,0,0,0
Male,Graduate,Single,30,160000,30265,-131,-527,-923,-1488,-1884,131,396,396,565,792,-262,-923,-1319,-2053,-2676,0
Male,University,Married,40,280000,186503,181328,180422,170410,173901,177413,8026,8060,6300,6400,6400,173302,172362,164110,167501,171013,0
Female,University,Single,22,60000,15054,9806,11068,6026,-28335,18660,1500,1518,2043,0,47671,8306,9550,3983,-28335,-29011,0
Male,Graduate,Single,25,50000,0,780,0,0,0,0,780,0,0,0,0,0,0,0,0,0,1
Male,Graduate,Single,31,280000,498,9075,4641,9976,17976,9477,9075,0,9976,8000,9525,0,4641,0,9976,-48,0
Male,Graduate,Single,33,360000,218668,221296,206895,628699,195969,179224,10000,7000,6000,188840,28000,211296,199895,622699,7129,151224,0
Female,Graduate,Single,25,70000,67521,66999,63949,63699,64718,65970,3000,4500,4042,2500,2800,63999,59449,59657,62218,63170,0
Male,University,Single,22,10000,1877,3184,6003,3576,3670,4451,1500,2927,1000,300,1000,1684,3076,2576,3370,3451,0
Female,University,Married,37,140000,59504,61544,62925,64280,67079,69802,3000,3000,3000,4000,4000,58544,59925,61280,63079,65802,0
Female,Graduate,Single,30,40000,18927,21295,25921,25209,26636,29197,3000,5000,0,2000,3000,18295,20921,25209,24636,26197,0
Male,Graduate,Single,29,210000,0,0,0,0,0,0,0,0,0,0,0,0,0,0,0,0,1
Female,Graduate,Single,22,20000,14028,16484,15800,16341,16675,0,3000,0,16741,334,0,13484,15800,-400,16341,0,1
Female,Other,Single,46,150000,4463,3034,1170,1170,0,0,1013,1170,0,0,0,2021,0,1170,0,0,1
Male,University,Single,32,380000,22401,21540,15134,32018,11849,11873,21540,15138,24677,11851,11875,0,-4,7341,-2,-2,0
Male,Graduate,Single,24,20000,17447,18479,19476,19865,20480,20063,1318,1315,704,928,912,17161,18161,19161,19552,19151,0
Male,High School,Single,42,70000,37042,36171,38355,39423,38659,39362,0,3100,2000,0,1500,36171,35255,37423,38659,37862,1
Female,High School,Other,43,100000,61559,51163,43824,39619,35762,33258,2000,1606,1500,2000,1500,49163,42218,38119,33762,31758,0
Female,University,Married,49,310000,13465,7867,7600,11185,3544,464,7875,7600,11185,3544,464,-8,0,0,0,0,0
Female,Graduate,Single,25,180000,41402,41742,42758,43510,44420,45319,1300,2010,1762,1762,1790,40442,40748,41748,42658,43529,0
Female,Graduate,Single,29,150000,46224,34993,31434,26518,21042,16540,1600,1718,1049,1500,2000,33393,29716,25469,19542,14540,0
Female,Graduate,Married,45,500000,1905,3640,162,0,151,2530,3640,162,0,151,2530,0,0,0,0,0,0
Female,High School,Married,34,180000,16386,15793,8441,7142,-679,8321,8500,1500,7500,679,9000,7293,6941,-358,-1358,-679,0
Female,University,Married,34,180000,175886,173440,172308,168608,132202,129918,8083,7296,5253,4814,4816,165357,165012,163355,127388,125102,0
Female,Graduate,Single,34,200000,1587,1098,782,1166,700,1414,0,0,700,0,1200,1098,782,466,700,214,0
Female,University,Married,29,400000,400134,398857,404205,360199,356656,364089,17000,15029,30000,12000,12000,381857,389176,330199,344656,352089,0
Female,High School,Married,28,500000,22848,23638,18878,14937,13827,15571,1516,1300,1000,1000,2000,22122,17578,13937,12827,13571,1
Male,University,Married,39,70000,70800,72060,69938,16518,14096,830,4025,2095,1000,2000,3000,68035,67843,15518,12096,-2170,0
Male,Graduate,Single,29,50000,24987,24300,26591,25865,27667,28264,0,2700,0,2225,1200,24300,23891,25865,25442,27064,1
Female,University,Married,46,50000,28718,29166,0,0,0,0,1000,0,0,0,0,28166,0,0,0,0,1
Female,University,Married,51,130000,99,0,0,0,2353,0,0,0,0,2353,0,0,0,0,0,0,0
Male,Graduate,Married,57,200000,152519,148751,144076,8174,8198,7918,0,0,8222,300,0,148751,144076,-48,7898,7918,1
Male,University,Married,56,10000,2097,4193,3978,4062,4196,4326,2300,0,150,200,200,1893,3978,3912,3996,4126,1
Female,Graduate,Single,30,210000,300,300,1159,2280,300,4250,300,1159,2280,300,4250,0,0,0,0,0,0
Female,High School,Single,29,130000,-190,-9850,-9850,10311,10161,7319,0,0,20161,0,7319,-9850,-9850,-9850,10161,0,0
Male,Other,Single,22,20000,18565,17204,17285,18085,11205,5982,0,1200,1000,500,1000,17204,16085,17085,10705,4982,0
Male,Graduate,Single,31,80000,780,0,390,390,390,390,0,390,390,390,390,0,0,0,0,0,0
Male,University,Single,29,320000,58267,59246,60184,58622,62307,63526,2500,2500,0,4800,2400,56746,57684,58622,57507,61126,1
Female,University,Married,32,200000,9076,5787,-684,5247,3848,3151,5818,15,9102,17,3165,-31,-699,-3855,3831,-14,0
Female,Graduate,Single,37,290000,0,0,3155,0,2359,0,0,3155,0,2359,0,0,0,0,0,0,0
Male,Graduate,Single,32,340000,3048,5550,23337,4291,80153,25820,5713,23453,4314,80552,25949,-163,-116,-23,-399,-129,0
Male,University,Single,24,20000,14619,17216,16642,16976,17332,18543,2850,0,610,630,1500,14366,16642,16366,16702,17043,0
Male,High School,Single,25,50000,42838,37225,36087,9636,9590,10030,1759,1779,320,500,1000,35466,34308,9316,9090,9030,0
Female,Graduate,Married,45,300000,291,291,291,291,291,291,291,291,291,291,291,0,0,0,0,0,0
Female,University,Single,22,30000,28387,29612,30326,28004,26446,6411,1686,1400,560,3000,1765,27926,28926,27444,23446,4646,1
Female,University,Single,44,240000,0,0,0,0,0,0,0,0,0,0,0,0,0,0,0,0,1
Female,High School,Other,33,470000,165254,157784,162702,69923,29271,29889,6400,7566,3000,960,1000,151384,155136,66923,28311,28889,0
Female,Graduate,Single,26,360000,23411,27796,30400,33100,180000,196,4796,3400,3100,146900,196,23000,27000,30000,33100,0,0
Male,High School,Single,30,60000,26324,27471,28108,21993,19899,19771,1576,1213,648,768,1140,25895,26895,21345,19131,18631,1
Female,University,Married,44,400000,131595,139060,126819,104430,104990,94058,10700,3,3050,3000,3200,128360,126816,101380,101990,90858,0
Female,High School,Single,49,50000,48909,47863,21489,20414,19342,19482,1676,1302,700,699,849,46187,20187,19714,18643,18633,0
Male,University,Single,33,160000,130028,107808,71934,118418,118407,120418,4400,3547,80000,4500,4800,103408,68387,38418,113907,115618,0
Female,Graduate,Married,45,360000,390,1170,780,390,390,390,1170,0,0,390,390,0,780,390,0,0,1
Female,University,Single,32,160000,3826,4751,6604,8604,7072,766,1147,2000,2000,0,766,3604,4604,6604,7072,0,0
Female,Graduate,Married,35,130000,81313,117866,17740,1330,7095,1190,40000,5000,1330,7095,1190,77866,12740,0,0,0,0
Male,High School,Single,44,20000,8583,8303,9651,10488,12314,11970,0,1651,1000,2000,0,8303,8000,9488,10314,11970,0
Male,Graduate,Married,53,200000,138180,140774,142460,144098,147124,149531,6300,5500,5500,5500,5000,134474,136960,138598,141624,144531,1
Female,Graduate,Single,39,280000,7524,0,3968,3868,0,0,0,3968,0,0,0,0,0,3868,0,0,0
Female,Graduate,Single,27,100000,-2000,5555,0,0,0,0,7555,0,0,0,0,-2000,0,0,0,0,0
Female,University,Married,37,160000,880,1602,840,840,0,0,1602,840,840,0,0,0,0,0,0,0,0
Female,University,Single,23,60000,45648,46850,47214,19595,19209,19323,1937,1301,682,690,816,44913,45913,18913,18519,18507,0
Male,University,Single,35,90000,83725,85996,87653,35565,30942,30835,3621,3597,1179,1112,1104,82375,84056,34386,29830,29731,0
Male,Graduate,Married,43,360000,3967,8322,3394,6451,26370,9956,8339,3394,12902,27000,0,-17,0,-6451,-630,9956,0
Male,Graduate,Single,27,150000,86009,86108,89006,89775,87725,40788,4031,10006,3266,4040,1698,82077,79000,86509,83685,39090,0
Female,High School,Married,22,50000,18722,18160,16997,13150,8866,7899,1411,1194,379,281,321,16749,15803,12771,8585,7578,0
Male,University,Married,38,20000,17973,19367,19559,18240,17928,150,1699,1460,626,1750,150,17668,18099,17614,16178,0,1
Male,Graduate,Single,32,140000,672,10212,850,415,100,1430,10212,850,415,100,1430,0,0,0,0,0,0
Female,Graduate,Single,30,380000,-81,-303,32475,32891,33564,34056,223,33178,1171,1197,1250,-526,-703,31720,32367,32806,0
Male,Graduate,Married,63,480000,422069,431342,479432,487066,471145,469961,16078,55693,17000,0,18000,415264,423739,470066,471145,451961,0
Female,High School,Single,22,50000,44698,42254,38347,32496,23477,24094,1767,1362,1002,840,995,40487,36985,31494,22637,23099,1
Female,University,Single,26,60000,56685,55208,59175,60218,55447,55305,0,5000,2511,6,3000,55208,54175,57707,55441,52305,0
Female,University,Single,24,70000,5580,0,0,0,0,26529,0,0,0,0,26529,0,0,0,0,0,0
Female,University,Married,36,80000,6108,2861,3277,3319,1150,1150,2861,3279,3319,1150,1150,0,-2,0,0,0,0
Male,Graduate,Single,52,350000,713,2272,722,867,1150,5263,2272,722,867,1150,5263,0,0,0,0,0,0
Male,University,Single,38,130000,171438,178382,39940,120483,44127,126568,10908,0,133657,4566,133841,167474,39940,-13174,39561,-7273,0
Male,University,Married,35,360000,-103,-103,-103,-103,-103,-103,0,0,0,0,0,-103,-103,-103,-103,-103,0
Female,Graduate,Married,31,330000,105879,108431,105594,105896,106491,107289,9260,0,3593,4100,15794,99171,105594,102303,102391,91495,0
Male,High School,Married,47,50000,13244,14722,15181,15928,16671,17393,2000,1000,1000,1000,1000,12722,14181,14928,15671,16393,0
Male,University,Married,41,280000,135673,138532,134813,144401,152174,149415,6500,0,14254,14850,0,132032,134813,130147,137324,149415,0
Female,Graduate,Single,24,100000,52128,52692,54477,56076,60100,59713,2000,2677,3076,5080,3000,50692,51800,53000,55020,56713,0
Male,University,Single,41,50000,19015,19294,20259,20274,20311,19957,1340,1305,700,718,724,17954,18954,19574,19593,19233,0
Male,Graduate,Single,24,30000,18199,17618,18631,21319,20692,21201,0,1312,3000,0,1000,17618,17319,18319,20692,20201,1
Male,Graduate,Single,28,240000,326,326,326,5676,476,326,326,326,5676,476,326,0,0,0,0,0,0
Male,University,Single,26,80000,14029,15493,16630,17055,17629,18186,2000,1700,1000,1000,1000,13493,14930,16055,16629,17186,1
Male,University,Married,34,400000,19660,9666,11867,7839,14837,7959,9677,11867,7839,14837,7959,-11,0,0,0,0,0
Female,University,Single,38,240000,50254,51445,53015,52479,1307,1203,2000,3000,3000,1307,1203,49445,50015,49479,0,0,0
Male,High School,Single,37,50000,46004,45976,48953,48851,49318,51143,1000,4035,1000,1400,2800,44976,44918,47851,47918,48343,1
Male,Graduate,Married,40,450000,0,0,0,0,0,0,0,0,0,0,0,0,0,0,0,0,1
Female,Graduate,Married,48,110000,0,0,0,0,0,0,0,0,0,0,0,0,0,0,0,0,0
Female,University,Married,35,310000,304991,311243,306314,258610,246491,198889,13019,11128,8407,8599,6833,298224,295186,250203,237892,192056,1
Male,Graduate,Single,27,20000,19115,18962,19298,19378,19717,15630,1404,1130,600,861,313,17558,18168,18778,18856,15317,0
Male,University,Single,23,20000,0,0,0,0,0,0,0,0,0,0,0,0,0,0,0,0,0
Male,High School,Single,52,200000,110151,99530,98951,100914,103146,104993,3568,3585,3602,3848,3669,95962,95366,97312,99298,101324,0
Male,Graduate,Married,36,180000,163736,116422,99278,95766,97753,95927,4655,2690,2067,2142,2217,111767,96588,93699,95611,93710,1
Male,University,Married,51,50000,3347,3899,4503,5347,6375,7077,1000,1066,1300,1500,1200,2899,3437,4047,4875,5877,1
Male,High School,Married,55,60000,60521,61450,57244,28853,29510,26547,2504,7,1200,1200,1100,58946,57237,27653,28310,25447,0
Female,Graduate,Single,23,30000,4000,5645,3508,-27,13744,5906,5645,3508,27,13771,5911,0,0,-54,-27,-5,0
Male,Graduate,Single,41,240000,95,2622,3301,3164,360,1737,2622,3301,0,360,1737,0,0,3164,0,0,0
Male,University,Married,34,420000,253454,247743,229049,220951,210606,188108,9744,9553,7603,7830,7253,237999,219496,213348,202776,180855,0
Male,High School,Married,46,330000,227389,228719,229644,227587,227775,228203,8210,8095,8025,8175,8391,220509,221549,219562,219600,219812,0
Female,University,Single,22,30000,28452,26145,26712,25350,17603,-780,2000,1400,0,500,0,24145,25312,25350,17103,-780,0
Male,University,Married,34,240000,10674,12035,13681,13269,14158,13891,1500,1800,0,1000,0,10535,11881,13269,13158,13891,0
Male,Graduate,Single,27,150000,17444,19342,22000,24614,27200,30229,2500,3000,3000,3000,3500,16842,19000,21614,24200,26729,0
Female,University,Married,33,210000,7166,7997,8792,9189,4404,5708,1500,1500,1000,500,2000,6497,7292,8189,3904,3708,0
Female,High School,Married,51,50000,752,300,5880,0,0,0,300,5880,0,0,0,0,0,0,0,0,1
Male,Graduate,Single,24,50000,50801,50143,49586,19430,19375,18995,2360,1700,1000,900,870,47783,47886,18430,18475,18125,0
Male,Graduate,Single,47,240000,0,0,0,0,0,0,0,0,0,0,0,0,0,0,0,0,1
Male,University,Single,28,180000,1832,0,832,332,416,416,0,416,332,500,3500,0,416,0,-84,-3084,0
Male,University,Single,23,50000,10131,10833,20583,19996,19879,18065,1000,10000,400,700,800,9833,10583,19596,19179,17265,0
Male,University,Single,29,170000,12159,10000,10000,10000,9983,15846,10000,10000,10000,9983,15863,0,0,0,0,-17,0
Male,Graduate,Single,29,20000,1199,15586,344,2340,6702,339,15586,344,2340,4702,339,0,0,0,2000,0,0
Male,Graduate,Single,28,50000,4999,5913,7315,9195,10624,10138,1000,1500,2000,1583,1100,4913,5815,7195,9041,9038,0
Female,University,Single,27,170000,19269,20313,20852,17560,17918,9100,1661,1200,351,358,182,18652,19652,17209,17560,8918,1
Male,Graduate,Single,34,200000,197236,176192,93069,135668,132233,59875,8000,5000,55500,5000,5000,168192,88069,80168,127233,54875,0
Female,University,Married,23,80000,9168,10522,10205,9898,10123,12034,1650,0,0,379,2091,8872,10205,9898,9744,9943,0
Female,Graduate,Married,60,260000,-1100,-1100,21400,0,969,869,0,22500,0,969,1000,-1100,-1100,0,0,-131,0
Male,University,Married,32,140000,86627,78142,68336,64648,58319,55251,3455,3110,5000,0,2100,74687,65226,59648,58319,53151,0
Male,Graduate,Single,25,80000,42444,55744,43476,41087,41951,31826,30000,3000,6000,8000,2000,25744,40476,35087,33951,29826,0
Male,Graduate,Single,41,350000,208,2906,1000,630,0,0,2906,1000,630,0,0,0,0,0,0,0,0
Female,University,Married,56,280000,208775,182350,132257,101783,177145,169311,8042,6700,5137,100000,7000,174308,125557,96646,77145,162311,0
Female,High School,Single,26,30000,9014,10406,11427,11935,13084,14206,1700,1500,1000,1500,1500,8706,9927,10935,11584,12706,0
Male,Graduate,Married,34,140000,23944,28049,32073,43129,47086,48699,5000,5000,11885,5000,3000,23049,27073,31244,42086,45699,0
Female,Graduate,Single,37,200000,105420,102870,89643,90938,92505,94031,4000,3250,3250,3500,3560,98870,86393,87688,89005,90471,0
Female,High School,Single,30,200000,196031,196143,189524,167163,146975,122324,7300,7108,7680,6200,5000,188843,182416,159483,140775,117324,0
Male,High School,Married,45,210000,115785,122904,129847,137277,145533,154105,10478,10478,11078,11078,11678,112426,119369,126199,134455,142427,1
Male,High School,Married,57,50000,12854,12362,13447,13427,13711,14083,0,1600,500,500,600,12362,11847,12927,13211,13483,0
Male,Graduate,Single,41,30000,24357,27453,26718,28168,27579,28321,3500,0,2200,0,1200,23953,26718,25968,27579,27121,0
Male,University,Single,27,50000,390,390,780,216,1080,540,390,780,216,864,0,0,0,0,216,540,0
Male,High School,Married,47,290000,1234,396,396,792,396,423,396,396,792,0,423,0,0,0,396,0,0
Female,Graduate,Married,34,250000,141223,156858,151841,152803,155997,160220,17994,0,5469,5656,6811,138864,151841,147334,150341,153409,0
Female,University,Married,46,60000,21148,23803,24908,26034,26655,27756,3000,1500,1500,1000,1500,20803,23408,24534,25655,26256,0
Female,Graduate,Single,27,110000,101640,104795,104855,74737,76058,77254,5500,3900,3000,2900,3000,99295,100955,71737,73158,74254,0
Male,Graduate,Single,50,370000,6093,15130,8204,15398,4792,13453,15383,8204,15413,4792,13453,-253,0,-15,0,0,0
Male,University,Married,27,100000,102349,96847,58824,29336,22979,-246,3166,0,1330,1398,12,93681,58824,28006,21581,-258,0
Female,University,Married,35,90000,72112,73854,75526,77317,85852,88290,3500,3500,3652,10000,4000,70354,72026,73665,75852,84290,0
Female,University,Single,22,50000,28040,29092,29366,27737,28318,28806,1510,1442,982,1017,1277,27582,27924,26755,27301,27529,0
Male,University,Single,37,270000,37695,33397,30534,27598,26344,24641,5000,2000,3000,4000,3000,28397,28534,24598,22344,21641,0
Female,Graduate,Single,30,300000,688,3280,0,4340,2672,800,3288,0,4340,2672,800,-8,0,0,0,0,0
Female,University,Single,22,50000,8567,15273,11650,7457,3115,7725,15000,1000,149,0,5000,273,10650,7308,3115,2725,0
Female,Graduate,Single,24,50000,-709,-709,-709,-2898,-3272,-3272,0,0,0,0,0,-709,-709,-2898,-3272,-3272,1
Male,Graduate,Single,29,360000,0,0,77,0,0,0,0,77,0,0,0,0,0,0,0,0,0
Male,High School,Married,56,130000,64617,65978,67282,68557,72796,71345,3000,3000,3000,5500,0,62978,64282,65557,67296,71345,1
Male,Graduate,Single,30,80000,6187,100,600,1438,1919,5380,504,500,1000,500,3500,-404,100,438,1419,1880,0
Male,University,Single,30,50000,48860,47801,48363,30221,22877,22361,0,1500,1000,2000,0,47801,46863,29221,20877,22361,0
Female,University,Single,22,20000,16001,12622,13221,13130,14034,14906,1212,1201,500,1500,1500,11410,12020,12630,12534,13406,0
Female,University,Married,29,80000,77883,81811,80250,61467,10662,11486,5800,1000,600,400,1000,76011,79250,60867,10262,10486,0
Male,Graduate,Single,37,240000,12212,26578,25331,26605,26279,1256,15000,0,2000,0,1256,11578,25331,24605,26279,0,0
Female,High School,Single,35,80000,49608,12412,14873,17364,17770,17460,12500,6500,3000,2000,3000,-88,8373,14364,15770,14460,0
Female,Graduate,Married,47,500000,56422,110616,110340,122967,108834,70064,70010,30357,30000,20000,52183,40606,79983,92967,88834,17881,0
Female,University,Married,24,60000,58024,57891,48839,18971,19323,19395,2500,1600,3000,1000,737,55391,47239,15971,18323,18658,1
Male,University,Single,25,20000,10642,11677,13070,12280,1615,1620,1200,1593,601,135,1824,10477,11477,11679,1480,-204,0
Female,University,Married,38,100000,14483,13961,15323,16268,15868,16448,0,1600,1500,0,1000,13961,13723,14768,15868,15448,1
Female,Graduate,Single,32,360000,2616,57077,5287,68445,13881,16240,57087,5295,68454,13889,16250,-10,-8,-9,-8,-10,0
Female,High School,Single,47,200000,199436,202947,193936,196186,200162,189915,8214,7000,6800,7134,0,194733,186936,189386,193028,189915,1
Female,University,Married,34,130000,0,5396,10270,13576,13864,14636,5396,5000,3500,501,1000,0,5270,10076,13363,13636,0
Female,University,Single,31,20000,21703,21087,21461,20835,20219,20487,0,1000,0,0,760,21087,20461,20835,20219,19727,0
Male,Graduate,Single,32,310000,59901,62147,62102,65875,60387,43328,10020,6031,10057,5028,5060,52127,56071,55818,55359,38268,0
Female,Graduate,Single,27,60000,19625,20347,21669,23005,22499,22873,1342,1664,2000,0,900,19005,20005,21005,22499,21973,1
Female,Graduate,Single,29,180000,11386,199,0,0,17227,17042,199,0,0,17227,341,0,0,0,0,16701,0
Female,Graduate,Single,24,180000,14670,22087,21282,10200,0,0,37867,0,200,0,0,-15780,21282,10000,0,0,0
Male,University,Married,36,50000,47790,18114,18250,-14,72,658,2000,1000,2000,500,1000,16114,17250,-2014,-428,-342,0
Female,Graduate,Single,24,50000,36166,37188,37680,38462,39228,40035,1900,1400,1700,1532,1600,35288,36280,36762,37696,38435,1
Female,University,Married,34,150000,0,0,0,116,0,1500,0,0,116,0,1500,0,0,0,0,0,0
Female,Graduate,Single,22,20000,18553,19446,19065,8332,18868,19247,1500,1032,541,20000,693,17946,18033,7791,-1132,18554,0
Female,Graduate,Married,34,500000,412,138,2299,1251,1206,1151,138,2299,1251,1206,1151,0,0,0,0,0,0
Female,High School,Single,22,30000,29010,29256,28122,29836,1630,0,1000,85,1714,104,0,28256,28037,28122,1526,0,1
Female,Graduate,Married,38,180000,750,0,0,0,0,0,0,0,0,0,0,0,0,0,0,0,0
Male,Graduate,Single,31,140000,27123,27299,17985,20225,27407,10833,25000,0,3000,7800,0,2299,17985,17225,19607,10833,0
Female,Graduate,Single,26,140000,13424,18000,13001,5818,13506,487,10000,13001,5841,13506,487,8000,0,-23,0,0,0
Male,University,Single,26,120000,107314,110578,113736,116000,119131,122135,5000,5000,4152,5000,5000,105578,108736,111848,114131,117135,0
Female,University,Married,48,360000,226430,231878,234192,190211,173557,146511,9100,7300,5800,5600,5600,222778,226892,184411,167957,140911,0
Male,High School,Married,43,20000,227,20351,20237,19339,19450,19337,22359,1305,1258,1459,3457,-2008,18932,18081,17991,15880,0
Male,Graduate,Married,47,100000,390,1473,390,390,390,0,1473,390,390,390,0,0,0,0,0,0,0
Female,University,Married,41,210000,3088,1586,343,3763,877,0,1586,343,3763,877,0,0,0,0,0,0,1
Female,University,Single,24,80000,81625,81554,79599,49552,49509,49568,3200,3000,2038,2000,1800,78354,76599,47514,47509,47768,1
Female,Graduate,Married,50,330000,8872,4337,2854,1690,0,1709,4345,2854,1702,0,1709,-8,0,-12,0,0,0
Male,Graduate,Single,24,220000,105607,108917,111520,8303,0,85632,5000,5050,8303,0,85632,103917,106470,0,0,0,0
Female,Graduate,Married,38,210000,0,0,250,123,789,1222,0,250,0,789,1222,0,0,123,0,0,1
Female,High School,Married,43,40000,38257,38901,38103,36207,33138,31339,1700,1504,1200,1500,1500,37201,36599,35007,31638,29839,0
Male,University,Single,39,30000,28347,28108,18388,12992,7736,8032,3036,2309,0,1000,2000,25072,16079,12992,6736,6032,0
Male,University,Single,27,470000,296573,303320,307843,479978,305145,309959,13000,11001,0,10484,10838,290320,296842,479978,294661,299121,0
Male,High School,Married,42,30000,390,390,390,240,1320,780,390,390,240,1470,0,0,0,0,-150,780,0
Female,University,Married,36,240000,-946,-946,-946,-946,-946,-946,0,0,0,0,0,-946,-946,-946,-946,-946,1
Male,University,Single,36,80000,79278,78501,78534,80016,76235,78245,3100,3500,3400,3000,3500,75401,75034,76616,73235,74745,0
Female,High School,Other,31,110000,89989,84229,79288,73315,63818,63208,4000,5000,3000,3000,3000,80229,74288,70315,60818,60208,0
Female,Graduate,Single,38,310000,1424,4542,126,0,0,0,4542,126,0,0,0,0,0,0,0,0,0
Female,Graduate,Married,40,360000,105167,115468,112157,114690,117845,120238,12000,0,5900,5000,4500,103468,112157,108790,112845,115738,1
Female,High School,Single,45,330000,335196,334954,335527,333860,335760,330121,12388,12378,12116,12450,12213,322566,323149,321744,323310,317908,0
Female,University,Single,35,300000,291619,297268,205629,215827,208464,212508,12019,9006,17000,12000,9557,285249,196623,198827,196464,202951,0
Female,University,Single,33,320000,91653,94037,108597,65913,43805,33263,10042,18832,2117,2076,5045,83995,89765,63796,41729,28218,0
Female,High School,Single,37,50000,52626,51537,49205,30394,30249,29957,0,24,1500,1000,1201,51537,49181,28894,29249,28756,1
Female,Graduate,Single,28,170000,130370,131199,128900,125514,127280,128839,6530,4860,22500,4820,4877,124669,124040,103014,122460,123962,0
Male,High School,Married,44,350000,3265,2686,1864,569,0,0,2686,1864,569,0,0,0,0,0,0,0,0
Male,University,Married,37,20000,16455,16511,18902,18768,18650,19175,1609,3000,663,676,834,14902,15902,18105,17974,18341,0
Male,University,Single,23,50000,49758,48456,44116,21247,20066,18858,2401,2254,2004,704,707,46055,41862,19243,19362,18151,1
Female,High School,Single,24,20000,19154,18165,17233,7630,1730,0,0,1333,500,100,0,18165,15900,7130,1630,0,0
Female,Graduate,Single,24,50000,35084,35796,30937,19420,10385,1308,2090,2002,1002,238,1011,33706,28935,18418,10147,297,0
Male,University,Single,23,20000,20235,17132,16856,16875,13454,10104,0,1200,1000,0,1000,17132,15656,15875,13454,9104,1
Male,University,Married,26,50000,102800,0,0,2624,45567,46557,0,0,2624,45567,1747,0,0,0,0,44810,0
Male,University,Single,34,190000,129801,131383,134379,142323,140120,150052,5000,5000,10000,0,12118,126383,129379,132323,140120,137934,1
Female,University,Married,33,60000,58203,36367,20934,20694,20175,19421,1506,1298,1000,721,811,34861,19636,19694,19454,18610,0
Male,Graduate,Single,35,80000,7988,3977,6848,1719,1378,19942,3983,6853,1719,1378,19942,-6,-5,0,0,0,0
Female,University,Single,27,150000,127402,110050,51547,44384,36900,29497,4500,1745,1566,1208,1077,105550,49802,42818,35692,28420,0
Female,Graduate,Single,31,210000,1440,0,7422,893,6082,2293,0,7422,893,6082,2293,0,0,0,0,0,0
Female,High School,Married,50,240000,234205,231669,214642,207642,210375,214694,10116,9150,8008,8000,8009,221553,205492,199634,202375,206685,1
Female,University,Other,41,140000,19346,21708,22940,19068,16409,16383,3000,2000,2198,1000,3000,18708,20940,16870,15409,13383,1
Female,Graduate,Single,28,60000,21501,20650,0,0,0,2285,0,0,0,0,2285,20650,0,0,0,0,0
Male,Graduate,Single,39,50000,47174,47974,48630,50803,30789,15874,1800,2000,3000,2000,2000,46174,46630,47803,28789,13874,0
Female,University,Single,27,50000,26655,27724,28676,27990,28790,29399,1800,1750,900,1200,1200,25924,26926,27090,27590,28199,0
Female,Graduate,Single,32,180000,3139,5853,2821,0,2821,0,2821,0,0,2821,0,3032,2821,0,0,0,0
Female,Graduate,Single,40,30000,142,215,139,19,19,79,355,120,0,0,60,-140,19,19,19,19,0
Female,University,Single,40,20000,19816,20396,20102,19575,0,0,1601,2203,2114,0,0,18795,17899,17461,0,0,0
Female,University,Married,75,250000,52874,1631,1536,1010,5572,794,1631,1536,1010,5572,794,0,0,0,0,0,0
Female,University,Single,27,100000,37767,34457,30036,30337,30997,32904,1788,1799,1100,1150,2423,32669,28237,29237,29847,30481,0
Male,Graduate,Single,25,330000,46140,45781,48139,51137,39450,25358,2504,4007,5056,74,1023,43277,44132,46081,39376,24335,0
Male,High School,Married,46,50000,35713,15392,16099,16418,16765,17484,1561,1268,587,611,1000,13831,14831,15831,16154,16484,0
Female,University,Single,26,50000,50867,51486,48869,30115,29527,29998,1710,136,1206,2002,2005,49776,48733,28909,27525,27993,0
Male,University,Single,28,30000,29242,29507,29155,25255,22001,0,5006,1244,851,955,0,24501,27911,24404,21046,0,0
Female,University,Single,26,140000,101551,105246,104781,105334,107699,106828,5366,5087,3605,3894,3785,99880,99694,101729,103805,103043,1
Female,Graduate,Single,28,160000,70243,47779,28052,7222,99669,84426,7042,2000,1000,99669,12600,40737,26052,6222,0,71826,0
Female,University,Single,29,400000,19532,3719,1453,4944,1896,2486,3127,1469,4968,1905,2494,592,-16,-24,-9,-8,0
Male,University,Married,25,50000,27699,28513,29341,29928,29533,28538,1565,1393,980,994,1024,26948,27948,28948,28539,27514,0
Female,University,Married,48,140000,1154,1233,862,1355,1130,21361,1233,1075,1355,1130,21361,0,-213,0,0,0,0
Female,University,Married,33,160000,8015,2453,9624,52572,7333,2210,2453,9880,52572,1546,2210,0,-256,0,5787,0,0
Female,High School,Married,43,100000,62170,0,0,0,0,0,0,0,0,0,0,0,0,0,0,0,0
Male,Graduate,Married,48,220000,210380,213522,201852,169115,172169,162402,10000,9020,6000,5500,6000,203522,192832,163115,166669,156402,1
Female,Graduate,Single,29,510000,78331,99414,107686,103776,87265,36739,40010,20094,5000,5001,25365,59404,87592,98776,82264,11374,0
Male,University,Single,29,50000,49276,35100,32563,27823,29130,28309,1602,1400,3000,3130,1062,33498,31163,24823,26000,27247,0
Female,Graduate,Married,38,160000,4473,4664,5969,18941,16578,12652,4664,5969,18941,0,12652,0,0,0,16578,0,0
Female,Graduate,Single,37,230000,2283,50815,0,0,299,338,51315,0,0,299,338,-500,0,0,0,0,0
Female,Graduate,Single,37,80000,10115,249,5986,188,1644,16872,258,5995,188,1644,16872,-9,-9,0,0,0,0
Female,University,Married,25,150000,6156,0,0,316,316,316,0,0,316,316,316,0,0,0,0,0,0
Male,High School,Single,23,10000,6974,7838,9002,9182,9729,9411,1134,1298,478,847,0,6704,7704,8704,8882,9411,0
Female,High School,Single,49,130000,89003,91362,72197,49654,28065,27500,4100,3095,1630,561,600,87262,69102,48024,27504,26900,1
Female,Graduate,Single,48,40000,34871,34449,33634,34586,34762,35673,1600,1600,1500,1500,1500,32849,32034,33086,33262,34173,0
Male,University,Single,27,50000,13694,14880,14242,13968,14319,2614,1700,0,426,501,2614,13180,14242,13542,13818,0,1
Male,High School,Single,32,100000,70003,31545,20974,19713,19848,18126,2035,2004,616,2007,1009,29510,18970,19097,17841,17117,0
Male,Graduate,Married,34,120000,1082,632,1350,900,450,0,0,1350,0,0,0,632,0,900,450,0,0
Female,Graduate,Single,58,260000,0,0,0,0,0,0,0,0,0,0,0,0,0,0,0,0,1
Female,University,Single,33,200000,11253,12852,14024,14512,16325,11905,2000,1322,2000,2000,1200,10852,12702,12512,14325,10705,0
Female,University,Single,28,360000,0,0,0,0,0,0,0,0,0,0,0,0,0,0,0,0,1
Female,University,Single,36,70000,68699,69120,68376,30163,14310,15085,4483,12496,3268,3000,3000,64637,55880,26895,11310,12085,0
Male,Graduate,Married,40,460000,171,2715,-13,2641,-10,22535,2728,0,2654,0,22545,-13,-13,-13,-10,-10,1
Female,Graduate,Single,26,50000,1156,316,316,316,316,316,316,316,316,316,316,0,0,0,0,0,0
Male,High School,Married,33,50000,50859,50462,50654,20046,20067,19703,2007,2199,691,707,703,48455,48455,19355,19360,19000,0
Female,University,Married,31,250000,103109,102594,97109,99029,100871,101299,4000,4500,5000,4000,5000,98594,92609,94029,96871,96299,0
Female,Graduate,Single,27,30000,1512,2458,664,1814,0,0,1000,664,1500,0,0,1458,0,314,0,0,0
Male,University,Married,44,270000,127543,109189,92630,69669,44149,43414,10063,5162,10150,44299,43509,99126,87468,59519,-150,-95,0
Female,High School,Single,30,180000,163935,153152,147032,122196,103692,70204,7722,6091,3563,3605,3000,145430,140941,118633,100087,67204,0
Female,Graduate,Single,28,100000,53494,52656,52600,52336,55831,56265,4173,3000,2025,5000,3000,48483,49600,50311,50831,53265,0
Female,High School,Married,32,230000,195126,88743,92195,94814,98182,98457,5000,5000,5000,5000,4000,83743,87195,89814,93182,94457,0
Female,Graduate,Married,46,210000,110346,41986,21874,20076,16171,586,41986,21874,20076,16171,586,0,0,0,0,0,0
Male,Graduate,Single,38,210000,60502,62804,62769,62683,63663,46549,3276,2026,2000,2000,2000,59528,60743,60683,61663,44549,0
Female,University,Married,46,440000,180641,181557,149944,113135,105280,97622,8610,6907,3727,3800,4001,172947,143037,109408,101480,93621,0
Female,University,Single,25,100000,70896,71678,70125,69856,69718,51365,3472,2092,2000,2127,1960,68206,68033,67856,67591,49405,1
Female,University,Married,46,240000,8751,9900,10605,10765,11765,4311,1295,1000,1000,1000,1000,8605,9605,9765,10765,3311,0
Male,Graduate,Single,33,280000,898,898,325,898,325,-339603,898,325,898,325,0,0,0,0,0,-339603,1
Female,University,Single,22,50000,0,0,0,0,0,0,0,0,0,0,0,0,0,0,0,0,1
Male,University,Married,43,30000,1700,2610,1914,2182,2000,2566,1100,0,300,0,600,1510,1914,1882,2000,1966,0
Male,University,Single,27,10000,7015,10227,9560,9901,9963,10182,3507,0,500,370,393,6720,9560,9401,9593,9789,1
Male,Graduate,Single,29,130000,0,0,0,0,0,0,0,0,0,0,0,0,0,0,0,0,0
Male,Graduate,Single,31,200000,194353,197344,186292,133345,133634,133990,9000,7465,4715,4804,5141,188344,178827,128630,128830,128849,0
Female,University,Married,29,120000,1686,657,2179,1423,0,1820,657,2319,1423,0,1820,0,-140,0,0,0,0
Female,University,Married,36,210000,143225,142996,144415,148190,147993,131629,6483,5082,6000,5900,4544,136513,139333,142190,142093,127085,0
Female,Graduate,Married,36,280000,58983,60788,63225,29701,30172,30771,2755,3463,1300,1100,1100,58033,59762,28401,29072,29671,0
Male,Graduate,Single,34,300000,0,0,13001,12601,19595,203,0,13001,0,19595,203,0,0,12601,0,0,1
Male,University,Single,37,100000,99209,98222,67185,66926,66796,64513,3490,2332,2314,2365,2497,94732,64853,64612,64431,62016,0
Female,Graduate,Single,36,440000,0,0,0,0,0,0,0,0,0,0,162000,0,0,0,0,-162000,0
Female,High School,Married,40,50000,49941,51213,12104,12898,13687,14458,2400,1206,1000,1000,1000,48813,10898,11898,12687,13458,0
Female,Graduate,Single,25,20000,11968,14564,27820,15824,15761,12510,2800,0,4000,1700,1000,11764,27820,11824,14061,11510,1
Female,Graduate,Single,27,200000,871,665,960,4242,4084,7414,665,960,3908,1014,3500,0,0,334,3070,3914,0
Female,University,Single,26,110000,432,3220,5704,1256,1848,400,3220,5904,0,3000,0,0,-200,1256,-1152,400,0
Female,University,Married,36,500000,10483,23956,0,8500,4590,0,23962,0,8500,4590,0,-6,0,0,0,0,0
Female,University,Married,27,300000,0,5215,0,0,0,0,5215,0,0,0,0,0,0,0,0,0,0
Male,High School,Married,55,30000,9720,10613,11339,12841,13836,14514,1200,1200,2000,1500,1500,9413,10139,10841,12336,13014,1
Female,Graduate,Single,27,60000,20847,13801,14366,4889,273,11736,13809,14583,4889,273,13557,-8,-217,0,0,-1821,0
Female,University,Married,38,400000,3697,3600,1354,5322,5103,2077,1000,1354,5322,6,2386,2600,0,0,5097,-309,0
Female,University,Married,34,180000,143301,146333,147042,127814,130331,132845,7000,5000,5000,4900,5000,139333,142042,122814,125431,127845,0
Male,Graduate,Single,40,20000,10934,13738,16567,10411,13057,14340,3000,3100,0,3000,1500,10738,13467,10411,10057,12840,0
Female,High School,Married,49,200000,52439,51040,56205,54723,58657,59983,0,6000,0,5000,2286,51040,50205,54723,53657,57697,1
Male,Graduate,Single,27,100000,55734,52557,33415,28776,17580,6441,1631,1286,200,645,909,50926,32129,28576,16935,5532,0
Male,University,Single,23,60000,49507,33282,34312,17277,17808,19346,1970,2000,618,809,2000,31312,32312,16659,16999,17346,1
Female,University,Single,36,110000,47819,48947,50330,50894,52175,53652,2200,2500,2000,2100,2500,46747,47830,48894,50075,51152,0
Female,High School,Married,53,260000,0,165,526,452,397,485,165,526,452,397,485,0,0,0,0,0,0
Female,High School,Married,46,50000,48522,50955,29516,29742,29898,24883,3754,1,1070,1030,863,47201,29515,28672,28868,24020,0
Male,University,Single,29,180000,-2,-2,-2,-2,-2,-2,0,0,0,0,0,-2,-2,-2,-2,-2,0
Male,University,Single,29,110000,58362,56598,51908,48647,47862,47969,2500,0,2000,2000,1854,54098,51908,46647,45862,46115,1
Female,Graduate,Single,27,340000,172180,180140,166281,155628,145645,103263,21105,5461,5000,5849,2732,159035,160820,150628,139796,100531,0
Male,University,Single,24,50000,1399,2441,3865,7476,8384,8085,1070,1500,3666,2477,1306,1371,2365,3810,5907,6779,0
Female,University,Married,28,230000,26361,18826,1100,2100,767,6173,1710,1100,1000,767,6173,17116,0,1100,0,0,1
Female,University,Single,32,360000,93029,94054,91834,95631,100123,100738,10000,7000,10000,10000,10000,84054,84834,85631,90123,90738,0
Male,University,Single,43,210000,0,0,38013,40555,45075,37056,0,38013,3000,5000,3000,0,0,37555,40075,34056,0
Female,University,Married,41,220000,650,650,325,950,475,325,325,0,950,0,325,325,325,0,475,0,1
Female,University,Married,34,60000,24898,27976,27233,30184,29566,30225,3800,0,3720,0,1300,24176,27233,26464,29566,28925,1
Male,University,Married,55,340000,50396,44665,8300,2190,24599,7416,44665,8321,2190,24599,7416,0,-21,0,0,0,0
Male,Graduate,Married,40,150000,99855,102586,100064,104975,107147,109428,5200,0,8100,4000,4200,97386,100064,96875,103147,105228,0
Female,University,Married,37,200000,-179,505,189,6773,23209,16893,1000,0,6900,24000,17000,-495,189,-127,-791,-107,1
Female,University,Single,40,130000,9559,12394,11883,9826,10167,12685,3000,0,500,500,2700,9394,11883,9326,9667,9985,1
Female,Graduate,Single,28,60000,10540,10232,11237,11427,20973,31857,0,1483,673,10000,11540,10232,9754,10754,10973,20317,0
Female,University,Married,43,400000,0,0,0,0,1600,78388,0,0,0,1600,78388,0,0,0,0,0,0
Male,Graduate,Single,27,20000,20571,19089,19658,19453,19108,18868,1323,1600,830,700,674,17766,18058,18623,18408,18194,0
Female,Graduate,Single,28,190000,143464,146943,151905,153538,156664,160361,5795,7408,5645,5753,6370,141148,144497,147893,150911,153991,0
Female,Graduate,Single,30,260000,156882,160246,159988,158114,158762,159108,10000,8000,6000,7000,7000,150246,151988,152114,151762,152108,0
Female,University,Single,31,140000,390,0,0,0,0,0,0,0,0,0,0,0,0,0,0,0,0
Female,University,Married,31,50000,46512,47716,49675,30929,30078,29170,1974,4406,1061,1073,1046,45742,45269,29868,29005,28124,1
Female,Graduate,Single,34,120000,882,6531,6313,1100,1330,830,6900,5037,1100,1330,3800,-369,1276,0,0,-2970,0
Female,University,Single,30,240000,92,92,92,0,92,0,92,92,0,92,0,0,0,0,0,0,0
Male,University,Single,36,50000,5916,6172,4123,680,978,978,1212,1200,0,978,0,4960,2923,680,0,978,0
Female,Graduate,Single,29,200000,2393,183,4847,20183,24815,24248,0,4872,20183,5000,0,183,-25,0,19815,24248,0
Male,Graduate,Married,39,180000,274731,281713,242063,122295,-1005,1005,11000,145000,26000,0,101005,270713,97063,96295,-1005,-100000,0
Female,Graduate,Single,26,180000,145403,138232,130553,105894,108248,106517,5440,5051,3835,4106,4250,132792,125502,102059,104142,102267,0
Female,Graduate,Single,29,160000,3097,-707,-2697,2303,6182,1654,0,0,5000,5000,1500,-707,-2697,-2697,1182,154,0
Female,University,Single,26,100000,1370,4192,4159,3542,1980,3980,4210,4159,1000,1080,2000,-18,0,2542,900,1980,0
Female,University,Single,29,50000,47081,49316,50409,45545,39963,41145,3000,2000,2000,2000,2000,46316,48409,43545,37963,39145,1
Female,University,Single,31,140000,138119,137950,140254,139679,141748,142174,6600,6500,5100,5300,6000,131350,133754,134579,136448,136174,0
Female,University,Single,26,30000,17893,19012,20123,20222,20796,19844,1411,1522,621,795,715,17601,18601,19601,20001,19129,1
Male,Graduate,Single,26,90000,39128,20473,1940,1940,0,23101,1541,4200,0,0,23101,18932,-2260,1940,0,0,0
Male,Graduate,Married,36,200000,-14386,-13543,3432,-3684,0,1386,10118,47015,0,4000,100000,-23661,-43583,-3684,-4000,-98614,0
Male,Graduate,Single,30,380000,0,0,0,0,0,0,0,0,0,0,0,0,0,0,0,0,1
Female,University,Single,43,80000,77057,78102,58501,51042,19036,19414,3177,2600,3000,1691,695,74925,55901,48042,17345,18719,0
Male,High School,Married,58,50000,15899,18720,18122,18530,19089,18856,3400,0,1000,1001,634,15320,18122,17530,18088,18222,0
Male,University,Married,45,180000,27679,28422,29650,29981,30419,31127,1481,2000,1100,1200,1500,26941,27650,28881,29219,29627,1
Female,University,Single,26,240000,141315,128940,124226,113133,113966,103360,6349,5834,3870,4000,3825,122591,118392,109263,109966,99535,0
Male,University,Single,34,380000,194314,179206,193992,174675,171253,169121,9010,35000,5000,6000,5000,170196,158992,169675,165253,164121,0
Female,Other,Single,24,110000,83755,77431,79044,80631,82333,84462,3000,2900,2900,3000,3500,74431,76144,77731,79333,80962,0
Male,Graduate,Married,34,260000,49657,291,51058,2351,34039,291,291,51058,35696,34039,291,0,0,-33345,0,0,0
Female,University,Single,23,500000,507726,509229,499936,505507,484612,419643,10000,0,14000,16500,16000,499229,499936,491507,468112,403643,1
Female,University,Single,30,320000,71305,71151,72029,72849,74374,74610,2589,2568,2570,2661,2781,68562,69461,70279,71713,71829,0
Male,University,Single,32,50000,45734,44741,43562,44039,45008,25775,0,0,1262,1358,1275,44741,43562,42777,43650,24500,0
Male,Graduate,Married,40,110000,0,0,2066,2000,216,216,0,2066,0,216,216,0,0,2000,0,0,1
Female,Graduate,Single,35,230000,761,300,399,665,576,613,300,399,665,576,613,0,0,0,0,0,0
Female,University,Married,56,330000,-9,1520,1488,0,3965,8676,1529,1507,0,3965,8676,-9,-19,0,0,0,0
Female,University,Married,61,50000,47166,49396,50476,23319,23171,24774,3000,2237,975,1000,2000,46396,48239,22344,22171,22774,0
Male,University,Single,24,10000,2887,1923,2989,2813,2008,2132,0,1500,0,0,150,1923,1489,2813,2008,1982,0
Male,Graduate,Married,40,300000,0,0,0,0,0,0,0,0,0,0,0,0,0,0,0,0,0
Female,University,Married,32,20000,20631,20010,19703,11084,10918,10985,0,1168,384,390,632,20010,18535,10700,10528,10353,1
Male,University,Married,36,180000,83538,0,0,0,0,0,0,0,0,0,0,0,0,0,0,0,1
Male,Graduate,Single,30,160000,99,2977,15086,8578,13028,21712,2977,15086,9123,13028,29712,0,0,-545,0,-8000,0
Female,Graduate,Single,34,90000,34302,35089,43449,42451,49718,48767,1640,9000,0,8000,0,33449,34449,42451,41718,48767,0
Male,High School,Other,54,30000,22987,22298,22352,23221,24339,25943,2500,2000,1500,4000,2000,19798,20352,21721,20339,23943,0
Male,Graduate,Married,46,180000,173267,174590,175233,106288,28089,178719,8100,5299,3305,5040,160719,166490,169934,102983,23049,18000,0
Male,High School,Married,58,30000,19143,20168,21229,21495,21800,22437,1640,1700,915,800,1000,18528,19529,20580,21000,21437,0
Male,University,Married,43,30000,20518,19901,20905,21509,25183,24242,0,1342,946,4200,0,19901,19563,20563,20983,24242,0
Female,Graduate,Single,28,140000,10833,14446,7609,4991,3400,3745,14000,3855,4991,3600,5500,446,3754,0,-200,-1755,0
Male,Graduate,Single,30,210000,69937,71906,43308,44584,47842,49888,3500,3000,2000,4000,3000,68406,40308,42584,43842,46888,0
Male,University,Single,31,50000,20526,15129,15093,9577,11139,12487,2000,3000,327,3000,3000,13129,12093,9250,8139,9487,1
Female,University,Single,29,130000,89055,90780,70947,72367,73875,75355,4200,2575,2600,2674,2701,86580,68372,69767,71201,72654,0
Female,University,Married,37,50000,1894,3200,3381,3559,1948,2415,1500,400,200,500,500,1700,2981,3359,1448,1915,1
Male,High School,Married,36,140000,100594,78372,91502,90859,88616,88450,3000,30000,4000,4000,3400,75372,61502,86859,84616,85050,0
Female,University,Single,28,170000,2948,3848,5646,5464,5577,5889,1105,1903,0,296,500,2743,3743,5464,5281,5389,1
Male,University,Single,25,80000,22619,31429,27923,25280,0,0,10010,1209,579,0,0,21419,26714,24701,0,0,0
Female,Other,Married,42,410000,338106,342904,344464,240865,234939,240176,15000,14000,9000,8500,9000,327904,330464,231865,226439,231176,0
Female,Graduate,Single,29,80000,0,80000,0,0,0,0,80000,0,0,0,0,0,0,0,0,0,0
Male,High School,Married,73,80000,63144,65631,68875,70646,72870,75018,3500,4330,3500,3500,3500,62131,64545,67146,69370,71518,1
Male,University,Married,43,150000,153249,154049,156523,159653,162866,157759,7900,6500,5700,5700,5700,146149,150023,153953,157166,152059,0
Male,Graduate,Married,30,260000,1131,291,582,291,0,291,291,582,0,0,130291,0,0,291,0,-130000,1
Male,Graduate,Married,38,350000,0,0,0,0,0,0,0,0,0,0,0,0,0,0,0,0,0
Female,University,Married,39,280000,-1312,35918,37297,37154,32581,33316,38621,2000,1130,922,1011,-2703,35297,36024,31659,32305,1
Male,University,Married,44,310000,103797,91989,87720,76218,72090,71620,4400,4013,3011,3000,3001,87589,83707,73207,69090,68619,0
Female,University,Single,29,140000,20110,17102,18862,19996,21214,21085,3000,3000,3000,3500,2000,14102,15862,16996,17714,19085,0
Male,Graduate,Married,51,360000,38000,25000,0,0,0,0,25000,0,0,0,0,0,0,0,0,0,0
Female,Graduate,Single,27,140000,142428,144105,143952,142590,142650,142620,10000,10000,6000,6000,6000,134105,133952,136590,136650,136620,0
Male,Graduate,Single,38,100000,40810,42653,42351,43011,43011,28947,2502,1200,860,0,579,40151,41151,42151,43011,28368,0
Female,University,Single,22,50000,0,0,0,848,0,632,0,0,848,0,632,0,0,0,0,0,0
Female,University,Married,30,210000,104701,106134,108423,91143,82733,74125,4002,5000,3500,3000,2700,102132,103423,87643,79733,71425,0
Female,University,Single,25,120000,120298,120822,109887,116313,119311,117167,4007,0,8272,5000,0,116815,109887,108041,114311,117167,0
Male,Graduate,Single,29,240000,156362,132280,99174,65372,28797,184922,5233,3289,2072,3018,184922,127047,95885,63300,25779,0,0
Female,High School,Other,42,60000,41322,29091,28097,28665,28768,29064,1488,1394,962,1500,2541,27603,26703,27703,27268,26523,0
Male,Graduate,Single,41,150000,1464,2084,384,0,2344,822,2091,384,0,2344,0,-7,0,0,0,822,1
Male,University,Married,48,30000,27879,28870,27806,25142,25667,26179,1774,1710,1046,1079,1089,27096,26096,24096,24588,25090,0
Female,Graduate,Single,29,160000,160432,163916,159676,166893,170098,153800,7500,0,11558,5800,0,156416,159676,155335,164298,153800,1
Male,Graduate,Married,52,200000,3858,2690,3410,0,0,82150,2690,3487,0,0,85900,0,-77,0,0,-3750,0
Female,University,Married,25,120000,26476,21393,0,0,0,0,6000,0,0,0,0,15393,0,0,0,0,0
Male,Graduate,Married,37,500000,507062,491956,430637,376657,356636,303510,325,15296,12137,12312,14113,491631,415341,364520,344324,289397,0
Female,Graduate,Single,27,320000,55607,62893,59001,61565,59508,66541,11404,8232,10450,9697,16477,51489,50769,51115,49811,50064,0
Male,Graduate,Single,31,280000,168382,175646,180650,182672,168399,167983,10000,8000,6371,6217,5947,165646,172650,176301,162182,162036,0
Female,Graduate,Single,23,60000,29332,28577,30805,31601,32349,32965,0,2709,1600,1400,1300,28577,28096,30001,30949,31665,1
Female,Graduate,Married,38,200000,190,0,0,367,-150,-150,0,0,367,150,0,0,0,0,-300,-150,0
Female,Graduate,Married,32,230000,0,0,2809,4595,792,3404,0,2809,4606,792,3404,0,0,-11,0,0,0
Female,University,Single,27,230000,13668,12647,13135,10596,9218,5068,0,1064,423,313,1000,12647,12071,10173,8905,4068,1
Female,High School,Married,41,480000,14867,26665,199960,9033,19371,22593,26734,199982,9033,19371,22593,-69,-22,0,0,0,0
Female,High School,Married,35,50000,22500,5000,0,0,0,0,5000,0,0,0,0,0,0,0,0,0,0
Female,Graduate,Single,31,200000,7184,14845,1097,0,0,160,17507,1102,0,0,160,-2662,-5,0,0,0,0
Female,Graduate,Single,30,50000,14811,16262,17286,17895,19450,18990,2000,1600,1200,2000,0,14262,15686,16695,17450,18990,0
Male,University,Married,48,50000,44338,43048,35639,18753,19091,19548,3629,3332,2000,2000,2000,39419,32307,16753,17091,17548,0
Female,Graduate,Single,36,260000,0,0,0,0,0,0,0,0,0,0,0,0,0,0,0,0,1
Male,Graduate,Single,24,30000,25265,26354,27710,27959,30002,29371,1500,1800,1007,2500,0,24854,25910,26952,27502,29371,0
Female,Graduate,Single,29,440000,169661,167199,158520,156977,157963,151936,8071,9021,7013,6013,6028,159128,149499,149964,151950,145908,0
Female,University,Single,38,230000,10237,2795,1350,371,2980,0,2795,1350,371,2980,0,0,0,0,0,0,0
Male,University,Married,38,200000,104978,105924,102663,97090,98045,105253,4500,0,3500,3500,9000,101424,102663,93590,94545,96253,1
Female,University,Married,30,490000,192586,197967,201666,205798,196698,190306,10000,7143,7306,6303,6429,187967,194523,198492,190395,183877,0
Female,University,Married,32,80000,11262,0,0,0,0,0,0,0,0,0,0,0,0,0,0,0,0
Female,High School,Single,49,20000,9551,12081,13087,12583,15327,16414,3000,1500,0,3123,1500,9081,11587,12583,12204,14914,1
Female,Graduate,Single,31,170000,199,199,199,398,199,199,199,199,398,0,199,0,0,0,199,0,1
Male,Graduate,Single,27,70000,70119,68536,66601,29401,28949,29795,3600,1646,600,28468,1327,64936,64955,28801,481,28468,0
Female,University,Single,33,210000,212601,177946,119362,117766,68791,66167,6000,4500,5000,3000,3000,171946,114862,112766,65791,63167,0
Female,University,Single,25,90000,91894,71732,73241,74424,76070,77648,3200,3300,3000,3001,3000,68532,69941,71424,73069,74648,0
Female,Graduate,Single,27,390000,304867,299998,300426,292869,292885,281826,13007,10612,10041,11000,10512,286991,289814,282828,281885,271314,1
Female,Graduate,Single,29,110000,48123,49537,50422,50990,52014,53206,2500,2500,2000,2000,2057,47037,47922,48990,50014,51149,0
Female,Graduate,Married,36,580000,159760,162189,166127,169365,168755,167964,6422,6565,5951,6006,5894,155767,159562,163414,162749,162070,0
Male,High School,Married,55,360000,9210,8485,17231,1770,0,0,6015,17454,1775,0,0,2470,-223,-5,0,0,0
Female,University,Married,32,270000,234752,233036,229286,217644,223690,221413,10000,8000,0,16000,8000,223036,221286,217644,207690,213413,1
Female,Graduate,Single,27,60000,14072,0,0,300,150,150,0,0,300,0,150,0,0,0,150,0,0
Male,High School,Married,37,110000,61807,62499,62162,60605,60272,60145,2300,2200,2300,2200,2300,60199,59962,58305,58072,57845,0
Female,Graduate,Married,25,50000,51044,50231,46677,44982,21399,20859,2500,3008,1000,761,800,47731,43669,43982,20638,20059,0
Female,Graduate,Single,23,80000,77024,73281,57806,37642,46235,47110,3212,1600,956,40000,1800,70069,56206,36686,6235,45310,1
Male,University,Single,23,50000,350,350,400,1695,12645,12584,350,400,1695,11300,485,0,0,0,1345,12099,0
Male,Graduate,Single,32,100000,83831,85586,87289,91451,93381,89522,4000,4037,6500,3500,0,81586,83252,84951,89881,89522,0
Female,Graduate,Single,26,30000,0,0,945,0,197,2995,0,945,0,197,2995,0,0,0,0,0,0
Female,Graduate,Single,27,200000,122923,124653,126355,114881,117213,124793,5704,5930,4000,4003,10033,118949,120425,110881,113210,114760,0
Male,Graduate,Single,44,240000,246135,231443,234557,200643,194410,198857,12026,9010,7400,8000,8000,219417,225547,193243,186410,190857,1
Male,University,Single,34,220000,37304,33304,29254,24875,20329,15602,1600,1500,1100,1000,600,31704,27754,23775,19329,15002,0
Female,Graduate,Single,28,160000,146433,107604,89902,90983,82255,83988,4500,4400,3000,2400,2500,103104,85502,87983,79855,81488,0
Female,Graduate,Married,53,180000,46122,1260,29366,5400,0,1599,1260,29366,54,0,1599,0,0,5346,0,0,0
Male,Other,Married,42,200000,38564,38246,32253,30384,30900,0,5000,1485,1956,1500,0,33246,30768,28428,29400,0,0
Female,High School,Married,30,140000,96304,98007,82227,65000,60848,58880,4505,12906,0,2210,2300,93502,69321,65000,58638,56580,0
Male,Graduate,Married,51,380000,0,0,0,0,0,0,0,0,0,0,0,0,0,0,0,0,1
Male,Graduate,Married,53,600000,467150,458862,469703,447130,440982,434715,0,18000,16000,16000,21000,458862,451703,431130,424982,413715,1
Male,University,Single,37,260000,255691,262736,36638,122388,127402,131074,14000,5022,130000,7000,6000,248736,31616,-7612,120402,125074,0
Female,Graduate,Single,26,200000,156786,179,1443,1443,1443,871,179,1443,1443,1443,871,0,0,0,0,0,0
Male,University,Single,42,80000,78129,28202,78553,49340,48919,48443,2500,51432,1800,1800,1800,25702,27121,47540,47119,46643,0
Male,University,Single,39,40000,40034,36549,17431,15031,10600,5315,2027,1207,301,212,5315,34522,16224,14730,10388,0,0
Male,High School,Single,39,130000,71034,69329,74175,72383,77217,75820,0,6000,0,6000,0,69329,68175,72383,71217,75820,0
Male,Graduate,Single,32,50000,23974,24131,25326,25775,0,0,1800,1900,1300,0,0,22331,23426,24475,0,0,0
Female,University,Married,41,230000,819,18163,5473,8162,6985,9130,18163,5654,12887,6985,9130,0,-181,-4725,0,0,0
Male,University,Married,48,70000,50927,39883,32017,17630,9730,6400,2100,1217,500,0,6400,37783,30800,17130,9730,0,1
Female,University,Married,38,180000,152510,151651,159019,123022,126075,126219,5657,10372,5000,5000,5000,145994,148647,118022,121075,121219,0
Female,University,Married,36,80000,1689,8638,5702,2980,1260,7868,8638,5723,2980,1260,7868,0,-21,0,0,0,0
Female,University,Single,26,290000,20807,99860,100000,3015,23473,1448,80000,3000,3015,23473,1148,19860,97000,0,0,300,0
Female,Graduate,Single,28,230000,30141,131255,110503,99283,97599,96116,120093,8034,3013,4010,5882,11162,102469,96270,93589,90234,0
Female,High School,Other,56,170000,0,0,1991,0,0,150,0,1991,0,0,150,0,0,0,0,0,0
Male,Graduate,Married,59,230000,208459,206331,203813,201331,198999,191671,7536,7277,7100,7120,6844,198795,196536,194231,191879,184827,1
Male,Graduate,Single,38,220000,212795,211043,212759,218541,167743,165300,8909,7500,9000,6729,6000,202134,205259,209541,161014,159300,1
Male,University,Single,32,230000,28114,28006,25000,22046,19860,19831,1610,1224,655,627,620,26396,23776,21391,19233,19211,0
Male,University,Married,38,500000,59372,49677,49515,42568,48268,51481,10026,7241,50091,25000,5078,39651,42274,-7523,23268,46403,0
Female,Graduate,Married,41,90000,6160,3274,6190,307,2870,670,3276,6246,307,2870,670,-2,-56,0,0,0,0
Female,High School,Single,35,390000,355215,363325,373181,252195,257496,263018,13802,16525,8893,9229,10000,349523,356656,243302,248267,253018,1
Female,University,Single,41,400000,366193,372700,375948,195991,152127,155182,14020,13595,6243,6007,6061,358680,362353,189748,146120,149121,0
Male,University,Married,34,180000,2927,2790,1140,2144,1180,1382,2790,1140,2144,1180,1382,0,0,0,0,0,0
Male,High School,Married,38,60000,29295,30321,31018,32193,34213,35002,1800,1500,2000,2700,1500,28521,29518,30193,31513,33502,0
Female,University,Married,32,120000,4158,2682,0,6440,0,5930,2682,0,6440,0,5930,0,0,0,0,0,0
Female,University,Single,29,60000,27199,28358,28937,29614,30391,23159,1900,1400,1000,1100,1000,26458,27537,28614,29291,22159,0
Male,Graduate,Single,44,50000,50893,28527,29241,28513,29106,29638,1800,1500,1200,1203,1166,26727,27741,27313,27903,28472,0
Female,University,Married,37,70000,66759,68200,72972,71248,50610,50809,2518,5950,0,1782,1985,65682,67022,71248,48828,48824,0
Female,Graduate,Married,38,500000,600,300,501,300,600,450,0,501,300,600,300,300,0,0,0,150,0
Male,Graduate,Single,31,200000,0,0,0,0,0,0,0,0,0,0,0,0,0,0,0,0,0
Female,University,Married,40,250000,44930,137101,90801,0,1069,919,120041,4435,0,1069,0,17060,86366,0,0,919,0
Male,University,Single,26,140000,131367,146193,140202,144035,140419,130271,17000,0,11400,550,5300,129193,140202,132635,139869,124971,1
Female,University,Single,28,70000,41264,41799,37887,37876,6736,4162,2112,1200,758,6736,0,39687,36687,37118,0,4162,0
Male,High School,Married,48,90000,77604,73317,71334,67009,63228,59378,1700,4000,1600,1600,1500,71617,67334,65409,61628,57878,0
Female,University,Married,43,100000,2491,1709,574,556,2306,2562,1709,574,556,2306,2562,0,0,0,0,0,0
Male,University,Married,31,190000,177554,180633,172914,130139,115494,117465,7600,6303,4137,3502,4027,173033,166611,126002,111992,113438,0
Female,Graduate,Married,42,230000,6865,15111,13165,0,10500,6992,15111,13165,0,10500,6992,0,0,0,0,0,0
Male,University,Married,39,320000,93768,91523,91579,91193,92837,95323,3317,3506,4218,5000,6080,88206,88073,86975,87837,89243,0
Female,University,Married,36,220000,396,1648,792,396,396,396,1648,792,0,396,396,0,0,396,0,0,1
Female,Graduate,Married,34,260000,16426,6088,4663,3885,4414,2514,6277,4663,4140,4414,2646,-189,0,-255,0,-132,0
Female,University,Single,32,90000,573,0,0,0,0,0,157,0,0,0,0,-157,0,0,0,0,0
Female,University,Married,43,30000,28703,26622,24022,24368,20859,19633,1300,2,1608,0,900,25322,24020,22760,20859,18733,0
Male,University,Single,30,260000,98560,100980,222102,108724,68500,69174,4000,11900,207,2003,2003,96980,210202,108517,66497,67171,0
Female,University,Single,28,170000,28304,17616,308,0,0,0,4000,308,0,0,0,13616,0,0,0,0,0
Female,Graduate,Married,28,80000,8574,9434,10038,10040,10400,10490,1203,1047,248,408,294,8231,8991,9792,9992,10196,1
Male,Graduate,Married,41,50000,508,672,226,390,220,320,1000,390,1000,220,640,-328,-164,-610,0,-320,0
Female,High School,Single,47,200000,203183,202961,194449,196814,200526,198717,7521,7000,7000,7128,8000,195440,187449,189814,193398,190717,0
Male,University,Single,23,20000,16440,20417,18333,18848,30190,19664,7403,0,820,1025,1113,13014,18333,18028,29165,18551,0
Female,Graduate,Married,49,250000,66,0,0,120,-6,1639,0,0,120,6,1645,0,0,0,-12,-6,0
Male,Graduate,Married,38,20000,15912,17272,20565,20705,20255,19933,1623,3916,750,0,800,15649,16649,19955,20255,19133,0
Female,University,Married,38,30000,20344,21705,22537,24161,25128,24576,2000,1500,2000,1500,0,19705,21037,22161,23628,24576,0
Female,University,Married,35,90000,23132,22474,28067,27320,31199,30548,0,6000,0,4500,0,22474,22067,27320,26699,30548,0
Female,Other,Single,46,230000,221590,227397,230302,186635,189896,193351,10000,9000,8000,8000,7500,217397,221302,178635,181896,185851,0
Female,Graduate,Married,33,130000,19161,20544,22704,22304,22304,0,2000,3000,0,0,0,18544,19704,22304,22304,0,1
Male,Other,Married,53,30000,0,0,0,0,0,0,0,0,0,0,0,0,0,0,0,0,0
Male,Graduate,Single,35,160000,396,396,396,0,792,1220,396,396,0,793,1220,0,0,0,-1,0,0
Female,University,Single,43,500000,3959,0,285138,249445,222831,200,0,285138,4989,100,200,0,0,244456,222731,0,0
Female,University,Single,28,180000,42238,38741,36696,35813,37893,34661,2500,2000,1128,2500,0,36241,34696,34685,35393,34661,0
Female,University,Married,30,80000,21507,13207,13997,10914,10685,5515,1700,1400,200,1000,0,11507,12597,10714,9685,5515,0
Male,Graduate,Single,26,120000,884,0,0,10446,0,0,0,0,10446,0,0,0,0,0,0,0,0
Male,University,Married,31,130000,1261,1261,1261,1411,930,390,1261,1261,1411,930,0,0,0,0,0,390,0
Female,University,Single,35,120000,240,240,240,240,240,240,240,240,240,240,240,0,0,0,0,0,1
Male,Graduate,Single,28,360000,20223,52962,3978,1743,2828,50537,53228,3997,1750,2853,51041,-266,-19,-7,-25,-504,0
Male,University,Single,23,50000,29509,30741,31438,31924,32566,33081,2000,1500,1300,1300,1200,28741,29938,30624,31266,31881,1
Female,University,Single,23,20000,18355,20259,19534,16467,15746,13246,2900,10,577,430,1017,17359,19524,15890,15316,12229,0
Male,High School,Married,56,100000,94265,53376,85787,78762,79529,80335,2385,88678,2169,2634,3132,50991,-2891,76593,76895,77203,0
Male,High School,Married,32,70000,68739,67629,69188,68392,69884,71284,3060,3300,2610,2750,2750,64569,65888,65782,67134,68534,0
Male,University,Married,47,50000,13917,16695,21320,18614,19003,19439,3000,5000,2000,618,679,13695,16320,16614,18385,18760,0
Female,University,Single,22,10000,10250,8558,10525,10050,9903,9984,0,2126,390,328,476,8558,8399,9660,9575,9508,0
Female,Graduate,Married,34,290000,93844,97708,103066,104864,110151,115297,6000,7000,5000,7000,7000,91708,96066,99864,103151,108297,0
Female,Graduate,Married,31,30000,16496,17522,18531,18744,19291,19818,1597,1606,819,1000,1000,15925,16925,17925,18291,18818,0
Female,University,Single,27,410000,-58,32991,36465,44310,62408,61420,33049,16000,8700,18775,15000,-58,20465,35610,43633,46420,0
Male,Graduate,Single,28,360000,1210,820,64644,125984,106584,125557,390,75720,62520,17000,132200,430,-11076,63464,89584,-6643,1
Female,University,Married,42,140000,111496,112133,69529,70804,70781,66735,6022,3021,5012,5112,3000,106111,66508,65792,65669,63735,1
Female,Graduate,Single,32,210000,67374,69489,70937,71761,73505,74827,3200,3200,2600,2900,2700,66289,67737,69161,70605,72127,0
Female,University,Single,27,220000,1692,13250,433,1831,0,2891,13250,433,1831,0,2891,0,0,0,0,0,0
Male,University,Single,27,20000,18649,18066,19040,19446,20759,20241,0,1594,1000,1606,0,18066,17446,18446,19153,20241,0
Female,University,Married,45,620000,160837,156839,160440,163781,167159,170894,0,6200,6000,6000,6500,156839,154240,157781,161159,164394,1
Male,Graduate,Single,26,360000,-8,-8,-8,-8,1677,2600,0,0,0,1685,2613,-8,-8,-8,-8,-13,0
Female,University,Single,21,20000,18763,14410,13771,362,5308,0,14410,0,28,22073,0,0,13771,334,-16765,0,0
Male,University,Single,23,50000,34549,18552,19334,18165,19322,19575,2836,1200,13000,1500,9000,15716,18134,5165,17822,10575,0
Male,University,Other,30,50000,97538,49187,17518,17710,18079,18302,2454,1588,780,803,673,46733,15930,16930,17276,17629,0
Male,University,Single,46,10000,4073,6394,6143,6908,6652,6785,2400,0,871,0,244,3994,6143,6037,6652,6541,1
Female,High School,Married,50,100000,53849,55030,61574,62470,61198,62524,2050,7500,2500,0,2500,52980,54074,59970,61198,60024,1
Male,Graduate,Single,26,50000,2411,3059,2333,1800,1620,0,3068,2440,1807,2204,0,-9,-107,-7,-584,0,0
Male,University,Single,25,60000,480,1675,3630,578,4825,6200,1675,2500,578,4825,2000,0,1130,0,0,4200,0
Female,Graduate,Single,35,440000,330759,337794,274075,252584,216547,179221,13100,11000,10000,9000,7100,324694,263075,242584,207547,172121,0
Male,University,Married,44,120000,92007,87939,82094,59105,53442,46775,5417,2847,2066,1919,2200,82522,79247,57039,51523,44575,0
Female,Graduate,Single,52,50000,3257,4166,0,0,318,0,1000,0,0,318,0,3166,0,0,0,0,0
Female,University,Married,40,110000,92638,90905,95768,97004,99005,101213,600,7300,3700,3700,4000,90305,88468,93304,95305,97213,0
Female,Graduate,Single,38,200000,399,0,0,0,218,270,0,0,0,218,270,0,0,0,0,0,0
Female,Graduate,Single,28,150000,0,0,0,0,0,318,0,0,0,0,318,0,0,0,0,0,0
Female,University,Married,36,30000,28778,28039,28286,27533,28189,28805,0,1000,0,1100,1100,28039,27286,27533,27089,27705,1
Female,Graduate,Single,24,100000,30092,30486,30178,29735,14718,29427,1553,5000,87,14761,29514,28933,25178,29648,-43,-87,0
Female,Graduate,Married,34,360000,12339,10138,23912,9785,166,2142,10000,13912,9785,0,2142,138,10000,0,166,0,0
Female,Graduate,Single,31,390000,50620,43220,44237,46495,47751,51941,5000,3000,3000,2000,5000,38220,41237,43495,45751,46941,0
Female,Graduate,Married,41,220000,-65,-65,-65,-65,-65,-200,0,0,0,0,0,-65,-65,-65,-65,-200,1
Female,University,Single,25,160000,0,0,0,0,0,0,0,0,0,0,0,0,0,0,0,0,0
Female,Graduate,Single,28,230000,2403,7357,9752,12608,10797,20539,7357,2566,3000,1000,10000,0,7186,9608,9797,10539,0
Male,Graduate,Single,27,120000,52437,50473,45087,35424,31760,31214,5024,5000,5000,4000,5000,45449,40087,30424,27760,26214,0
Male,High School,Married,52,100000,4657,6068,6418,6781,6144,7638,1500,1000,1000,0,2000,4568,5418,5781,6144,5638,1
Female,Graduate,Single,41,190000,28204,0,16500,0,26854,554,0,16500,0,26854,500,0,0,0,0,54,1
Male,Graduate,Married,56,50000,50715,51073,28185,28842,30399,29977,2500,1500,1100,2000,1500,48573,26685,27742,28399,28477,1
Female,Graduate,Married,42,240000,0,6370,0,0,0,0,6370,0,0,0,0,0,0,0,0,0,0
Female,University,Single,24,40000,35285,36714,37356,38184,38724,37255,2000,1600,1401,1607,1800,34714,35756,36783,37117,35455,0
Female,University,Married,47,630000,37850,68187,1207,2632,8654,0,38187,1207,2632,8654,0,30000,0,0,0,0,0
Female,Graduate,Married,33,160000,5233,5393,1824,350,150,199,5401,1829,350,150,199,-8,-5,0,0,0,0
Female,University,Single,32,110000,65299,74565,78516,79829,81603,83206,11000,5800,3200,3200,3100,63565,72716,76629,78403,80106,0
Male,University,Single,29,20000,17208,18419,0,0,0,0,2055,0,0,0,0,16364,0,0,0,0,0
Female,High School,Married,53,210000,57192,58472,59658,60466,61593,65163,2800,2753,2400,2255,4767,55672,56905,58066,59338,60396,0
Male,Graduate,Single,34,270000,5780,12006,15736,6621,2457,14923,12006,5736,6621,2457,14923,0,10000,0,0,0,0
Female,University,Single,52,360000,640,2113,-6,999,944,-3,2231,0,1005,948,0,-118,-6,-6,-4,-3,0
Female,University,Married,42,60000,631,2790,1758,416,416,3640,2790,1758,416,416,3640,0,0,0,0,0,0
Male,University,Single,38,360000,108351,111201,63146,63723,65108,66078,8005,8004,5000,5000,5000,103196,55142,58723,60108,61078,0
Female,Graduate,Single,45,390000,834,155,-1690,4240,3346,2698,1,1693,6940,7,1230,154,-3383,-2700,3339,1468,0
Female,High School,Single,35,250000,7244,8472,1738,6706,2391,11082,8514,1751,6739,2403,11137,-42,-13,-33,-12,-55,0
Female,Graduate,Single,24,90000,13141,14526,15482,18219,22737,23387,1600,1500,3000,5000,1020,12926,13982,15219,17737,22367,1
Male,Graduate,Single,28,360000,7071,401,3545,10540,10132,6220,1510,3575,10573,10155,6240,-1109,-30,-33,-23,-20,0
Male,High School,Single,26,50000,35429,30626,30241,20284,19166,19567,1537,1947,800,1000,718,29089,28294,19484,18166,18849,0
Female,Graduate,Married,40,270000,18751,5706,0,0,0,0,1000,0,0,0,0,4706,0,0,0,0,0
Female,Graduate,Single,29,200000,55788,8360,4897,5065,19468,0,8394,4927,5089,19561,0,-34,-30,-24,-93,0,0
Female,University,Single,23,50000,49809,50364,38429,18815,18305,19013,2040,2766,1690,1000,1000,48324,35663,17125,17305,18013,0
Male,Graduate,Single,33,350000,10900,10478,-22,-22,-22,4532,10530,0,0,0,4554,-52,-22,-22,-22,-22,0
Female,University,Single,60,160000,3128,5156,1089,489,3177,1009,5156,1089,0,3177,1009,0,0,489,0,0,1
Female,High School,Married,49,80000,3367,4641,2290,1459,6764,7601,4641,2290,1459,6764,7601,0,0,0,0,0,0
Male,Graduate,Married,53,290000,279610,282024,282508,284660,255892,238266,13000,10200,10265,8803,8300,269024,272308,274395,247089,229966,1
Female,Graduate,Single,28,270000,475,475,5691,37526,50565,48888,475,5691,34000,14000,8000,0,0,3526,36565,40888,0
Male,Graduate,Single,31,80000,5994,32223,8308,4082,538,4085,13647,8314,4082,0,4085,18576,-6,0,538,0,0
Male,University,Single,36,50000,5197,6015,6615,7131,6987,6980,1300,1100,1000,500,500,4715,5515,6131,6487,6480,0
Male,University,Married,35,30000,7797,2687,8762,3377,2000,0,2687,8765,3390,2040,0,0,-3,-13,-40,0,0
Male,University,Single,28,30000,0,780,0,0,0,0,780,0,0,0,0,0,0,0,0,0,1
Male,University,Single,33,90000,35785,29155,27485,29266,35598,38449,15155,5485,5263,8598,5449,14000,22000,24003,27000,33000,0
Male,Graduate,Single,26,160000,1433,3746,30258,1036,21572,9528,3757,30348,1044,21636,9556,-11,-90,-8,-64,-28,0
Female,High School,Single,53,80000,77766,77954,78512,60452,61556,54022,4000,2374,2007,2500,3000,73954,76138,58445,59056,51022,0
Male,University,Single,42,50000,50300,50898,49111,48943,45775,0,2200,1600,1700,1700,0,48698,47511,47243,44075,0,0
Female,Graduate,Single,25,20000,14603,15661,16394,16723,18056,17618,1600,1300,600,1600,0,14061,15094,16123,16456,17618,0
Male,Graduate,Married,43,220000,0,0,0,0,0,0,0,0,0,0,0,0,0,0,0,0,1
Male,High School,Single,25,210000,8817,23634,21776,9631,1561,1990,23776,0,9631,1561,1990,-142,21776,0,0,0,1
Female,University,Single,29,130000,131575,130931,132969,45584,46516,47455,6700,6000,1291,1319,1336,124231,126969,44293,45197,46119,0
Female,University,Married,31,260000,5841,23194,62361,67057,17024,18659,23194,50000,11500,17024,18659,0,12361,55557,0,0,0
Female,Graduate,Married,30,230000,30341,25981,24092,65840,56538,51522,5000,5000,65840,2000,2000,20981,19092,0,54538,49522,0
Male,Graduate,Single,34,160000,83255,83912,85161,85715,86773,87526,4000,3924,3200,3300,3425,79912,81237,82515,83473,84101,0
Male,Graduate,Married,35,50000,34976,6018,13930,7106,6020,9011,1127,1074,215,249,4383,4891,12856,6891,5771,4628,0
Male,University,Married,32,80000,48747,45955,44989,41358,42379,38052,2145,1844,2009,5017,2000,43810,43145,39349,37362,36052,0
Male,High School,Single,46,110000,56700,57875,59044,59756,61004,62213,2681,2724,2287,2362,2374,55194,56320,57469,58642,59839,0
Male,Graduate,Married,43,200000,144678,140804,136437,135253,134629,134309,5090,5014,5009,4844,5002,135714,131423,130244,129785,129307,0
Male,University,Single,29,360000,268112,263368,259969,255832,245462,250244,9429,8738,7017,7154,7073,253939,251231,248815,238308,243171,0
Female,High School,Single,31,210000,0,0,0,0,0,0,0,0,0,0,0,0,0,0,0,0,0
Female,University,Single,24,80000,79243,75254,58683,58886,60035,57264,3249,3000,5000,2500,2300,72005,55683,53886,57535,54964,0
Female,University,Married,36,300000,-475,5191,4606,2303,2768,65373,10000,0,0,2768,65373,-4809,4606,2303,0,0,1
Female,University,Married,43,310000,23396,24182,25135,25095,25356,25514,1426,1379,867,898,933,22756,23756,24228,24458,24581,0
Male,High School,Married,59,30000,390,390,390,390,390,1320,390,390,390,390,1320,0,0,0,0,0,1
Male,Graduate,Married,53,170000,17862,17927,18800,17647,18015,12930,1323,1196,544,563,629,16604,17604,17103,17452,12301,0
Female,University,Single,28,140000,26450,28823,28171,28740,30454,29930,3007,0,924,2070,0,25816,28171,27816,28384,29930,0
Female,University,Single,31,180000,0,0,0,0,0,0,0,0,0,0,0,0,0,0,0,0,0
Male,Graduate,Single,34,50000,22746,22099,24121,23437,25101,24549,0,2700,0,2200,0,22099,21421,23437,22901,24549,0
Female,University,Married,36,50000,9214,10359,7350,7500,0,0,1351,1500,150,0,0,9008,5850,7350,0,0,0
Female,Graduate,Single,24,110000,40882,35428,39680,44097,42543,33189,2000,5000,5000,0,2000,33428,34680,39097,42543,31189,0
Female,High School,Married,36,450000,3996,9120,8528,0,6368,3000,9120,8528,0,6368,3000,0,0,0,0,0,0
Female,University,Married,34,200000,390,390,390,561,390,390,390,390,561,390,390,0,0,0,0,0,0
Male,Graduate,Single,43,220000,44177,25736,19292,18900,13580,33150,1006,32906,18900,13580,33150,24730,-13614,0,0,0,0
Female,Graduate,Single,29,360000,3280,0,0,0,0,2650,0,0,0,0,2650,0,0,0,0,0,1
Male,University,Married,37,50000,48226,48727,46228,46755,43686,44573,2000,1684,1601,2000,2000,46727,44544,45154,41686,42573,0
Male,University,Single,23,40000,36650,29541,26190,26710,27274,29551,0,1435,955,993,2734,29541,24755,25755,26281,26817,0
Female,University,Married,37,190000,115049,117856,119570,116284,123528,125478,6000,5000,0,9000,4000,111856,114570,116284,114528,121478,0
Male,Graduate,Single,33,150000,21724,23168,23320,24085,24149,3323,2100,1200,965,64,509,21068,22120,23120,24085,2814,0
Female,Graduate,Married,37,200000,0,0,0,0,595,0,0,0,0,595,0,0,0,0,0,0,0
Female,University,Married,56,270000,137807,123769,104377,106651,109294,101151,5000,5000,3953,4500,4000,118769,99377,102698,104794,97151,0
Male,Graduate,Single,25,60000,58839,53235,38533,39639,39619,39140,2018,1900,2000,1500,1900,51217,36633,37639,38119,37240,0
Female,University,Married,39,200000,80833,79100,70764,71629,70805,70718,3315,3088,2572,2559,2526,75785,67676,69057,68246,68192,0
Female,University,Married,39,150000,36146,36184,37511,33080,30223,31561,3000,3000,3000,2500,2000,33184,34511,30080,27723,29561,0
Female,University,Single,28,180000,340,-120,420,460,460,610,0,1000,500,460,610,-120,-580,-40,0,0,0
Female,Graduate,Single,27,90000,7624,0,0,0,0,0,0,0,0,0,0,0,0,0,0,0,0
Female,University,Married,37,360000,0,0,0,0,166,541,0,0,0,166,543,0,0,0,0,-2,0
Female,Graduate,Single,24,90000,491,0,0,0,0,0,0,0,0,0,0,0,0,0,0,0,0
Female,University,Single,24,20000,13168,13888,14900,15916,15519,15829,1237,1249,1265,0,568,12651,13651,14651,15519,15261,0
Male,Graduate,Married,46,70000,60040,55274,51766,51757,50013,49946,2600,1800,2000,3140,2000,52674,49966,49757,46873,47946,0
Male,Graduate,Married,39,230000,660,660,660,660,660,660,660,660,660,660,660,0,0,0,0,0,0
Male,High School,Married,48,30000,29434,28960,29022,29201,29553,29693,1465,2000,1033,1200,1055,27495,27022,28168,28353,28638,0
Female,High School,Other,45,200000,4430,7182,3855,3411,6788,9921,7193,3855,3411,6788,9921,-11,0,0,0,0,0
Male,High School,Single,49,100000,1440,0,0,0,0,0,0,0,0,0,0,0,0,0,0,0,0
Female,University,Single,23,50000,26795,28056,29284,30487,33831,33138,2000,2000,2000,4000,0,26056,27284,28487,29831,33138,0
Female,High School,Married,25,20000,16591,16442,6401,4300,1304,0,1155,1000,0,1304,0,15287,5401,4300,0,0,0
Female,University,Married,47,210000,0,0,0,0,0,0,0,0,0,0,0,0,0,0,0,0,0
Male,High School,Married,56,110000,46486,35758,34323,30452,22628,23468,4086,1428,1318,2171,3198,31672,32895,29134,20457,20270,0
Female,High School,Married,44,20000,550,228,0,228,0,0,228,0,228,0,0,0,0,0,0,0,0
Female,High School,Married,49,50000,5630,6629,5918,6918,6941,4756,1107,1000,1000,1500,2150,5522,4918,5918,5441,2606,0
Male,University,Married,41,50000,21986,21520,20979,19894,18811,18805,1362,1294,682,680,694,20158,19685,19212,18131,18111,0
Female,Graduate,Single,40,400000,60125,1981,4521,20472,76933,173599,1981,4521,20500,77000,100000,0,0,-28,-67,73599,0
Male,University,Single,31,170000,56364,58132,59171,55888,53672,51461,3000,3000,2000,3000,3000,55132,56171,53888,50672,48461,0
Male,University,Married,42,280000,148363,148432,151310,141937,144990,147911,6900,6867,5500,5500,5500,141532,144443,136437,139490,142411,0
Female,High School,Married,28,130000,100143,50456,50000,0,0,0,2500,1000,0,0,0,47956,49000,0,0,0,0
Female,University,Single,32,210000,46255,50486,54019,58091,61630,65576,5000,5000,5000,4500,5000,45486,49019,53091,57130,60576,0
Male,University,Single,28,370000,276436,239025,149128,48907,53025,51434,20000,13000,5000,10000,4000,219025,136128,43907,43025,47434,0
Female,University,Married,31,30000,29493,19433,18782,19006,19637,21251,3200,0,742,1000,2000,16233,18782,18264,18637,19251,0
Male,High School,Single,39,150000,214450,147280,150000,0,-5000,0,5180,5000,0,0,5000,142100,145000,0,-5000,-5000,0
Male,High School,Married,31,60000,35369,35320,0,0,0,0,1027,0,0,0,0,34293,0,0,0,0,1
Female,University,Single,24,80000,77615,77303,66396,55639,56873,58390,3100,2586,2000,2500,3000,74203,63810,53639,54373,55390,0
Female,University,Married,44,280000,186149,181779,192189,195517,199250,195874,0,15000,8000,7000,0,181779,177189,187517,192250,195874,1
Female,University,Single,46,20000,21075,20795,20206,19617,18737,18148,0,0,0,0,0,20795,20206,19617,18737,18148,0
Male,Graduate,Single,32,270000,0,0,1100,300,-200,-200,0,1100,300,0,0,0,0,0,-200,-200,0
Female,University,Single,26,240000,14348,7500,7816,7500,7500,14497,1000,7816,7500,7500,14497,6500,0,0,0,0,0
Female,Graduate,Single,22,20000,20137,20179,18067,18666,19115,19547,1300,1301,900,900,900,18879,16766,17766,18215,18647,0
Female,Graduate,Married,42,450000,-200,-200,0,42000,0,0,0,200,42000,0,0,-200,-200,0,0,0,1
Male,University,Single,33,10000,8177,9131,9669,7624,8049,6857,2500,1145,1000,1000,1000,6631,8524,6624,7049,5857,0
Male,University,Married,39,280000,2082,3557,5623,5400,3866,3526,3597,5672,5427,3885,3543,-40,-49,-27,-19,-17,1
Female,High School,Single,27,290000,13820,15614,16293,7760,2000,0,2000,1300,0,2000,1000,13614,14993,7760,0,-1000,0
Female,Graduate,Single,28,190000,46923,48666,49347,50386,43883,34412,2500,2000,3000,2000,2000,46166,47347,47386,41883,32412,1
Female,Graduate,Single,23,80000,53261,38091,19744,14556,0,1460,4500,2011,3105,0,1460,33591,17733,11451,0,0,0
Female,University,Single,28,280000,427,298,1179,1714,2875,1047,0,1179,1714,1290,1047,298,0,0,1585,0,0
Female,Graduate,Married,33,160000,14150,8106,12431,12145,13391,7957,8106,12431,12145,13391,7957,0,0,0,0,0,0
Male,University,Married,40,90000,42856,44925,0,787,1457,0,3114,0,787,1457,0,41811,0,0,0,0,1
Female,Graduate,Single,37,140000,1034,40000,0,0,0,510,40000,0,0,0,510,0,0,0,0,0,0
Male,Graduate,Single,22,50000,5137,5960,6270,6000,5810,390,1300,1000,120,200,390,4660,5270,5880,5610,0,0
Female,University,Married,32,40000,24114,25417,28777,29107,29693,30456,2000,4110,1100,1200,1400,23417,24667,28007,28493,29056,0
Female,High School,Married,43,130000,130067,129385,96775,98071,97743,100124,5540,4403,3814,3562,4021,123845,92372,94257,94181,96103,0
Female,High School,Married,27,70000,61611,62711,63695,63926,67361,59480,3011,3095,2000,4600,0,59700,60600,61926,62761,59480,0
Female,University,Married,35,30000,25078,25538,25880,25873,26157,26918,1500,1387,893,1000,1501,24038,24493,24980,25157,25417,0
Female,High School,Married,35,100000,97002,102698,97997,103384,97266,101492,8200,0,8000,0,8600,94498,97997,95384,97266,92892,0
Female,Graduate,Married,30,20000,5766,7511,7678,7318,7458,7598,2000,500,0,500,500,5511,7178,7318,6958,7098,1
Female,University,Single,34,30000,99568,32326,31840,37075,37662,36904,33000,33000,5810,1325,0,-674,-1160,31265,36337,36904,0
Male,University,Married,34,20000,12857,14183,14890,15642,16387,17113,1541,1248,1000,1000,1000,12642,13642,14642,15387,16113,1
Female,Graduate,Single,28,100000,96193,82342,81967,82177,78840,79261,3600,3800,3000,3000,3023,78742,78167,79177,75840,76238,1
Male,University,Single,25,30000,2400,2400,2400,2400,2400,1800,0,0,0,0,0,2400,2400,2400,2400,1800,1
Female,Graduate,Married,41,320000,97797,99672,101953,102284,104090,105859,4520,5050,3590,3700,3750,95152,96903,98694,100390,102109,0
Male,High School,Single,42,90000,64762,63164,32789,31641,29240,28306,0,2900,0,2500,0,63164,29889,31641,26740,28306,1
Male,University,Single,40,190000,145613,156765,159386,161870,165725,169928,15000,6600,6500,6500,7000,141765,152786,155370,159225,162928,1
Male,Graduate,Single,28,200000,71989,122129,147936,149573,152574,156323,52129,30000,6000,6000,7000,70000,117936,143573,146574,149323,0
Female,University,Single,31,300000,3345,1083,4339,7423,4059,2508,1087,4355,7423,0,2508,-4,-16,0,4059,0,0
Female,Graduate,Single,56,30000,29033,17013,7024,7024,7024,7024,1283,7024,7024,7024,7024,15730,0,0,0,0,0
Female,University,Other,45,110000,26650,20787,20566,21158,22141,22158,1532,2000,783,3000,2000,19255,18566,20375,19141,20158,0
Female,Graduate,Single,29,230000,0,0,1024,0,0,0,0,1024,0,0,0,0,0,0,0,0,0
Female,Graduate,Married,35,230000,4259,5432,6182,0,0,0,1250,1000,0,0,0,4182,5182,0,0,0,0
Female,University,Single,28,310000,106468,108955,112374,54762,58189,57170,8000,6000,5000,5000,4000,100955,106374,49762,53189,53170,0
Male,Graduate,Married,40,320000,247276,241167,238196,231580,229683,235837,10000,10000,10000,19000,13000,231167,228196,221580,210683,222837,0
Male,Graduate,Married,47,360000,1548,-32,177639,174397,4852,4125,0,177671,3508,4876,4188,-32,-32,170889,-24,-63,0
Female,High School,Married,41,20000,780,0,732,642,1252,643,0,732,300,1000,500,0,0,342,252,143,1
Female,University,Single,27,170000,162671,166202,161973,167201,161327,171863,7500,6000,10000,7000,16000,158702,155973,157201,154327,155863,0
Male,Graduate,Married,40,140000,123049,125616,129695,130735,133467,136287,4310,5913,4426,4580,4770,121306,123782,126309,128887,131517,0
Male,University,Single,32,80000,51372,51872,47593,43882,42256,42527,1853,1700,1522,1548,1488,50019,45893,42360,40708,41039,0
Male,University,Single,35,150000,60015,72227,51364,54340,0,2129,20000,30000,54340,0,2129,52227,21364,0,0,0,0
Male,University,Single,27,170000,1170,780,0,0,0,0,0,0,0,0,0,780,0,0,0,0,0
Female,University,Married,29,200000,159398,156955,132144,119136,122211,125021,6163,4530,4500,5000,5000,150792,127614,114636,117211,120021,1
Male,Graduate,Single,30,70000,55664,59529,57571,57871,60872,59329,5800,0,2250,4500,0,53729,57571,55621,56372,59329,0
Male,University,Married,37,320000,43528,498,429,14257,5417,2967,500,431,14328,5439,2980,-2,-2,-71,-22,-13,0
Female,Graduate,Single,29,150000,0,0,0,0,0,0,0,0,0,0,0,0,0,0,0,0,0
Female,Graduate,Married,34,50000,27966,28539,11597,6611,7349,7570,1267,1553,7511,1000,343,27272,10044,-900,6349,7227,0
Female,University,Single,34,90000,8792,7500,0,0,0,0,0,0,0,0,0,7500,0,0,0,0,0
Male,Graduate,Married,41,280000,28026,41302,51500,35752,3955,13969,41346,52110,35752,3955,13939,-44,-610,0,0,30,0
Female,Graduate,Single,31,300000,43610,43280,36156,30305,30155,561,1655,1797,750,0,561,41625,34359,29555,30155,0,0
Female,University,Single,40,400000,0,8235,0,0,1524,0,8235,0,0,1524,0,0,0,0,0,0,0
Female,Graduate,Married,27,200000,5780,105,105,0,7384,8588,105,105,0,7384,8588,0,0,0,0,0,0
Female,High School,Single,22,10000,8109,9778,8259,0,0,0,2000,1036,0,0,0,7778,7223,0,0,0,1
Female,University,Other,30,50000,52515,51424,49967,20036,20076,37615,0,0,2000,1000,1000,51424,49967,18036,19076,36615,1
Female,University,Other,22,30000,22582,26518,25814,25110,24569,26357,4600,0,0,0,2200,21918,25814,25110,24569,24157,0
Male,Graduate,Single,26,50000,15448,16392,18096,18425,18619,19060,1500,2000,1500,1200,900,14892,16096,16925,17419,18160,1
Male,University,Married,38,50000,58102,59011,56272,53663,51507,50616,2500,2500,2000,2000,3200,56511,53772,51663,49507,47416,0
Female,High School,Married,46,30000,12289,11806,13268,12758,13549,14673,0,1970,0,1000,1500,11806,11298,12758,12549,13173,0
Male,University,Single,24,20000,10476,7279,688,688,688,1320,1000,688,0,0,650,6279,0,688,688,670,0
Male,University,Single,49,20000,16326,17497,18456,18424,18800,10000,1441,1400,368,376,200,16056,17056,18056,18424,9800,0
Male,Graduate,Other,49,50000,17681,18249,18054,18569,19152,18088,1611,2000,780,1000,1000,16638,16054,17789,18152,17088,0
Female,University,Married,42,30000,47912,25023,25768,26410,27960,46254,1755,1500,1000,1909,1000,23268,24268,25410,26051,45254,0
Female,Graduate,Married,30,360000,18886,14249,3821,2404,319,0,0,3828,2000,319,0,14249,-7,404,0,0,0
Male,University,Married,42,170000,0,1690,0,0,0,4750,1690,0,0,0,4750,0,0,0,0,0,0
Female,Graduate,Single,31,400000,203,767,664,1250,-10,2174,770,667,1256,0,2184,-3,-3,-6,-10,-10,0
Female,University,Married,49,50000,34962,32275,31253,32014,33573,29645,1613,2000,1500,2000,1645,30662,29253,30514,31573,28000,0
Female,University,Single,27,160000,80964,80337,82182,82586,85145,87049,4000,4000,3500,4000,4000,76337,78182,79086,81145,83049,0
Female,University,Married,33,70000,69418,68943,38783,3758,1261,0,2382,2025,1000,25,0,66561,36758,2758,1236,0,1
Female,Graduate,Married,35,150000,0,0,0,0,0,0,0,0,0,0,0,0,0,0,0,0,0
Female,University,Single,48,80000,45174,41885,42832,23799,11723,27236,3000,3413,2000,5000,17236,38885,39419,21799,6723,10000,0
Female,University,Single,22,30000,23892,28459,25499,25778,28708,30520,5300,0,1000,3352,2300,23159,25499,24778,25356,28220,0
Male,University,Single,22,10000,7960,9649,8518,8628,9293,5033,2000,1000,500,1500,0,7649,7518,8128,7793,5033,1
Female,Graduate,Single,27,180000,0,3338,3333,3333,3333,3333,3338,3333,3333,3333,3333,0,0,0,0,0,0
Male,Graduate,Married,47,320000,9192,13920,4022,316,8420,316,13942,4022,316,8420,316,-22,0,0,0,0,0
Female,University,Single,34,80000,25935,27210,28783,30003,29385,31401,2000,2338,2000,0,2500,25210,26445,28003,29385,28901,0
Male,University,Married,45,10000,7139,8416,9815,9508,9754,10192,1400,1700,0,400,600,7016,8115,9508,9354,9592,1
Female,University,Single,39,360000,12865,4462,19560,8894,5329,998,4484,19623,222,5355,998,-22,-63,8672,-26,0,0
Male,University,Single,33,450000,-14,2568,-387,-387,-387,113,2582,0,0,0,500,-14,-387,-387,-387,-387,0
Female,University,Single,29,330000,49549,133957,128212,79407,8875,49880,90000,3000,5000,8875,49880,43957,125212,74407,0,0,0
Male,Graduate,Single,29,60000,546,255,464,1173,732,1023,0,500,1000,0,582,255,-36,173,732,441,1
Female,High School,Single,26,50000,9935,11029,12795,9983,10884,7666,1234,2000,297,1000,307,9795,10795,9686,9884,7359,0
Male,University,Married,38,200000,152856,156104,158279,161934,165447,168802,6000,5000,5000,5000,4917,150104,153279,156934,160447,163885,0
Male,Graduate,Single,34,120000,1278,639,621,-18,-18,-18,0,621,0,0,0,639,0,-18,-18,-18,0
Female,Graduate,Married,37,160000,316,316,0,316,632,0,316,0,316,632,0,0,0,0,0,0,0
Male,University,Married,57,110000,46132,41050,40091,40659,38529,30900,2306,2111,3009,1725,1500,38744,37980,37650,36804,29400,0
Female,High School,Married,50,70000,27345,-1041,17571,17920,18296,18659,1041,18862,640,663,666,-2082,-1291,17280,17633,17993,0
Female,High School,Single,28,150000,101593,101886,101441,100829,101913,96704,4000,4032,3410,4000,3665,97886,97409,97419,97913,93039,0
Female,Graduate,Single,31,610000,142764,126606,67887,58397,105301,105965,6540,2100,2150,50000,4700,120066,65787,56247,55301,101265,0
Female,Graduate,Single,25,110000,92849,94766,93894,85723,86443,84011,4346,4075,3144,3238,3167,90420,89819,82579,83205,80844,0
Female,University,Single,25,80000,17330,19258,23416,22768,23243,23718,3000,4790,0,816,833,16258,18626,22768,22427,22885,1
Female,University,Married,33,170000,109863,79574,78440,80141,81862,84237,4380,3000,3000,3000,4000,75194,75440,77141,78862,80237,0
Female,Graduate,Single,30,110000,1064,2001,3796,0,0,0,2007,3796,0,0,0,-6,0,0,0,0,0
Female,Graduate,Married,51,140000,56764,57950,57668,55024,55883,55744,2115,2004,1941,2073,1909,55835,55664,53083,53810,53835,0
Male,Graduate,Single,51,70000,43048,43257,44115,41112,39922,40150,3000,4000,0,1500,3000,40257,40115,41112,38422,37150,0
Female,University,Married,46,260000,29484,28592,16869,12713,10420,12532,10000,3000,12713,10420,12532,18592,13869,0,0,0,0
Male,High School,Single,38,170000,21310,22957,24266,25556,29949,34434,2000,2000,2000,5000,5000,20957,22266,23556,24949,29434,0
Female,University,Married,34,50000,10821,11877,13656,14949,16567,16826,1221,2000,1500,2000,2000,10656,11656,13449,14567,14826,0
Female,High School,Married,34,300000,280823,275303,271952,193403,187562,191069,11000,12000,7200,6500,6173,264303,259952,186203,181062,184896,1
Female,Graduate,Single,31,150000,390,390,390,4825,5202,780,390,390,4825,5202,780,0,0,0,0,0,1
Female,University,Single,25,50000,37647,37102,36238,36374,35229,34365,0,0,1000,0,0,37102,36238,35374,35229,34365,1
Female,University,Married,26,50000,0,0,1756,2719,4049,5176,0,1756,1000,1537,1200,0,0,1719,2512,3976,0
Female,Graduate,Single,25,90000,84710,87334,87862,18889,-783,73568,4000,3258,1000,0,77500,83334,84604,17889,-783,-3932,0
Male,University,Single,26,50000,48036,46787,42011,19147,2845,20041,2100,1227,383,2000,20000,44687,40784,18764,845,41,1
Female,University,Single,43,500000,43346,43976,39032,29092,22725,11590,4006,2383,1126,782,596,39970,36649,27966,21943,10994,0
Female,University,Married,36,470000,873,1593,1518,285,688,2100,1005,1000,285,688,2100,588,518,0,0,0,0
Male,University,Single,58,230000,110163,112499,114837,116400,45643,51083,5600,5700,5000,1855,6400,106899,109137,111400,43788,44683,0
Female,University,Single,26,140000,4113,6030,16025,24616,19458,20047,2000,16025,24616,1000,1000,4030,0,0,18458,19047,0
Female,University,Married,30,230000,9636,10152,1817,-828,6153,12663,1222,1837,0,7863,12675,8930,-20,-828,-1710,-12,1
Female,University,Single,31,420000,25103,21330,16024,9603,2131,64507,1509,1067,3061,2210,64524,19821,14957,6542,-79,-17,0
Female,University,Single,24,30000,31319,31181,31540,31016,30531,30528,1564,1800,1100,1500,1500,29617,29740,29916,29031,29028,0
Female,University,Single,52,50000,43343,43360,23417,21969,21179,18711,1300,1400,920,1700,0,42060,22017,21049,19479,18711,1
Female,University,Single,24,140000,197,0,0,233,0,0,0,0,233,0,0,0,0,0,0,0,0
Female,University,Married,35,260000,7967,67650,6000,0,88348,85962,67650,6000,0,88348,5000,0,0,0,0,80962,0
Female,High School,Single,29,90000,19450,3123,2121,3113,0,0,0,3509,3113,0,0,3123,-1388,0,0,0,0
Female,University,Married,33,240000,240878,233838,238067,242579,238245,233710,10000,11000,10000,10000,10000,223838,227067,232579,228245,223710,0
Female,Graduate,Single,35,510000,2115,2116,5560,4535,3488,1116,1117,4560,91,69,1116,999,1000,4444,3419,0,0
Female,University,Married,35,110000,81665,46070,34419,36829,38080,40434,2460,2000,3000,2000,3000,43610,32419,33829,36080,37434,0
Female,Graduate,Single,28,210000,11442,3738,7526,10217,11737,8114,3738,7526,5000,5000,162,0,0,5217,6737,7952,0
Male,University,Married,40,220000,158,0,0,0,0,612,0,0,0,0,612,0,0,0,0,0,0
Female,Graduate,Married,35,200000,2257,4261,1265,2473,0,0,4266,1667,2473,0,0,-5,-402,0,0,0,0
Female,University,Single,53,360000,10733,15206,15000,9744,11114,8123,15206,15032,9769,11114,8123,0,-32,-25,0,0,0
Male,Graduate,Single,44,260000,316,316,316,316,316,466,316,316,316,316,466,0,0,0,0,0,0
Male,University,Married,33,20000,11026,9535,10510,10472,10140,10101,1174,1149,501,356,507,8361,9361,9971,9784,9594,0
Female,University,Married,32,120000,113869,116110,111978,112822,114969,117949,5498,5500,4000,4300,5012,110612,106478,108822,110669,112937,0
Female,Graduate,Single,33,50000,7363,5180,31902,11044,0,0,39,32013,11079,0,0,5141,-111,-35,0,0,0
Female,Graduate,Single,26,60000,29649,21657,28736,42733,46404,37993,0,8000,15000,9000,10000,21657,20736,27733,37404,27993,0
Male,Graduate,Single,26,200000,12716,16164,1954,5297,1483,3393,16244,1963,3359,4849,3410,-80,-9,1938,-3366,-17,0
Male,University,Single,26,20000,1438,1261,451,-810,-420,1320,1261,451,0,780,2130,0,0,-810,-1200,-810,0
Female,Graduate,Married,32,50000,47858,49223,42589,639,4639,2312,2500,3000,7000,4000,2413,46723,39589,-6361,639,-101,1
Female,University,Single,31,50000,0,0,190,0,36059,32851,0,190,0,36059,0,0,0,0,0,32851,0
Male,Graduate,Single,29,230000,40732,44563,42804,44020,41278,34672,5000,0,3000,0,3000,39563,42804,41020,41278,31672,0
Male,University,Married,27,50000,819,3003,1677,1177,1313,1085,2184,5,1180,1316,1088,819,1672,-3,-3,-3,0
Female,Graduate,Single,28,100000,79580,81493,82759,83609,85325,87096,3790,3200,3100,3200,3332,77703,79559,80509,82125,83764,1
Female,Graduate,Married,42,210000,0,0,2490,0,0,0,0,2490,0,0,0,0,0,0,0,0,1
Female,University,Married,32,230000,87764,73526,72376,76870,75211,76645,2630,2614,6000,0,3000,70896,69762,70870,75211,73645,1
Female,Graduate,Single,26,500000,31421,22150,0,0,0,0,22157,0,0,0,0,-7,0,0,0,0,0
Female,Graduate,Single,38,370000,929,328,0,1539,1815,0,328,0,1539,1815,0,0,0,0,0,0,0
Female,Graduate,Married,35,230000,2648,191,1947,11674,16160,32519,200,1950,11692,10000,20000,-9,-3,-18,6160,12519,0
Male,University,Single,29,80000,11894,12287,12407,14360,14657,4129,1284,1047,2000,359,175,11003,11360,12360,14298,3954,0
Female,University,Single,29,60000,55064,57833,9479,0,0,0,5000,1033,0,0,0,52833,8446,0,0,0,0
Female,University,Single,51,30000,25382,26480,25761,25964,26507,27249,1800,0,928,960,1181,24680,25761,25036,25547,26068,0
Male,Graduate,Single,27,70000,-54,273,19,-254,-527,1096,600,19,0,0,1896,-327,0,-254,-527,-800,0
Male,Graduate,Single,32,410000,5335,5369,-281,-281,-281,-281,5400,0,0,0,0,-31,-281,-281,-281,-281,0
Female,High School,Married,40,280000,-288,-288,-288,-288,-288,2124,0,0,0,0,2412,-288,-288,-288,-288,-288,0
Female,Graduate,Married,34,50000,46750,48317,48282,18299,19323,20329,2320,1282,3299,1323,1329,45997,47000,15000,18000,19000,0
Female,University,Married,30,100000,97062,74352,75004,76705,78168,80347,2800,2700,5400,3500,3500,71552,72304,71305,74668,76847,0
Female,Graduate,Single,29,230000,0,0,0,0,0,0,0,0,0,0,0,0,0,0,0,0,0
Female,Graduate,Single,22,50000,13801,9549,5385,7781,0,0,1372,1275,7900,0,0,8177,4110,-119,0,0,0
Female,Graduate,Single,48,100000,15355,17949,18158,18365,17932,18147,3164,800,800,0,662,14785,17358,17565,17932,17485,0
Female,University,Married,35,210000,37148,35754,34232,32331,30337,28012,2000,2000,2444,1342,1038,33754,32232,29887,28995,26974,0
Male,Graduate,Single,37,400000,385,12695,1290,0,0,3058,13032,1290,0,0,3058,-337,0,0,0,0,0
Male,University,Single,25,20000,20610,20005,19331,19333,17363,16314,0,0,500,715,326,20005,19331,18833,16648,15988,1
Female,High School,Married,44,50000,2000,780,0,7472,10174,11104,780,0,7472,3000,1104,0,0,0,7174,10000,0
Female,Graduate,Single,28,230000,6666,6666,0,0,0,0,6666,0,0,0,0,0,0,0,0,0,0
Male,University,Single,29,220000,31037,6244,0,0,0,0,3050,0,0,0,0,3194,0,0,0,0,0
Female,Graduate,Married,36,300000,25239,25001,20800,0,0,65755,1713,1000,0,0,65755,23288,19800,0,0,0,0
Female,University,Single,23,80000,998,6858,1879,1145,7328,3703,6861,11,1146,7329,3704,-3,1868,-1,-1,-1,0
Female,High School,Single,36,20000,16754,18873,19862,19245,20532,19953,2400,1600,0,1600,209,16473,18262,19245,18932,19744,1
Female,Graduate,Single,26,190000,31061,32129,33142,33726,35758,35171,1750,1720,1300,2600,0,30379,31422,32426,33158,35171,0
Female,University,Other,37,160000,2694,38433,38870,28574,27268,28021,35888,1325,891,1000,1098,2545,37545,27683,26268,26923,0
Female,Graduate,Other,44,120000,70096,76446,73732,12329,12329,0,8100,0,247,0,0,68346,73732,12082,12329,0,0
Female,Graduate,Married,39,700000,99259,102345,109636,326,2016,61707,5000,10000,326,2016,61707,97345,99636,0,0,0,0
Female,Graduate,Single,24,140000,0,0,0,0,1086,0,0,0,0,1086,0,0,0,0,0,0,0
Female,High School,Married,29,300000,24921,21333,16212,11304,11396,6138,2000,3000,0,5000,6202,19333,13212,11304,6396,-64,0
Male,High School,Married,33,120000,66055,67405,68405,69387,70727,72215,3000,2700,2700,2600,2800,64405,65705,66687,68127,69415,1
Female,University,Married,39,280000,213738,228963,223810,158542,162244,108143,20300,0,5600,6300,4000,208663,223810,152942,155944,104143,0
Male,High School,Married,51,70000,54968,51384,49734,50361,49185,47245,0,2100,1950,1900,2219,51384,47634,48411,47285,45026,1
Female,High School,Single,24,20000,4101,507,3042,0,8402,6204,507,3042,0,8402,0,0,0,0,0,6204,0
Female,University,Married,45,150000,2605,2605,4590,2605,2605,3795,2605,4590,2605,2605,3795,0,0,0,0,0,0
Male,Graduate,Single,30,60000,15380,4116,19453,17912,18480,18848,4147,19435,1000,1000,1000,-31,18,16912,17480,17848,0
Female,High School,Other,51,200000,780,0,390,780,390,390,0,390,780,0,390,0,0,0,390,0,0
Female,University,Single,24,50000,48861,48082,48614,26667,26036,26850,2000,2233,1083,1100,1400,46082,46381,25584,24936,25450,1
Male,University,Married,50,150000,55336,58255,36260,35037,34631,63156,5085,4000,0,2000,30000,53170,32260,35037,32631,33156,0
Female,Graduate,Single,22,20000,20243,20400,19583,19983,20196,19705,1410,1200,534,700,1000,18990,18383,19449,19496,18705,0
Male,Graduate,Single,27,40000,11058,11471,11776,12660,12660,12413,2000,1500,2330,2300,1000,9471,10276,10330,10360,11413,1
Female,University,Single,33,170000,0,7042,2986,0,0,0,7042,2986,0,0,0,0,0,0,0,0,0
Female,University,Married,24,50000,27087,26372,26992,27693,29237,28607,0,1400,1100,2100,0,26372,25592,26593,27137,28607,0
Male,University,Single,37,10000,8755,8158,7540,8164,6963,5923,1167,1022,1036,0,2700,6991,6518,7128,6963,3223,0
Female,University,Married,58,200000,3035,199602,720,0,0,1500,199646,720,0,0,1500,-44,0,0,0,0,0
Female,University,Married,48,50000,20944,4696,47225,16483,9343,9693,2360,49325,3001,1882,500,2336,-2100,13482,7461,9193,0
Male,Graduate,Single,28,320000,2007,3477,3037,1633,3633,0,2000,1000,1633,2000,0,1477,2037,0,1633,0,0
Female,High School,Married,24,20000,24310,23987,23353,22719,21796,21162,0,0,0,0,0,23987,23353,22719,21796,21162,0
Female,University,Married,27,470000,152478,62084,54551,14363,97440,90717,3001,4005,2021,97441,5001,59083,50546,12342,-1,85716,1
Female,High School,Single,30,230000,550,0,13013,14265,13659,0,0,13013,1252,3659,0,0,0,13013,10000,0,0
Female,Graduate,Single,23,20000,17246,16988,15973,18773,0,0,2000,2000,3000,0,0,14988,13973,15773,0,0,0
Female,High School,Single,53,30000,1598,2487,0,4810,2796,3245,2487,0,4810,2796,3245,0,0,0,0,0,1
Female,University,Single,23,80000,22895,23837,24253,24562,25126,25476,1600,1100,1000,1100,906,22237,23153,23562,24026,24570,0
Female,University,Married,55,110000,15069,16123,16850,17568,18133,18828,1600,1300,1000,1000,1000,14523,15550,16568,17133,17828,0
Male,University,Married,34,420000,88948,79783,80575,92982,98502,103200,30000,10575,15000,10000,10000,49783,70000,77982,88502,93200,0
Male,Graduate,Married,43,500000,0,0,0,0,0,0,0,0,0,0,0,0,0,0,0,0,1
Female,University,Single,22,80000,79318,79459,79788,29069,26551,27109,2000,2201,2000,1000,1000,77459,77587,27069,25551,26109,0
Female,University,Married,31,350000,67648,68557,63179,57987,53948,39965,3039,2047,1750,1703,1721,65518,61132,56237,52245,38244,0
Female,University,Married,32,30000,0,0,0,0,7463,6804,0,0,0,7463,6804,0,0,0,0,0,0
Female,University,Single,33,110000,0,0,0,0,0,150,0,0,0,0,300,0,0,0,0,-150,1
Male,High School,Married,39,500000,315201,332071,375070,354839,369532,367399,25000,50000,20000,19586,14122,307071,325070,334839,349946,353277,0
Female,Graduate,Married,38,490000,4290,4738,2803,6027,10722,8452,4738,2803,6027,10722,6000,0,0,0,0,2452,0
Female,University,Married,34,300000,205064,-86,-86,2014,-185,1815,0,0,2100,0,2000,-86,-86,-86,-185,-185,0
Male,University,Other,42,50000,47647,50232,50510,32177,29530,29789,3700,3700,0,1072,1500,46532,46810,32177,28458,28289,1
Male,High School,Married,37,150000,151117,153787,150320,147989,143355,143131,6500,0,512,0,4388,147287,150320,147477,143355,138743,1
Female,High School,Married,57,80000,726,726,15400,15000,15000,15000,0,15400,0,0,0,726,0,15000,15000,15000,0
Female,University,Single,23,40000,20035,21406,24735,24050,43317,44059,2000,4000,0,20000,2000,19406,20735,24050,23317,42059,0
Male,University,Single,32,30000,29095,30819,29214,29478,23384,22428,2500,0,910,1000,1000,28319,29214,28568,22384,21428,0
Male,Graduate,Married,37,50000,30400,0,0,0,0,0,500,0,0,0,0,-500,0,0,0,0,0
Female,University,Single,23,140000,44733,44144,44739,43455,43980,44614,2100,2027,1800,1600,1750,42044,42712,41655,42380,42864,0
Female,High School,Single,49,50000,4987,6741,9366,8566,10066,0,2000,3000,1500,1500,0,4741,6366,7066,8566,0,0
Female,University,Single,25,30000,26957,26269,17036,27497,16098,7300,1333,2256,27497,787,200,24936,14780,0,15311,7100,0
Female,Graduate,Single,29,40000,26461,29425,30145,29361,33893,34487,3400,1500,0,5000,1300,26025,28645,29361,28893,33187,1
Female,High School,Married,43,100000,50485,51582,52141,52691,54199,53176,2200,2000,2000,2500,0,49382,50141,50691,51699,53176,1
Male,University,Single,29,130000,131041,133698,131990,127512,128683,129669,7000,5151,4464,5000,4702,126698,126839,123048,123683,124967,0
Female,University,Single,27,20000,20218,19194,20112,19712,19712,6321,1482,1400,0,0,0,17712,18712,19712,19712,6321,0
Male,Graduate,Single,26,50000,0,0,0,0,0,0,0,0,0,0,0,0,0,0,0,0,0
Male,Graduate,Married,41,260000,1086,2853,38836,45087,47201,46199,3552,38836,20000,15000,15000,-699,0,25087,32201,31199,0
Female,High School,Single,52,30000,2450,2450,2450,2450,2450,2450,0,0,0,0,0,2450,2450,2450,2450,2450,1
Female,University,Married,31,10000,15915,9050,9901,9975,9736,8703,2330,2200,1000,333,311,6720,7701,8975,9403,8392,0
Male,Graduate,Single,32,200000,43515,44557,45574,49022,47459,49666,1739,1756,2662,1726,3000,42818,43818,46360,45733,46666,0
Female,University,Married,46,30000,28234,28874,29437,27738,27268,27409,1484,1436,1120,995,989,27390,28001,26618,26273,26420,0
Female,University,Single,35,180000,119333,123150,0,0,0,0,6000,0,0,0,0,117150,0,0,0,0,0
Male,Graduate,Single,35,100000,29109,0,0,0,0,0,0,0,0,0,0,0,0,0,0,0,0
Female,University,Married,39,140000,105192,90337,74510,73876,76180,78400,3000,6000,4000,4000,4000,87337,68510,69876,72180,74400,0
Female,University,Single,34,290000,310403,315048,314085,317631,315820,305498,12012,12012,11016,11088,12031,303036,302073,306615,304732,293467,0
Female,University,Other,52,20000,14591,15616,16628,16958,17314,17664,1265,1277,607,629,638,14351,15351,16351,16685,17026,0
Female,High School,Married,40,80000,35660,37082,38464,38922,40791,43108,2000,2000,1397,2500,3000,35082,36464,37525,38291,40108,0
Female,High School,Married,38,500000,13655,8351,2340,2340,11435,189,8351,2340,2340,11435,189,0,0,0,0,0,0
Male,Graduate,Married,45,180000,4453,3310,7226,5060,2832,1890,3310,7228,5060,2832,1890,0,-2,0,0,0,0
Female,High School,Married,40,20000,2946,0,390,390,390,390,0,390,390,390,390,0,0,0,0,0,0
Female,University,Married,25,30000,30606,29579,30291,30616,30456,29818,1800,1512,1259,2500,0,27779,28779,29357,27956,29818,0
Male,Graduate,Single,33,150000,45335,50262,54793,59244,64096,68837,6000,6000,6000,6000,6001,44262,48793,53244,58096,62836,0
Female,University,Single,27,280000,5924,5174,980,3058,3158,9530,5174,1078,3058,3158,9530,0,-98,0,0,0,0
Female,University,Married,43,50000,23587,24580,20165,10732,10566,10757,1800,1775,10732,384,757,22780,18390,0,10182,10000,0
Female,University,Married,43,20000,15294,16340,17359,17776,19293,18844,1300,1300,700,1800,0,15040,16059,17076,17493,18844,0
Male,Graduate,Single,30,200000,4935,-200,11463,11751,11772,5318,0,11663,9363,3232,3000,-200,-200,2388,8540,2318,0
Female,University,Married,49,210000,0,0,0,0,0,0,0,0,0,0,0,0,0,0,0,0,1
Female,Graduate,Single,38,230000,224020,227311,184500,128190,130883,133504,8750,7470,4540,4710,4750,218561,177030,123650,126173,128754,0
Male,High School,Single,57,50000,47917,48455,48120,28450,29046,29647,1988,1989,1018,1054,1084,46467,46131,27432,27992,28563,0
Male,High School,Single,55,50000,51737,27121,28103,28814,29261,29878,2930,1447,1158,1041,1082,24191,26656,27656,28220,28796,1
Female,University,Single,23,70000,49605,51804,53041,55150,57098,59141,3000,2700,3000,3000,3000,48804,50341,52150,54098,56141,0
Male,Graduate,Single,30,310000,1544,1648,1284,1088,892,-304,1300,1000,1000,1000,304,348,284,88,-108,-608,0
Female,University,Married,30,180000,2488,13476,3173,13202,6594,2549,13476,3173,13212,6594,2549,0,0,-10,0,0,0
Female,University,Single,24,90000,24401,22771,19461,16181,14669,14422,1454,1384,407,673,0,21317,18077,15774,13996,14422,0
Male,University,Single,28,390000,149445,139794,133224,106127,51097,38555,8046,5150,5297,5084,5065,131748,128074,100830,46013,33490,0
Female,High School,Married,34,150000,772,337,618,150,150,377,340,618,150,150,227,-3,0,0,0,150,0
Male,University,Single,37,400000,13611,15066,15882,12599,18599,12284,3019,5014,3,7040,2006,12047,10868,12596,11559,10278,0
Female,University,Married,32,80000,28408,25695,11553,2350,0,0,1259,1035,1600,0,0,24436,10518,750,0,0,0
Male,Graduate,Single,27,320000,137574,199563,122093,105425,100206,96073,6048,6371,3043,3031,3066,193515,115722,102382,97175,93007,0
Female,University,Married,37,240000,238,0,0,0,0,0,0,0,0,0,0,0,0,0,0,0,1
Male,Graduate,Single,31,200000,100,100,100,100,100,100,100,100,100,100,100,0,0,0,0,0,0
Male,Graduate,Other,55,110000,92610,94755,92351,101140,99260,101577,4500,0,11300,0,4100,90255,92351,89840,99260,97477,1
Female,Graduate,Single,28,170000,131864,133897,129761,138604,136283,145012,5600,0,11000,0,11000,128297,129761,127604,136283,134012,1
Female,High School,Other,51,90000,11315,12340,13349,14276,13904,14184,1212,1221,1148,0,510,11128,12128,13128,13904,13674,1
Male,Graduate,Married,36,200000,3877,11496,5935,295,1867,0,11496,1011,297,2923,0,0,4924,-2,-1056,0,0
Male,Graduate,Single,30,360000,0,2500,0,0,0,0,2500,0,0,0,0,0,0,0,0,0,0
Female,Graduate,Married,36,140000,4036,0,0,2971,1607,0,0,0,2971,0,0,0,0,0,1607,0,0
Male,University,Single,25,220000,168286,155893,119575,51317,51926,34608,10000,3900,1000,1000,2000,145893,115675,50317,50926,32608,0
Male,High School,Married,50,100000,154970,0,0,0,0,0,0,0,0,0,0,0,0,0,0,0,0
Female,University,Single,40,80000,57364,58637,59863,62860,63976,63293,2200,2200,4000,1777,0,56437,57663,58860,62199,63293,0
Female,University,Single,27,30000,27772,30461,29325,21449,29709,29086,3136,0,0,29709,0,27325,29325,21449,0,29086,0
Male,Graduate,Single,30,50000,4187,5152,3679,596,446,2699,2300,0,700,0,2300,2852,3679,-104,446,399,1
Female,University,Single,26,120000,22431,12399,4199,3059,674,0,1500,1000,682,0,0,10899,3199,2377,674,0,0
Male,Graduate,Single,27,50000,7010,9876,11115,12915,14415,0,3000,1500,2000,2000,0,6876,9615,10915,12415,0,0
Female,Graduate,Single,27,360000,79837,27456,68117,39105,54456,46153,27465,50154,39105,54456,46153,-9,17963,0,0,0,0
Female,Graduate,Single,25,90000,86014,92898,92860,88533,90942,88813,8300,2400,1000,4000,3600,84598,90460,87533,86942,85213,0
Male,Graduate,Single,32,500000,386405,387910,293177,274539,253443,253671,25016,20018,10000,79377,52778,362894,273159,264539,174066,200893,0
Female,High School,Married,46,140000,68075,69972,71805,73613,75426,77169,3000,3000,3000,3000,3000,66972,68805,70613,72426,74169,0
Male,High School,Married,45,30000,17187,24045,23180,22000,22000,0,7900,0,0,0,0,16145,23180,22000,22000,0,0
Male,High School,Married,30,70000,19882,20611,21859,22445,22935,23404,1352,1600,949,1000,1000,19259,20259,21496,21935,22404,0
Male,Graduate,Married,39,200000,0,0,0,0,0,3983,0,0,0,0,3983,0,0,0,0,0,0
Male,Graduate,Married,48,350000,54969,47978,48631,48351,47939,33827,2087,1989,1591,1466,2000,45891,46642,46760,46473,31827,0
Male,Graduate,Single,32,120000,0,0,0,0,0,0,0,0,0,0,0,0,0,0,0,0,1
Male,Graduate,Single,46,240000,471814,478380,395612,386295,356206,352257,16044,15087,12000,15000,12000,462336,380525,374295,341206,340257,0
Female,Graduate,Single,23,90000,22109,25011,29230,32747,38217,43744,6000,5000,4000,6000,8000,19011,24230,28747,32217,35744,0
Female,Graduate,Single,33,260000,0,0,0,0,1980,2500,0,0,0,1980,2500,0,0,0,0,0,0
Female,Graduate,Single,24,50000,27245,28300,31900,31090,31837,32555,1800,4400,0,1400,1400,26500,27500,31090,30437,31155,0
Male,Graduate,Married,40,110000,8481,13066,17638,22204,26784,31352,4980,5124,5256,5416,5552,8086,12514,16948,21368,25800,0
Female,Graduate,Single,24,20000,1371,796,398,796,398,716,796,0,796,0,716,0,398,0,398,0,0
Female,University,Single,24,30000,27391,28412,28575,28925,24159,0,1767,1700,1010,1141,0,26645,26875,27915,23018,0,0
Male,Graduate,Single,27,180000,11392,14688,14040,13440,13440,13080,3500,0,0,0,0,11188,14040,13440,13440,13080,1
Male,University,Married,46,20000,5902,6767,8145,8153,8324,8490,1122,1500,291,302,304,5645,6645,7862,8022,8186,0
Female,University,Single,22,50000,50342,50482,49217,40882,20258,20303,1896,1656,1750,717,753,48586,47561,39132,19541,19550,0
Female,Graduate,Single,36,180000,10737,21197,11936,40420,9210,17795,21197,11936,40420,9210,17795,0,0,0,0,0,0
Male,Graduate,Married,34,200000,1242,4006,941,2357,2945,1143,4034,945,2366,2947,1143,-28,-4,-9,-2,0,0
Female,University,Single,24,260000,68411,60386,48663,50998,53835,56728,2500,4000,4000,3835,3805,57886,44663,46998,50000,52923,0
Male,Graduate,Married,60,320000,9955,3465,84421,886,11741,4317,3465,84440,886,11533,4317,0,-19,0,208,0,1
Female,University,Single,29,160000,1989,-8,866,0,892,0,0,874,0,892,0,-8,-8,0,0,0,1
Male,University,Single,32,30000,7851,9065,11595,11112,12923,12566,1500,3000,0,2000,0,7565,8595,11112,10923,12566,1
Female,University,Married,36,50000,16906,17645,18478,10279,10646,10776,1314,1147,348,512,435,16331,17331,9931,10134,10341,0
Male,University,Single,30,50000,21062,6495,2207,0,0,0,2000,1000,0,0,0,4495,1207,0,0,0,0
Female,University,Single,29,90000,47585,52084,53817,54818,55985,57398,10000,2600,2500,2200,2500,42084,51217,52318,53785,54898,0
Male,Graduate,Single,34,240000,11874,5979,6938,41858,10416,1711,0,6938,41877,0,1711,5979,0,-19,10416,0,0
Female,University,Married,32,180000,15548,15009,17752,17172,18732,23389,0,3000,0,2000,5000,15009,14752,17172,16732,18389,1
Female,University,Married,32,200000,5150,10190,10190,10190,10594,11193,10190,10190,10190,10594,11193,0,0,0,0,0,0
Female,Graduate,Single,25,50000,42543,34629,27095,18538,20100,19630,1900,1428,600,3000,0,32729,25667,17938,17100,19630,0
Male,University,Married,44,50000,1261,1261,1261,1261,1261,1261,1261,1261,1261,1261,1261,0,0,0,0,0,0
Female,Graduate,Married,37,330000,4785,3403,0,5882,5882,1013,3523,0,5882,0,1013,-120,0,0,5882,0,0
Female,University,Single,24,80000,1200,1200,1200,1200,600,300,0,0,0,0,0,1200,1200,1200,600,300,1
Female,University,Single,23,50000,3779,3944,2118,2259,3527,1100,3955,2124,2266,3638,1303,-11,-6,-7,-111,-203,0
Female,Graduate,Single,29,360000,15854,8174,1004,1004,646,3508,1000,1004,1004,646,3508,7174,0,0,0,0,0
Female,University,Married,37,240000,219099,217058,187841,186140,191678,191816,8131,8123,6700,10000,7700,208927,179718,179440,181678,184116,0
Male,University,Married,59,50000,47069,48479,49520,18990,19539,19791,2169,2210,680,855,726,46310,47310,18310,18684,19065,0
Male,University,Single,33,470000,190258,181207,120318,129281,113437,164377,40012,10020,40069,25005,100000,141195,110298,89212,88432,64377,0
Female,High School,Married,51,160000,2000,1000,2125,2125,1000,2125,0,2125,2125,1000,2125,1000,0,0,0,0,0
Male,Graduate,Married,27,30000,12897,13484,6655,6618,0,0,2011,2211,2101,148,0,11473,4444,4517,-148,0,1
Female,University,Married,32,80000,81074,78262,76163,76813,77511,79069,3700,3400,2900,2900,2841,74562,72763,73913,74611,76228,0
Female,High School,Single,42,500000,10889,26146,104279,103945,101945,90193,29987,104279,2085,1130,45551,-3841,0,101860,100815,44642,0
Male,University,Single,39,180000,3135,2822,1938,5818,2628,2628,2833,2015,5818,2628,0,-11,-77,0,0,2628,0
Female,University,Married,46,110000,2410,2151,2161,1719,107591,107940,2151,2161,1719,107591,5000,0,0,0,0,102940,0
Male,Graduate,Married,41,160000,117126,11222,15513,18087,17499,19939,15315,15000,3000,0,3000,-4093,513,15087,17499,16939,0
Female,University,Single,30,210000,21780,20974,18652,13464,109722,105573,1325,1074,1000,99000,3745,19649,17578,12464,10722,101828,0
Female,Graduate,Married,34,200000,6206,6723,7545,362,181,488,1120,1024,362,0,488,5603,6521,0,181,0,1
Male,Graduate,Single,35,350000,4439,33720,14283,16426,10833,2261,33891,16267,4027,234,1565,-171,-1984,12399,10599,696,0
Male,Graduate,Single,41,250000,1338,-24,8324,5872,23020,2367,0,8348,0,23020,2367,-24,-24,5872,0,0,1
Male,Graduate,Single,43,380000,8201,7882,-2,-2,-2,-2,39,0,0,0,0,7843,-2,-2,-2,-2,1
Male,University,Single,47,30000,396,396,396,792,396,772,396,396,792,0,772,0,0,0,396,0,0
Male,University,Single,31,200000,33781,35879,26043,27497,29082,31647,3000,2000,2000,2000,3000,32879,24043,25497,27082,28647,0
Male,University,Single,30,30000,27826,28672,29622,30271,24536,22913,1600,1500,1000,1000,1000,27072,28122,29271,23536,21913,0
Male,University,Single,24,50000,14937,12171,3847,11117,6479,6187,3027,3858,11139,3009,3016,9144,-11,-22,3470,3171,0
Male,Graduate,Married,36,500000,294827,292920,291760,288024,274632,266669,20007,20026,20020,10017,15024,272913,271734,268004,264615,251645,0
Male,Graduate,Single,28,30000,0,0,1310,816,0,0,0,1310,816,0,0,0,0,0,0,0,0
Female,Graduate,Married,36,220000,996,4102,4111,1057,990,1324,4102,1111,1057,990,1324,0,3000,0,0,0,0
Female,University,Married,27,20000,42784,41009,44267,47149,48497,14774,3000,5000,10000,3011,2011,38009,39267,37149,45486,12763,0
Female,University,Married,32,180000,74189,30670,6428,4618,2708,54024,2000,1000,0,2708,54024,28670,5428,4618,0,0,0
Male,Graduate,Married,42,300000,11973,61834,25145,37666,19453,10492,20979,5000,37676,8808,2000,40855,20145,-10,10645,8492,1
Female,University,Married,33,130000,133461,133393,132211,101807,101083,101597,7010,6657,3899,3952,3900,126383,125554,97908,97131,97697,0
Female,High School,Married,39,180000,10159,12689,12183,13979,13621,14809,2710,0,2000,0,2000,9979,12183,11979,13621,12809,1
Female,Graduate,Other,30,150000,50,6527,2168,-7,1373,-1,8589,2500,0,1380,0,-2062,-332,-7,-7,-1,0
Male,University,Married,30,140000,134203,127319,107496,69218,70702,72267,5000,3500,2700,2600,2742,122319,103996,66518,68102,69525,1
Female,University,Single,22,50000,49609,61162,31485,15281,18031,18233,2100,2000,4000,3000,1500,59062,29485,11281,15031,16733,0
Male,University,Single,25,20000,6174,7543,7255,3887,5887,0,2000,28,0,2000,0,5543,7227,3887,3887,0,1
Male,Graduate,Single,28,180000,666,662,-4,55566,1056,390,662,0,61411,1056,0,0,-4,-5845,0,390,0
Male,University,Single,26,180000,5591,6619,10574,7733,6794,5487,1126,4081,240,504,169,5493,6493,7493,6290,5318,1
Female,High School,Married,54,150000,148747,145231,145341,153833,151194,145738,5500,5500,11000,0,6000,139731,139841,142833,151194,139738,0
Female,Graduate,Single,24,70000,63903,65248,62958,64209,59482,60883,3000,2190,2201,2181,2413,62248,60768,62008,57301,58470,0
Male,University,Single,29,30000,34423,33952,33165,32391,31332,30558,0,0,0,0,0,33952,33165,32391,31332,30558,0
Male,Graduate,Single,36,500000,45106,81264,18122,27229,21462,27911,81690,18225,27365,21570,28050,-426,-103,-136,-108,-139,1
Male,High School,Married,49,60000,44801,41545,40649,40843,40612,40656,3000,4506,2500,1800,4200,38545,36143,38343,38812,36456,0
Female,Graduate,Single,23,50000,49860,50187,50022,20114,18777,18273,2500,1289,917,1315,5042,47687,48733,19197,17462,13231,0
Male,High School,Single,43,130000,1018,6377,-2,935,4985,1212,6433,2,937,4990,1215,-56,-4,-2,-5,-3,1
Female,University,Married,33,260000,134736,135593,120909,102524,40157,40805,6067,10000,3000,40157,1466,129526,110909,99524,0,39339,0
Male,High School,Married,53,380000,0,0,0,0,0,0,0,0,0,0,0,0,0,0,0,0,0
Female,University,Single,25,360000,286732,290690,284059,294308,297916,279503,10792,0,15000,5800,0,279898,284059,279308,292116,279503,0
Male,High School,Married,54,50000,62847,60885,56828,55419,54054,53143,2100,0,2000,2000,2455,58785,56828,53419,52054,50688,0
Female,High School,Married,39,50000,58300,59727,142,29886,30510,31276,7876,161,74354,927,1089,51851,-19,-44468,29583,30187,0
Female,Graduate,Married,44,260000,1215,856,291,803,98,431,0,291,803,98,431,856,0,0,0,0,1
Female,University,Single,27,80000,57376,58649,59873,61077,62394,63655,2200,2200,2200,2300,2300,56449,57673,58877,60094,61355,0
Female,Graduate,Single,25,360000,279846,169426,68810,12800,0,0,7004,1793,2757,0,0,162422,67017,10043,0,0,1
Female,Graduate,Single,29,290000,0,0,0,0,0,0,0,0,0,0,0,0,0,0,0,0,1
Male,Graduate,Single,39,200000,-200,-200,-200,0,60800,0,0,0,200,60800,0,-200,-200,-200,0,0,0
Male,Graduate,Married,45,140000,39716,40799,41853,44452,45433,46383,1600,1600,3169,1700,1700,39199,40253,41283,43733,44683,0
Male,Graduate,Married,38,360000,0,0,0,0,0,0,0,0,0,0,0,0,0,0,0,0,1
Female,University,Single,23,50000,780,0,780,390,390,500,0,780,0,390,500,0,0,390,0,0,1
Male,University,Single,25,120000,113348,110119,111700,83858,86434,88802,0,5000,3158,3934,3802,110119,106700,80700,82500,85000,0
Male,University,Married,29,100000,94453,95860,67782,-2618,95748,101299,3320,5000,0,100000,7186,92540,62782,-2618,-4252,94113,0
Female,University,Married,28,200000,81865,86790,8441,97041,103541,3632,5000,2000,89000,6500,91,81790,6441,8041,97041,3541,0
Female,University,Married,40,90000,4989,-818,1114,657,1332,780,0,2806,2256,2274,780,-818,-1692,-1599,-942,0,0
Male,Graduate,Single,36,360000,0,0,0,0,0,0,0,0,0,0,0,0,0,0,0,0,1
Female,High School,Single,30,150000,456,9664,3420,2527,0,0,9664,3420,2612,0,0,0,0,-85,0,0,1
Male,Graduate,Single,29,140000,2937,5150,1514,2573,495,1744,2024,1522,2580,496,1749,3126,-8,-7,-1,-5,0
Female,University,Single,36,200000,1371,4068,0,0,0,980,4077,0,0,0,980,-9,0,0,0,0,0
Female,University,Married,37,170000,166246,169163,136604,136607,133199,135242,6700,6800,4700,4700,5500,162463,129804,131907,128499,129742,0
Male,University,Single,34,30000,19785,24633,23961,23289,22779,51224,5500,0,0,0,3400,19133,23961,23289,22779,47824,0
Female,Graduate,Single,27,80000,80000,0,0,0,0,0,0,0,0,0,0,0,0,0,0,0,0
Male,Graduate,Single,31,280000,164736,170564,150666,133465,133536,132964,8833,12005,5000,8000,3000,161731,138661,128465,125536,129964,0
Female,Graduate,Married,31,410000,2744,2041,630,-736,-1591,-2303,2051,5,266,266,253,-10,625,-1002,-1857,-2556,0
Male,Graduate,Single,38,450000,29747,53311,10920,8072,22809,12415,30323,10973,8112,22923,12476,22988,-53,-40,-114,-61,0
Male,University,Single,36,80000,79148,52174,44275,42029,33838,29757,2000,2000,1500,1500,2000,50174,42275,40529,32338,27757,0
Male,Graduate,Married,46,360000,92961,76243,51722,-8,-8,-16,10125,13092,0,0,0,66118,38630,-8,-8,-16,0
Female,Graduate,Married,36,130000,129689,107070,103942,94623,90556,92394,5000,4400,5000,4000,3500,102070,99542,89623,86556,88894,0
Female,Graduate,Single,26,160000,2198,11155,0,12315,0,11855,9155,0,12315,0,11855,2000,0,0,0,0,1
Female,High School,Single,57,140000,131795,134083,125360,99313,90623,92425,6743,5421,3926,3290,3310,127340,119939,95387,87333,89115,1
Female,High School,Married,40,240000,-55,-55,3545,1338,1075,1744,0,3600,1338,1075,1744,-55,-55,0,0,0,0
Female,High School,Other,45,180000,4148,0,0,0,0,0,0,0,0,0,0,0,0,0,0,0,0
Male,Graduate,Other,57,70000,69398,70352,69936,68118,65942,62495,2667,2321,2391,2316,2466,67685,67615,65727,63626,60029,0
Female,University,Single,25,150000,142827,126317,75324,78773,95375,57663,5000,4000,5000,40000,3000,121317,71324,73773,55375,54663,0
Female,High School,Married,37,210000,138398,109115,101912,62959,60767,41150,5000,5000,2500,2800,2000,104115,96912,60459,57967,39150,0
Female,Graduate,Married,35,200000,9918,10971,11817,17865,18239,14527,1219,1165,7865,592,807,9752,10652,10000,17647,13720,0
Male,University,Single,33,310000,4040,4048,3959,205,3199,5104,4068,3964,205,3209,5109,-20,-5,0,-10,-5,0
Male,Graduate,Married,38,180000,153099,150227,138313,137274,147314,129870,7005,6500,5000,12042,32,143222,131813,132274,135272,129838,0
Male,University,Single,31,300000,62198,35674,34979,510,2166,765,1600,2600,510,903,765,34074,32379,0,1263,0,0
Female,Graduate,Single,41,450000,11343,75083,25273,85357,27745,1990,75459,25413,85784,27856,2000,-376,-140,-427,-111,-10,0
Male,Graduate,Single,33,200000,-5,3465,3191,1873,90687,4577,3470,3191,0,90729,0,-5,0,1873,-42,4577,0
Female,University,Married,67,30000,30374,29038,27737,29499,30124,26855,0,1500,2182,1200,0,29038,26237,27317,28924,26855,1
Female,Graduate,Married,40,400000,1107,3891,120338,8318,8488,130,3891,120407,0,170,130,0,-69,8318,8318,0,0
Male,Graduate,Single,33,170000,764,1100,500,2499,1500,600,1105,500,2499,1500,600,-5,0,0,0,0,0
Female,Graduate,Single,31,140000,652,326,326,326,476,326,0,326,326,476,326,326,0,0,0,0,1
Female,University,Single,35,200000,64195,65565,66870,68752,70485,71887,3000,3000,3000,3000,2575,62565,63870,65752,67485,69312,0
Female,University,Other,39,60000,-1540,-1930,-2320,-1220,0,0,0,0,2000,2000,0,-1930,-2320,-3220,-2000,0,0
Male,University,Single,27,60000,43356,42381,46663,49877,50734,49764,0,5000,4000,1800,0,42381,41663,45877,48934,49764,1
Male,Graduate,Single,23,150000,11109,83376,79726,76986,78038,78321,78016,3048,4000,3500,3000,5360,76678,72986,74538,75321,0
Male,High School,Married,54,180000,149698,137260,124500,111430,98182,84598,4834,4371,3849,3405,2887,132426,120129,107581,94777,81711,1
Female,High School,Single,23,50000,43979,33403,20879,18573,17318,17936,2000,2000,2000,1000,1000,31403,18879,16573,16318,16936,0
Male,High School,Single,24,50000,2562,8743,-290,18115,18495,18804,8769,0,18650,659,1000,-26,-290,-535,17836,17804,0
Male,University,Single,26,20000,70,-620,-620,-1400,0,0,0,0,0,1400,0,-620,-620,-1400,-1400,0,0
Female,University,Single,52,230000,1292,3943,1990,1499,593,2553,3951,1,9,594,2560,-8,1989,1490,-1,-7,1
Female,University,Married,42,110000,55349,52914,49483,49292,49460,49470,2096,2003,1802,1783,1783,50818,47480,47490,47677,47687,0
Female,Graduate,Single,36,90000,90922,80980,66503,67347,68509,67588,4273,3200,2500,2500,2631,76707,63303,64847,66009,64957,0
Female,Graduate,Single,22,20000,16233,20547,20542,19572,20437,19994,5383,660,0,1538,0,15164,19882,19572,18899,19994,1
Female,Graduate,Single,23,30000,26847,24815,21681,22293,17155,13470,2500,3500,2000,3500,2000,22315,18181,20293,13655,11470,0
Male,High School,Married,30,220000,162105,170592,173969,183030,181385,174107,10000,5013,10626,52,5255,160592,168956,172404,181333,168852,1
Female,High School,Single,24,140000,42897,45739,46468,45422,46371,47297,3821,1775,0,1833,1850,41918,44693,45422,44538,45447,1
Female,Graduate,Married,42,300000,3000,3300,0,0,610,2165,3300,0,0,610,2165,0,0,0,0,0,0
Male,University,Married,49,100000,34704,30906,28325,22160,18842,17023,2011,2028,10,558,1044,28895,26297,22150,18284,15979,0
Male,University,Single,31,110000,279,279,279,279,129,179,0,0,0,0,200,279,279,279,129,-21,0
Female,High School,Single,33,270000,10000,10000,10000,123693,116843,110059,10000,10000,222750,5000,5008,0,0,-99057,111843,105051,0
Male,Graduate,Married,42,30000,28033,17085,200,323,29525,0,1525,200,323,29525,0,15560,0,0,0,0,0
Male,High School,Single,41,70000,70476,68539,69520,51605,50311,50729,2700,3500,2000,2000,2500,65839,66020,49605,48311,48229,0
Male,University,Married,53,230000,1350,0,0,0,0,470,0,0,0,0,470,0,0,0,0,0,0
Male,University,Single,23,20000,18852,16648,19395,20271,20445,17532,1500,4000,2000,2000,2900,15148,15395,18271,18445,14632,0
Female,Graduate,Single,33,190000,115056,108137,89722,69861,49894,49727,0,4413,2942,2000,1583,108137,85309,66919,47894,48144,0
Female,University,Married,29,20000,15890,13995,13375,14205,15869,16666,2000,2000,1000,2000,1000,11995,11375,13205,13869,15666,0
Female,High School,Married,67,80000,20255,18885,21529,29236,10662,2408,6000,5002,10662,2,2408,12885,16527,18574,10660,0,0
Male,High School,Married,33,20000,20500,16237,20960,6914,1017,780,2191,1000,0,1017,780,14046,19960,6914,0,0,1
Female,High School,Married,34,60000,9928,11261,12853,12352,12703,13338,1500,2090,0,700,1000,9761,10763,12352,12003,12338,1
Male,University,Married,49,50000,10750,8755,8684,5983,4252,5034,1507,3109,2209,2000,2500,7248,5575,3774,2252,2534,0
Female,University,Married,56,280000,284204,284041,283396,213294,213384,213604,10261,17003,7657,7750,7861,273780,266393,205637,205634,205743,1
Male,Graduate,Married,42,300000,120151,89618,47857,48128,50332,23688,4229,5024,6012,5191,12139,85389,42833,42116,45141,11549,0
Female,High School,Married,55,30000,29278,30393,29785,30377,30155,31098,1600,1585,1377,1155,2600,28793,28200,29000,29000,28498,1
Female,University,Married,25,270000,21586,239499,203867,188064,147915,139976,239104,7098,6179,5023,6090,395,196769,181885,142892,133886,0
Male,High School,Single,30,100000,87579,72308,53505,43371,48125,40388,4172,2094,3007,10021,3012,68136,51411,40364,38104,37376,0
Male,University,Single,43,240000,291,291,291,291,291,291,291,291,291,291,291,0,0,0,0,0,1
Male,Graduate,Single,40,200000,2159,760,2775,22813,10526,326,1086,2775,22813,10526,326,-326,0,0,0,0,0
Female,Graduate,Single,35,110000,32691,36344,36055,36163,37028,38250,4500,600,1000,1600,2000,31844,35455,35163,35428,36250,0
Male,Graduate,Married,61,230000,1477,3699,2252,4932,2783,7411,3710,2266,7338,2791,7433,-11,-14,-2406,-8,-22,0
Female,University,Married,44,150000,390,5104,10318,5775,14441,780,5104,10318,10355,14441,780,0,0,-4580,0,0,1
Male,Graduate,Single,33,350000,148341,8095,15047,3220,20461,3249,8405,15052,3805,20467,3253,-310,-5,-585,-6,-4,0
Male,Other,Married,66,360000,47615,74976,4040,151858,48580,1451,75351,4064,152618,48822,1451,-375,-24,-760,-242,0,0
Female,University,Single,40,150000,-19,3894,5570,10516,-3,-3,3913,5606,10568,0,0,-19,-36,-52,-3,-3,0
Male,High School,Single,47,100000,94925,95130,60003,38500,4681,76728,3889,2412,1698,679,72809,91241,57591,36802,4002,3919,0
Male,Graduate,Single,27,500000,204198,201648,197549,192093,187726,183860,7434,6342,5276,5271,5778,194214,191207,186817,182455,178082,0
Male,Graduate,Single,35,500000,172041,70011,12976,34469,27425,28506,58761,13976,34828,28289,18175,11250,-1000,-359,-864,10331,0
Female,High School,Married,47,180000,316,316,316,316,316,316,316,316,316,316,316,0,0,0,0,0,0
Female,High School,Married,39,400000,2384,3500,471,-203,2371,1949,3603,471,203,2574,1949,-103,0,-406,-203,0,0
Female,University,Single,29,100000,61383,49560,40183,61820,8322,6182,1908,2000,1000,2000,3000,47652,38183,60820,6322,3182,0
Male,University,Married,32,10000,8425,8148,9481,9180,10052,10091,0,1632,0,1022,350,8148,7849,9180,9030,9741,0
Female,Graduate,Single,30,60000,34735,33895,36530,37133,37893,37131,0,3200,1500,1500,0,33895,33330,35633,36393,37131,0
Female,Graduate,Single,25,50000,47054,48008,48913,49847,50840,49502,2000,2000,2000,1900,1900,46008,46913,47847,48940,47602,1
Female,University,Single,23,80000,57314,58489,50452,51573,49061,33931,2145,2000,2012,2049,2008,56344,48452,49561,47012,31923,0
Female,University,Married,43,110000,108616,114854,105275,107561,105502,103813,9600,0,4000,3765,4000,105254,105275,103561,101737,99813,0
Female,University,Married,41,410000,354506,363666,369776,368779,369358,368043,14600,15500,14000,13580,14000,349066,354276,354779,355778,354043,1
Female,University,Married,40,260000,0,342,0,0,0,0,342,0,0,0,0,0,0,0,0,0,0
Female,High School,Married,35,30000,28786,26496,25098,26209,25325,26400,1500,1450,1500,1500,1500,24996,23648,24709,23825,24900,0
Female,Graduate,Single,28,310000,36513,37628,39579,40879,85,4381,2500,3000,1500,85,4381,35128,36579,39379,0,0,0
Female,University,Single,38,70000,22578,23606,24619,25107,25634,26143,1397,1410,898,931,936,22209,23209,24209,24703,25207,0
Male,Graduate,Single,31,250000,215316,198490,169014,167776,168110,168505,6845,5945,5919,6000,6059,191645,163069,161857,162110,162446,0
Male,High School,Married,29,210000,198510,194040,199393,194538,195990,194136,0,10000,7000,8000,8000,194040,189393,187538,187990,186136,0
Male,University,Married,41,360000,0,0,0,0,0,0,0,0,0,0,0,0,0,0,0,0,1
Male,University,Single,31,50000,48657,45079,47714,19586,19143,20051,0,4300,2150,0,1204,45079,43414,17436,19143,18847,0
Male,Graduate,Single,29,670000,244663,243209,229265,228114,232795,237726,10000,8000,8500,8190,9000,233209,221265,219614,224605,228726,0
Male,Graduate,Single,26,130000,2343,32278,24175,15182,12805,14415,32322,1217,1000,3000,2000,-44,22958,14182,9805,12415,0
Male,Graduate,Married,42,170000,0,0,0,0,0,2485,0,0,0,0,2485,0,0,0,0,0,0
Male,High School,Single,29,30000,390,0,780,0,0,0,0,780,0,0,0,0,0,0,0,0,0
Male,Graduate,Married,50,110000,36802,38210,40259,41585,42913,44197,2000,3000,2000,2000,2000,36210,37259,39585,40913,42197,0
Female,High School,Single,46,210000,5816,5579,20079,17309,2310,241,13,17309,0,2310,241,5566,2770,17309,0,0,1
Female,University,Single,24,30000,24238,26996,26269,27734,27151,28199,3462,0,2200,0,1500,23534,26269,25534,27151,26699,1
Female,University,Married,46,260000,18256,19556,18136,24018,21490,18196,2934,0,8000,0,2000,16622,18136,16018,21490,16196,0
Female,High School,Single,28,150000,1723,2292,240,683,3486,5390,6876,240,683,3486,5390,-4584,0,0,0,0,0
Female,University,Married,35,20000,18648,18061,21034,20419,19289,19600,0,3292,0,0,781,18061,17742,20419,19289,18819,1
Female,Graduate,Married,40,380000,6614,54457,47872,24543,0,0,49094,0,24543,0,0,5363,47872,0,0,0,0
Female,Graduate,Married,41,200000,7812,0,0,1115,0,0,0,0,1115,0,0,0,0,0,0,0,0
Female,University,Married,47,120000,1188,2512,3444,1742,502,346,2512,3444,1742,502,346,0,0,0,0,0,0
Male,University,Married,54,80000,76962,79463,79761,30286,29898,30364,4000,3500,1100,1100,1200,75463,76261,29186,28798,29164,1
Female,University,Single,33,30000,31089,10989,11997,12397,13043,13325,0,1200,600,1000,650,10989,10797,11797,12043,12675,0
Male,University,Single,29,110000,83687,85360,86274,84001,85897,88759,3900,3200,0,3400,4500,81460,83074,84001,82497,84259,0
Female,High School,Married,44,50000,3424,155,1922,1473,1865,835,155,1922,1473,1865,835,0,0,0,0,0,0
Female,University,Married,24,90000,84148,79847,75576,75266,74431,68399,5006,4007,5006,4003,3014,74841,71569,70260,70428,65385,0
Male,Graduate,Single,33,110000,12633,88334,53978,23687,26567,8435,80004,1500,12013,7000,2000,8330,52478,11674,19567,6435,0
Male,High School,Married,54,50000,38607,39681,40717,41682,42857,45581,2000,2000,1642,2000,3600,37681,38717,40040,40857,41981,0
Male,Graduate,Single,27,60000,11862,1856,-14,4839,9567,11407,1861,0,4853,9567,2000,-5,-14,-14,0,9407,0
Female,University,Single,37,150000,80463,82513,84271,43832,33963,34638,3348,3490,1402,1233,1240,79165,80781,42430,32730,33398,1
Male,Graduate,Single,24,20000,18738,18016,7190,7190,0,0,20,1500,0,0,0,17996,5690,7190,0,0,0
Female,High School,Married,54,140000,-150,-150,-150,-150,-150,-150,0,0,0,0,0,-150,-150,-150,-150,-150,1
Female,University,Married,34,120000,-9,898,7752,4447,8495,0,907,7772,4447,8495,0,-9,-20,0,0,0,0
Female,University,Single,40,200000,176502,176297,162826,160186,161965,152361,8000,7300,6000,6000,6000,168297,155526,154186,155965,146361,1
Male,University,Single,30,20000,19977,21359,20581,19860,19690,1735,2000,0,0,0,500,19359,20581,19860,19690,1235,1
Male,University,Single,26,50000,48221,49629,48868,49668,49780,49980,2571,1200,1000,40000,1000,47058,47668,48668,9780,48980,0
Female,University,Married,41,200000,18012,18367,16996,11461,8150,5584,1385,1020,229,183,5584,16982,15976,11232,7967,0,0
Female,University,Single,29,100000,75912,85276,88498,90289,92485,95630,10000,4000,2600,3000,4000,75276,84498,87689,89485,91630,0
Male,Graduate,Married,38,300000,2285,0,0,0,0,0,0,0,0,0,0,0,0,0,0,0,0
Female,Graduate,Single,35,500000,22369,14100,24754,21443,13892,11241,14128,24902,21479,11465,11356,-28,-148,-36,2427,-115,0
Female,University,Married,52,360000,2995,2401,2277,500,3586,7399,2406,2282,500,3586,7399,-5,-5,0,0,0,0
Female,Graduate,Single,29,160000,0,0,0,0,0,0,0,0,0,0,0,0,0,0,0,0,0
Female,University,Single,23,50000,47053,47835,51109,51713,52738,48789,1842,4116,2000,1950,0,45993,46993,49713,50788,48789,1
Female,University,Married,34,230000,234328,234211,157345,155335,153427,150514,8913,5449,5339,5370,4435,225298,151896,149996,148057,146079,1
Female,University,Single,34,200000,0,3346,0,465,1775,8722,3346,0,465,1775,8722,0,0,0,0,0,0
Male,Graduate,Married,44,270000,256402,264267,271951,278509,283545,278436,17944,18112,15405,10000,0,246323,253839,263104,273545,278436,0
Female,University,Married,36,50000,45159,49125,47956,43578,35126,34420,4700,0,2004,3500,0,44425,47956,41574,31626,34420,0
Male,University,Single,28,20000,15764,15718,17164,16594,18158,19554,500,2000,0,2000,1700,15218,15164,16594,16158,17854,0
Female,University,Single,31,60000,59643,61279,61017,30117,29526,29201,3200,2535,2331,0,1073,58079,58482,27786,29526,28128,0
Male,University,Single,31,50000,2522,0,18171,17051,390,16526,0,18171,341,0,16526,0,0,16710,390,0,0
Male,University,Married,41,50000,19339,20424,20086,18600,19153,19289,1703,1306,810,1000,900,18721,18780,17790,18153,18389,0
Female,High School,Married,44,130000,109006,110256,113283,101247,96939,81977,4500,5000,4000,10600,0,105756,108283,97247,86339,81977,0
Female,High School,Single,47,230000,147300,121855,102074,94225,96616,95849,10000,5000,4000,4000,5000,111855,97074,90225,92616,90849,0
Male,University,Single,25,20000,3400,4129,0,0,3244,3314,1000,0,0,3244,124,3129,0,0,0,3190,0
Female,Graduate,Single,25,30000,19801,20449,19798,20217,21435,19239,3000,0,700,1500,0,17449,19798,19517,19935,19239,0
Female,Graduate,Married,39,200000,8432,6977,6727,6864,5253,3388,3746,6737,2013,10,20,3231,-10,4851,5243,3368,0
Female,University,Married,24,140000,2515,0,0,0,2243,5530,0,0,0,2243,5530,0,0,0,0,0,0
Female,University,Married,35,100000,98845,95265,98571,99322,96661,95951,4600,8002,4003,2,4005,90665,90569,95319,96659,91946,1
Male,University,Married,32,240000,127418,135942,132640,135320,138523,141618,10400,0,4500,5000,5000,125542,132640,130820,133523,136618,1
Female,Graduate,Single,31,70000,2400,2400,2400,2400,2400,2400,0,0,0,0,0,2400,2400,2400,2400,2400,1
Male,Graduate,Single,33,360000,71195,60553,60158,16672,35039,8320,0,1399,0,35039,8320,60553,58759,16672,0,0,0
Female,Graduate,Single,30,140000,149389,145757,144229,144470,144386,120586,0,5350,5555,5836,4191,145757,138879,138915,138550,116395,0
Male,University,Married,52,50000,2072,1532,3106,2721,780,0,0,2000,5,0,0,1532,1106,2716,780,0,0
Female,University,Married,36,210000,396,590,2042,1646,396,396,590,2042,0,396,396,0,0,1646,0,0,0
Male,Graduate,Single,30,280000,191493,187913,169223,153063,133490,130377,1000,7600,5949,6000,5200,186913,161623,147114,127490,125177,0
Female,University,Single,42,180000,50420,51818,52372,52917,54123,55176,2500,2000,2000,2200,2100,49318,50372,50917,51923,53076,1
Female,Graduate,Single,30,150000,10705,5416,5162,4068,249,249,1000,5162,1000,249,249,4416,0,3068,0,0,0
Male,High School,Married,47,20000,19739,19137,19857,15422,19279,9537,0,1200,0,9537,0,19137,18657,15422,9742,9537,0
Female,University,Married,29,350000,8760,5882,9845,4677,5767,6532,5932,9908,4692,5787,6548,-50,-63,-15,-20,-16,0
Female,Graduate,Single,23,130000,3820,2640,30403,9630,7120,3940,2640,30403,193,7120,79,0,0,9437,0,3861,0
Male,High School,Married,39,470000,0,0,0,0,0,0,0,0,0,0,0,0,0,0,0,0,0
Female,University,Married,48,340000,4052,0,4105,2895,2895,2360,0,4105,0,0,2360,0,0,2895,2895,0,0
Male,University,Single,26,80000,77389,75585,80300,75724,77504,79715,0,6000,0,3000,3500,75585,74300,75724,74504,76215,0
Male,Graduate,Single,33,70000,70524,70740,46740,0,0,0,2500,2000,0,0,0,68240,44740,0,0,0,0
Female,University,Married,44,230000,5990,1677,2920,2683,1674,3273,1677,2920,2683,1674,3273,0,0,0,0,0,0
Female,University,Married,36,180000,21494,25600,0,0,36565,37353,5000,0,0,36565,1548,20600,0,0,0,35805,0
Female,University,Married,39,210000,26749,34451,25200,19850,15530,13021,14000,3007,5000,1000,13021,20451,22193,14850,14530,0,0
Male,University,Single,24,20000,780,0,390,390,780,0,0,390,390,780,0,0,0,0,0,0,0
Female,University,Single,25,140000,137606,140557,111000,3238,89437,91136,6000,3200,3238,89437,3228,134557,107800,0,0,87908,0
Male,Graduate,Single,52,200000,115702,113576,109812,104567,100541,96495,5517,5381,3838,3589,3397,108059,104431,100729,96952,93098,0
Female,High School,Married,59,50000,47822,36488,36811,13234,11543,10751,2009,2000,556,378,619,34479,34811,12678,11165,10132,0
Female,Graduate,Single,23,80000,3526,6687,4356,3450,4318,0,6687,1000,0,4318,0,0,3356,3450,0,0,0
Female,High School,Single,48,30000,1445,3410,5338,7239,9112,10949,2000,2000,2000,2000,2000,1410,3338,5239,7112,8949,0
Female,Graduate,Single,28,140000,9305,13614,13103,14077,15189,16275,4800,0,1500,1500,1500,8814,13103,12577,13689,14775,1
Male,High School,Married,62,80000,1262,1642,1975,672,5112,3932,1642,1975,672,5112,3932,0,0,0,0,0,0
Female,High School,Married,38,220000,20000,3450,5516,47619,28800,8561,3450,5549,50019,28800,8561,0,-33,-2400,0,0,0
Female,Graduate,Single,32,180000,666,666,666,666,666,666,666,666,666,666,666,0,0,0,0,0,0
Female,University,Married,29,140000,81764,92071,43777,22806,12643,29707,20167,5000,28800,2000,20007,71904,38777,-5994,10643,9700,1
Male,University,Single,25,180000,10022,12847,12351,12350,12608,12892,3000,0,500,455,491,9847,12351,11850,12153,12401,1
Female,University,Single,35,50000,14536,15694,16431,17056,17581,18089,1700,1300,900,800,800,13994,15131,16156,16781,17289,0
Female,University,Single,27,170000,97474,78520,80131,70788,68927,70678,2932,3000,2500,3000,2900,75588,77131,68288,65927,67778,0
Male,University,Single,38,50000,50958,50889,49697,9176,9368,9554,2042,1150,329,340,342,48847,48547,8847,9028,9212,0
Male,University,Single,24,50000,49144,20818,17890,18310,17931,18633,1500,1300,700,1000,1000,19318,16590,17610,16931,17633,0
Male,University,Married,29,300000,1874,-200,-200,-200,-200,-200,0,0,0,0,0,-200,-200,-200,-200,-200,0
Female,Graduate,Single,27,390000,386301,392458,290201,295606,300709,305904,17000,11000,11000,10656,11000,375458,279201,284606,290053,294904,0
Female,University,Married,55,90000,81998,83674,80890,31565,33049,22694,4003,3000,3000,3000,2000,79671,77890,28565,30049,20694,1
Female,Graduate,Single,29,200000,194241,193425,196537,195268,192829,192499,12000,8500,7000,10000,10000,181425,188037,188268,182829,182499,0
Male,Graduate,Single,29,460000,410033,385394,325663,324067,324749,327929,16088,13039,11127,11017,11110,369306,312624,312940,313732,316819,0
Male,University,Single,23,10000,3714,4158,4654,3080,0,0,1104,1000,31,0,0,3054,3654,3049,0,0,0
Male,University,Married,30,20000,1261,2835,2522,1261,1261,930,2835,1000,0,1261,930,0,1522,1261,0,0,1
Female,University,Married,50,50000,1232,1846,697,364,0,760,1846,697,364,0,760,0,0,0,0,0,0
Female,University,Married,38,480000,90258,76099,56776,37484,37906,18387,30000,1708,1292,1010,772,46099,55068,36192,36896,17615,0
Female,Graduate,Single,24,180000,169263,174532,176686,165491,169222,173246,8000,6700,6000,6400,7000,166532,169986,159491,162822,166246,0
Female,Graduate,Single,29,240000,3093,2322,8186,3980,0,0,2000,2020,2500,0,0,322,6166,1480,0,0,0
Male,Graduate,Single,38,250000,584,3291,8660,7495,1120,62,3307,8703,7532,1125,62,-16,-43,-37,-5,0,0
Female,University,Single,34,270000,381,3376,2958,4154,5885,3129,3406,2983,4172,5912,3143,-30,-25,-18,-27,-14,1
Male,Graduate,Married,37,200000,123337,11148,19165,21171,17762,23670,11202,19275,22304,23850,23784,-54,-110,-1133,-6088,-114,0
Female,High School,Married,66,100000,100036,100041,100402,97141,97143,97532,4702,4617,3600,3865,3850,95339,95785,93541,93278,93682,0
Female,Graduate,Married,39,160000,710,666,403,1650,336,790,666,403,1650,336,790,0,0,0,0,0,0
Female,University,Married,45,80000,81841,74516,69485,30396,30595,29033,4100,2507,2140,2000,1500,70416,66978,28256,28595,27533,0
Male,University,Married,44,130000,29547,23154,18637,14691,8769,4166,0,1500,486,303,83,23154,17137,14205,8466,4083,0
Female,High School,Single,44,340000,142836,145125,146682,150407,147868,149349,7000,5500,6027,5328,5390,138125,141182,144380,142540,143959,1
Male,Graduate,Married,36,360000,0,394,11142,0,0,0,394,11253,0,0,0,0,-111,0,0,0,0
Female,High School,Married,40,120000,108300,108538,94833,49078,40643,4200,5000,4121,2000,2000,2000,103538,90712,47078,38643,2200,0
Male,Graduate,Single,29,120000,30101,31281,30180,30471,31110,31728,2000,2000,1090,1129,1135,29281,28180,29381,29981,30593,0
Female,Graduate,Single,48,300000,247279,235093,224062,212480,202148,186955,10005,9500,7500,6914,6100,225088,214562,204980,195234,180855,0
Female,University,Single,23,60000,2516,0,0,0,1524,25421,0,0,0,1524,25421,0,0,0,0,0,0
Female,University,Married,50,210000,106724,109251,103733,102027,103453,103651,4037,3519,3442,3553,3625,105214,100214,98585,99900,100026,0
Female,University,Married,29,210000,209807,123664,51353,43485,44784,45685,5088,2000,1600,2000,1800,118576,49353,41885,42784,43885,1
Female,High School,Married,49,70000,21024,21790,21142,23772,24930,25709,1400,0,3000,1700,1340,20390,21142,20772,23230,24369,1
Male,University,Married,33,200000,50612,10537,5552,2506,9443,11818,10023,27,2614,9454,5019,514,5525,-108,-11,6799,0
Female,University,Married,51,230000,51802,53956,56968,58099,59318,60504,3000,3921,2079,2155,2174,50956,53047,56020,57163,58330,1
Male,High School,Married,23,20000,3675,19316,19844,19844,20388,19554,19316,1261,651,803,747,0,18583,19193,19585,18807,1
Female,Graduate,Married,37,210000,211749,205947,201848,168664,172013,175557,7000,10015,10000,5331,5748,198947,191833,158664,166682,169809,0
Female,High School,Single,26,160000,390,390,390,390,390,390,390,390,390,390,390,0,0,0,0,0,0
Female,Graduate,Married,30,290000,1312,1312,1311,1486,1488,1650,1318,1317,1493,1495,1657,-6,-6,-7,-7,-7,1
Female,High School,Married,26,80000,63677,64162,38141,38190,38586,39962,2000,1905,1350,1388,2401,62162,36236,36840,37198,37561,0
Male,Graduate,Single,43,360000,4134,2128,960,6658,0,0,2134,982,6858,0,0,-6,-22,-200,0,0,0
Male,Graduate,Single,32,230000,164634,166134,142049,106677,88091,60929,7326,10000,10000,3000,2000,158808,132049,96677,85091,58929,0
Male,High School,Married,54,360000,16230,-200,0,0,69000,2500,0,200,0,69000,2500,-200,-200,0,0,0,0
Female,Graduate,Married,30,340000,351828,280067,259651,243094,223907,216912,30076,25118,20085,10041,8184,249991,234533,223009,213866,208728,0
Female,Graduate,Single,22,50000,8537,9591,10581,10818,11050,10880,1200,1163,400,790,400,8391,9418,10418,10260,10480,0
Male,University,Single,38,80000,89394,81223,77198,29891,34528,35229,5000,19153,1500,10000,1274,76223,58045,28391,24528,33955,0
Female,University,Single,24,50000,97043,39837,6928,17006,17363,17707,2000,6943,17006,630,633,37837,-15,0,16733,17074,0
Female,Graduate,Single,24,30000,3019,1479,18860,950,5660,0,1479,18881,0,4710,0,0,-21,950,950,0,0
Male,Graduate,Single,26,210000,1360,0,0,3620,0,0,0,0,3620,0,0,0,0,0,0,0,0
Female,University,Married,42,150000,3260,2270,5887,3935,3935,3935,2270,5887,3935,3935,3935,0,0,0,0,0,1
Male,University,Single,21,20000,20297,17054,2333,1300,0,0,1240,2333,0,0,0,15814,0,1300,0,0,0
Male,High School,Single,22,20000,19624,16972,0,0,0,0,1000,0,0,0,0,15972,0,0,0,0,1
Female,High School,Married,41,240000,5325,-5,-5,1074,1972,1876,5,0,1079,1977,1885,-10,-5,-5,-5,-9,0
Female,University,Married,50,500000,16984,86772,53170,28622,19140,0,87004,53192,28622,19140,0,-232,-22,0,0,0,0
Female,University,Married,23,90000,12770,14241,14895,25195,23769,2269,2500,1200,10500,7000,1000,11741,13695,14695,16769,1269,1
Male,High School,Single,46,50000,50131,28152,20746,27624,16015,16746,1388,2011,1006,1000,1000,26764,18735,26618,15015,15746,0
Female,University,Single,22,50000,50834,50770,50215,29386,29527,30125,2200,1517,1000,1500,2005,48570,48698,28386,28027,28120,1
Male,Graduate,Single,37,680000,18314,16088,17806,15498,13810,164969,2700,2400,600,400,161000,13388,15406,14898,13410,3969,0
Male,Graduate,Married,47,50000,45717,47974,49837,50807,49947,50424,3000,3000,2000,0,5000,44974,46837,48807,49947,45424,0
Female,University,Married,40,100000,326,326,652,326,326,326,326,652,0,326,326,0,0,326,0,0,0
Female,Graduate,Single,30,280000,270276,506260,263734,268216,262895,264508,11000,10000,10004,10020,10100,495260,253734,258212,252875,254408,0
Male,University,Single,54,30000,26278,24767,27533,26400,25620,390,1700,3400,2528,0,390,23067,24133,23872,25620,0,1
Male,University,Single,27,50000,23901,13262,8643,7382,1975,50514,4146,1200,0,0,49800,9116,7443,7382,1975,714,1
Male,Graduate,Married,33,60000,8308,7565,8373,7565,7565,7565,7565,8373,7565,7565,7565,0,0,0,0,0,0
Male,University,Married,57,120000,118709,120580,118684,88557,91124,88094,5000,5007,4000,4003,4003,115580,113677,84557,87121,84091,1
Female,University,Married,35,80000,2890,9796,13443,396,396,396,9796,13443,396,396,0,0,0,0,0,396,0
Male,Graduate,Married,45,500000,140,94,39,44,0,0,94,39,44,0,0,0,0,0,0,0,0
Female,High School,Married,32,70000,18317,17330,11400,11120,10914,11315,0,1000,110,500,18963,17330,10400,11010,10414,-7648,0
Female,University,Married,45,160000,0,0,0,1468,0,0,0,0,1468,0,0,0,0,0,0,0,0
Female,High School,Married,50,100000,110537,99734,99973,71008,66735,68621,0,3000,103000,2500,3000,99734,96973,-31992,64235,65621,1
Male,High School,Single,35,10000,7877,8918,9864,9673,9414,9156,1174,1120,310,316,1000,7744,8744,9363,9098,8156,0
Male,Graduate,Single,26,90000,10750,100,200,100,9894,20699,100,200,0,9894,20000,0,0,100,0,699,0
Male,Graduate,Married,39,170000,74298,80073,81959,89991,88018,86299,7000,3800,10000,0,0,73073,78159,79991,88018,86299,1
Female,University,Single,35,90000,2667,2667,0,0,0,0,2667,0,0,0,0,0,0,0,0,0,0
Female,High School,Single,42,180000,67414,61256,66668,83568,90418,88898,10000,10000,17500,7000,25000,51256,56668,66068,83418,63898,0
Female,Graduate,Married,52,350000,2400,2400,2400,2400,2400,2400,0,0,0,0,0,2400,2400,2400,2400,2400,1
Male,University,Single,35,270000,225400,220202,215056,10506,10224,9233,9000,9348,10600,10300,9300,211202,205708,-94,-76,-67,0
Female,Graduate,Single,29,200000,65935,25574,28727,19164,0,0,1011,31209,383,0,0,24563,-2482,18781,0,0,1
Female,Graduate,Single,22,20000,15829,15299,16262,16749,13764,18732,1600,1550,1000,1000,5283,13699,14712,15749,12764,13449,0
Male,University,Single,30,100000,44953,46922,48677,49496,51010,32630,3000,3000,2000,2000,2000,43922,45677,47496,49010,30630,0
Male,Graduate,Married,46,290000,194301,199451,198684,87700,88621,53243,10744,6000,1573,1629,3129,188707,192684,86127,86992,50114,0
Male,High School,Single,28,70000,68970,67308,68582,68361,68060,68223,0,3005,2546,2602,2430,67308,65577,65815,65458,65793,0
Male,Graduate,Single,26,230000,416,371,416,416,566,416,371,461,416,566,416,0,-45,0,0,0,0
Female,Graduate,Single,28,180000,950,4369,9673,2861,12338,9124,4369,9673,3260,13959,3000,0,0,-399,-1621,6124,0
Male,Graduate,Single,33,210000,291,291,291,291,441,291,291,291,291,441,291,0,0,0,0,0,0
Male,Graduate,Single,24,50000,49946,48808,45469,20228,18900,19066,0,2079,693,1080,700,48808,43390,19535,17820,18366,0
Male,Graduate,Single,37,150000,45000,44386,46505,49103,51698,52549,3000,2500,3000,3000,1546,41386,44005,46103,48698,51003,0
Male,University,Married,50,380000,385662,294826,220022,154283,35270,332270,12020,9009,6109,3000,332000,282806,211013,148174,32270,270,1
Male,University,Married,44,50000,45335,46027,30286,26275,26823,27371,1524,1427,941,972,992,44503,28859,25334,25851,26379,0
Female,High School,Married,43,150000,264,948,632,316,316,1414,1000,0,0,316,1414,-52,632,316,0,0,1
Male,University,Single,29,220000,122286,122839,123035,114385,115903,118528,5008,5007,6007,5000,4700,117831,118028,108378,110903,113828,0
Female,Other,Single,27,80000,45268,47140,47411,48443,49478,43264,2600,1800,1700,1700,1700,44540,45611,46743,47778,41564,0
Female,University,Married,32,220000,194961,197536,203251,208355,213015,217475,7200,9000,10000,8000,8010,190336,194251,198355,205015,209465,0
Female,University,Single,34,70000,24208,25015,27189,26456,28361,31873,1500,2900,0,2500,4000,23515,24289,26456,25861,27873,0
Male,University,Single,37,120000,16241,16680,17695,17901,19608,19143,1000,1600,800,2000,0,15680,16095,17101,17608,19143,1
Female,University,Single,32,180000,20730,17107,35884,31057,29052,25933,1582,30000,1000,1000,1000,15525,5884,30057,28052,24933,0
Female,High School,Married,57,50000,49017,50690,47487,48319,48449,49656,2500,2000,2000,1746,2000,48190,45487,46319,46703,47656,0
Female,University,Other,46,10000,9532,9236,10047,8775,8984,7628,0,1006,1390,1000,1000,9236,9041,7385,7984,6628,0
Female,Graduate,Married,53,370000,21160,8153,12094,30751,30131,9630,8162,12294,30751,30131,0,-9,-200,0,0,9630,0
Female,Graduate,Single,26,20000,10658,9288,390,390,390,0,1072,390,390,390,0,8216,0,0,0,0,0
Male,University,Married,34,150000,132214,135140,135263,137540,144786,146379,4414,4700,4306,10006,4822,130726,130563,133234,134780,141557,0
Male,Graduate,Single,26,20000,416,416,416,416,416,982,416,416,416,416,982,0,0,0,0,0,1
Female,University,Married,54,480000,17189,6013,1717,1385,0,0,6026,1717,1390,0,0,-13,0,-5,0,0,0
Male,High School,Single,26,50000,25060,26649,28202,30727,30098,32580,2000,2000,3000,0,3000,24649,26202,27727,30098,29580,0
Male,University,Single,31,170000,24581,25611,26631,27383,27801,31337,1728,1748,1500,1011,4000,23883,24883,25883,26790,27337,0
Female,University,Single,30,400000,-200,-200,-200,746,3956,2500,0,0,946,3956,2500,-200,-200,-200,0,0,0
Female,Graduate,Single,31,200000,38635,41031,45929,48661,49723,50896,3031,5929,3500,2000,2000,38000,40000,45161,47723,48896,0
Male,Graduate,Single,34,360000,0,0,0,0,0,150,0,0,0,0,150,0,0,0,0,0,0
Female,Other,Single,36,140000,91226,83650,80037,53055,102587,98251,4182,4000,4000,98000,4000,79468,76037,49055,4587,94251,0
Male,High School,Married,34,260000,12071,12497,1027,-103,-103,1047,2114,1027,103,0,1150,10383,0,-206,-103,-103,0
Female,University,Single,26,440000,96190,90462,78267,71795,51812,25064,3513,3017,2037,2019,3010,86949,75250,69758,49793,22054,0
Male,University,Married,43,500000,12200,8140,10176,20719,15665,8074,1518,5019,15027,639,547,6622,5157,5692,15026,7527,0
Female,University,Married,29,230000,64982,44908,51535,24607,28279,48934,3000,11000,15000,13000,36000,41908,40535,9607,15279,12934,0
Male,University,Married,41,470000,13780,12242,32463,20621,13711,8294,12300,32520,34,68,8334,-58,-57,20587,13643,-40,0
Female,High School,Married,48,20000,14589,16743,17522,17055,10400,0,2700,1400,0,0,0,14043,16122,17055,10400,0,1
Female,University,Single,24,210000,108491,111046,110716,97168,94524,96777,5800,3700,3505,3400,3769,105246,107016,93663,91124,93008,0
Female,Graduate,Single,23,20000,6733,0,0,19132,19533,20235,0,0,19132,709,1027,0,0,0,18824,19208,0
Female,High School,Married,53,20000,12197,13292,14362,14821,15143,15737,1600,1600,1000,710,1000,11692,12762,13821,14433,14737,0
Female,University,Married,34,200000,-2,758,998,668,9815,36870,760,1000,670,9852,40063,-2,-2,-2,-37,-3193,0
Female,University,Single,36,250000,6220,27217,6149,26202,6906,3855,27225,6159,25846,0,3855,-8,-10,356,6906,0,1
Male,University,Single,41,300000,34480,31159,18580,1400,6297,977,1472,1000,1410,6297,0,29687,17580,-10,0,977,0
Female,Graduate,Single,30,320000,113801,90354,88467,79241,83530,90573,5017,4057,4014,8531,15005,85337,84410,75227,74999,75568,0
Male,University,Single,29,50000,37170,36297,39863,38924,39744,40533,0,4500,0,1600,1600,36297,35363,38924,38144,38933,0
Female,University,Married,34,200000,6626,2469,3760,4273,3015,5076,2476,3771,4285,3023,5088,-7,-11,-12,-8,-12,0
Female,Graduate,Single,29,80000,16936,17963,18976,19660,20343,21003,1303,1316,1000,1000,1000,16660,17660,18660,19343,20003,1
Male,University,Married,37,70000,10323,6659,6740,3559,7086,6979,0,3559,189,7086,3370,6659,3181,3370,0,3609,1
Male,High School,Single,36,60000,56807,55339,55751,37851,34195,33499,0,2141,2000,2000,2000,55339,53610,35851,32195,31499,0
Female,High School,Single,22,10000,10012,9784,9473,8947,9135,8613,2452,7,308,320,328,7332,9466,8639,8815,8285,1
Female,High School,Single,30,50000,50332,51247,50073,26550,25842,25996,4210,0,1500,1090,2000,47037,50073,25050,24752,23996,0
Male,University,Single,26,140000,133572,135367,113272,115685,118171,120550,6169,4500,4287,4500,4500,129198,108772,111398,113671,116050,1
Male,University,Single,25,30000,7160,8185,9286,9483,9780,10068,1300,1400,500,600,600,6885,7886,8983,9180,9468,0
Male,University,Married,49,190000,435,435,635,2084,161110,149941,435,635,2084,161110,5800,0,0,0,0,144141,0
Female,Graduate,Single,23,70000,853,3128,4719,100,1610,690,3128,4722,0,1610,0,0,-3,100,0,690,0
Female,University,Married,28,330000,390,0,780,150,320,780,0,780,150,320,1000,0,0,0,0,-220,0
Female,University,Single,24,110000,6470,8610,15123,9761,9717,8046,2654,7230,0,463,393,5956,7893,9761,9254,7653,0
Male,High School,Married,47,270000,165303,168837,172281,175705,179582,184650,6200,6254,6290,6710,8250,162637,166027,169415,172872,176400,0
Male,University,Married,31,160000,26295,27074,28314,29341,31690,33993,1500,2000,1500,3000,3000,25574,26314,27841,28690,30993,1
Male,University,Single,24,20000,18937,18350,18918,19323,13180,5200,0,1251,656,13180,5200,18350,17667,18667,0,0,0
Male,University,Single,32,320000,21460,23412,25331,25741,26800,28817,3000,3000,1500,2000,3000,20412,22331,24241,24800,25817,0
Male,Graduate,Single,31,430000,29860,39305,43020,45540,8342,8310,10000,5000,5540,8310,5640,29305,38020,40000,32,2670,0
Female,Graduate,Married,37,50000,8014,7668,7081,5738,6461,4822,1200,1000,91,11283,0,6468,6081,5647,-4822,4822,0
Male,University,Married,48,140000,1600,5012,4739,4739,0,0,5012,0,0,0,0,0,4739,4739,0,0,1
Male,University,Married,49,500000,4214,6378,4074,116446,9335,3312,6378,4074,116446,9335,3312,0,0,0,0,0,0
Male,High School,Married,45,80000,26637,26437,26686,28372,28345,27279,1490,2000,2000,3000,5000,24947,24686,26372,25345,22279,0
Female,Graduate,Married,34,390000,0,0,1266,0,0,0,0,1266,0,0,0,0,0,0,0,0,0
Female,Graduate,Married,43,250000,17454,-50,45297,17371,11481,5922,24890,48394,0,5461,15000,-24940,-3097,17371,6020,-9078,0
Female,Graduate,Single,31,390000,6466,6266,12578,7650,48090,17013,6266,12581,7650,48090,28973,0,-3,0,0,-11960,0
Female,Graduate,Married,35,100000,57612,58818,60841,61434,62743,66677,2134,3000,2200,2300,5000,56684,57841,59234,60443,61677,0
Female,Graduate,Married,42,360000,179851,186961,201703,189455,194373,207022,10005,20117,15018,10027,20057,176956,181586,174437,184346,186965,0
Male,Graduate,Single,36,140000,-5,1135,17227,12918,10898,823,1140,17227,0,365,840,-5,0,12918,10533,-17,0
Male,University,Married,51,110000,45964,46922,48140,49339,50542,52689,2000,2000,2000,2000,3000,44922,46140,47339,48542,49689,0
Male,High School,Married,48,170000,316,316,632,316,466,316,316,632,0,466,316,0,0,316,0,0,0
Male,University,Married,48,170000,137823,137199,136331,123913,122657,122225,5396,5000,5000,5000,5000,131803,131331,118913,117657,117225,0
Female,University,Single,25,180000,4745,5765,6631,8386,8109,8820,1257,1123,1878,0,1000,4508,5508,6508,8109,7820,0
Male,University,Married,41,140000,109326,111679,113921,114348,111382,112458,5600,5600,4500,4200,4500,106079,108321,109848,107182,107958,0
Female,University,Married,49,20000,13882,13342,808,18910,19306,19809,2018,404,19000,677,800,11324,404,-90,18629,19009,0
Male,Graduate,Single,28,150000,0,0,0,0,0,0,0,0,0,0,0,0,0,0,0,0,0
Female,University,Single,28,50000,48072,49518,49500,19600,20000,0,2518,1500,500,400,0,47000,48000,19100,19600,0,0
Female,University,Married,38,160000,0,0,0,0,0,0,0,0,0,0,0,0,0,0,0,0,1
Male,University,Married,41,80000,3153,1013,0,0,2115,4264,1013,0,0,2115,4264,0,0,0,0,0,0
Female,High School,Single,29,300000,-140,28092,3572,195,209,990,28232,3589,195,210,994,-140,-17,0,-1,-4,1
Female,High School,Single,32,60000,62552,26929,27967,28526,28275,29151,1500,1500,1003,1500,1500,25429,26467,27523,26775,27651,0
Female,University,Single,26,70000,42583,43600,47550,46487,47298,46384,2000,5000,0,1700,0,41600,42550,46487,45598,46384,1
Female,Graduate,Single,31,290000,632,0,480,-150,66675,68071,0,480,4,69001,2500,0,0,-154,-2326,65571,0
Female,Graduate,Single,23,80000,8766,4777,0,0,0,0,1600,0,0,0,0,3177,0,0,0,0,0
Female,High School,Married,53,50000,0,0,0,0,0,0,0,0,0,0,0,0,0,0,0,0,1
Female,High School,Single,49,200000,7697,18951,27974,30596,38109,22170,20071,20036,15022,15113,22235,-1120,7938,15574,22996,-65,0
Female,Graduate,Married,34,200000,267,6794,10430,3576,2522,934,6817,10671,3576,2522,934,-23,-241,0,0,0,0
Female,Graduate,Single,22,50000,586,297,3674,1392,3085,3450,297,3675,1392,3086,3492,0,-1,0,-1,-42,1
Female,University,Single,26,20000,1041,10757,11094,9351,8562,8058,10758,2679,502,224,513,-1,8415,8849,8338,7545,0
Male,Graduate,Married,38,200000,6186,735,1463,15550,5045,6709,735,1463,15550,5045,6709,0,0,0,0,0,1
Female,Graduate,Single,35,120000,77785,75984,78109,79198,80865,82859,0,4000,2988,3100,3500,75984,74109,76210,77765,79359,0
Female,University,Married,49,220000,172184,170697,168041,163783,160806,158866,7583,7461,5809,5608,6500,163114,160580,157974,155198,152366,0
Male,Graduate,Single,40,630000,440474,444370,455286,327021,334558,341439,18000,20000,12000,13000,13022,426370,435286,315021,321558,328417,0
Female,Graduate,Single,34,300000,19357,5000,3744,8059,3425,11860,5032,3744,8059,3425,11860,-32,0,0,0,0,0
Female,University,Single,49,10000,8184,5011,5728,4255,2782,1309,0,1000,0,0,0,5011,4728,4255,2782,1309,1
Male,University,Single,29,50000,0,0,0,0,0,0,0,0,0,0,0,0,0,0,0,0,0
Female,Graduate,Married,39,280000,7791,5851,430,2041,775,580,1000,430,2041,775,580,4851,0,0,0,0,1
Male,Graduate,Single,30,130000,4536,5616,6455,6791,6991,0,1161,1000,336,200,0,4455,5455,6455,6791,0,0
Female,High School,Married,28,30000,23182,19083,19632,15252,14021,13793,2000,2000,0,1500,1353,17083,17632,15252,12521,12440,0
Female,University,Married,27,50000,9877,10800,5921,6042,4012,0,1140,1000,121,0,0,9660,4921,5921,4012,0,0
Female,High School,Married,38,70000,24758,25581,16105,17571,18330,16268,1273,1534,2000,1000,1000,24308,14571,15571,17330,15268,0
Male,University,Single,29,80000,41815,42938,44022,44792,45915,46998,2100,2100,1800,2000,2000,40838,41922,42992,43915,44998,0
Female,University,Married,22,20000,16726,19143,18391,18562,11798,0,3000,0,371,1236,0,16143,18391,18191,10562,0,1
Male,Graduate,Married,41,390000,495559,248821,216051,208373,199727,186332,10218,8035,7035,6056,8053,238603,208016,201338,193671,178279,0
Female,University,Single,32,470000,147113,133486,125159,120869,60507,53100,5000,4500,2505,50000,3000,128486,120659,118364,10507,50100,0
Female,University,Single,30,240000,7818,9363,0,0,0,0,9434,0,0,0,0,-71,0,0,0,0,0
Female,Graduate,Single,29,140000,14943,2888,0,0,0,0,2888,0,0,0,0,0,0,0,0,0,0
Female,University,Married,37,260000,244738,251351,244949,248273,119124,132619,12000,0,11000,4321,20000,239351,244949,237273,114803,112619,1
Female,Graduate,Single,25,150000,191,1963,4729,1568,4295,0,1964,4729,1568,4295,0,-1,0,0,0,0,0
Male,Graduate,Married,46,120000,14682,17325,17936,18536,19091,19629,3200,1200,1200,1000,1000,14125,16736,17336,18091,18629,0
Female,University,Married,47,20000,18021,17352,17667,18187,20499,20718,1280,1293,813,2770,703,16072,16374,17374,17729,20015,0
Female,Other,Single,42,260000,399,2101,577,0,200,0,2101,577,0,200,0,0,0,0,0,0,0
Male,High School,Single,22,50000,42678,38239,22691,8807,7143,6967,1500,1100,1000,500,500,36739,21591,7807,6643,6467,1
Female,University,Single,27,180000,126195,127881,128491,124080,126154,130064,6000,4575,0,4600,6000,121881,123916,124080,121554,124064,0
Female,Other,Married,35,310000,10350,0,0,0,0,0,0,0,0,0,0,0,0,0,0,0,0
Male,University,Married,44,360000,5101,9358,15452,9990,6515,5694,9419,15485,9995,6515,5694,-61,-33,-5,0,0,0
Female,University,Single,30,180000,14445,15404,19885,22355,22902,15373,1500,4911,10355,10902,3500,13904,14974,12000,12000,11873,0
Female,Graduate,Married,42,270000,1250,1250,1250,1250,650,350,0,0,0,0,0,1250,1250,1250,650,350,0
Male,Graduate,Single,28,70000,67857,69711,64947,26022,28575,21460,3000,1500,13959,3000,1500,66711,63447,12063,25575,19960,0
Male,University,Single,24,50000,2155,0,1978,14207,8602,7201,0,30300,14207,602,7201,0,-28322,0,8000,0,0
Female,High School,Single,50,30000,0,0,0,0,7092,6832,0,0,0,7092,0,0,0,0,0,6832,0
Female,University,Married,54,50000,11351,11449,6515,2315,1817,2081,1150,1012,46,36,2081,10299,5503,2269,1781,0,0
Male,University,Married,37,350000,325,294,6574,3543,1654,6186,294,6636,3559,1659,6215,0,-62,-16,-5,-29,0
Male,Graduate,Married,58,200000,192461,195970,122214,124647,126921,129167,7822,4417,4446,4597,4677,188148,117797,120201,122324,124490,0
Male,High School,Single,26,80000,71661,69947,74755,75732,74397,80138,0,6000,2800,0,7000,69947,68755,72932,74397,73138,0
Female,University,Married,31,60000,47000,49236,57752,56243,55213,58700,3000,10000,0,0,4400,46236,47752,56243,55213,54300,0
Male,Graduate,Married,52,30000,15743,16784,18998,18395,19100,20582,1300,2500,0,1000,1800,15484,16498,18395,18100,18782,0
Female,Graduate,Single,36,110000,108316,100784,88568,43720,42138,43085,4600,3500,2000,2000,1800,96184,85068,41720,40138,41285,0
Female,Graduate,Single,27,300000,42189,83754,120927,105303,82475,33262,83754,120927,0,716,25213,0,0,105303,81759,8049,0
Female,High School,Married,22,50000,22854,31329,23927,0,83,20083,9000,1507,0,83,20000,22329,22420,0,0,83,0
Male,Graduate,Single,39,500000,2450,11833,22963,7086,5453,1486,11833,22963,7086,0,1486,0,0,0,5453,0,0
Male,Graduate,Single,36,360000,356913,208305,68214,168014,16209,18918,210000,170000,100000,3000,3000,-1695,-101786,68014,13209,15918,0
Female,University,Married,39,20000,14112,11221,10656,7928,580,0,3520,0,1000,580,0,7701,10656,6928,0,0,0
Male,Graduate,Married,39,220000,75190,151004,152786,137946,118310,119147,100000,8000,6000,5000,5000,51004,144786,131946,113310,114147,0
Female,University,Single,22,20000,11192,15677,15133,15582,16677,16259,5000,0,1000,1500,0,10677,15133,14582,15177,16259,0
Male,University,Married,37,60000,30381,29986,29210,29729,30505,32232,366,0,1300,1400,2400,29620,29210,28429,29105,29832,1
Female,Graduate,Single,30,170000,1560,1280,590,1168,2160,145564,1000,590,1168,1582,145564,280,0,0,578,0,0
Female,University,Married,26,200000,47236,45200,35939,34096,34876,34615,1800,1603,2000,2500,1500,43400,34336,32096,32376,33115,0
Female,Graduate,Single,23,20000,19990,20038,19571,14362,15127,15872,1438,1300,1000,1000,1000,18600,18271,13362,14127,14872,0
Female,High School,Single,23,140000,67505,36772,38399,39131,39508,3441,2000,2400,2132,1617,515,34772,35999,36999,37891,2926,0
Female,Graduate,Single,35,330000,1663,0,0,0,29221,3194,0,0,0,29221,3194,0,0,0,0,0,0
Female,University,Single,24,180000,108580,105403,112073,111345,98404,102460,0,8564,4000,0,7414,105403,103509,107345,98404,95046,1
Female,University,Married,35,360000,5157,2461,0,277,2599,3941,1012,0,277,2602,2019,1449,0,0,-3,1922,0
Male,High School,Married,51,20000,14815,15837,16852,17188,17546,17895,1264,1279,615,635,639,14573,15573,16573,16911,17256,0
Female,Graduate,Single,23,50000,34422,32703,22851,6699,10060,7737,1544,1000,0,3361,0,31159,21851,6699,6699,7737,0
Female,University,Married,25,100000,20755,20043,19778,24939,28639,8370,2000,2000,6000,4000,4000,18043,17778,18939,24639,4370,0
Male,University,Married,36,30000,30573,28473,29083,28313,28932,29565,0,2000,940,1000,1106,28473,27083,27373,27932,28459,0
Female,University,Married,44,70000,4221,6642,8361,10208,11038,11848,2500,2000,2000,1000,1000,4142,6361,8208,10038,10848,1
Male,Graduate,Single,33,470000,5613,11576,7017,1185,0,542,11606,7017,24,0,542,-30,0,1161,0,0,0
Female,Graduate,Married,36,300000,8385,-27,-27,-27,-27,-27,27,0,0,0,0,-54,-27,-27,-27,-27,0
Female,Graduate,Married,45,300000,6608,10009,22456,22056,14020,1230,10017,22456,0,0,1230,-8,0,22056,14020,0,1
Female,Graduate,Single,26,200000,2179,6440,3908,-5,1060,2996,6440,3908,5,1065,3000,0,0,-10,-5,-4,0
Female,University,Married,41,150000,79021,77975,74749,80757,83685,81569,4023,3016,10000,4011,3073,73952,71733,70757,79674,78496,0
Female,University,Single,25,220000,165040,167485,148133,123266,125736,128342,6809,7038,5000,4500,5000,160676,141095,118266,121236,123342,1
Male,Graduate,Single,31,420000,1569,563,1914,1189,1208,4964,565,1923,1194,1214,4988,-2,-9,-5,-6,-24,0
Female,University,Single,45,210000,467,2050,416,416,416,416,2050,416,416,416,416,0,0,0,0,0,0
Male,High School,Married,58,450000,8940,6239,5535,9856,819,863,6271,5740,9905,823,867,-32,-205,-49,-4,-4,0
Male,University,Married,38,30000,184,1522,0,5480,175,-2000,1522,0,5480,175,0,0,0,0,0,-2000,0
Male,University,Married,30,240000,2816,7608,26832,3518,1280,5900,7608,26834,3518,1280,5900,0,-2,0,0,0,0
Female,University,Single,25,420000,28206,122212,117835,112705,111357,108306,100000,4013,3822,4086,3800,22212,113822,108883,107271,104506,0
Female,Graduate,Single,25,60000,57174,58559,60586,39144,39615,39334,3000,3800,3300,1900,1600,55559,56786,35844,37715,37734,0
Female,High School,Single,24,30000,4882,14630,6323,2870,1485,3926,14630,6485,2870,1485,3926,0,-162,0,0,0,0
Female,Graduate,Single,29,80000,2673,0,317,317,1521,1204,0,317,0,1204,0,0,0,317,317,1204,0
Male,University,Single,37,50000,48206,48659,47248,48241,49196,50296,2120,1750,1700,1800,2023,46539,45498,46541,47396,48273,0
Male,High School,Single,27,230000,19200,10000,20176,10000,10000,10000,10000,20176,200,10000,10000,0,0,9800,0,0,0
Male,Graduate,Single,31,200000,6618,6777,7957,4667,76187,74900,1900,3008,3500,73000,2700,4877,4949,1167,3187,72200,0
Female,University,Single,28,230000,12218,17667,20345,39945,41352,11032,6000,3500,20000,2000,1500,11667,16845,19945,39352,9532,0
Female,University,Single,24,130000,122750,118319,61466,48288,48898,49699,4966,2034,1710,1765,2000,113353,59432,46578,47133,47699,0
Female,High School,Single,27,200000,0,0,0,0,0,0,0,0,0,0,0,0,0,0,0,0,0
Female,Graduate,Single,33,90000,80919,87993,17316,18026,18559,19097,9000,1500,1000,824,1000,78993,15816,17026,17735,18097,0
Male,Graduate,Single,27,120000,316,316,1360,9474,10158,2551,316,1360,10000,1000,2000,0,0,-526,9158,551,0
Male,Graduate,Single,42,200000,470,740,3774,836,1325,1440,740,3782,836,1325,1440,0,-8,0,0,0,0
Female,University,Single,32,20000,17757,17193,16602,19521,18925,18806,0,0,3200,0,900,17193,16602,16321,18925,17906,0
Female,Graduate,Married,37,210000,76089,77985,79104,80399,81462,83366,3700,3000,3200,2500,3400,74285,76104,77199,78962,79966,1
Female,University,Single,44,80000,80610,81008,80725,50472,50340,42393,6502,4000,1889,2000,7700,74506,76725,48583,48340,34693,0
Female,Graduate,Married,29,50000,50486,50035,49388,10275,9598,8382,2200,1192,1000,2000,1000,47835,48196,9275,7598,7382,0
Female,University,Married,42,70000,50886,51975,52527,53560,54653,55797,2200,2000,2500,2100,2200,49775,50527,51060,52553,53597,1
Male,University,Single,32,230000,189567,189023,187521,182671,174794,182160,9000,6300,6200,500,12500,180023,181221,176471,174294,169660,1
Male,University,Single,52,20000,17420,19130,20340,19940,19940,0,2000,2000,0,0,0,17130,18340,19940,19940,0,0
Male,University,Single,44,30000,21043,21183,1754,666,1339,1748,1196,1757,2,1443,1949,19987,-3,664,-104,-201,0
Male,Graduate,Single,31,100000,33752,32928,35572,34700,36942,36196,0,3200,0,2800,0,32928,32372,34700,34142,36196,1
Female,Graduate,Single,29,80000,81337,80290,82215,80422,78284,77270,2842,20412,0,3000,3000,77448,61803,80422,75284,74270,1
Male,University,Single,33,210000,187610,191592,195739,198081,202410,206582,8500,9000,7100,7510,7700,183092,186739,190981,194900,198882,0
Male,University,Single,54,50000,48153,46885,27168,27585,27910,27380,0,1400,1200,1500,1000,46885,25768,26385,26410,26380,0
Female,University,Single,23,130000,133622,129784,126021,70186,71762,73192,4752,5010,2505,2700,2623,125032,121011,67681,69062,70569,0
Female,Graduate,Single,24,70000,48432,52650,53099,51648,55409,54366,5000,1900,0,4600,0,47650,51199,51648,50809,54366,0
Female,Graduate,Married,33,210000,17420,16182,14109,10955,11217,11367,1236,1613,1000,552,607,14946,12496,9955,10665,10760,0
Male,High School,Married,44,100000,780,0,390,390,390,390,0,390,390,390,390,0,0,0,0,0,1
Male,High School,Other,51,200000,3556,4993,9212,2529,1036,4430,5020,9236,2529,0,4430,-27,-24,0,1036,0,0
Male,Graduate,Single,24,40000,28926,28182,28912,29495,33011,32194,0,1500,1064,4000,0,28182,27412,28431,29011,32194,1
Female,University,Single,25,80000,69602,67930,72205,73116,74801,73444,0,6000,2700,3000,0,67930,66205,70416,71801,73444,0
Female,Graduate,Married,37,210000,0,732,873,148,129,292,732,873,148,129,292,0,0,0,0,0,1
Female,University,Single,23,20000,7186,3478,137,1714,17694,12237,8060,137,5199,17694,575,-4582,0,-3485,0,11662,0
Male,High School,Single,34,10000,8813,8464,9474,9716,9960,10188,2148,1158,400,400,400,6316,8316,9316,9560,9788,0
Female,High School,Married,50,60000,61600,61952,60661,29095,17636,31406,3300,2000,900,889,21500,58652,58661,28195,16747,9906,1
Female,University,Married,25,40000,11273,12307,13348,13530,13811,14132,1520,1550,700,648,700,10787,11798,12830,13163,13432,0
Female,Graduate,Single,33,290000,413,486,820,60,1773,3904,486,820,60,1773,3904,0,0,0,0,0,1
Male,University,Married,54,50000,1583,2134,0,2025,0,1924,2134,0,2025,0,1924,0,0,0,0,0,0
Male,University,Single,25,20000,17384,13648,13924,15685,15292,17524,1500,1400,2000,0,2500,12148,12524,13685,15292,15024,0
Male,University,Single,26,30000,33195,32705,32406,32167,31728,31061,1600,1500,1500,1300,1261,31105,30906,30667,30428,29800,0
Male,University,Married,32,20000,17104,18134,19123,19351,20411,19947,1613,1602,830,1512,0,16521,17521,18521,18899,19947,0
Female,High School,Other,43,50000,24443,24391,23595,22590,21788,21949,1800,1400,800,1000,900,22591,22195,21790,20788,21049,0
Male,University,Married,42,500000,-984,3516,1924,1924,8924,6729,4500,0,0,7000,36,-984,1924,1924,1924,6693,1
Female,High School,Single,24,90000,595,207,18189,557,0,0,207,18281,557,0,0,0,-92,0,0,0,1
Male,University,Single,26,10000,15147,6641,15318,8610,8790,8963,2234,1135,1086,319,319,4407,14183,7524,8471,8644,0
Female,University,Married,37,50000,1050,1050,1050,1050,1050,1050,0,0,0,0,0,1050,1050,1050,1050,1050,1
Male,Graduate,Single,36,120000,24466,28255,27507,27952,31136,30486,4500,0,1200,3800,0,23755,27507,26752,27336,30486,0
Female,Graduate,Single,27,200000,157607,155693,155290,147604,146719,143317,7194,6760,5018,5370,5294,148499,148530,142586,141349,138023,0
Female,University,Married,50,300000,8924,3131,117497,110680,104016,109839,3131,121715,4000,5000,9000,0,-4218,106680,99016,100839,0
Female,University,Single,24,90000,17524,22184,23270,27372,31905,34954,5000,5000,5000,5000,3600,17184,18270,22372,26905,31354,0
Male,University,Married,27,90000,70482,70591,64926,59949,54029,48170,2580,2337,1634,1606,1371,68011,62589,58315,52423,46799,0
Female,Graduate,Single,23,140000,0,0,0,0,0,0,0,0,0,0,0,0,0,0,0,0,1
Female,University,Married,39,180000,1081,148,148,296,148,148,148,148,296,0,148,0,0,0,148,0,0
Male,Graduate,Married,39,360000,1761,2560,0,0,0,0,2816,0,0,0,0,-256,0,0,0,0,0
Female,High School,Single,29,160000,0,0,4150,2065,0,500,0,4150,2065,0,500,0,0,0,0,0,1
Male,Graduate,Married,45,100000,10529,12723,15807,18901,21794,25051,2688,3688,3288,3288,3688,10035,12119,15613,18506,21363,0
Male,University,Single,21,20000,19277,20997,20200,20000,0,0,5000,0,0,0,0,15997,20200,20000,0,0,1
Male,Graduate,Married,36,360000,40434,13352,129978,150637,138969,132118,2000,129990,30000,25000,5000,11352,-12,120637,113969,127118,0
Male,University,Single,39,230000,326,326,326,326,326,326,652,326,326,326,326,-326,0,0,0,0,0
Female,High School,Single,29,110000,101006,104474,106332,106906,108952,110444,5300,5300,4000,4100,4631,99174,101032,102906,104852,105813,1
Male,University,Single,37,210000,142149,139025,50283,159231,155342,156769,6534,3069,110017,5496,6307,132491,47214,49214,149846,150462,0
Male,University,Single,26,200000,1747,11817,14225,16017,12613,6600,12957,3884,5010,700,360,-1140,10341,11007,11913,6240,0
Male,University,Single,44,50000,27560,19002,8542,8711,8893,9070,1159,1142,311,322,324,17843,7400,8400,8571,8746,0
Female,Graduate,Single,30,210000,0,0,0,0,49525,0,0,0,0,49525,0,0,0,0,0,0,1
Male,Graduate,Single,31,280000,-32,-32,4887,2067,6624,1489,0,4919,10,6657,1496,-32,-32,2057,-33,-7,0
Male,University,Married,40,500000,94585,61111,24801,6288,166251,162785,2659,2090,6333,178460,5506,58452,22711,-45,-12209,157279,0
Female,Graduate,Single,25,30000,3924,4972,5873,5993,0,0,1099,1000,120,0,0,3873,4873,5873,0,0,0
Female,University,Married,36,340000,167474,155293,134467,129891,113919,106675,7106,4435,4091,3548,4535,148187,130032,125800,110371,102140,0
Male,Graduate,Single,32,360000,389,389,1955,5316,2265,6594,389,1955,5316,2265,6594,0,0,0,0,0,0
Female,Graduate,Single,22,70000,71358,70285,28867,29766,26522,27584,3280,1480,1360,960,1500,67005,27387,28406,25562,26084,0
Female,University,Other,44,20000,2400,2400,2400,2400,2400,1800,0,0,0,0,0,2400,2400,2400,2400,1800,1
Male,Graduate,Single,32,230000,44734,47178,29582,38426,42500,43531,10120,20000,10000,5000,5000,37058,9582,28426,37500,38531,0
Male,University,Married,41,60000,48979,41597,29347,19544,11989,9079,5070,1219,1007,8,9381,36527,28128,18537,11981,-302,0
Male,Graduate,Single,28,50000,49828,50467,48964,49447,44067,44760,2121,0,2000,2000,2000,48346,48964,47447,42067,42760,1
Female,Graduate,Single,29,50000,10532,13145,12637,13922,13556,14528,2800,0,1500,0,1200,10345,12637,12422,13556,13328,1
Female,Other,Single,28,130000,36108,34256,36357,37878,39489,41833,3000,3000,2500,3000,3000,31256,33357,35378,36489,38833,0
Male,High School,Single,52,160000,155684,157364,156581,72814,66825,63419,6525,6649,2724,2503,2310,150839,149932,70090,64322,61109,0
Female,High School,Single,48,60000,43533,39252,38051,37988,38725,39685,1700,1700,2000,1500,1600,37552,36351,35988,37225,38085,0
Male,University,Single,43,160000,12458,7146,11529,20860,0,780,7545,5000,10000,0,780,-399,6529,10860,0,0,0
Female,Graduate,Single,25,180000,23800,1246,3430,8430,92925,88283,1246,3430,5000,92925,5000,0,0,3430,0,83283,0
Male,University,Married,36,170000,75960,64683,51184,37938,25292,12646,2000,0,0,0,0,62683,51184,37938,25292,12646,0
Female,University,Single,35,360000,360023,363239,350214,319960,260944,202686,14693,30,12302,10004,7506,348546,350184,307658,250940,195180,1
Female,University,Married,34,130000,59955,61252,65399,63800,65312,37838,2260,5203,0,2670,1342,58992,60196,63800,62642,36496,0
Female,University,Single,48,180000,2551,3044,3044,5283,1660,6671,3044,3044,5283,1660,6671,0,0,0,0,0,0
Male,Graduate,Single,27,20000,6274,5971,3980,9040,9040,0,0,4000,9040,0,0,5971,-20,0,9040,0,0
Female,University,Married,43,230000,7806,8392,8967,8729,10816,15893,1295,1300,468,2816,5893,7097,7667,8261,8000,10000,0
Female,University,Married,30,220000,0,0,0,0,0,0,0,0,0,0,0,0,0,0,0,0,0
Male,University,Married,43,240000,0,0,0,0,0,0,0,0,0,0,0,0,0,0,0,0,0
Male,High School,Married,54,50000,50356,48981,47942,1261,17147,16609,2000,1120,1300,17147,1000,46981,46822,-39,0,15609,0
Female,University,Married,39,310000,7246,6713,9507,8894,7418,12154,1155,4507,1000,283,7482,5558,5000,7894,7135,4672,0
Male,Graduate,Married,70,350000,100895,70244,64839,57583,45554,37063,3371,2089,3008,1300,1500,66873,62750,54575,44254,35563,0
Female,Graduate,Single,24,50000,629,351,784,696,800,341,351,789,699,910,341,0,-5,-3,-110,0,0
Female,University,Married,30,200000,26223,-137,73284,65428,65820,2859,0,73421,1309,392,2859,-137,-137,64119,65428,0,0
Male,High School,Single,53,480000,482250,475931,429037,383821,369920,699944,18093,15233,12597,15098,14155,457838,413804,371224,354822,685789,0
Female,Graduate,Married,27,180000,81044,78403,58083,58244,56041,50816,2600,0,4700,0,2500,75803,58083,53544,56041,48316,1
Female,University,Single,33,200000,184676,178491,169860,165713,168199,160769,7900,6112,6000,6000,5838,170591,163748,159713,162199,154931,0
Male,High School,Married,34,20000,15736,16762,17774,18125,18507,19063,1284,1296,647,672,864,15478,16478,17478,17835,18199,0
Male,University,Single,48,50000,51631,45223,45461,18354,19118,19404,1800,1005,19763,1000,1000,43423,44456,-1409,18118,18404,0
Female,High School,Single,33,210000,0,0,3104,4056,565,960,0,3104,4056,565,960,0,0,0,0,0,1
Female,University,Single,24,20000,19433,20508,19662,20001,16448,16774,1700,1300,600,600,600,18808,18362,19401,15848,16174,0
Female,University,Married,31,150000,6526,779,8927,8660,692,0,783,9098,8660,698,0,-4,-171,0,-6,0,0
Female,University,Single,25,50000,46528,47456,36251,438,43367,44305,1794,1021,438,43367,1800,45662,35230,0,0,42505,0
Male,High School,Married,49,190000,178367,179062,177663,180312,185910,191895,5000,3000,7100,8700,9300,174062,174663,173212,177210,182595,1
Female,Graduate,Single,27,290000,232523,243753,253145,267412,273095,278260,16500,15000,20000,10000,9701,227253,238145,247412,263095,268559,0
Male,University,Married,39,420000,171141,118103,119543,122851,126007,129144,5700,4600,5000,5000,5000,112403,114943,117851,121007,124144,0
Female,University,Single,36,340000,337981,344920,18921,21205,19810,13586,17181,2000,10000,5000,3000,327739,16921,11205,14810,10586,0
Male,University,Single,40,60000,9744,10940,10630,10320,9865,10055,1500,0,0,0,500,9440,10630,10320,9865,9555,0
Female,Graduate,Single,27,90000,81111,83081,60210,61221,62636,54261,3500,3000,2600,2600,3000,79581,57210,58621,60036,51261,0
Female,Graduate,Single,27,30000,28207,29261,28497,29862,43148,30603,1800,0,2150,900,3776,27461,28497,27712,42248,26827,1
Female,University,Married,37,160000,1988,0,0,1188,0,0,0,0,1188,0,0,0,0,0,0,0,0
Male,University,Single,35,20000,11916,11434,13433,13398,13040,14518,0,2200,480,0,1702,11434,11233,12918,13040,12816,0
Female,University,Married,25,90000,87525,89052,85807,68186,69011,70341,4200,3000,3000,3000,2600,84852,82807,65186,66011,67741,1
Male,Graduate,Single,27,120000,20874,21930,22165,20502,19030,15119,1700,1500,700,1000,1000,20230,20665,19802,18030,14119,0
Male,Graduate,Single,38,120000,-284,-610,-936,-1262,-1588,-1914,0,0,0,0,0,-610,-936,-1262,-1588,-1914,0
Female,University,Married,50,360000,147,686,6037,1560,0,275,686,6041,1560,0,275,0,-4,0,0,0,0
Female,Graduate,Single,32,160000,16922,2552,0,0,0,0,2555,0,0,0,0,-3,0,0,0,0,0
Female,Graduate,Married,34,320000,65083,23750,22381,14685,7511,6722,23750,10162,14702,7511,6722,0,12219,-17,0,0,0
Male,University,Single,25,20000,16508,19638,19030,22033,21109,20474,3400,0,3633,0,0,16238,19030,18400,21109,20474,0
Female,Graduate,Single,29,230000,63184,64667,65888,66645,67865,69231,3100,3000,2300,2300,2500,61567,62888,64345,65565,66731,0
Male,High School,Married,44,50000,15931,17363,18735,19188,17578,16855,2000,2000,1006,1003,1000,15363,16735,18182,16575,15855,0
Male,High School,Married,48,50000,2722,33868,26646,26832,27395,27940,33895,1439,959,994,1000,-27,25207,25873,26401,26940,0
Female,High School,Single,24,40000,5496,698,400,25289,24435,2201,0,400,25289,0,0,698,0,0,24435,2201,0
Female,High School,Married,27,120000,390,390,390,780,240,630,390,390,780,0,930,0,0,0,240,-300,0
Female,University,Single,25,130000,1031,1583,776,776,776,776,1583,1000,776,776,776,0,-224,0,0,0,1
Female,High School,Single,28,110000,85918,87442,82975,80446,80006,80421,4000,6000,12,3100,3200,83442,76975,80434,76906,77221,0
Male,University,Single,22,20000,8222,7948,8958,9456,10150,10727,0,1300,800,1000,900,7948,7658,8656,9150,9827,1
Male,High School,Single,22,50000,0,0,0,0,0,0,0,0,0,0,0,0,0,0,0,0,0
Female,High School,Married,30,120000,115583,114915,117220,119599,120888,117881,4178,4223,4296,4800,4423,110737,112997,115303,116088,113458,0
Male,High School,Single,34,50000,50375,51400,0,0,0,0,2400,0,0,0,0,49000,0,0,0,0,0
Female,University,Single,34,360000,0,0,0,700,0,0,0,0,700,0,0,0,0,0,0,0,1
Female,University,Married,44,240000,3313,7458,2329,4267,2404,4243,7458,2335,4267,2404,4243,0,-6,0,0,0,1
Male,Graduate,Single,32,150000,46272,1079,0,41147,-3,-3,1082,0,41147,0,0,-3,0,0,-3,-3,0
Female,University,Single,23,50000,30501,33113,33967,28115,27529,29896,3113,1421,4295,0,3000,30000,32546,23820,27529,26896,0
Female,Graduate,Single,42,500000,30439,1844,844,614,2887,3850,1844,1000,0,3000,4000,0,-156,614,-113,-150,1
Female,University,Married,33,110000,115895,115609,113984,112510,112319,110730,6000,5500,4000,4000,4100,109609,108484,108510,108319,106630,0
Male,University,Married,48,170000,93420,96284,97322,99419,101590,111679,4371,3533,3716,3934,12030,91913,93789,95703,97656,99649,1
Female,University,Married,29,230000,30818,31209,32211,31647,34304,36849,2000,2000,1113,5000,5000,29209,30211,30534,29304,31849,0
Female,High School,Other,47,20000,9417,10436,11450,12257,12685,13306,1179,1193,1000,625,1000,9257,10257,11257,12060,12306,0
Female,Graduate,Married,41,100000,0,0,0,0,0,18149,0,0,0,0,18149,0,0,0,0,0,0
Male,Graduate,Single,28,110000,44278,41812,43095,46292,44744,36243,0,2000,5000,1514,1197,41812,41095,41292,43230,35046,0
Male,Graduate,Married,52,340000,30832,33652,35192,30000,10766,33887,33670,35212,30000,10766,33905,-18,-20,0,0,-18,1
Male,Graduate,Single,37,50000,37774,38492,36453,29700,30167,29613,1976,1564,1170,1055,1052,36516,34889,28530,29112,28561,0
Male,Graduate,Married,50,310000,316,316,10131,2456,316,316,316,10131,2456,316,316,0,0,0,0,0,0
Female,High School,Married,31,50000,38102,40025,40071,40906,42100,41269,2830,1000,1800,2000,0,37195,39071,39106,40100,41269,1
Female,High School,Married,38,240000,107148,113396,110084,112272,114779,116920,9500,0,4019,4317,4204,103896,110084,108253,110462,112716,1
Female,University,Married,48,50000,10929,13262,14273,14555,14860,15155,2526,1237,519,538,541,10736,13036,14036,14322,14614,0
Female,Graduate,Single,34,150000,0,13206,10227,398,0,0,13206,0,0,0,0,0,10227,398,0,0,0
Male,University,Single,44,140000,108033,105021,107659,109104,109352,101534,4000,4537,3800,3823,3806,101021,103122,105304,105529,97728,0
Female,High School,Married,56,30000,16088,24800,25098,24396,24907,25555,9000,1000,0,903,1061,15800,24098,24396,24004,24494,0
Female,Graduate,Married,30,300000,93738,84636,88446,76244,67747,70389,3000,5000,2500,2500,3500,81636,83446,73744,65247,66889,1
Male,Graduate,Single,29,50000,2087,2632,3355,3253,3640,3512,1000,1186,500,1000,500,1632,2169,2753,2640,3012,0
Female,University,Married,37,280000,29078,30144,32629,35126,35759,42317,1515,3000,3000,1292,7147,28629,29629,32126,34467,35170,0
Female,University,Single,23,120000,118063,120851,120013,77539,77333,79113,4700,3538,3000,3000,3000,116151,116475,74539,74333,76113,0
Female,Graduate,Married,27,30000,0,306,2017,6316,3107,0,306,2017,6316,62,0,0,0,0,3045,0,0
Female,University,Single,23,30000,3226,5591,6992,20412,14427,5119,3596,2992,16500,0,5119,1995,4000,3912,14427,0,1
Male,High School,Married,45,180000,24400,24508,22627,23306,22780,20890,1500,1500,1000,1000,1000,23008,21127,22306,21780,19890,0
Male,University,Married,33,150000,8967,11510,12022,12524,13868,13502,3001,1000,1000,1700,0,8509,11022,11524,12168,13502,0
Female,University,Married,40,110000,84589,85418,38333,37419,38199,38957,3700,4890,0,1535,1545,81718,33443,37419,36664,37412,0
Male,Graduate,Single,24,50000,50716,50606,33265,29300,20703,30101,3029,2000,1021,1004,10000,47577,31265,28279,19699,20101,1
Female,High School,Married,43,230000,0,3832,1823,3646,1823,1823,5655,0,3646,0,1823,-1823,1823,0,1823,0,0
Female,University,Single,25,230000,95311,94489,93143,87654,90172,86850,4500,4114,3500,4000,3000,89989,89029,84154,86172,83850,0
Female,Graduate,Single,46,160000,6241,8788,0,0,0,0,8805,0,0,0,0,-17,0,0,0,0,0
Male,High School,Single,36,50000,52855,49123,49522,19843,18440,18272,2206,1605,397,369,365,46917,47917,19446,18071,17907,0
Female,Graduate,Married,36,210000,0,1690,0,5619,4090,581,1690,0,5619,4090,581,0,0,0,0,0,0
Female,University,Married,38,120000,4100,7270,820,820,2870,970,7270,820,820,2870,970,0,0,0,0,0,0
Female,University,Married,42,240000,21943,36519,55515,49049,57178,42009,15000,20000,3330,30000,10000,21519,35515,45719,27178,32009,0
Male,High School,Other,47,20000,18768,18795,19390,19464,18126,18827,1400,1400,1000,700,1600,17395,17990,18464,17426,17227,0
Female,High School,Single,40,50000,5538,6563,7422,8292,8465,8650,1271,1130,1000,307,325,5292,6292,7292,8158,8325,0
Female,Graduate,Single,70,50000,49546,48480,48621,17793,18224,18612,0,2200,700,700,674,48480,46421,17093,17524,17938,0
Female,University,Married,32,50000,48508,49213,38280,12305,6436,0,3037,1800,1130,2000,0,46176,36480,11175,4436,0,0
Male,High School,Single,52,100000,73904,73249,12327,10793,5309,900,2781,2101,216,0,900,70468,10226,10577,5309,0,0
Female,Graduate,Married,49,390000,15026,13357,0,0,0,100000,13357,0,0,0,100000,0,0,0,0,0,0
Male,Graduate,Single,31,550000,43769,38907,36111,32723,26946,26439,2018,1520,1131,1005,1107,36889,34591,31592,25941,25332,0
Female,University,Single,36,450000,13500,6350,11670,1530,1232,201,6364,11728,1532,1234,201,-14,-58,-2,-2,0,0
Female,University,Married,50,80000,2587,2587,50097,48753,50000,49209,2587,50097,2000,2000,1933,0,0,46753,48000,47276,0
Female,High School,Married,48,50000,4064,5987,7719,8588,9291,11127,2000,2000,1000,1000,2000,3987,5719,7588,8291,9127,0
Female,University,Single,33,50000,49617,50352,49243,49819,19324,20103,1813,0,2169,702,1101,48539,49243,47650,18622,19002,0
Male,University,Married,44,180000,70721,69994,70204,70238,73296,73369,8000,3000,3000,5000,2595,61994,67204,67238,68296,70774,0
Male,Graduate,Single,35,240000,15432,10835,22134,32823,1897,5627,10851,22258,20076,2099,5827,-16,-124,12747,-202,-200,0
Female,High School,Single,29,320000,500,500,0,0,0,2900,500,0,0,0,2900,0,0,0,0,0,0
Female,University,Married,35,480000,18214,11031,182123,188956,179179,181746,0,182123,12960,0,9000,11031,0,175996,179179,172746,0
Female,University,Married,37,150000,1184,794,2756,0,2430,4840,0,2772,0,2430,4844,794,-16,0,0,-4,0
Female,Graduate,Single,29,110000,107195,109443,106637,106665,92417,90730,7845,4000,4000,3500,9500,101598,102637,102665,88917,81230,0
Male,Graduate,Single,30,240000,7744,7284,11234,15214,9107,5621,7305,11263,10018,21,3637,-21,-29,5196,9086,1984,0
Male,Graduate,Single,33,50000,47853,49474,47822,8585,8797,9001,2412,1500,500,500,500,47062,46322,8085,8297,8501,1
Male,University,Single,27,120000,2474,2469,2439,2439,2439,2116,2469,2439,2439,2439,2116,0,0,0,0,0,0
Female,Graduate,Married,31,150000,0,0,0,0,0,0,0,0,0,0,0,0,0,0,0,0,0
Female,High School,Single,53,100000,101503,29880,31119,58653,59477,60695,1538,1777,29103,2283,2334,28342,29342,29550,57194,58361,0
Female,University,Single,38,260000,-2,-2,725,2074,0,585,0,727,2074,0,585,-2,-2,0,0,0,0
Female,University,Single,26,250000,16884,10397,5291,4671,4400,6011,2000,1000,1010,2000,6011,8397,4291,3661,2400,0,0
Female,University,Single,26,100000,9614,0,0,0,0,16708,0,0,0,0,16708,0,0,0,0,0,0
Male,Graduate,Married,51,160000,79244,77441,75598,82277,84955,87549,0,0,8000,4000,4000,77441,75598,74277,80955,83549,1
Female,Graduate,Married,37,270000,264,264,1191,3691,3445,56264,264,1191,3691,3445,56264,0,0,0,0,0,1
Female,University,Single,42,390000,5895,42006,31192,13859,10078,4635,42016,1397,347,250,145,-10,29795,13512,9828,4490,0
Female,University,Married,43,210000,80527,82332,84043,88508,85802,85280,4000,4000,7000,0,3500,78332,80043,81508,85802,81780,0
Female,University,Single,23,30000,24285,26143,26929,19610,20591,19472,3002,2130,2,3004,8013,23141,24799,19608,17587,11459,0
Female,High School,Married,30,300000,12090,15035,25895,16416,3972,2200,15042,25500,6000,3972,2200,-7,395,10416,0,0,0
Female,High School,Married,38,190000,89619,103095,110000,115674,121313,15538,15000,10000,5674,11313,5538,88095,100000,110000,110000,10000,0
Female,Graduate,Married,35,130000,6348,321,321,0,321,0,321,321,0,321,0,0,0,0,0,0,1
Male,University,Married,44,360000,270248,138566,142337,149758,147152,149460,5000,5000,8600,0,5000,133566,137337,141158,147152,144460,0
Male,Graduate,Married,35,320000,291,2594,2691,291,291,291,2594,2691,291,291,291,0,0,0,0,0,1
Male,University,Other,35,20000,0,0,0,0,0,0,0,0,0,0,0,0,0,0,0,0,1
Male,Graduate,Married,32,360000,10729,2523,-2,-2,-2,-2,2535,0,0,0,0,-12,-2,-2,-2,-2,0
Female,University,Single,25,190000,110031,105500,104430,93,158481,161866,8614,5000,93,159212,5800,96886,99430,0,-731,156066,0
Female,University,Single,33,90000,63626,1788,1988,55970,59612,40281,1000,2000,61000,5000,1800,788,-12,-5030,54612,38481,1
Female,Graduate,Single,26,30000,2635,807,11428,2462,3605,1559,1270,11500,2462,1559,0,-463,-72,0,2046,1559,0
Male,Graduate,Single,29,240000,240248,221277,201606,183454,180255,184230,11000,9100,8000,8000,7000,210277,192506,175454,172255,177230,0
Female,Graduate,Single,26,40000,12308,13604,14873,15624,15972,16308,1500,1500,1000,600,600,12104,13373,14624,15372,15708,0
Male,University,Single,36,170000,2104,2074,10719,12654,25784,19950,2081,10725,12654,25784,19950,-7,-6,0,0,0,0
Male,Graduate,Single,37,180000,22121,31681,32552,34004,35792,36645,10000,1700,2000,2500,1600,21681,30852,32004,33292,35045,0
Male,High School,Married,63,20000,16097,16951,17090,17128,16725,17263,1400,700,600,0,800,15551,16390,16528,16725,16463,1
Female,High School,Married,48,150000,37800,40874,39922,40953,42136,43279,4000,0,2000,2000,2000,36874,39922,38953,40136,41279,0
Female,University,Married,47,50000,44624,45128,3837,3913,4146,4225,2355,1064,140,296,296,42773,2773,3773,3850,3929,1
Female,High School,Married,31,140000,89910,92588,91936,94623,94952,95234,5000,1800,5000,1900,4700,87588,90136,89623,93052,90534,0
Male,High School,Single,31,50000,40011,33648,35082,38286,37543,0,1566,2000,3800,0,1546,32082,33082,34486,37543,-1546,0
Male,Graduate,Single,34,200000,67002,76429,94564,95859,99593,101834,10000,18900,3000,4524,3084,66429,75664,92859,95069,98750,0
Female,Graduate,Married,43,100000,9122,22971,15537,27075,8423,37259,22982,15561,27091,8423,37259,-11,-24,-16,0,0,0
Female,Graduate,Single,32,250000,33323,30090,21218,10875,3328,1460,2038,2065,52,3336,1460,28052,19153,10823,-8,0,0
Female,Graduate,Single,38,80000,1927,446,909,1740,2190,518,446,909,1740,2190,518,0,0,0,0,0,0
Female,University,Married,50,170000,177956,176155,171665,65479,61234,42484,7262,5586,2272,2998,39321,168893,166079,63207,58236,3163,0
Male,High School,Single,29,80000,46638,47680,48395,49356,50560,51431,2091,1806,1767,2000,1767,45589,46589,47589,48560,49664,0
Male,University,Married,49,50000,49816,49749,48589,59469,20239,20059,3000,2000,1900,1004,1600,46749,46589,57569,19235,18459,0
Female,High School,Single,40,30000,23687,23020,25218,24514,25030,25557,0,2579,0,909,944,23020,22639,24514,24121,24613,0
Female,Graduate,Single,34,70000,70971,71272,69405,34045,34995,36025,2000,0,1220,1500,1725,69272,69405,32825,33495,34300,1
Female,High School,Married,47,30000,1355,5137,1392,696,0,696,5174,1392,696,0,696,-37,0,0,0,0,0
Male,Graduate,Married,34,200000,5023,618,605,3098,805,2154,621,608,3114,1003,2164,-3,-3,-16,-198,-10,0
Female,University,Single,27,100000,11540,1300,0,0,0,0,1303,0,0,0,0,-3,0,0,0,0,0
Male,University,Single,44,20000,17636,17947,17914,18357,19155,10200,1375,1122,565,1000,204,16572,16792,17792,18155,9996,1
Male,Graduate,Single,29,200000,2290,0,0,0,0,0,0,0,0,0,0,0,0,0,0,0,0
Male,High School,Married,72,50000,35417,36453,37166,39710,40519,41324,1908,1621,3165,1600,1620,34545,35545,36545,38919,39704,1
Male,University,Married,48,50000,40931,40892,41612,18825,18019,18124,1880,1650,10000,1000,700,39012,39962,8825,17019,17424,1
Female,Graduate,Single,27,50000,36794,35922,39319,38387,42764,41926,0,4000,0,5000,0,35922,35319,38387,37764,41926,1
Male,University,Married,44,220000,217743,180357,183453,176900,118965,172907,7000,8000,8000,6000,60000,173357,175453,168900,112965,112907,0
Female,High School,Married,39,240000,0,1234,0,0,620,0,1234,0,0,620,0,0,0,0,0,0,0
Male,Graduate,Married,40,50000,42549,36110,9715,8965,6652,7385,2200,2000,1000,500,1000,33910,7715,7965,6152,6385,0
Female,Graduate,Married,45,500000,36954,-24704,22999,18339,-3876,15586,0,83000,0,0,20000,-24704,-60001,18339,-3876,-4414,0
Male,Graduate,Single,26,170000,23594,1512,1362,1591,3524,8545,1512,1362,1591,3524,8545,0,0,0,0,0,0
Male,Graduate,Married,34,30000,220,2500,0,0,0,0,2500,0,0,0,0,0,0,0,0,0,0
Male,Graduate,Married,43,300000,0,0,0,0,0,0,0,0,0,0,0,0,0,0,0,0,1
Male,University,Single,30,50000,50507,48751,44688,19823,13645,10876,4000,2220,1000,1500,1000,44751,42468,18823,12145,9876,0
Female,High School,Married,31,100000,16033,1716,1200,0,0,1300,1716,1200,0,0,1300,0,0,0,0,0,0
Female,Graduate,Single,29,150000,108817,83654,79713,64468,66488,58131,7500,0,4000,4000,4000,76154,79713,60468,62488,54131,1
Male,Graduate,Single,28,50000,46176,40870,41590,42419,43307,44167,2000,1700,1519,1572,1580,38870,39890,40900,41735,42587,0
Female,University,Single,31,190000,771,0,4251,0,0,6732,0,4251,0,0,6732,0,0,0,0,0,0
Female,High School,Single,22,20000,14562,5991,6870,0,2734,0,1121,1000,0,1367,0,4870,5870,0,1367,0,0
Female,High School,Married,55,50000,49003,49067,50498,47579,47567,48155,2005,3900,0,2000,1900,47062,46598,47579,45567,46255,0
Female,University,Married,39,30000,223,223,223,223,223,675,223,223,223,223,675,0,0,0,0,0,1
Female,Graduate,Single,27,90000,1179,6346,4607,-6,-2153,-4306,7020,2980,3000,0,0,-674,1627,-3006,-2153,-4306,0
Female,Graduate,Single,36,500000,-312,-2479,2479,2479,763,288,0,4958,0,763,0,-2479,-2479,2479,0,288,1
Male,Graduate,Married,40,280000,5310,2196,2928,9564,22017,5220,2196,2928,9564,22017,5220,0,0,0,0,0,0
Male,University,Married,31,30000,13265,7206,0,2320,0,0,1632,780,2320,0,0,5574,-780,0,0,0,0
Female,University,Married,36,90000,49295,50206,50781,51840,52607,53784,2000,1700,2200,1750,2200,48206,49081,49640,50857,51584,0
Male,University,Married,42,200000,38187,35827,19208,20023,19572,19652,44,1303,1522,0,1099,35783,17905,18501,19572,18553,1
Male,University,Single,30,100000,914,1170,0,0,1756,0,1475,0,0,1756,0,-305,0,0,0,0,0
Male,High School,Single,40,20000,12649,15526,16383,15831,15438,17371,3103,1408,0,0,2346,12423,14975,15831,15438,15025,0
Male,University,Married,51,50000,49613,49326,47010,20661,14528,15544,3036,6000,1000,2000,2500,46290,41010,19661,12528,13044,0
Female,University,Other,51,50000,10571,2477,3234,2904,0,0,2477,2904,0,0,0,0,330,2904,0,0,0
Male,High School,Single,32,290000,1520,1200,0,1000,28661,8976,1200,0,1000,9948,8974,0,0,0,18713,2,0
Female,Graduate,Single,36,220000,0,420,0,584,790,0,420,0,584,790,0,0,0,0,0,0,0
Male,Graduate,Married,37,440000,4330,8369,16786,396,600,3596,8369,16786,396,600,3596,0,0,0,0,0,0
Male,University,Single,49,50000,90231,90647,92309,93880,99418,101392,2852,2784,2603,10000,3164,87795,89525,91277,89418,98228,1
Male,Graduate,Single,31,300000,40779,5401,2444,578,390,1424,5401,2444,578,390,1424,0,0,0,0,0,0
Female,Graduate,Married,50,290000,165563,128747,120469,78892,81561,83687,7000,10009,5000,5000,5000,121747,110460,73892,76561,78687,0
Male,University,Married,40,390000,424244,395060,258372,261498,213003,102423,587,9500,30140,4235,1998,394473,248872,231358,208768,100425,0
Female,University,Single,24,50000,29186,29792,26660,27416,27836,28473,1500,1500,1200,1010,1100,28292,25160,26216,26826,27373,0
Female,University,Single,31,220000,38746,0,0,110699,0,0,0,0,110699,0,0,0,0,0,0,0,1
Female,University,Single,29,150000,3559,4724,2629,2584,1371,0,1222,2634,1008,506,0,3502,-5,1576,865,0,0
Male,Graduate,Single,24,50000,50963,49720,50839,93436,46733,50925,1844,1963,2635,1750,5000,47876,48876,90801,44983,45925,0
Male,Graduate,Married,44,200000,667,0,0,0,0,0,0,0,0,0,0,0,0,0,0,0,0
Female,University,Single,30,120000,16812,17571,18013,18197,9032,11951,1358,1126,636,650,4000,16213,16887,17561,8382,7951,0
Female,Graduate,Married,61,230000,1443,1443,1443,1443,1443,1443,1443,1443,1443,1443,1443,0,0,0,0,0,0
Female,University,Married,28,180000,133868,125613,86893,89014,91946,93237,5300,4000,4000,10000,3200,120313,82893,85014,81946,90037,0
Male,Graduate,Single,22,20000,23538,22780,23623,19600,20100,0,3000,1400,2500,500,0,19780,22223,17100,19600,0,0
Male,University,Single,23,20000,18804,17855,17199,17548,17992,31150,2150,1000,504,600,4000,15705,16199,17044,17392,27150,0
Male,High School,Married,46,50000,13473,12800,0,0,0,0,0,0,0,0,0,12800,0,0,0,0,1
Female,Graduate,Single,24,290000,14931,15090,19239,4940,93332,96112,15090,19239,4975,96151,5500,0,0,-35,-2819,90612,0
Female,University,Single,54,290000,-68,-68,-68,675,-6,2168,0,0,743,0,2174,-68,-68,-68,-6,-6,0
Female,Graduate,Single,27,150000,0,610,610,0,610,0,610,610,0,610,0,0,0,0,0,0,0
Female,University,Single,53,190000,173058,133198,131891,133516,135008,136486,6300,5000,5000,5000,5100,126898,126891,128516,130008,131386,0
Female,University,Single,25,80000,81003,85894,87061,89008,93523,80288,8213,3491,3508,19523,3288,77681,83570,85500,74000,77000,1
Male,High School,Married,47,250000,1170,1863,3100,2560,2580,3699,1863,3112,2950,2580,3699,0,-12,-390,0,0,0
Male,University,Married,35,20000,19755,19661,20018,20427,19377,19386,1000,1000,1000,1500,900,18661,19018,19427,17877,18486,1
Female,High School,Married,45,180000,396,396,396,396,396,396,396,396,396,396,396,0,0,0,0,0,0
Male,Graduate,Single,25,80000,2109,1257,466,628,2395,930,1257,466,628,2395,0,0,0,0,0,930,0
Male,Graduate,Single,31,300000,2166,2894,8903,12445,24650,8339,2918,8974,12457,15113,8369,-24,-71,-12,9537,-30,0
Female,High School,Married,51,50000,20454,21899,20895,11241,-861,38040,2100,2000,1000,0,39500,19799,18895,10241,-861,-1460,0
Female,Graduate,Married,40,70000,51959,40519,31310,28929,29535,28160,1597,1407,972,1007,1028,38922,29903,27957,28528,27132,0
Female,Graduate,Single,30,150000,44795,43700,19543,34648,24241,19339,10000,20,30000,19800,0,33700,19523,4648,4441,19339,1
Female,Graduate,Single,29,320000,179226,-200,200,0,10000,210000,0,400,0,10000,200000,-200,-200,0,0,10000,0
Female,Graduate,Single,24,60000,60381,39798,38344,37311,37428,38187,1639,1590,1500,1354,1377,38159,36754,35811,36074,36810,0
Male,High School,Single,32,20000,3677,6002,5758,12619,12274,15049,2400,0,7000,0,3000,3602,5758,5619,12274,12049,1
Male,Graduate,Single,35,230000,117277,119823,120988,121464,123740,120937,5800,4500,3800,5000,0,114023,116488,117664,118740,120937,0
Female,University,Married,29,310000,74955,77730,78497,72529,76345,79072,4000,5000,72529,5000,4000,73730,73497,0,71345,75072,0
Female,Graduate,Single,36,230000,1545,306,8389,7465,6549,576,306,8389,9,0,0,0,0,7456,6549,576,0
Female,Graduate,Married,40,200000,2552,8064,32082,6914,1905,3244,8084,32105,7186,1905,3244,-20,-23,-272,0,0,0
Female,Graduate,Single,30,100000,28383,32903,42283,51539,50583,52588,5000,10000,10000,0,2846,27903,32283,41539,50583,49742,1
Male,University,Married,64,310000,1920,0,10124,10130,7958,0,0,10124,6,7958,0,0,0,10124,0,0,0
Male,High School,Married,33,180000,159999,156038,159924,162775,174719,178651,0,8000,7000,15000,7000,156038,151924,155775,159719,171651,1
Female,Graduate,Married,38,390000,164418,167501,134282,128701,131529,135242,9000,7027,5000,5000,6000,158501,127255,123701,126529,129242,0
Female,Graduate,Single,26,20000,0,0,450,-150,750,568,0,450,0,900,568,0,0,-150,-150,0,0
Female,University,Married,26,50000,45663,43522,43193,18768,19182,19447,2300,2349,800,835,726,41222,40844,17968,18347,18721,0
Male,Graduate,Single,29,140000,142087,255846,140057,100177,100873,98363,5528,4500,3500,4000,4000,250318,135557,96677,96873,94363,0
Male,Graduate,Single,37,170000,4334,1343,1078,1392,1606,9955,1343,1078,1392,1606,9955,0,0,0,0,0,1
Female,University,Married,45,250000,100323,37494,41300,0,0,0,2500,5300,0,0,0,34994,36000,0,0,0,0
Female,High School,Married,40,50000,49157,47990,38426,7816,7859,7979,0,2050,500,500,400,47990,36376,7316,7359,7579,1
Female,Graduate,Single,36,250000,130360,133799,137119,141367,133174,136481,5000,5000,5847,5000,5000,128799,132119,135520,128174,131481,0
Male,Graduate,Single,27,90000,56608,57897,63686,65233,66637,67882,2800,7400,3200,2600,2500,55097,56286,62033,64037,65382,0
Male,University,Married,44,90000,89875,92338,87511,47796,48306,49054,4000,4200,1700,1800,2083,88338,83311,46096,46506,46971,1
Female,Graduate,Single,27,160000,13234,0,6000,15866,4168,2067,0,6000,15866,4168,2067,0,0,0,0,0,0
Male,University,Single,29,360000,114527,119487,113438,112940,122122,121547,20046,5046,10000,10048,10043,99441,108392,102940,112074,111504,0
Female,Graduate,Single,26,330000,58667,38323,32726,43579,28908,20777,2213,5000,20000,1000,672,36110,27726,23579,27908,20105,0
Female,High School,Married,54,50000,64069,59153,56275,53936,51740,49043,0,2031,1918,1993,1614,59153,54244,52018,49747,47429,0
Female,University,Married,42,60000,57598,50821,19638,18919,16853,29682,0,2000,2000,1000,20000,50821,17638,16919,15853,9682,1
Female,High School,Single,42,10000,4908,5665,381,390,0,780,1275,381,399,0,780,4390,0,-9,0,0,0
Male,University,Married,41,70000,34779,35921,36536,35651,36427,37169,2000,1500,0,1500,1500,33921,35036,35651,34927,35669,0
Female,Graduate,Married,31,150000,2977,1408,0,0,0,0,1408,0,0,0,0,0,0,0,0,0,1
Female,University,Single,33,250000,255223,47070,48130,49625,51500,0,1600,1650,2100,3000,0,45470,46480,47525,48500,0,1
Female,High School,Married,33,130000,122199,125283,120957,41771,42648,43495,5100,3085,1493,1548,1556,120183,117872,40278,41100,41939,0
Male,Graduate,Single,27,130000,84664,72079,24934,17810,11705,10007,2039,2007,1000,1000,600,70040,22927,16810,10705,9407,0
Female,University,Married,36,100000,2205,0,1983,3543,0,0,0,1983,3543,0,0,0,0,0,0,0,0
Male,University,Single,37,130000,131446,102650,0,0,0,0,5000,0,0,0,0,97650,0,0,0,0,0
Female,University,Single,29,80000,77416,75500,69313,67972,66800,68693,2661,2509,2500,3000,3000,72839,66804,65472,63800,65693,1
Male,Graduate,Single,41,380000,350341,357703,344460,347754,334891,340728,28400,0,12800,12500,12500,329303,344460,334954,322391,328228,0
Female,University,Single,23,20000,17257,17417,14462,14750,15215,16209,1230,1239,527,702,1400,16187,13223,14223,14513,14809,1
Male,University,Single,25,20000,15789,21698,21054,20355,19980,3470,6500,0,0,10000,25065,15198,21054,20355,9980,-21595,0
Male,Graduate,Married,54,140000,139406,140295,134000,74388,92555,86993,5545,4200,3105,86417,3936,134750,129800,71283,6138,83057,1
Male,Graduate,Single,33,180000,2217,0,8264,0,3278,0,0,8264,0,3278,0,0,0,0,0,0,0
Female,Graduate,Single,29,230000,-5,-5,2969,3419,0,1841,0,2974,3425,0,1841,-5,-5,-6,0,0,0
Male,Graduate,Single,32,90000,6546,1485,25558,1443,1677,1480,1498,25572,1443,257,0,-13,-14,0,1420,1480,0
Male,University,Single,29,160000,7002,6696,6062,4203,5780,12575,7229,6085,4230,5797,12589,-533,-23,-27,-17,-14,0
Female,Graduate,Single,22,50000,49459,49281,50071,10104,9208,10075,2300,2000,1000,500,1000,46981,48071,9104,8708,9075,0
Female,University,Single,29,140000,945,945,0,0,0,0,945,0,0,0,0,0,0,0,0,0,0
Female,University,Married,31,250000,42441,43061,29385,27677,86250,65710,4000,3000,901,63000,2700,39061,26385,26776,23250,63010,0
Female,University,Single,24,120000,100,0,0,618,9614,39133,0,0,618,9614,39133,0,0,0,0,0,0
Female,Graduate,Single,27,120000,79072,80795,82451,84177,85945,87813,3000,3000,3100,3122,3300,77795,79451,81077,82823,84513,0
Female,University,Married,40,260000,243196,258720,178102,77215,79331,81483,20008,7500,3000,3500,3605,238712,170602,74215,75831,77878,0
Male,University,Single,38,10000,1050,1050,1050,1050,1050,1050,0,0,0,0,0,1050,1050,1050,1050,1050,1
Female,University,Married,38,60000,4764,30500,0,0,52829,41404,30500,0,0,52829,41404,0,0,0,0,0,0
Female,University,Married,29,60000,33147,54511,56167,28609,27660,27059,24511,6000,17000,1984,1100,30000,50167,11609,25676,25959,0
Male,University,Single,27,50000,17771,18794,19062,19443,19849,20287,1311,1299,680,703,750,17483,17763,18763,19146,19537,0
Male,High School,Married,34,130000,5444,5927,7106,7106,8106,9106,1321,1500,0,1000,1000,4606,5606,7106,7106,8106,0
Male,Graduate,Single,34,130000,31179,30569,28659,26952,15852,0,2002,1400,600,1000,0,28567,27259,26352,14852,0,0
Female,Graduate,Single,32,360000,0,0,0,0,0,0,0,0,0,0,0,0,0,0,0,0,0
Female,University,Married,36,80000,20366,21084,22411,23624,23964,25661,1352,1679,1892,870,2096,19732,20732,21732,23094,23565,0
Male,University,Single,26,50000,0,0,0,0,0,0,0,0,0,0,0,0,0,0,0,0,0
Female,Graduate,Married,33,290000,7064,1875,1814,8537,25576,13475,0,1814,8537,25576,13475,1875,0,0,0,0,0
Male,Graduate,Married,53,200000,195050,0,0,0,1000,0,0,0,0,1000,0,0,0,0,0,0,0
Male,University,Single,27,20000,18290,20144,19106,19292,0,0,2458,1200,386,1000,0,17686,17906,18906,-1000,0,0
Male,Graduate,Single,33,500000,5379,2062,10515,4158,7958,-196,2065,10556,4170,7963,196,-3,-41,-12,-5,-392,0
Female,Graduate,Single,26,130000,22415,21146,23647,22984,24315,23155,0,3500,0,2000,0,21146,20147,22984,22315,23155,0
Female,Graduate,Single,27,30000,23447,24563,25650,26222,26800,27554,1500,1500,1000,1000,1200,23063,24150,25222,25800,26354,1
Female,Graduate,Single,24,20000,7919,8637,9339,10029,10615,11285,1000,1000,1000,900,1000,7637,8339,9029,9715,10285,1
Female,University,Single,26,70000,30139,8241,8398,8864,9301,10702,2000,2000,2000,2000,3000,6241,6398,6864,7301,7702,0
Male,Graduate,Single,27,200000,4890,3630,4882,10955,10435,1665,3630,4882,11034,10435,1665,0,0,-79,0,0,0
Female,University,Married,46,50000,569,1436,3220,6592,5085,1050,1440,3224,6621,5396,1050,-4,-4,-29,-311,0,1
Male,University,Married,56,360000,750,1224,3206,291,951,2941,1236,3537,291,951,2941,-12,-331,0,0,0,0
Female,High School,Married,56,50000,33197,34961,28913,29093,29306,29506,2407,2960,1029,1059,1073,32554,25953,28064,28247,28433,0
Female,High School,Married,26,180000,32023,20233,0,0,0,0,10000,0,0,0,0,10233,0,0,0,0,0
Male,University,Single,25,50000,7180,6922,7849,8018,8884,8593,0,1200,300,1000,0,6922,6649,7718,7884,8593,1
Female,Graduate,Single,28,120000,-8,2046,0,409,872,1539,2054,0,409,872,1539,-8,0,0,0,0,0
Female,University,Married,37,80000,15234,16893,17834,17250,18470,18023,2200,1500,0,1500,0,14693,16334,17250,16970,18023,1
Female,Graduate,Married,47,330000,2246,13990,20992,681,0,5180,13990,21060,681,0,5180,0,-68,0,0,0,0
Male,High School,Married,43,40000,41094,36554,37568,38314,39141,40231,1611,1625,1371,1444,1765,34943,35943,36943,37697,38466,1
Male,University,Single,26,50000,27570,28820,29400,5124,6874,7654,2000,1200,1000,2000,1000,26820,28200,4124,4874,6654,0
Male,High School,Married,48,80000,71515,70287,61892,26779,25464,25993,3679,2305,924,1069,1100,66608,59587,25855,24395,24893,0
Male,Graduate,Married,41,450000,697,500,0,0,461,-3,505,0,0,461,3,-5,0,0,0,-6,0
Female,High School,Married,48,30000,27947,27035,27876,26640,25896,25481,2000,1800,1500,1500,1500,25035,26076,25140,24396,23981,0
Male,University,Married,28,160000,62312,66965,67648,66020,67386,68336,5856,2311,0,2377,2000,61109,65337,66020,65009,66336,0
Female,Graduate,Single,22,80000,10439,11501,12113,-33,2748,90,11501,1000,33,2871,90,0,11113,-66,-123,0,0
Male,University,Married,34,400000,52271,56788,60049,60876,65178,45933,6000,5000,1902,5000,0,50788,55049,58974,60178,45933,0
Male,University,Married,60,220000,1994,1598,6944,7161,1534,11248,1606,6978,7196,1541,11304,-8,-34,-35,-7,-56,1
Female,University,Married,25,40000,21590,24326,23642,25936,25384,26905,3400,0,3000,0,2100,20926,23642,22936,25384,24805,1
Female,University,Single,27,280000,82742,153791,85601,108984,105275,117635,10077,27785,30000,23,20000,143714,57816,78984,105252,97635,0
Female,Graduate,Single,25,50000,50380,38712,0,0,0,0,4000,0,0,0,0,34712,0,0,0,0,0
Male,University,Single,26,110000,106417,103587,56676,47332,45171,47092,9026,6000,2000,2000,3000,94561,50676,45332,43171,44092,0
Female,Graduate,Married,44,180000,2788,5646,13647,30848,15520,558,5646,13901,30848,15520,558,0,-254,0,0,0,0
Female,Graduate,Single,26,200000,18630,15996,16304,14973,20542,15810,1502,1200,300,7000,8000,14494,15104,14673,13542,7810,0
Female,Graduate,Single,33,390000,85538,79875,82853,82747,44143,38488,3500,4502,3518,2003,3001,76375,78351,79229,42140,35487,0
Female,Graduate,Single,29,400000,5154,6016,7056,7310,9943,12849,1060,1100,310,3000,3000,4956,5956,7000,6943,9849,0
Female,High School,Single,37,120000,776,1616,776,776,776,776,1616,776,776,776,776,0,0,0,0,0,1
Male,Graduate,Single,34,200000,-800,-2685,-6144,-7905,-10213,-11060,0,0,0,0,0,-2685,-6144,-7905,-10213,-11060,0
Male,University,Married,33,280000,207982,196055,182099,185925,188224,186529,8644,6445,15934,7016,6753,187411,175654,169991,181208,179776,0
Female,Graduate,Single,27,230000,105217,107857,110177,60137,62035,64034,4326,4533,2337,3035,3034,103531,105644,57800,59000,61000,0
Female,Graduate,Married,36,280000,21251,33746,8689,41652,9031,14106,33840,8689,41652,9031,14106,-94,0,0,0,0,0
Male,High School,Single,28,130000,132258,133781,133834,132336,132614,132208,6900,7000,7000,6000,5500,126881,126834,125336,126614,126708,0
Female,University,Married,35,160000,776,1172,380,776,1172,380,1172,380,776,1172,380,0,0,0,0,0,1
Male,High School,Married,47,120000,1051,671,291,1051,291,671,671,291,1051,291,671,0,0,0,0,0,0
Female,High School,Married,31,300000,331,331,331,331,-1,199,332,332,332,0,200,-1,-1,-1,-1,-1,0
Female,Graduate,Single,31,20000,264,264,2227,1357,1357,4500,264,2227,1357,1357,4500,0,0,0,0,0,0
Male,Graduate,Single,31,450000,10350,3629,3271,6271,2135,2546,3629,3271,6271,2135,2546,0,0,0,0,0,1
Male,University,Married,30,250000,2419,28965,44179,37145,46733,46963,29062,44385,40682,46873,47104,-97,-206,-3537,-140,-141,0
Female,University,Married,58,100000,101249,101476,94893,101301,101451,99319,3642,4230,10000,3582,5000,97834,90663,91301,97869,94319,0
Female,University,Single,27,150000,23165,24515,25592,24949,26846,26908,1723,1800,1100,2300,1000,22792,23792,23849,24546,25908,0
Male,University,Single,35,140000,101038,66734,64018,64656,65341,66277,4215,3221,2066,1864,1895,62519,60797,62590,63477,64382,0
Female,Graduate,Single,46,500000,33332,163500,60560,104734,41018,6258,163500,70160,104734,41018,6258,0,-9600,0,0,0,0
Male,University,Single,36,20000,3152,0,4956,10148,6979,8353,0,4956,200,2000,1500,0,0,9948,4979,6853,0
Male,University,Single,53,50000,18922,19486,19917,20017,20146,20221,1329,1310,680,705,728,18157,18607,19337,19441,19493,0
Male,University,Single,39,100000,121895,107315,115214,83649,59993,62813,4500,10000,11000,3000,4000,102815,105214,72649,56993,58813,1
Female,University,Single,27,200000,186806,166153,157633,145423,146202,144685,0,6908,5200,5400,5700,166153,150725,140223,140802,138985,0
Female,University,Single,37,150000,86037,84679,82490,78890,75240,75639,5000,5000,4000,3500,3000,79679,77490,74890,71740,72639,0
Male,Graduate,Single,23,80000,60130,59744,44031,48089,44789,30423,2550,1848,6084,38,4,57194,42183,42005,44751,30419,0
Male,Graduate,Married,40,160000,0,567,4027,3100,2123,4899,567,4059,3100,2123,4899,0,-32,0,0,0,0
Female,University,Married,44,180000,816,803,2599,0,2311,2194,803,2800,0,2311,2542,0,-201,0,0,-348,0
Female,Graduate,Married,32,270000,23351,30960,180473,58839,21334,19080,30972,180519,1177,0,19080,-12,-46,57662,21334,0,0
Female,Graduate,Single,41,180000,37353,24797,5549,22349,2974,0,1012,5549,17000,3322,0,23785,0,5349,-348,0,0
Male,Graduate,Married,54,120000,390,390,390,1878,390,930,390,390,1878,0,930,0,0,0,390,0,1
Female,Graduate,Single,29,110000,48088,45980,44231,32489,26354,20221,2000,2010,3000,3000,3000,43980,42221,29489,23354,17221,0
Female,High School,Married,61,50000,42200,0,0,0,15883,16617,0,0,0,15883,1000,0,0,0,0,15617,0
Female,High School,Single,30,200000,185723,166726,160181,161469,104232,151726,8009,6402,6715,4625,50086,158717,153779,154754,99607,101640,0
Female,High School,Married,23,70000,254,2746,1885,2216,1348,29873,6840,1885,2216,1348,29873,-4094,0,0,0,0,0
Female,University,Single,30,360000,23900,0,0,150,205150,0,0,0,150,205000,0,0,0,0,150,0,0
Female,University,Married,35,260000,425349,435873,445129,452162,258010,221780,14347,15000,12406,9279,6078,421526,430129,439756,248731,215702,1
Male,High School,Married,32,50000,40992,35215,29156,18891,19443,19478,2026,2021,1000,1001,1000,33189,27135,17891,18442,18478,0
Female,University,Married,39,380000,19261,81961,61189,38875,17876,13313,81975,1480,3000,1000,3000,-14,59709,35875,16876,10313,0
Male,University,Single,24,50000,402,-2760,-3650,-3650,-3650,-3650,0,0,0,0,0,-2760,-3650,-3650,-3650,-3650,0
Male,High School,Married,38,20000,19805,19900,390,390,0,780,1000,390,390,0,780,18900,0,0,0,0,1
Male,Other,Single,32,270000,24089,51408,27067,40359,51264,34874,52398,27787,40569,53500,35051,-990,-720,-210,-2236,-177,0
Male,Graduate,Single,32,460000,386437,393742,392625,368365,377858,362132,15000,15000,15000,15000,15000,378742,377625,353365,362858,347132,0
Male,High School,Single,24,60000,58819,59810,56566,30627,30203,28648,3000,1768,3954,1000,1500,56810,54798,26673,29203,27148,0
Female,Graduate,Married,35,200000,25663,14224,17560,3300,1920,2731,14224,17560,3300,1920,2731,0,0,0,0,0,0
Female,University,Single,37,50000,14008,13493,17259,16684,18017,17581,0,4000,0,1600,0,13493,13259,16684,16417,17581,1
Female,Graduate,Single,22,20000,19760,18570,17604,11973,9517,6799,1376,1383,1000,455,1500,17194,16221,10973,9062,5299,0
Female,University,Married,40,290000,274558,256910,229566,148812,53157,47998,10700,11014,5800,1820,2000,246210,218552,143012,51337,45998,1
Female,University,Single,36,110000,116486,105604,96945,74171,70012,62256,4353,3294,5000,8300,5000,101251,93651,69171,61712,57256,0
Female,High School,Married,51,160000,142064,144900,146534,147955,145488,155041,6600,5500,5310,0,12000,138300,141034,142645,145488,143041,1
Female,University,Married,31,70000,60058,49647,43968,41127,39137,28712,1834,1608,1559,1630,1300,47813,42360,39568,37507,27412,0
Female,Graduate,Single,39,200000,0,0,0,0,2330,0,0,0,0,2330,0,0,0,0,0,0,1
Female,University,Single,40,80000,78717,75873,68602,54617,55987,53895,3300,3300,2000,2200,2100,72573,65302,52617,53787,51795,0
Male,Graduate,Single,41,20000,18803,18376,19342,19081,19799,18718,36147,1281,658,1000,1000,-17771,18061,18423,18799,17718,1
Male,Graduate,Single,48,210000,0,570,0,0,0,0,570,0,0,0,0,0,0,0,0,0,0
Female,High School,Married,39,180000,172488,72050,0,0,0,0,3450,0,0,0,0,68600,0,0,0,0,1
Male,University,Other,53,50000,34664,17242,18417,18877,18985,18184,1500,1500,1000,800,2000,15742,16917,17877,18185,16184,0
Male,University,Single,26,30000,31305,30527,30789,29504,30276,29695,0,1060,0,1251,1078,30527,29729,29504,29025,28617,1
Male,Graduate,Single,30,150000,6708,1098,1908,1589,9918,-16586,1098,2000,1589,9918,1157,0,-92,0,0,-17743,0
Male,Graduate,Single,28,150000,1111,820,-311,-602,-893,-1184,0,0,0,0,0,820,-311,-602,-893,-1184,1
Male,Graduate,Married,43,260000,0,2000,1620,8010,0,0,2000,1620,8080,0,0,0,0,-70,0,0,0
Female,Graduate,Single,30,310000,304329,292848,279138,252703,248895,244026,14027,16800,11600,11000,10000,278821,262338,241103,237895,234026,0
Female,Graduate,Single,33,150000,96066,98277,88202,48179,49426,50534,4400,4000,2000,2000,1900,93877,84202,46179,47426,48634,0
Female,Graduate,Single,27,200000,16093,11163,11657,9423,9726,11070,11197,11657,9423,9726,11070,-34,0,0,0,0,0
Male,High School,Single,45,150000,99247,101194,81194,70590,72040,73423,4268,2725,2505,3000,3000,96926,78469,68085,69040,70423,0
Female,University,Married,54,220000,8727,2553,147,0,0,0,3011,147,0,0,0,-458,0,0,0,0,0
Female,Graduate,Single,34,540000,1784,892,946,946,946,946,892,1000,946,946,946,0,-54,0,0,0,0
Male,University,Single,30,280000,204773,188704,185257,188344,179764,167051,8038,6000,5083,5000,5036,180666,179257,183261,174764,162015,0
Male,University,Single,32,230000,49619,43435,41719,38072,33802,30435,2072,1689,1046,1025,928,41363,40030,37026,32777,29507,0
Male,Graduate,Married,39,50000,33849,36798,37890,37131,38381,39585,3817,2000,150,2000,2000,32981,35890,36981,36381,37585,0
Female,University,Single,24,20000,0,0,0,0,222,6345,0,0,0,222,6345,0,0,0,0,0,0
Male,University,Single,35,10000,8257,8001,7741,7481,7075,6815,0,0,0,0,0,8001,7741,7481,7075,6815,1
Male,Graduate,Married,46,500000,407331,403816,386053,389008,392650,391336,15043,14000,14003,14011,15003,388773,372053,375005,378639,376333,0
Female,University,Single,24,50000,49819,50135,32101,17401,19820,17399,1672,1246,574,3000,649,48463,30855,16827,16820,16750,0
Female,University,Single,35,420000,7572,18847,16615,14156,9058,3281,18920,16615,14156,9058,3281,-73,0,0,0,0,0
Female,University,Single,23,50000,21998,15299,32514,26479,27396,27789,2063,33730,0,1500,1000,13236,-1216,26479,25896,26789,0
Female,Graduate,Single,29,280000,0,0,320,2139,0,0,0,320,2139,0,0,0,0,0,0,0,0
Male,University,Married,46,50000,3656,4400,0,1704,3715,-105,1000,0,1704,2011,0,3400,0,0,1704,-105,0
Female,High School,Married,41,160000,46017,47188,46134,47063,50034,51063,2200,0,2000,3900,2000,44988,46134,45063,46134,49063,1
Female,University,Married,23,40000,33895,33068,35704,36173,36796,37288,0,3200,1500,1500,1400,33068,32504,34673,35296,35888,1
Female,University,Married,31,100000,92265,93873,1473,2946,1473,540,5000,1473,2946,0,540,88873,0,0,1473,0,0
Female,Graduate,Single,26,50000,41003,42032,42699,43617,44509,45420,1733,1400,1300,1271,1300,40299,41299,42317,43238,44120,0
Female,High School,Single,32,130000,119312,116259,103438,49319,91191,82168,20021,40354,20000,43608,103,96238,63084,29319,47583,82065,0
Female,University,Single,22,30000,27358,28612,29183,28983,13100,0,2000,1500,0,500,0,26612,27683,28983,12600,0,0
Male,University,Married,34,140000,430,430,702,430,430,430,430,702,430,430,430,0,0,0,0,0,1
Female,University,Married,32,210000,164015,155235,151267,149478,145041,107495,9320,4894,3301,3,4994,145915,146373,146177,145038,102501,0
Male,University,Married,38,50000,48797,47153,43238,17253,16307,16651,1864,1811,594,587,1000,45289,41427,16659,15720,15651,0
Male,University,Married,29,310000,31132,45718,62992,62473,69837,69898,20000,20000,2500,11056,3000,25718,42992,59973,58781,66898,0
Female,Graduate,Married,31,300000,0,1110,12192,7639,1722,4064,1110,12192,300,191,4064,0,0,7339,1531,0,0
Female,University,Single,47,30000,16039,17080,17302,17521,17893,18252,1600,800,800,800,800,15480,16502,16721,17093,17452,1
Female,High School,Married,40,90000,89928,81721,76947,46589,47730,49488,3416,4142,1700,1888,2710,78305,72805,44889,45842,46778,0
Female,University,Married,34,150000,39465,42829,41845,42844,43999,45110,4000,0,2000,2000,2000,38829,41845,40844,41999,43110,1
Male,Graduate,Single,25,90000,32755,31325,28034,29753,30601,33083,2000,3000,2000,3000,3000,29325,25034,27753,27601,30083,0
Female,High School,Single,65,80000,84985,84247,81619,30095,20639,7849,4000,2048,1300,1700,401,80247,79571,28795,18939,7448,0
Female,Graduate,Single,28,100000,555,712,712,712,862,712,712,712,712,862,712,0,0,0,0,0,1
Male,University,Single,33,10000,0,0,0,0,0,0,0,0,0,0,0,0,0,0,0,0,0
Male,Graduate,Single,31,210000,161159,165071,173443,179686,197458,138218,8000,13000,10000,20000,7000,157071,160443,169686,177458,131218,0
Female,University,Married,41,170000,21170,9698,7360,6380,11937,6378,9734,7373,6380,11937,1000,-36,-13,0,0,5378,0
Female,University,Married,32,90000,85997,83779,88577,86365,91105,89347,0,7200,0,6200,24,83779,81377,86365,84905,89323,0
Female,High School,Single,36,210000,0,4866,0,0,5916,0,4866,0,0,5916,0,0,0,0,0,0,1
Female,Graduate,Single,26,50000,36806,38212,39141,35524,30842,17043,2000,2000,8156,30000,1644,36212,37141,27368,842,15399,0
Male,Graduate,Married,30,150000,-819,35457,819,2145,17000,23698,36276,0,2145,17000,23698,-819,819,0,0,0,0
Female,Graduate,Single,30,80000,0,1313,880,0,0,0,1313,883,0,0,0,0,-3,0,0,0,0
Female,Graduate,Married,38,130000,64942,66775,0,0,0,0,4000,0,0,0,0,62775,0,0,0,0,1
Male,University,Single,30,100000,72652,90461,89011,96593,105083,103522,20000,0,10000,10000,0,70461,89011,86593,95083,103522,1
Male,Graduate,Married,41,160000,53935,57997,-3,-3,2987,1993,5000,0,0,2990,6,52997,-3,-3,-3,1987,0
Male,University,Single,31,250000,14451,15774,16780,16807,17158,17500,1504,1510,537,556,559,14270,15270,16270,16602,16941,0
Female,University,Married,42,500000,60246,74832,126778,82611,71338,29756,40000,85000,139,20000,29761,34832,41778,82472,51338,-5,0
Male,University,Single,32,260000,106093,95060,90948,84986,84491,72248,4410,6500,9500,10000,9000,90650,84448,75486,74491,63248,0
Female,University,Married,44,50000,1473,390,390,390,390,0,390,390,390,390,0,0,0,0,0,0,0
Female,University,Single,22,30000,27388,29016,26941,27491,6726,0,2075,1000,550,135,0,26941,25941,26941,6591,0,0
Female,University,Single,42,110000,57046,51005,48572,49299,47126,48215,0,2100,2500,2000,2250,51005,46472,46799,45126,45965,0
Male,Graduate,Married,39,500000,6057,9418,7667,6222,9435,7235,9418,7667,6222,9435,7235,0,0,0,0,0,0
Female,Graduate,Single,32,310000,35064,38195,39233,39577,42996,46319,4000,2000,2000,4000,4000,34195,37233,37577,38996,42319,0
Male,University,Married,37,580000,110417,89301,82057,27666,20226,276422,3757,2299,618,2636,326889,85544,79758,27048,17590,-50467,0
Female,Graduate,Married,36,340000,185268,326074,276519,251815,218706,165666,160444,10143,7190,6283,5208,165630,266376,244625,212423,160458,0
Female,University,Married,42,360000,22237,5683,1632,1632,22379,8901,6695,1632,1632,22379,8901,-1012,0,0,0,0,0
Female,Graduate,Single,29,290000,578,7124,7620,0,4788,0,7129,7620,0,4788,0,-5,0,0,0,0,0
Male,University,Single,36,30000,20424,19809,22478,24111,23447,24951,0,3000,2300,0,2500,19809,19478,21811,23447,22451,0
Female,Graduate,Single,29,80000,26524,23224,23141,22160,21478,20441,1500,1700,1000,1000,1000,21724,21441,21160,20478,19441,0
Male,Graduate,Married,38,360000,780,0,390,390,390,390,0,390,390,390,390,0,0,0,0,0,1
Female,Graduate,Single,31,170000,1561,1239,7315,10730,1686,9445,1239,7352,10730,1686,9445,0,-37,0,0,0,0
Male,University,Married,42,100000,56256,57685,58156,61103,59358,60060,3000,2688,5163,0,2358,54685,55468,55940,59358,57702,0
Male,University,Single,37,450000,457627,38692,4549,16885,6440,7440,1000,4549,16885,129,1000,37692,0,0,6311,6440,0
Female,Graduate,Single,33,260000,0,204,-810,2190,810,0,204,0,3000,0,0,0,-810,-810,810,0,0
Female,Graduate,Single,29,240000,25700,28677,22081,3428,67,1832,5009,2000,5000,0,3332,23668,20081,-1572,67,-1500,0
Female,University,Single,28,110000,5660,1150,0,0,0,0,2000,0,0,0,0,-850,0,0,0,0,0
Female,University,Single,26,240000,184501,177846,167934,169133,175175,146093,7627,6003,5504,10158,6000,170219,161931,163629,165017,140093,0
Female,University,Single,35,220000,34819,30937,30348,23459,23200,21281,2006,2022,1002,1007,1000,28931,28326,22457,22193,20281,0
Male,University,Married,33,20000,2508,3448,-202,-202,950,0,1000,202,0,1152,0,2448,-404,-202,-202,0,0
Female,Graduate,Married,51,100000,0,0,0,300,150,780,0,0,300,0,630,0,0,0,150,150,1
Male,Graduate,Single,32,300000,264,264,264,264,414,264,264,264,264,414,264,0,0,0,0,0,0
Male,University,Single,33,20000,8488,10179,11901,11901,9336,9054,2000,2000,0,0,9054,8179,9901,11901,9336,0,1
Female,Graduate,Single,30,360000,139762,143515,147037,146117,145884,147645,6000,6000,4818,5000,5000,137515,141037,141299,140884,142645,0
Male,Graduate,Single,28,220000,221268,219545,216317,181012,181435,183283,8700,8500,6300,6700,7200,210845,207817,174712,174735,176083,1
Female,University,Single,26,470000,169699,170309,167876,170610,173643,178083,6200,7000,5716,5982,7000,164109,160876,164894,167661,171083,0
Female,University,Single,22,70000,65793,26665,22630,14573,15127,12596,2000,1400,291,1500,5000,24665,21230,14282,13627,7596,0
Female,Graduate,Single,26,120000,10172,12400,14256,16859,17477,21588,3000,3000,4000,4000,5000,9400,11256,12859,13477,16588,0
Male,University,Single,35,50000,18510,19418,21097,21759,22421,23061,1500,2000,1000,1000,1000,17918,19097,20759,21421,22061,0
Male,University,Married,49,470000,169260,161760,154424,147137,138240,125866,6600,6170,5100,4726,4555,155160,148254,142037,133514,121311,0
Male,University,Married,49,130000,24008,21231,14323,7722,4689,-3614,3000,5000,2822,5000,0,18231,9323,4900,-311,-3614,0
Female,Graduate,Single,24,20000,390,707,1320,930,780,240,1097,1003,0,240,0,-390,317,930,540,240,1
Female,Graduate,Single,36,260000,1891,2438,2280,746,1989,1668,2637,2280,746,1989,1668,-199,0,0,0,0,0
Male,Graduate,Married,39,20000,628,662,596,630,664,598,700,600,700,700,600,-38,-4,-70,-36,-2,0
Female,Graduate,Single,28,300000,1314,168,1080,1080,0,0,170,1080,0,0,0,-2,0,1080,0,0,1
Female,University,Single,35,460000,449790,450047,453770,396600,392879,398478,17610,17500,13810,14100,14520,432437,436270,382790,378779,383958,0
Female,Graduate,Single,24,20000,0,20087,2110,300,150,650,20087,2200,600,0,500,0,-90,-300,150,150,1
Female,University,Single,27,360000,238971,245515,248969,253896,259403,264352,10381,9036,9066,9576,9426,235134,239933,244830,249827,254926,1
Male,Graduate,Married,40,290000,98441,95169,93718,89712,82809,76334,4000,4250,5000,3241,3500,91169,89468,84712,79568,72834,0
Male,Graduate,Married,30,90000,38921,45577,46496,40244,39903,8629,12000,5000,3000,10000,1000,33577,41496,37244,29903,7629,0
Female,Graduate,Single,26,180000,2049,0,351,631,13359,384,0,351,631,13359,384,0,0,0,0,0,0
Male,High School,Married,53,360000,0,0,0,0,0,0,0,0,0,0,0,0,0,0,0,0,0
Male,Graduate,Married,45,120000,20877,21909,22922,23376,23866,24339,1369,1382,836,866,870,20540,21540,22540,23000,23469,0
Male,University,Single,30,220000,217800,189016,137788,106713,96588,22743,7261,5170,4054,4500,1225,181755,132618,102659,92088,21518,0
Male,Graduate,Single,34,220000,203101,185384,149839,142404,120918,87005,311,38024,8105,10117,37,185073,111815,134299,110801,86968,1
Female,Graduate,Single,27,10000,499,0,0,0,0,0,0,0,0,0,0,0,0,0,0,0,1
Female,University,Single,31,320000,104850,101705,93489,95033,96941,108463,3600,4277,4000,3600,13203,98105,89212,91033,93341,95260,0
Male,Graduate,Married,33,320000,325445,202853,57051,161651,182265,0,10000,15000,105000,55000,0,192853,42051,56651,127265,0,0
Male,University,Single,39,90000,50477,22472,20148,4708,5000,5028,3000,5000,500,5000,500,19472,15148,4208,0,4528,0
Male,Graduate,Married,50,180000,66114,69436,72560,76169,77988,69293,5000,5000,5000,3000,5000,64436,67560,71169,74988,64293,0
Female,Graduate,Single,28,90000,88345,90260,87535,89335,19715,4709,3360,1947,2000,10000,4709,86900,85588,87335,9715,0,0
Male,Graduate,Married,36,100000,23070,18806,20183,21540,25775,0,1700,2000,2000,5000,0,17106,18183,19540,20775,0,0
Male,University,Married,41,340000,331003,332829,274467,275341,280913,270448,15110,11019,9502,9579,9026,317719,263448,265839,271334,261422,0
Male,Graduate,Single,22,50000,47726,51161,48310,50332,47492,50782,5500,0,3000,3000,5000,45661,48310,47332,44492,45782,1
Female,University,Married,41,240000,20272,11294,16873,1143,4317,14940,1000,16906,1143,4317,14940,10294,-33,0,0,0,0
Male,University,Single,41,10000,8722,9592,9289,10140,10417,10104,1157,0,1008,584,0,8435,9289,9132,9833,10104,0
Female,Graduate,Married,42,220000,2500,2500,2500,2500,2500,2500,0,0,0,0,0,2500,2500,2500,2500,2500,1
Female,University,Single,37,100000,107669,107529,73323,51125,46879,45538,3536,2821,3963,3147,2670,103993,70502,47162,43732,42868,0
Female,Graduate,Married,31,220000,3785,1137,377,5763,3952,412,1142,377,5763,3952,412,-5,0,0,0,0,0
Female,High School,Married,57,70000,67864,65062,66447,49103,45830,46769,2620,2730,1936,1700,1700,62442,63717,47167,44130,45069,0
Female,University,Single,37,30000,29657,30320,28991,29066,29340,30786,1763,0,1178,1223,2435,28557,28991,27888,28117,28351,1
Female,High School,Single,53,130000,11085,45677,27951,17255,10400,18776,45697,27951,17307,10400,18776,-20,0,-52,0,0,0
Female,University,Married,25,140000,81960,81757,83046,84034,77659,77180,3005,3000,3000,3000,3000,78752,80046,81034,74659,74180,0
Male,University,Single,32,20000,4485,4843,15992,14897,12792,10042,1000,16000,600,1000,500,3843,-8,14297,11792,9542,0
Female,Graduate,Married,38,150000,0,0,0,0,0,0,0,0,0,0,0,0,0,0,0,0,1
Female,University,Single,26,50000,4136,0,0,0,0,0,0,0,0,0,0,0,0,0,0,0,0
Male,University,Married,29,90000,41073,43480,73960,2442,48063,48186,3100,1000,770,48012,1756,40380,72960,1672,51,46430,0
Female,High School,Married,37,170000,158920,164353,167455,99297,59888,44262,8000,7000,5000,5000,5000,156353,160455,94297,54888,39262,0
Male,Graduate,Single,30,70000,34985,34146,35271,35986,36905,37641,0,2000,1300,1500,1500,34146,33271,34686,35405,36141,1
Female,Graduate,Single,43,200000,830,-6,-6,657,2088,150,0,0,663,2088,150,-6,-6,-6,0,0,0
Male,Graduate,Married,42,200000,19318,19067,17858,326,326,326,19067,5000,0,326,326,0,12858,326,0,0,0
Male,University,Married,40,20000,20498,19692,20498,19898,19906,18586,0,1600,0,398,0,19692,18898,19898,19508,18586,1
Male,University,Married,41,200000,96910,92934,99528,100341,102585,108567,10000,7004,5000,5003,7345,82934,92524,95341,97582,101222,0
Male,University,Single,26,170000,0,0,0,0,0,0,0,0,0,0,0,0,0,0,0,0,0
Male,Graduate,Single,25,130000,-2000,-2000,-2000,-2000,-2000,-2000,0,0,0,0,0,-2000,-2000,-2000,-2000,-2000,1
Female,Graduate,Single,27,100000,90118,88435,90147,94425,92853,93816,4110,4101,6623,0,3503,84325,86046,87802,92853,90313,0
Male,University,Single,31,180000,28566,32876,39120,38339,42679,46953,5000,7000,0,5000,5000,27876,32120,38339,37679,41953,0
Female,High School,Single,26,230000,1200,990,9079,11186,10159,11734,990,8089,2186,1159,1734,0,990,9000,9000,10000,0
Male,High School,Single,50,20000,2191,1140,12656,1693,303,12303,1140,12656,1700,500,12000,0,0,-7,-197,303,0
Female,Graduate,Married,35,500000,35176,36193,44157,48322,21593,13866,2504,10004,5178,1047,2019,33689,34153,43144,20546,11847,1
Female,Graduate,Married,38,150000,0,0,0,0,0,0,0,0,0,0,0,0,0,0,0,0,1
Female,High School,Single,40,80000,38503,40118,41199,42264,43083,43471,2500,2000,2000,1600,1200,37618,39199,40264,41483,42271,1
Male,University,Married,29,230000,56171,60250,63574,71941,75882,75619,5000,5000,10000,5000,5000,55250,58574,61941,70882,70619,0
Male,Graduate,Single,37,80000,0,0,0,0,0,0,0,0,0,0,0,0,0,0,0,0,1
Female,University,Single,24,230000,24973,24974,25566,23427,28229,31355,5000,5000,2100,5229,3355,19974,20566,21327,23000,28000,0
Female,University,Single,49,50000,38947,37799,3,18080,12227,13296,2000,1000,19000,12500,2000,35799,-997,-920,-273,11296,1
Male,University,Single,35,50000,48813,50789,49624,19880,20431,19559,5000,23000,838,1000,1000,45789,26624,19042,19431,18559,0
Female,Graduate,Single,25,10000,10438,10130,9738,9178,8398,0,0,0,0,0,0,10130,9738,9178,8398,0,0
Male,University,Single,34,140000,135949,130625,117392,111478,109353,97612,8408,3500,3500,3600,0,122217,113892,107978,105753,97612,0
Male,University,Single,42,50000,39236,39729,27068,28604,28199,58428,2094,1451,1987,1039,1500,37635,25617,26617,27160,56928,1
Male,High School,Single,28,180000,129719,133702,133758,80055,69672,33194,6070,3521,5000,5000,5004,127632,130237,75055,64672,28190,0
Male,Graduate,Single,65,360000,0,0,0,0,0,0,0,0,0,0,0,0,0,0,0,0,1
Male,High School,Married,67,580000,453985,470915,471175,486776,503914,527711,25704,9464,25065,25703,33000,445211,461711,461711,478211,494711,0
Female,Graduate,Married,43,310000,14619,1881,13750,9837,7785,14460,12484,13961,9838,7785,14460,-10603,-211,-1,0,0,0
Male,High School,Single,52,20000,16735,20373,12071,12567,13949,14318,4008,0,1000,1600,600,16365,12071,11567,12349,13718,0
Female,Graduate,Single,43,180000,8657,6847,18762,22928,3129,2398,6847,18762,22928,0,2398,0,0,0,3129,0,0
Female,Graduate,Single,24,60000,15050,16203,16891,15474,14612,16354,2000,1300,2000,1000,2000,14203,15591,13474,13612,14354,0
Female,High School,Married,59,40000,14769,15271,15383,14548,16274,15650,1573,1512,504,2770,613,13698,13871,14044,13504,15037,0
Female,University,Married,34,140000,121374,125965,102527,103337,105942,101830,8200,3000,4000,4500,4000,117765,99527,99337,101442,97830,0
Male,University,Married,32,220000,8000,8288,8000,0,8000,0,8288,8000,0,8000,0,0,0,0,0,0,0
Male,University,Single,22,10000,8602,8728,9721,9609,9503,9771,1158,1151,339,344,425,7570,8570,9270,9159,9346,1
Male,Graduate,Married,52,20000,19965,390,390,780,780,10400,390,390,780,0,10400,0,0,0,780,0,0
Female,Graduate,Single,23,50000,15036,15790,18202,18601,19138,18319,1300,2701,700,847,655,14490,15501,17901,18291,17664,0
Female,University,Single,33,50000,27752,28787,29800,30393,31031,33020,1487,1500,1081,1121,2500,27300,28300,29312,29910,30520,1
Female,University,Single,35,320000,98697,100572,103621,103720,100136,102167,3891,5240,3616,3770,4264,96681,98381,100104,96366,97903,0
Male,University,Single,34,20000,2199,1530,750,2280,1500,780,1530,750,1140,3000,780,0,0,1140,-1500,0,0
Male,University,Married,40,50000,48219,48978,49257,19641,20053,19613,2037,2316,690,715,718,46941,46941,18951,19338,18895,0
Male,Graduate,Married,49,340000,1960,1052,6730,1346,3684,745,1228,7270,2000,4325,0,-176,-540,-654,-641,745,0
Female,University,Married,32,360000,-301,-301,-301,-301,-301,-301,0,0,0,0,0,-301,-301,-301,-301,-301,1
Female,University,Married,33,300000,0,0,0,0,0,0,0,0,0,0,0,0,0,0,0,0,0
Female,University,Single,26,40000,31475,32663,33813,34952,36447,35515,2000,2000,2000,2500,0,30663,31813,32952,33947,35515,0
Male,Graduate,Married,51,150000,128968,138260,134573,136026,97517,47027,12900,0,5399,4224,1830,125360,134573,130627,93293,45197,0
Female,University,Single,40,20000,18278,17696,19008,19083,21871,21236,0,1612,687,3100,0,17696,17396,18396,18771,21236,1
Female,High School,Married,35,30000,-5,-5,2605,893,895,2328,0,2610,18,2,2333,-5,-5,875,893,-5,0
Female,University,Married,27,80000,390,0,780,0,0,0,390,780,0,0,0,-390,0,0,0,0,0
Female,High School,Married,38,390000,241,0,0,0,739,0,0,0,0,739,0,0,0,0,0,0,1
Female,University,Single,22,20000,5613,5377,6920,6911,6655,7191,0,1638,251,0,647,5377,5282,6660,6655,6544,1
Male,University,Married,42,200000,68670,69702,70015,72073,71690,73661,4000,4000,5000,2563,5000,65702,66015,67073,69127,68661,1
Female,High School,Married,35,80000,49544,50418,51810,28964,13059,13488,1970,2355,1500,1000,646,48448,49455,27464,12059,12842,0
Female,University,Married,36,50000,50922,50367,41627,42297,43031,45837,1715,1991,1661,1566,3526,48652,39636,40636,41465,42311,1
Female,University,Married,38,230000,10906,9692,9162,10466,9426,8099,1364,1393,2003,1000,1000,8328,7769,8463,8426,7099,0
Female,University,Single,31,190000,147586,155228,160588,162241,165794,168951,10000,7891,5743,6102,6000,145228,152697,156498,159692,162951,0
Male,High School,Married,36,260000,154462,153799,77156,73658,70273,67100,7425,2795,2779,2947,3400,146374,74361,70879,67326,63700,0
Female,Graduate,Married,39,100000,29449,55139,34181,12592,71340,32453,55139,34181,12592,71340,32453,0,0,0,0,0,0
Male,University,Single,41,140000,132758,83498,84837,85663,79852,81090,4002,3900,3000,2892,3059,79496,80937,82663,76960,78031,0
Female,University,Married,42,20000,12426,13143,14152,14435,14802,15256,1225,1234,517,600,700,11918,12918,13918,14202,14556,1
Male,University,Single,30,80000,69392,64149,53200,29707,28427,10072,3046,1874,2000,1000,1000,61103,51326,27707,27427,9072,0
Male,Graduate,Single,32,360000,304907,309972,315730,113412,2500,0,12557,13738,5053,2500,0,297415,301992,108359,0,0,0
Male,University,Single,31,70000,46079,47232,48618,51134,50222,48874,2200,2500,3600,0,1754,45032,46118,47534,50222,47120,1
Female,University,Married,24,30000,31214,28983,28301,31072,24147,4007,0,1400,3561,483,80,28983,26901,27511,23664,3927,1
Female,Graduate,Married,39,500000,358020,360047,369045,382231,204593,211655,15000,15000,20000,10000,10000,345047,354045,362231,194593,201655,0
Female,University,Single,30,320000,416,416,416,416,1829,1833,416,416,416,1829,1833,0,0,0,0,0,0
Female,Graduate,Married,34,500000,32715,60927,76088,110294,108964,103548,30007,30000,50000,5000,5000,30920,46088,60294,103964,98548,0
Female,Graduate,Married,27,240000,0,0,402,14350,14129,10222,0,402,14350,1129,1222,0,0,0,13000,9000,0
Female,Graduate,Single,25,50000,574,801,686,527,312,442,801,686,527,312,442,0,0,0,0,0,0
Female,University,Married,39,120000,31611,32264,32786,33018,27114,26287,1562,1500,1059,988,922,30702,31286,31959,26126,25365,0
Female,Graduate,Single,32,250000,26465,30762,32833,34055,34321,23166,5000,3000,2500,1000,3050,25762,29833,31555,33321,20116,0
Female,University,Married,39,180000,65710,58159,60188,61090,62450,63911,2500,3000,2500,2500,2500,55659,57188,58590,59950,61411,0
Female,University,Single,22,10000,5208,654,9954,9719,6547,654,654,9954,9919,0,654,0,0,-200,6547,0,0
Female,High School,Married,53,200000,98426,91948,17042,10075,5107,7789,52306,1000,212,102,7786,39642,16042,9863,5005,3,0
Female,Graduate,Single,29,120000,380,380,380,380,380,380,380,380,380,380,380,0,0,0,0,0,0
Male,University,Married,38,230000,326,326,326,326,326,326,326,326,326,326,326,0,0,0,0,0,0
Female,Graduate,Married,36,330000,0,0,0,1983,0,207,0,0,1983,0,207,0,0,0,0,0,0
Female,University,Single,28,50000,28457,29491,30508,31599,32262,32904,1492,1509,1600,1170,1177,27999,28999,29999,31092,31727,1
Male,University,Single,32,130000,27495,0,0,0,0,0,0,0,0,0,0,0,0,0,0,0,0
Male,University,Single,26,110000,58112,56620,60732,61938,63097,64492,0,5700,2800,2300,2600,56620,55032,59138,60797,61892,1
Female,High School,Single,40,30000,2208,7808,0,196,46,5346,7006,0,196,0,5300,802,0,0,46,46,0
Female,Graduate,Single,25,120000,8676,10599,5814,4426,3038,5184,5000,5814,0,0,5184,5599,0,4426,3038,0,0
Female,Graduate,Single,28,120000,398,954,0,170,170,0,958,0,170,0,0,-4,0,0,170,0,0
Female,University,Married,40,210000,42820,44156,44864,45768,48204,49453,1856,1564,1468,3000,2000,42300,43300,44300,45204,47453,0
Male,University,Married,47,30000,15148,14620,15322,16469,16063,17295,0,1253,1400,0,1500,14620,14069,15069,16063,15795,0
Male,High School,Single,27,50000,54529,53143,53782,50982,51740,49062,1800,3900,300,3400,0,51343,49882,50682,48340,49062,0
Female,University,Single,42,140000,176,395,1204,700,748,-784,395,1204,0,748,0,0,0,700,0,-784,0
Male,High School,Married,37,140000,136184,138932,140185,136438,144979,139314,6400,5000,0,10800,0,132532,135185,136438,134179,139314,0
Male,University,Married,55,50000,50528,50541,49345,20238,18646,19034,2100,1305,1201,663,684,48441,48040,19037,17983,18350,0
Male,High School,Married,46,130000,26582,25956,25144,23235,13277,13895,100,2000,1000,700,1000,25856,23144,22235,12577,12895,1
Female,University,Single,30,80000,6393,6148,7311,7303,7456,7605,0,1266,258,267,269,6148,6045,7045,7189,7336,1
Female,High School,Married,51,50000,44766,48047,46640,40551,19398,0,4000,0,811,1000,0,44047,46640,39740,18398,0,0
Male,Graduate,Married,35,100000,17365,18102,17514,20207,19745,20263,1310,0,3000,0,1000,16792,17514,17207,19745,19263,0
Male,University,Married,48,220000,61614,45669,11086,4564,6549,6413,45889,11134,4578,6593,6440,-220,-48,-14,-44,-27,0
Female,University,Married,28,260000,711,711,5514,1989,711,8503,711,5514,0,711,8503,0,0,1989,0,0,0
Male,Graduate,Single,40,320000,304702,307943,314201,319204,325758,319898,20000,12868,11721,12000,13000,287943,301333,307483,313758,306898,0
Female,University,Married,30,80000,5123,7864,9701,8969,8529,8737,3000,2005,1013,1000,350,4864,7696,7956,7529,8387,0
Male,Graduate,Single,55,140000,65640,66998,68201,68866,65781,66850,2800,3000,2500,2350,2400,64198,65201,66366,63431,64450,0
Male,University,Married,26,180000,175539,138825,51686,2594,171716,181693,3826,7000,0,171716,13400,134999,44686,2594,0,168293,1
Male,Other,Single,23,80000,-24,3032,3318,1278,2541,15452,3056,3324,1278,2003,15000,-24,-6,0,538,452,0
Male,University,Single,40,250000,0,0,0,0,0,0,0,0,0,0,0,0,0,0,0,0,0
Male,Graduate,Single,33,80000,75454,77738,77235,76835,34751,0,4100,2000,0,0,0,73638,75235,76835,34751,0,0
Male,High School,Married,50,30000,28339,24232,15626,9330,4372,1419,1681,2000,0,0,1419,22551,13626,9330,4372,0,1
Female,University,Married,26,120000,13587,11433,7823,0,4913,7023,11433,7823,0,4913,7023,0,0,0,0,0,0
Female,University,Single,29,120000,82064,83847,85558,86491,88136,89886,4000,4000,3250,3195,3210,79847,81558,83241,84941,86676,0
Male,University,Married,29,20000,8024,11718,11238,12735,14359,19076,4000,0,2000,2000,5000,7718,11238,10735,12359,14076,0
Male,University,Single,40,50000,26566,14851,4013,2027,15090,14078,3000,1000,41,30525,477,11851,3013,1986,-15435,13601,0
Male,University,Married,50,250000,390,390,390,8042,16014,5607,390,390,8042,16014,5607,0,0,0,0,0,0
Male,Graduate,Single,37,260000,112053,108596,100005,101759,100698,99222,5000,5000,5000,5000,5000,103596,95005,96759,95698,94222,0
Female,Graduate,Single,27,180000,980,980,376,0,2202,150,0,376,0,2202,0,980,0,0,0,150,0
Male,High School,Married,49,20000,390,678,0,780,0,378,678,0,780,0,378,0,0,0,0,0,0
Male,University,Married,55,150000,76516,78505,76652,77688,79440,81126,3800,0,2800,3000,3000,74705,76652,74888,76440,78126,1
Male,Graduate,Single,34,260000,6776,3198,2123,11774,6166,3583,3222,2125,11892,6192,3601,-24,-2,-118,-26,-18,0
Male,Graduate,Married,43,230000,9462,9701,10277,13148,12834,13861,1000,1000,3000,0,1200,8701,9277,10148,12834,12661,0
Female,Graduate,Single,24,70000,69572,71233,66844,50410,44958,46655,2828,2337,1702,1800,2600,68405,64507,48708,43158,44055,0
Female,Graduate,Married,33,160000,7429,7165,1849,4715,799,0,8000,2000,4755,0,0,-835,-151,-40,799,0,0
Female,University,Married,42,50000,0,0,0,0,0,0,0,0,0,0,0,0,0,0,0,0,0
Male,University,Married,37,170000,490,-10,4910,0,0,1000,0,4920,0,0,1000,-10,-10,0,0,0,0
Female,High School,Married,39,210000,106028,107312,65968,67307,46511,47583,6000,5000,2697,2000,2012,101312,60968,64610,44511,45571,0
Male,Graduate,Single,28,230000,0,0,0,0,0,0,0,0,0,0,0,0,0,0,0,0,0
Male,University,Married,36,110000,57135,55648,59518,57964,66995,65762,0,4803,0,10000,0,55648,54715,57964,56995,65762,1
Female,University,Married,39,80000,44002,43156,22478,5011,4674,0,2300,22478,5011,4674,0,40856,0,0,0,0,0
Female,University,Married,54,90000,692,392,332,14579,2091,506,394,332,14579,2091,506,-2,0,0,0,0,0
Female,Graduate,Married,41,90000,78700,80348,81630,82890,84709,86252,3500,3200,3200,3300,3100,76848,78430,79690,81409,83152,1
Female,Graduate,Married,42,250000,744,2244,1372,686,1522,686,2186,0,0,1522,0,58,1372,686,0,686,0
Male,University,Single,31,270000,16616,16911,14692,13907,10660,10683,2500,0,1000,0,2000,14411,14692,12907,10660,8683,0
Male,High School,Single,23,20000,10103,11139,12106,12349,11420,11641,1205,1172,415,404,400,9934,10934,11934,11016,11241,0
Female,Other,Single,34,80000,2898,1457,1261,1261,2522,1261,0,1261,1261,2522,0,1457,0,0,0,1261,0
Male,Graduate,Single,23,20000,15077,15534,16540,17267,17475,17838,1000,1273,1000,631,650,14534,15267,16267,16844,17188,0
Female,University,Married,36,150000,83853,87227,96253,93562,96510,63417,5000,11700,0,5000,2500,82227,84553,93562,91510,60917,0
Female,High School,Married,37,80000,99396,100495,97982,100261,102147,91829,3560,0,3912,3832,3508,96935,97982,96349,98315,88321,1
Female,University,Married,47,130000,46096,37939,39138,40023,40536,41697,2167,2000,2000,1469,2000,35772,37138,38023,39067,39697,0
Female,Graduate,Single,28,320000,18506,12237,913,5356,58545,7357,1062,1116,5384,58837,7393,11175,-203,-28,-292,-36,0
Female,Graduate,Single,24,50000,43379,46097,44187,43165,37967,36327,3628,8,1500,1490,1303,42469,44179,41665,36477,35024,1
Female,University,Married,34,260000,135489,138509,138076,110044,111906,104073,5007,5003,5004,4052,4010,133502,133073,105040,107854,100063,0
Female,Graduate,Single,35,140000,56528,57973,58679,59379,60636,61656,2800,2100,2100,2200,2000,55173,56579,57279,58436,59656,0
Female,High School,Married,53,10000,4479,4272,4064,3856,4390,4171,0,0,0,900,0,4272,4064,3856,3490,4171,1
Male,Graduate,Single,30,180000,139804,136528,57096,52694,50276,52945,7000,6000,3500,3500,3500,129528,51096,49194,46776,49445,0
Male,Graduate,Married,71,250000,177484,177946,159849,145461,141487,147705,6243,5446,4721,4385,7805,171703,154403,140740,137102,139900,0
Male,Graduate,Single,23,20000,15383,16142,15586,17322,16908,17564,1300,0,2000,0,1240,14842,15586,15322,16908,16324,1
Male,High School,Single,28,50000,48963,50381,50287,20406,20206,19690,2500,1293,839,870,940,47881,48994,19567,19336,18750,0
Female,Graduate,Married,38,120000,0,0,4050,4050,0,0,0,4051,0,0,7,0,-1,4050,0,-7,0
Female,University,Married,49,160000,58943,60210,60755,59180,62835,61670,2800,2120,0,4611,0,57410,58635,59180,58224,61670,0
Female,University,Single,22,60000,11718,4878,18347,15707,18976,6355,1000,37325,20800,3500,1232,3878,-18978,-5093,15476,5123,0
Male,University,Single,31,130000,116437,112881,96191,88934,90633,91459,4911,3533,3301,3607,5516,107970,92658,85633,87026,85943,0
Male,University,Married,41,320000,0,0,0,0,700,860,0,0,0,700,860,0,0,0,0,0,1
Female,University,Married,43,50000,35268,34807,31071,30258,29579,28396,1600,1400,1500,1200,1500,33207,29671,28758,28379,26896,0
Male,University,Single,33,50000,48058,49348,41707,29358,29860,30461,2097,1456,1200,1100,1076,47251,40251,28158,28760,29385,1
Female,University,Married,44,70000,12662,13661,13145,14123,13754,14724,1500,0,1200,0,1200,12161,13145,12923,13754,13524,1
Female,University,Married,44,80000,76992,73036,17576,5616,25439,25833,2000,1000,4554,21000,1000,71036,16576,1062,4439,24833,0
Male,University,Single,27,230000,416,568,1427,14947,13255,8226,568,1427,14947,437,1000,0,0,0,12818,7226,1
Male,High School,Single,43,20000,390,1736,1170,780,780,0,1736,0,0,0,0,0,1170,780,780,0,1
Female,High School,Single,39,20000,12241,16020,16457,20906,20289,20407,4000,1000,4750,0,600,12020,15457,16156,20289,19807,0
Male,University,Single,42,360000,10000,10000,141,7054,-2946,-2946,10000,141,7054,1941,0,0,0,0,-4887,-2946,0
Female,Graduate,Single,28,90000,-1886,-2086,34347,35042,46098,46658,0,36633,1328,11696,1350,-2086,-2286,33714,34402,45308,0
Female,University,Married,34,160000,77290,72681,66526,66893,66637,67877,4500,2500,3000,3000,4000,68181,64026,63893,63637,63877,0
Male,Graduate,Single,36,50000,49845,51215,47074,18853,19405,19237,2505,2300,0,1000,800,48710,44774,18853,18405,18437,0
Female,Graduate,Single,27,220000,164855,168607,152765,152953,156065,145846,6102,7000,6500,5573,7000,162505,145765,146453,150492,138846,0
Male,Graduate,Single,42,350000,320982,322788,272799,117867,117518,119718,12618,11127,4327,4261,4150,310170,261672,113540,113257,115568,1
Female,Graduate,Single,29,120000,3945,5795,10863,1601,1126,4802,5894,10863,0,1126,4802,-99,0,1601,0,0,0
Female,Graduate,Single,30,210000,73903,72153,73634,75095,76886,78604,0,2674,2687,3000,3000,72153,70960,72408,73886,75604,0
Female,University,Married,31,100000,17606,17040,19139,19325,20855,20372,0,2700,800,2000,0,17040,16439,18525,18855,20372,0
Female,High School,Single,52,50000,34781,34458,33311,18033,18740,19408,1725,1800,3000,1000,1000,32733,31511,15033,17740,18408,1
Female,Graduate,Single,26,340000,58363,106270,159464,155685,137838,6556,56270,59503,3330,40,6556,50000,99961,152355,137798,0,0
Male,Graduate,Married,57,140000,108660,105504,113177,113622,116396,115826,0,10970,3805,4747,1932,105504,102207,109817,111649,113894,1
Male,University,Single,42,50000,47691,48738,48565,48301,50851,51153,3304,2300,2000,3500,3000,45434,46265,46301,47351,48153,0
Male,University,Single,31,50000,16617,16061,17082,18969,18524,18947,0,1294,2181,0,731,16061,15788,16788,18524,18216,0
Female,Graduate,Single,27,90000,56754,58835,59461,60974,62339,63648,3000,2200,2500,2500,2500,55835,57261,58474,59839,61148,0
Male,University,Married,66,160000,67771,69535,70848,71739,73090,74490,3400,3000,2600,2600,2700,66135,67848,69139,70490,71790,1
Male,University,Single,27,250000,34799,25831,24448,20492,18812,17663,2027,2000,1007,1031,2000,23804,22448,19485,17781,15663,0
Male,Graduate,Single,23,50000,0,0,0,0,0,19553,0,0,0,0,19553,0,0,0,0,0,0
Female,University,Married,36,300000,141486,79474,80813,111116,13534,10379,6000,5000,30303,2011,856,73474,75813,80813,11523,9523,0
Female,University,Single,34,230000,-2,-2,-2,-2,794,796,0,0,0,796,2,-2,-2,-2,-2,794,0
Male,Graduate,Married,43,260000,0,0,0,14855,13650,0,0,0,15055,0,0,0,0,-200,13650,0,1
Female,Graduate,Single,22,60000,58841,60970,58082,59882,19663,29343,3700,1400,2000,500,30000,57270,56682,57882,19163,-657,0
Male,High School,Married,41,140000,2139,0,1686,1686,205,6689,0,1686,0,205,6689,0,0,1686,0,0,0
Female,High School,Other,49,70000,92033,79841,80149,47735,48737,50225,3078,13489,7000,1771,2300,76763,66660,40735,46966,47925,1
Male,High School,Married,41,20000,18738,18986,20110,19584,16539,19466,1376,1500,593,2701,4261,17610,18610,18991,13838,15205,1
Female,University,Married,27,20000,4899,4675,5685,6490,6837,6435,0,1095,900,596,0,4675,4590,5590,6241,6435,1
Male,Other,Married,28,170000,171098,166176,169759,11760,0,4902,14000,5695,11760,0,4902,152176,164064,0,0,0,0
Female,High School,Other,55,150000,1080,17493,9160,2939,3396,1870,17498,9160,2939,3396,1870,-5,0,0,0,0,0
Male,University,Single,26,50000,13117,16887,16323,16752,17229,18931,4000,0,1000,900,2000,12887,16323,15752,16329,16931,0
Male,Graduate,Married,49,60000,60289,57426,25820,25793,28224,28968,1580,1500,1100,3000,1200,55846,24320,24693,25224,27768,1
Female,Graduate,Single,29,230000,1960,11055,2269,9818,690,5369,11055,2269,9818,690,5369,0,0,0,0,0,0
Male,University,Single,30,100000,31373,32155,32331,29035,19576,33825,1602,1451,4,41,34938,30553,30880,29031,19535,-1113,0
Male,Graduate,Single,24,150000,1050,3258,3664,1461,2348,3626,3258,3735,1461,2348,3626,0,-71,0,0,0,0
Male,University,Single,51,70000,67880,66658,58486,29171,17725,17693,3028,3199,1267,642,651,63630,55287,27904,17083,17042,0
Male,Graduate,Single,25,150000,52952,95134,31578,26089,16624,5107,60086,2000,2000,5000,6000,35048,29578,24089,11624,-893,0
Female,University,Single,25,50000,23529,27889,22800,21930,23183,17613,4820,1500,1000,2000,1000,23069,21300,20930,21183,16613,0
Female,Graduate,Single,29,110000,95690,105101,105676,106506,103591,109276,11000,3800,4000,0,8800,94101,101876,102506,103591,100476,1
Female,Graduate,Single,25,290000,305823,303701,296384,248801,241983,230925,15000,10500,10000,15000,7844,288701,285884,238801,226983,223081,1
Female,University,Single,42,310000,128166,102808,94484,95087,80331,66813,3844,5000,5000,6000,6000,98964,89484,90087,74331,60813,0
Female,University,Married,38,80000,74236,63120,53897,54292,55430,57011,2125,2000,2000,2010,2500,60995,51897,52292,53420,54511,0
Male,Graduate,Married,54,220000,0,0,0,0,0,0,0,0,0,0,0,0,0,0,0,0,0
Female,University,Married,62,230000,167635,170085,172204,173045,176163,179625,6474,7726,5601,6100,6427,163611,164478,167444,170063,173198,0
Male,Graduate,Married,52,360000,236171,228951,220826,191655,162435,132093,8500,7800,6665,5670,4461,220451,213026,184990,156765,127632,0
Male,Graduate,Married,48,320000,25840,13260,13217,17967,-13,-13,13326,13289,18064,0,0,-66,-72,-97,-13,-13,0
Male,Graduate,Single,30,20000,14406,20653,19995,19391,19120,19158,6500,84,7171,1000,1000,14153,19911,12220,18120,18158,0
Female,University,Single,35,360000,61793,79467,26943,148307,71373,7406,79651,26943,148307,71373,7406,-184,0,0,0,0,0
Female,University,Married,38,360000,0,0,0,0,0,0,0,0,0,0,0,0,0,0,0,0,0
Female,Graduate,Married,37,440000,10858,46104,21349,11569,-1401,1773,50004,20000,12000,0,3773,-3900,1349,-431,-1401,-2000,0
Male,University,Married,49,400000,175904,179579,186539,196029,192680,195226,8000,11500,14100,4,6804,171579,175039,181929,192676,188422,1
Male,University,Married,35,180000,32082,31293,31570,33370,33370,0,0,1400,2200,0,0,31293,30170,31170,33370,0,0
Female,Graduate,Single,30,230000,0,0,0,0,0,0,0,0,0,0,0,0,0,0,0,0,0
Female,Graduate,Single,29,200000,9078,11612,12100,13900,15900,0,3000,1500,2000,2000,0,8612,10600,11900,13900,0,0
Male,Graduate,Married,34,230000,22954,11225,10669,13498,12482,9949,1700,1380,8000,1000,4000,9525,9289,5498,11482,5949,0
Male,University,Married,53,50000,47824,48954,46716,18685,19076,19466,1948,1835,669,692,707,47006,44881,18016,18384,18759,0
Male,Graduate,Single,36,270000,15986,16635,15913,14192,10559,7672,2008,1513,1019,515,302,14627,14400,13173,10044,7370,0
Female,University,Single,29,440000,485921,234046,214092,201210,186455,169455,20000,7822,8000,6000,16000,214046,206270,193210,180455,153455,0
Male,Graduate,Married,53,340000,3780,3295,1461,1903,1492,4409,3295,1461,1903,1492,4409,0,0,0,0,0,0
Male,University,Single,35,320000,12233,16490,20011,17918,18627,19167,7000,4100,1000,1000,1000,9490,15911,16918,17627,18167,0
Female,University,Single,36,500000,339,0,28119,29698,32229,27912,0,28119,2000,3200,3000,0,0,27698,29029,24912,0
Female,University,Married,33,30000,29568,3663,26539,28352,17596,7576,3701,27209,5024,523,1000,-38,-670,23328,17073,6576,0
Female,High School,Single,55,120000,102735,80762,77846,77404,75056,75951,3000,3000,2655,2664,3000,77762,74846,74749,72392,72951,0
Male,Graduate,Single,37,310000,10513,11228,12222,12468,11809,12044,1193,1187,433,428,431,10035,11035,12035,11381,11613,0
Female,High School,Single,31,110000,2705,2487,2500,2500,0,0,2487,2700,2500,0,0,0,-200,0,0,0,0
Male,University,Single,31,400000,185677,189682,194509,199284,203502,195769,7000,8000,8000,7500,9000,182682,186509,191284,196002,186769,0
Female,Graduate,Married,55,150000,2070,7620,0,0,0,0,7620,0,0,0,0,0,0,0,0,0,0
Male,Graduate,Married,42,50000,47454,30680,-220,-1000,-1000,0,3000,220,780,0,1000,27680,-440,-1780,-1000,-1000,0
Male,University,Married,27,270000,21256,19819,19200,18527,18413,18010,1618,1569,631,652,637,18201,17631,17896,17761,17373,0
Female,High School,Married,39,30000,14517,3670,3280,2890,15839,13680,2500,2500,2500,15839,666,1170,780,390,0,13014,1
Male,Graduate,Married,57,30000,23978,26749,28085,27344,26768,27454,3478,2073,0,0,1129,23271,26012,27344,26768,26325,1
Male,University,Single,24,20000,10700,510,900,704,540,150,510,390,1094,2420,150,0,510,-390,-1880,0,0
Female,University,Single,22,50000,18471,19483,19431,19307,19361,19738,1329,1307,683,857,856,18154,18124,18624,18504,18882,0
Male,University,Married,50,100000,101430,87429,108011,104261,102451,99947,5001,64401,4000,4500,4200,82428,43610,100261,97951,95747,0
Female,Graduate,Single,29,200000,0,0,3941,16405,-150,2327,0,3941,16405,0,2477,0,0,0,-150,-150,0
Male,Graduate,Married,38,500000,419487,389605,309466,246519,247263,251389,13000,20000,15000,9322,10000,376605,289466,231519,237941,241389,0
Male,University,Married,43,190000,90580,72260,80337,84221,91805,100053,10000,10000,10000,9000,10000,62260,70337,74221,82805,90053,0
Male,University,Married,47,130000,5837,21038,722,4399,0,0,21038,729,4399,0,0,0,-7,0,0,0,0
Male,University,Single,23,50000,17792,20036,18664,18416,416,416,2956,0,368,416,416,17080,18664,18048,0,0,0
Male,High School,Single,22,10000,9363,5062,6021,6763,7648,8367,1200,1200,1000,1000,1000,3862,4821,5763,6648,7367,0
Female,Graduate,Married,47,1000000,964511,983931,535020,891586,927171,961664,50784,50723,896040,50000,50000,933147,484297,-4454,877171,911664,0
Female,High School,Married,35,150000,11500,4998,4996,4998,4998,49398,4998,4996,5000,4998,49398,0,0,-2,0,0,0
Male,University,Married,37,20000,17219,14640,19400,0,0,17666,2000,19400,0,0,17666,12640,0,0,0,0,1
Female,Graduate,Single,30,140000,1070,4593,4705,1710,0,6096,4593,4705,1710,0,6096,0,0,0,0,0,1
Female,Graduate,Married,45,210000,-200,-200,-200,0,2000,0,0,0,200,2000,0,-200,-200,-200,0,0,0
Male,High School,Married,53,360000,8669,8254,8988,6868,5604,6158,1303,1513,706,700,600,6951,7475,6162,4904,5558,0
Male,Graduate,Single,30,60000,59959,49744,48257,46353,45481,48373,10020,4000,4000,0,3800,39724,44257,42353,45481,44573,0
Male,University,Married,33,30000,15662,16601,21291,21939,22435,23160,1500,5000,1000,1000,1100,15101,16291,20939,21435,22060,0
Female,University,Married,37,140000,127693,26633,28180,29702,31223,35683,2000,2000,2000,2000,5000,24633,26180,27702,29223,30683,0
Female,Graduate,Single,21,20000,17471,14129,13937,9429,1393,2055,1400,3500,1567,162,2055,12729,10437,7862,1231,0,0
Female,University,Single,32,120000,15602,16482,16743,17185,18281,17312,2000,1551,2000,1500,457,14482,15192,15185,16781,16855,1
Male,Graduate,Married,45,80000,-50,-440,170,-220,390,0,0,1000,0,1000,0,-440,-830,-220,-610,0,0
Female,University,Married,41,50000,21910,23251,24059,24658,25212,25642,2000,1500,1000,1100,1000,21251,22559,23658,24112,24642,0
Female,Graduate,Single,27,360000,0,0,830,0,1271,179,0,830,0,1271,179,0,0,0,0,0,0
Male,Graduate,Single,30,500000,416171,437749,460317,472621,484993,496915,30000,30000,20000,20000,20000,407749,430317,452621,464993,476915,0
Male,University,Single,21,10000,7985,8677,9070,8880,9580,9000,1217,1000,200,700,200,7460,8070,8680,8880,8800,0
Male,University,Single,25,210000,13899,-9,-9,3231,125140,124880,0,0,3240,125009,5009,-9,-9,-9,131,119871,0
Male,High School,Single,41,50000,22358,23257,23192,24073,21759,21959,1900,1000,1500,891,1000,21357,22192,22573,20868,20959,0
Female,Graduate,Married,38,200000,6677,4561,1856,1856,1856,2508,0,1856,1856,1856,2508,4561,0,0,0,0,0
Female,Graduate,Single,36,300000,10700,890,0,0,0,0,890,0,0,0,0,0,0,0,0,0,0
Male,University,Single,24,110000,44737,39590,39457,39075,39307,39564,2103,2005,2006,3006,3010,37487,37452,37069,36301,36554,1
Male,University,Single,58,50000,51996,51203,50071,8086,8263,9533,300,300,300,293,1400,50903,49771,7786,7970,8133,1
Female,Graduate,Married,41,340000,6814,6167,24386,3570,3094,14645,0,24386,3570,0,14645,6167,0,0,3094,0,1
Female,University,Married,32,50000,819,699,0,0,0,0,699,0,0,0,0,0,0,0,0,0,1
Male,High School,Single,63,110000,49992,48918,49890,46884,47350,43169,0,2164,1730,1788,1538,48918,47726,45154,45562,41631,0
Male,High School,Married,38,600000,459600,372345,353121,337695,297541,256158,13713,13250,12854,11191,10029,358632,339871,324841,286350,246129,0
Male,Graduate,Single,32,160000,2507,798,-2,2319,1523,-2,800,0,2321,4,0,-2,-2,-2,1519,-2,0
Male,Graduate,Married,38,450000,10591,7923,57139,15181,7247,13890,7964,57425,15257,7283,13959,-41,-286,-76,-36,-69,0
Male,Graduate,Single,31,60000,0,1012,22760,17032,6808,8741,1012,22066,5032,1565,8500,0,694,12000,5243,241,1
Male,Graduate,Married,43,310000,250708,256157,261550,285233,280905,272240,11000,11300,29841,69,9980,245157,250250,255392,280836,262260,1
Female,University,Married,24,20000,10361,19566,8746,3355,7143,1288,10000,1390,3355,7143,1288,9566,7356,0,0,0,0
Female,University,Single,29,60000,53274,54093,53111,50568,47791,45421,2591,2109,1705,2010,2000,51502,51002,48863,45781,43421,0
Female,University,Married,38,170000,521,5360,29271,26511,0,0,6439,29271,0,0,0,-1079,0,26511,0,0,0
Female,Graduate,Married,50,190000,0,2329,15951,332,0,0,2329,15990,332,0,0,0,-39,0,0,0,0
Female,Graduate,Single,49,230000,113,0,1100,0,2119,0,0,1100,0,2119,0,0,0,0,0,0,1
Female,Graduate,Single,25,80000,1174,0,0,5526,3292,12792,0,0,5526,3292,12807,0,0,0,0,-15,0
Female,High School,Married,50,120000,111564,112482,115046,80987,85921,84384,4200,4552,3100,6416,0,108282,110494,77887,79505,84384,0
Male,University,Single,30,20000,17260,19099,19309,18703,18937,20724,2422,816,0,685,2100,16677,18493,18703,18252,18624,0
Female,University,Married,26,140000,37283,24748,21854,21711,25999,902,7023,5080,10000,6000,902,17725,16774,11711,19999,0,0
Male,University,Single,24,50000,49076,48923,49158,19270,18776,19167,2063,1298,700,800,815,46860,47860,18570,17976,18352,0
Female,Graduate,Married,35,180000,104335,108156,108874,111568,113817,116422,5500,4000,4500,4200,4500,102656,104874,107068,109617,111922,0
Female,High School,Married,50,150000,3644,875,2162,0,5085,2887,875,2162,0,5085,2887,0,0,0,0,0,0
Female,Graduate,Single,35,300000,294344,302638,300159,226705,229739,232942,15000,11311,7941,8412,9000,287638,288848,218764,221327,223942,0
Female,Graduate,Married,45,380000,202,35993,86617,-3450,-3450,3502,37791,86697,0,0,7102,-1798,-80,-3450,-3450,-3600,0
Female,High School,Single,27,90000,92290,90719,39902,39200,38531,32991,4183,1600,1280,1310,1432,86536,38302,37920,37221,31559,1
Female,University,Single,22,10000,8925,8637,10277,9736,9704,9725,0,1800,0,500,600,8637,8477,9736,9204,9125,0
Female,High School,Single,28,90000,63869,65212,66627,70652,69397,70842,2368,2500,5140,0,2600,62844,64127,65512,69397,68242,1
Male,Graduate,Married,34,240000,228,23282,48595,37573,26296,15788,23295,49000,37573,26296,7000,-13,-405,0,0,8788,0
Female,High School,Married,32,180000,396,712,712,712,1424,712,712,712,712,1424,0,0,0,0,0,712,0
Male,Graduate,Single,32,140000,101458,99196,78458,76387,76344,67302,3997,3520,2500,2689,2494,95199,74938,73887,73655,64808,0
Male,University,Married,36,280000,168708,172528,174328,170028,174281,185348,8000,6100,0,7000,14000,164528,168228,170028,167281,171348,1
Female,Graduate,Single,30,120000,711,878,1131,441,441,441,878,1131,441,441,441,0,0,0,0,0,1
Female,University,Married,32,550000,546741,535509,548020,530672,155083,165975,22863,167622,14000,4300,158064,512646,380398,516672,150783,7911,1
Female,University,Single,30,170000,90727,93345,93812,95613,95972,97230,5000,5000,5000,4400,3000,88345,88812,90613,91572,94230,0
Female,University,Married,36,50000,2590,4836,4613,5378,5848,5606,2458,0,1000,557,0,2378,4613,4378,5291,5606,0
Female,University,Married,35,140000,137692,134899,137477,110865,69217,48018,5202,6405,4819,3091,2477,129697,131072,106046,66126,45541,0
Male,High School,Single,48,10000,8858,9548,9540,9735,8070,0,1228,1000,195,161,0,8320,8540,9540,7909,0,0
Female,High School,Married,32,240000,1386,1207,1357,1559,23506,21532,1207,1357,1559,23506,1603,0,0,0,0,19929,0
Female,University,Single,24,30000,27954,27226,28427,28752,28447,24552,0,2000,1000,1100,1500,27226,26427,27752,27347,23052,0
Female,University,Single,25,30000,14149,15171,14635,15318,14930,16562,1543,0,1226,0,1882,13628,14635,14092,14930,14680,1
Female,University,Single,36,200000,2324,3344,4450,14280,14894,15608,1064,1170,10000,1000,1000,2280,3280,4280,13894,14608,0
Female,University,Single,33,140000,56426,41717,42823,25224,26855,23783,2000,2000,900,2000,10000,39717,40823,24324,24855,13783,0
Female,High School,Single,28,200000,0,0,0,304,13489,6788,0,0,304,13489,6788,0,0,0,0,0,0
Female,University,Single,37,80000,21054,21776,22790,23411,23882,24356,1365,1379,1000,1000,871,20411,21411,22411,22882,23485,0
Male,High School,Single,30,100000,46675,46567,46638,46454,46262,47823,1800,2000,1700,1683,3500,44767,44638,44754,44579,44323,1
Male,University,Single,26,220000,215477,216099,210839,216988,213824,39819,5516,0,8275,0,800,210583,210839,208713,213824,39019,0
Female,University,Single,25,80000,7536,5024,5589,6094,45342,45877,1200,1100,1000,40000,1700,3824,4489,5094,5342,44177,0
Female,Graduate,Single,27,350000,312770,320400,268598,250304,251436,249891,14599,10334,5728,8242,13138,305801,258264,244576,243194,236753,0
Female,University,Single,26,50000,33428,34385,35796,-229,-229,-229,1800,2100,0,0,0,32585,33696,-229,-229,-229,1
Male,University,Married,39,360000,23690,67560,26649,15830,20025,21404,60284,16079,5024,9032,8035,7276,10570,10806,10993,13369,0
Female,University,Married,33,230000,9530,12872,3724,153400,14788,21258,7000,0,153400,8000,10000,5872,3724,0,6788,11258,0
Male,University,Married,39,30000,13888,16652,16087,17317,16900,17465,3000,0,1500,0,1000,13652,16087,15817,16900,16465,1
Female,University,Single,24,70000,41485,44697,47229,47956,47056,49565,4200,3600,1800,0,3308,40497,43629,46156,47056,46257,0
Female,University,Single,23,70000,3082,4370,9353,15282,20400,12915,1500,5353,6282,6342,2055,2870,4000,9000,14058,10860,0
Female,Graduate,Married,44,150000,0,0,1512,0,0,0,0,1512,0,0,0,0,0,0,0,0,0
Male,Graduate,Single,35,360000,1195,23944,884,789,244,244,23944,884,300,0,0,0,0,489,244,244,0
Female,University,Married,56,210000,-325,-721,-1117,-1513,-1909,59017,0,0,0,0,61982,-721,-1117,-1513,-1909,-2965,0
Male,University,Single,29,50000,32312,24213,24278,24750,0,0,1700,2000,1300,0,0,22513,22278,23450,0,0,0
Female,University,Single,48,180000,3116,1058,390,1726,390,2240,0,390,1726,390,2240,1058,0,0,0,0,0
Male,Graduate,Married,40,210000,6223,8143,3712,3091,90817,308,8146,3719,3091,90817,308,-3,-7,0,0,0,0
Female,High School,Married,53,160000,2475,2475,5175,2475,3975,8175,2475,5175,2475,3975,8175,0,0,0,0,0,0
Female,High School,Married,37,50000,38527,39609,40352,41183,42221,42935,2000,1700,1500,1700,1568,37609,38652,39683,40521,41367,1
Female,University,Married,35,200000,0,0,0,0,0,688,0,0,0,0,688,0,0,0,0,0,0
Female,University,Single,41,20000,13723,14266,13305,14925,13925,9745,1500,2000,3000,4000,2000,12766,11305,11925,9925,7745,0
Male,High School,Married,56,500000,139117,130301,119701,121296,122477,125279,4500,5000,5000,5000,5000,125801,114701,116296,117477,120279,0
Female,High School,Married,49,90000,104494,99941,95197,90508,85640,79775,3592,3382,3319,3172,4000,96349,91815,87189,82468,75775,0
Female,Graduate,Single,29,70000,47310,51047,51727,50594,51823,54093,4500,1813,0,2046,3300,46547,49914,50594,49777,50793,0
Female,High School,Married,49,50000,33782,35650,390,390,46310,0,4000,390,390,46310,0,31650,0,0,0,0,1
Male,Graduate,Married,37,180000,121915,116093,99267,74324,47642,37957,7416,7038,7000,6000,5000,108677,92229,67324,41642,32957,0
Male,University,Single,27,50000,41322,40383,42413,41434,45567,61595,0,3000,0,5000,20000,40383,39413,41434,40567,41595,0
Female,University,Single,33,230000,232796,233564,235149,166637,165699,163858,9000,9500,6000,6150,6000,224564,225649,160637,159549,157858,0
Male,University,Single,28,70000,35155,26598,22793,23156,24810,27433,23,1637,1000,2000,3007,26575,21156,22156,22810,24426,0
Male,High School,Single,39,30000,10178,14491,15504,15812,16143,16606,4491,1257,565,585,730,10000,14247,15247,15558,15876,1
Male,High School,Other,54,10000,8210,7936,8792,9117,9305,9504,0,1146,471,483,502,7936,7646,8646,8822,9002,0
Male,High School,Married,35,90000,0,800,400,0,950,400,800,0,0,950,0,0,400,0,0,400,0
Female,High School,Married,43,80000,68152,71459,73690,71908,76294,74788,5000,4000,0,5700,0,66459,69690,71908,70594,74788,1
Female,Graduate,Married,46,360000,-200,2716,200,0,12140,42424,2916,0,0,12140,42424,-200,200,0,0,0,0
Female,Graduate,Single,29,150000,766,515,-150,974,269,191,0,85,1124,0,191,515,-235,-150,269,0,1
Female,Graduate,Married,32,200000,25830,780,0,0,0,0,0,0,0,0,0,780,0,0,0,0,0
Female,High School,Single,38,300000,35103,43782,44508,67484,500,7391,10000,6000,30000,500,7391,33782,38508,37484,0,0,0
Male,Graduate,Married,37,500000,0,0,0,0,0,0,0,0,0,0,0,0,0,0,0,0,1
Male,Graduate,Single,27,210000,25025,25336,26029,26816,21116,10721,5000,4000,5000,3000,3000,20336,22029,21816,18116,7721,0
Female,University,Single,33,80000,17254,811,1533,722,811,337,1000,1533,0,900,337,-189,0,722,-89,0,0
Female,Graduate,Married,44,200000,188553,192100,126343,125700,126448,81008,8011,5203,4000,5000,3001,184089,121140,121700,121448,78007,0
Female,Graduate,Married,30,230000,2212,17402,32450,17285,9766,9981,17402,20013,346,5000,8000,0,12437,16939,4766,1981,1
Female,Graduate,Married,29,60000,51855,53220,59244,57889,59017,56637,2200,7000,0,2013,7577,51020,52244,57889,57004,49060,0
Male,University,Single,32,180000,172842,177065,163930,136145,133843,134352,8500,0,7000,5000,8000,168565,163930,129145,128843,126352,1
Male,University,Married,26,80000,51751,43280,44234,45276,39808,40598,2000,2000,1668,2000,1453,41280,42234,43608,37808,39145,0
Female,Graduate,Married,44,220000,0,0,0,0,0,0,0,0,0,0,0,0,0,0,0,0,0
Female,University,Married,26,30000,10540,9766,-2643,2596,1123,2390,1081,0,6712,0,2780,8685,-2643,-4116,1123,-390,0
Female,Graduate,Single,30,30000,0,0,4990,4322,1955,980,0,4990,4322,1955,980,0,0,0,0,0,0
Male,University,Single,25,30000,8864,10062,11581,12580,13716,14828,1500,2000,1500,1500,1500,8562,9581,11080,12216,13328,0
Male,University,Married,40,150000,54021,55154,56280,57397,58599,60668,2003,2044,2054,2127,3044,53151,54236,55343,56472,57624,0
Female,University,Married,47,30000,23709,23047,24056,24380,24835,25423,0,1698,1022,1000,1000,23047,22358,23358,23835,24423,0
Male,University,Single,26,180000,93169,58983,60506,58458,60770,61628,4500,4000,4000,4000,4000,54483,56506,54458,56770,57628,0
Male,Graduate,Single,56,30000,27033,27772,28740,29313,29019,28916,1480,1448,1021,1040,1216,26292,27292,28292,27979,27700,0
Female,Graduate,Single,28,240000,236772,201463,187916,149293,150614,150911,10000,7000,10040,7000,6000,191463,180916,139253,143614,144911,0
Female,University,Single,31,120000,26307,27361,28878,30428,31818,34293,1483,2000,2000,2000,3000,25878,26878,28428,29818,31293,0
Female,High School,Married,43,150000,17541,19021,7861,7691,0,0,2000,2000,2000,0,0,17021,5861,5691,0,0,0
Female,Graduate,Married,47,180000,0,0,1154,2000,0,0,0,1154,2000,0,0,0,0,0,0,0,0
Male,University,Married,46,50000,44573,60540,15993,16327,16863,17282,2200,2600,600,800,700,58340,13393,15727,16063,16582,0
Female,Graduate,Single,26,360000,-200,-200,0,3000,0,0,0,200,3000,0,0,-200,-200,0,0,0,1
Female,High School,Other,60,30000,2365,-581,-581,-2054,1473,14510,0,0,0,5000,14510,-581,-581,-2054,-3527,0,0
Male,University,Married,24,50000,390,918,19583,19593,19364,19893,918,19583,1000,1000,1000,0,0,18593,18364,18893,0
Female,University,Married,39,30000,1742,1560,780,780,2057,1737,0,0,0,2057,0,1560,780,780,0,1737,0
Female,Graduate,Single,53,50000,50777,51086,50321,20141,18039,19349,2504,2059,666,1000,2008,48582,48262,19475,17039,17341,0
Male,University,Single,30,90000,46927,40000,0,0,0,0,4000,0,0,0,0,36000,0,0,0,0,0
Female,University,Single,39,200000,195156,190843,186029,181866,179272,148704,0,0,0,39,85,190843,186029,181866,179233,148619,1
Male,High School,Single,52,50000,47479,49344,19596,19194,19201,19199,29456,1300,675,694,704,19888,18296,18519,18507,18495,0
Female,University,Single,40,80000,33918,50878,51787,52422,53608,50312,20000,2400,2000,2100,2500,30878,49387,50422,51508,47812,0
Female,University,Single,41,50000,45408,36025,0,0,0,0,2025,0,0,0,0,34000,0,0,0,0,0
Female,University,Single,23,200000,964,-36,1000,0,0,43527,0,1036,0,0,54677,-36,-36,0,0,-11150,0
Female,University,Married,36,90000,89309,88544,88888,48534,49874,32078,5000,3500,2000,2100,1000,83544,85388,46534,47774,31078,0
Male,Graduate,Single,28,240000,199671,193523,187389,181348,174998,168176,7000,7000,7000,6500,6000,186523,180389,174348,168498,162176,0
Female,Graduate,Single,29,90000,1709,2522,3426,3426,2921,2197,2522,3426,3426,2921,2197,0,0,0,0,0,1
Male,Graduate,Single,23,10000,2724,5520,5275,0,0,150,3000,0,0,0,150,2520,5275,0,0,0,0
Female,Graduate,Married,38,210000,2360,4707,4465,0,9306,5855,4465,0,0,9306,5855,242,4465,0,0,0,0
Female,University,Single,26,140000,12436,14910,13780,13710,488,-1450,3380,1200,2000,500,0,11530,12580,11710,-12,-1450,0
Female,Graduate,Married,29,50000,29719,30754,31939,33102,33918,35197,1815,2000,2000,1500,2000,28939,29939,31102,32418,33197,0
Female,University,Married,28,50000,36380,51418,43095,29717,30368,29113,30000,2052,1034,1100,1088,21418,41043,28683,29268,28025,1
Female,High School,Married,45,230000,1633,8410,5722,10371,9998,1328,8435,5955,10371,0,1332,-25,-233,0,9998,-4,0
Female,University,Single,27,150000,4914,6237,3280,11167,15915,16268,6237,3280,11167,10000,686,0,0,0,5915,15582,0
Male,University,Married,36,240000,10767,144915,142909,143531,144893,144121,140013,5206,5008,6011,5250,4902,137703,138523,138882,138871,0
Male,University,Single,25,80000,81774,79597,47168,45312,46263,47341,0,3667,0,1680,1848,79597,43501,45312,44583,45493,0
Female,High School,Single,33,140000,0,0,0,4647,250,4654,0,0,4647,5423,4404,0,0,0,-5173,250,0
Male,University,Married,50,290000,88713,79214,81301,84033,86513,90056,3459,4000,5000,4000,5000,75755,77301,79033,82513,85056,0
Male,Other,Married,29,80000,80534,78179,79348,81099,80540,67069,3006,2641,2827,2671,2611,75173,76707,78272,77869,64458,0
Male,University,Married,34,400000,372724,394443,398634,210628,203102,85374,28000,14547,8078,6500,5000,366443,384087,202550,196602,80374,0
Male,High School,Other,46,20000,20393,19908,20310,15617,219,1205,1425,20310,1020,219,1205,18483,0,14597,0,0,0
Male,Graduate,Single,30,360000,11487,307,400,589,956,1383,307,400,589,956,1383,0,0,0,0,0,0
Female,University,Single,25,260000,16373,15249,15018,15520,3491,5651,5006,5000,5000,3491,3000,10243,10018,10520,0,2651,1
Male,Graduate,Single,28,30000,10056,9815,7576,5746,3900,1944,2000,0,144,128,39,7815,7576,5602,3772,1905,0
Male,University,Single,27,130000,131406,125858,118536,34394,66701,58437,5000,3572,3153,69200,2500,120858,114964,31241,-2499,55937,1
Male,Graduate,Married,41,490000,95997,98047,100412,102736,105083,107334,3600,4000,4000,4000,4000,94447,96412,98736,101083,103334,0
Male,Graduate,Married,42,580000,264482,267508,255409,256321,250358,236608,9431,8842,7663,7814,7794,258077,246567,248658,242544,228814,0
Male,University,Married,34,20000,12619,14896,14360,14921,15328,16474,2800,0,800,800,1400,12096,14360,14121,14528,15074,1
Female,Graduate,Single,32,180000,64008,3414,3844,5344,4000,10395,3414,1500,1500,0,10395,0,2344,3844,4000,0,0
Female,Graduate,Single,26,90000,1224,3120,1712,5000,0,4210,3128,1712,5000,0,4210,-8,0,0,0,0,0
Male,University,Single,25,90000,2908,1051,2422,1051,1051,83573,1052,2422,0,1051,83573,-1,0,1051,0,0,0
Female,Graduate,Married,54,440000,276955,198150,183825,185971,189968,193799,8752,8200,6700,7000,6870,189398,175625,179271,182968,186929,1
Female,University,Married,52,280000,50667,50400,50108,49425,48977,48459,2007,2007,1370,1407,1359,48393,48101,48055,47570,47100,0
Male,Graduate,Single,29,230000,121344,121415,25210,21433,18203,13931,6317,5516,2015,2014,2019,115098,19694,19418,16189,11912,0
Male,University,Single,35,300000,276536,206885,169901,170540,152188,101485,26531,10017,9123,10259,5079,180354,159884,161417,141929,96406,0
Female,University,Married,41,20000,6565,4460,1500,8745,5316,4058,0,1500,8745,0,0,4460,0,0,5316,4058,0
Female,University,Single,26,80000,27041,27797,5958,11341,5259,4278,5879,1000,11360,486,478,21918,4958,-19,4773,3800,0
Male,University,Single,24,20000,24348,24025,23391,22757,21834,21200,0,0,0,0,0,24025,23391,22757,21834,21200,0
Male,Graduate,Single,34,220000,17875,3431,-344,-344,-601,-601,3431,0,0,0,0,0,-344,-344,-601,-601,1
Female,University,Married,44,210000,73487,75456,86171,87895,89022,90868,3748,13000,3081,3217,3312,71708,73171,84814,85805,87556,0
Male,High School,Single,49,130000,60273,61839,62370,63429,26779,27521,2536,1857,1681,971,1186,59303,60513,61748,25808,26335,1
Male,Graduate,Married,66,400000,258070,77910,61440,44590,12270,0,47000,1500,0,0,0,30910,59940,44590,12270,0,0
Female,Graduate,Single,25,120000,9642,12557,3938,1110,9848,3301,12557,3938,1110,9848,3301,0,0,0,0,0,0
Female,University,Married,33,460000,128302,59254,52099,45512,39041,33571,2371,2008,1560,1457,1299,56883,50091,43952,37584,32272,0
Female,Graduate,Married,42,230000,2915,4203,167,3351,1644,1733,4203,200,3351,1644,1733,0,-33,0,0,0,0
Male,University,Single,28,210000,187992,193623,187501,167142,170910,174336,8500,8600,6500,6500,6300,185123,178901,160642,164410,168036,0
Female,University,Single,23,30000,318,0,0,0,0,0,0,0,0,0,0,0,0,0,0,0,0
Female,High School,Married,39,50000,41250,40813,10695,8841,8140,8267,1501,1297,448,449,419,39312,9398,8393,7691,7848,0
Female,Graduate,Single,29,250000,1181,1545,2319,1856,4356,7026,1545,1000,1500,2500,3000,0,1319,356,1856,4026,0
Female,University,Single,25,50000,35592,36518,36822,37421,38424,39035,1800,1200,1500,1750,1390,34718,35622,35921,36674,37645,1
Male,University,Married,38,40000,33152,33623,34773,33917,36704,40404,1300,2000,0,3500,4471,32323,32773,33917,33204,35933,1
Male,University,Married,35,230000,28827,36326,35448,36551,37460,38831,8000,0,2000,1500,2000,28326,35448,34551,35960,36831,0
Male,Graduate,Single,33,210000,0,0,0,0,700,0,0,0,0,700,0,0,0,0,0,0,1
Male,University,Single,30,60000,15145,16618,18475,17919,19167,18750,2000,2100,0,1500,0,14618,16375,17919,17667,18750,1
Female,Graduate,Married,41,500000,190730,194336,197284,199489,201484,204017,8501,8001,6701,6321,6401,185835,189283,192788,195163,197616,0
Female,University,Single,28,110000,81449,83241,84960,86045,88060,93394,4000,4000,3400,3400,7000,79241,80960,82645,84660,86394,0
Male,Graduate,Married,44,400000,95719,96369,92336,91816,57477,66203,4652,3565,2731,10031,16027,91717,88771,89085,47446,50176,0
Male,Graduate,Married,51,280000,1323,445,393,294,223,13635,445,393,294,223,13635,0,0,0,0,0,0
Male,University,Married,35,60000,22226,18597,13801,8038,7340,-153,1292,2245,161,7340,0,17305,11556,7877,0,-153,0
Male,High School,Married,47,100000,3933,2162,856,-1267,-363,-2389,1000,1000,0,5100,0,1162,-144,-1267,-5463,-2389,0
Female,University,Single,42,230000,64489,58611,54463,53008,52835,40015,3100,5000,5000,10000,3000,55511,49463,48008,42835,37015,0
Female,High School,Single,24,80000,0,0,2455,2500,1307,1550,0,2455,2500,1307,1550,0,0,0,0,0,0
Female,University,Married,43,110000,45021,45782,46187,47105,45253,46144,2100,1800,1638,1490,1957,43682,44387,45467,43763,44187,0
Male,Graduate,Married,47,390000,9361,-25,18401,13200,6385,7088,0,18426,34,31,7088,-25,-25,13166,6354,0,0
Female,University,Single,39,150000,21019,19890,19271,19037,20448,19345,1602,0,1000,1709,0,18288,19271,18037,18739,19345,0
Male,University,Single,29,180000,5265,5002,0,0,1378,978,0,0,0,1704,0,5002,0,0,-326,978,1
Male,Graduate,Single,32,500000,-218,466,1267,155951,159749,167416,1000,1267,155000,6000,10000,-534,0,951,153749,157416,0
Male,High School,Married,32,50000,39589,40160,40796,41526,42209,44960,1500,1600,1700,1500,3600,38660,39196,39826,40709,41360,1
Female,High School,Single,49,20000,8503,11352,10198,10400,1150,0,3008,0,600,1150,0,8344,10198,9800,0,0,0
Female,University,Single,24,130000,-10,-10,3362,-3,998,937,0,3372,0,1001,939,-10,-10,-3,-3,-2,0
Female,High School,Married,27,110000,61152,60833,61245,47316,47175,47141,2326,3000,1807,1698,1911,58507,58245,45509,45477,45230,0
Male,University,Married,29,200000,45982,46328,47534,48367,49366,47539,2078,3900,1900,1904,12,44250,43634,46467,47462,47527,0
Female,University,Married,47,50000,48991,43412,33995,29759,29766,29665,2000,1500,1050,1100,1100,41412,32495,28709,28666,28565,0
Male,Graduate,Single,29,130000,126974,122107,108542,89356,91024,89779,5988,4560,3300,3509,3500,116119,103982,86056,87515,86279,0
Male,University,Single,28,260000,149814,184419,163036,159348,160198,104389,107000,0,5000,5000,6000,77419,163036,154348,155198,98389,0
Male,University,Married,30,180000,220,4680,0,7500,4100,0,4686,0,7500,4100,0,-6,0,0,0,0,0
Female,Graduate,Married,29,330000,730,213,2368,3368,1377,0,213,2368,1000,190,0,0,0,2368,1187,0,0
Female,University,Single,29,80000,54033,52595,56709,55201,69270,70582,0,5000,0,15000,2600,52595,51709,55201,54270,67982,0
Male,Graduate,Single,32,320000,752,169,1940,0,0,0,0,1948,0,0,0,169,-8,0,0,0,1
Male,University,Single,38,20000,10462,3327,19305,17748,8269,1074,10287,19305,355,0,1074,-6960,0,17393,8269,0,0
Female,High School,Single,43,50000,2400,2400,2400,2400,2400,2400,0,0,0,0,0,2400,2400,2400,2400,2400,1
Female,High School,Married,40,210000,201169,210942,214523,138786,140918,144099,16286,10011,5000,6000,6000,194656,204512,133786,134918,138099,0
Male,University,Single,31,420000,239293,90568,88997,93971,92203,93059,0,3500,6600,0,4000,90568,85497,87371,92203,89059,1
Female,University,Single,35,210000,2593,0,0,0,1849,12837,0,0,0,1849,12837,0,0,0,0,0,0
Female,University,Married,42,160000,35815,38023,40180,41318,42605,43857,3000,3000,2000,2000,2000,35023,37180,39318,40605,41857,0
Female,Graduate,Single,25,20000,17776,18886,19551,18964,19676,20116,1700,1300,662,1000,747,17186,18251,18302,18676,19369,0
Male,Graduate,Single,35,360000,2010,2936,640,0,0,4750,2936,640,0,0,4750,0,0,0,0,0,0
Male,University,Other,50,30000,11479,12981,14450,14903,16500,18715,2000,2000,693,2000,2500,10981,12450,14210,14500,16215,1
Male,University,Single,27,50000,-697,48266,47194,48224,49416,50126,49900,1800,1700,1857,2474,-1634,45394,46524,47559,47652,0
Male,University,Married,38,30000,0,2281,3666,2713,0,0,2281,3666,2713,0,0,0,0,0,0,0,1
Female,University,Single,24,30000,28008,29549,30298,30046,29880,27039,2000,2000,900,1000,2000,27549,28298,29146,28880,25039,0
Female,University,Single,24,280000,1006,1853,2657,1416,2706,1229,1855,1422,7,2719,1235,-2,1235,1409,-13,-6,0
Female,High School,Single,24,30000,30279,30428,30485,31012,30402,30195,1500,2700,1300,0,1117,28928,27785,29712,30402,29078,1
Male,University,Single,33,20000,12518,12889,9638,8878,6474,2771,1300,1000,1000,500,0,11589,8638,7878,5974,2771,0
Female,Graduate,Married,51,300000,108639,85818,90069,85008,83983,50257,4107,7346,65000,2500,2022,81711,82723,20008,81483,48235,0
Female,Graduate,Single,35,180000,1880,1702,1196,870,3028,2508,0,0,0,3028,0,1702,1196,870,0,2508,0
Female,University,Married,24,20000,16549,16002,16047,15492,16739,16320,0,600,0,1500,0,16002,15447,15492,15239,16320,1
Female,High School,Married,39,80000,4948,3804,0,0,1715,0,1000,0,0,1715,0,2804,0,0,0,0,0
Female,University,Married,47,20000,19553,18092,18175,19000,20000,0,1417,2000,3005,2000,0,16675,16175,15995,18000,0,0
Male,Graduate,Single,29,60000,31462,31499,16773,11568,9727,3832,6037,5084,6000,4000,3832,25462,11689,5568,5727,0,0
Male,University,Single,22,20000,18743,19879,18872,21178,20329,20853,3000,0,3000,0,1000,16879,18872,18178,20329,19853,0
Female,High School,Married,67,30000,30734,28092,29112,29555,28536,29252,0,1800,1200,1083,1200,28092,27312,28355,27453,28052,0
Male,Graduate,Single,33,50000,26957,28230,27483,27728,29681,29053,2000,0,1000,2400,0,26230,27483,26728,27281,29053,1
Male,Graduate,Married,47,80000,49735,25144,7905,7905,20616,7727,25144,8000,0,20616,7727,0,-95,7905,0,0,0
Female,University,Single,24,170000,1166,4144,3889,4889,4139,430,3000,0,1000,0,1000,1144,3889,3889,4139,-570,1
Male,Graduate,Married,36,160000,816,316,316,316,316,316,316,316,316,316,316,0,0,0,0,0,1
Male,Graduate,Single,27,130000,60024,58104,54976,-3518,-1285,1601,4000,0,1580,1580,3202,54104,54976,-5098,-2865,-1601,0
Female,University,Married,34,30000,31746,32743,32931,30727,29679,30088,1800,1100,0,1000,2327,30943,31831,30727,28679,27761,1
Female,Graduate,Single,36,100000,0,780,0,0,0,0,780,0,0,7600,0,0,0,0,-7600,0,0
Female,University,Single,25,120000,87057,84821,85194,76326,75122,75011,0,2700,2500,3200,2500,84821,82494,73826,71922,72511,1
Female,Graduate,Married,49,150000,850,0,0,31106,0,1505,0,0,31106,0,1505,0,0,0,0,0,1
Female,High School,Married,24,100000,56341,54869,67965,73871,79707,85433,0,14130,7065,7065,7065,54869,53835,66806,72642,78368,1
Male,University,Single,24,30000,25851,26912,27535,29175,28625,30383,1779,1402,2042,0,2192,25133,26133,27133,28625,28191,1
Female,University,Single,45,160000,2057,2147,1945,1934,2045,1938,2147,1945,1934,2056,1938,0,0,0,-11,0,0
Female,High School,Married,48,120000,2468,7869,506,2097,758,2005,7890,506,2097,758,2005,-21,0,0,0,0,0
Female,Graduate,Single,40,160000,67925,69771,73233,72328,74234,75500,3509,5824,0,2204,2000,66262,67409,72328,72030,73500,0
Female,Graduate,Married,35,340000,-8,1722,1684,-15,-15,3016,1730,1692,0,0,3031,-8,-8,-15,-15,-15,1
Male,High School,Married,55,240000,25631,27047,26654,28065,29503,32042,2500,2000,2000,2000,3000,24547,24654,26065,27503,29042,0
Female,High School,Married,42,30000,30607,29849,30653,28410,29068,30383,10,2000,2000,2000,2000,29839,28653,26410,27068,28383,0
Male,University,Married,54,50000,47872,48802,50214,19321,19867,20384,2000,2456,0,1000,1000,46802,47758,19321,18867,19384,0
Male,University,Single,25,200000,0,0,0,1517,48669,49635,0,0,1517,48000,1775,0,0,0,669,47860,1
Female,University,Single,44,80000,17047,11885,8254,5144,15365,2250,1435,1350,5144,15365,2250,10450,6904,0,0,0,0
Female,University,Single,41,50000,5025,4805,46295,46885,47535,45994,0,42000,1600,1500,2000,4805,4295,45285,46035,43994,1
Female,University,Married,29,130000,18157,16520,15709,13209,14166,14025,2000,1010,1003,2040,2000,14520,14699,12206,12126,12025,0
Male,Graduate,Married,57,290000,0,0,0,0,0,0,0,0,0,0,0,0,0,0,0,0,1
Female,High School,Married,44,30000,27631,29179,30146,26371,27567,30114,2000,1500,933,2000,3000,27179,28646,25438,25567,27114,1
Male,High School,Married,40,340000,77181,59873,60396,63720,65211,60053,5305,3000,5000,3000,5000,54568,57396,58720,62211,55053,0
Female,Graduate,Single,28,180000,651,1883,651,2688,1000,2253,1883,651,2688,20,2253,0,0,0,980,0,0
Female,Graduate,Single,23,60000,59423,63347,61183,29052,29087,27296,5500,146,1500,1200,1500,57847,61037,27552,27887,25796,0
Female,Graduate,Single,25,390000,83514,79730,64171,58767,54224,51667,4013,4000,2100,2000,3000,75717,60171,56667,52224,48667,0
Male,Graduate,Married,35,460000,384919,393029,394483,338220,347753,356161,15045,16017,13000,15000,15025,377984,378466,325220,332753,341136,0
Male,Graduate,Married,51,500000,396402,395484,333041,294173,300616,266973,14034,15040,12018,15028,10038,381450,318001,282155,285588,256935,0
Female,University,Married,44,30000,8347,9560,9258,11096,11165,10837,1500,0,2000,392,0,8060,9258,9096,10773,10837,0
Female,University,Single,25,80000,28789,31026,31401,31986,32468,31794,2998,1183,1400,1139,0,28028,30218,30586,31329,31794,0
Female,University,Married,41,250000,37137,51803,4997,0,0,0,51811,9544,0,0,0,-8,-4547,0,0,0,0
Female,Graduate,Single,26,280000,146130,120750,105492,104061,105202,107143,5042,4000,4000,4000,4368,115708,101492,100061,101202,102775,0
Female,University,Single,26,30000,25615,29849,31034,28071,29978,29365,5000,2000,0,2500,0,24849,29034,28071,27478,29365,1
Male,Graduate,Single,28,30000,22329,23665,47968,24784,25784,2901,2000,1400,2000,1000,1000,21665,46568,22784,24784,1901,1
Male,University,Single,27,20000,19443,18851,19248,18648,20040,19464,0,1000,0,2000,0,18851,18248,18648,18040,19464,1
Female,High School,Married,56,380000,0,1349,5947,16735,6444,0,1349,5957,16735,6444,0,0,-10,0,0,0,1
Female,High School,Married,29,100000,175441,153992,132132,114431,116766,95961,0,0,0,2335,102075,153992,132132,114431,114431,-6114,1
Male,University,Single,32,180000,1071,1671,1981,4241,4542,5261,1671,1981,4241,4542,5261,0,0,0,0,0,1
Female,Graduate,Single,25,80000,3409,4489,5345,5454,5598,178,1144,1000,109,144,0,3345,4345,5345,5454,178,0
Male,Graduate,Single,31,220000,163148,158197,158956,157953,157098,157099,5725,5971,5846,5887,5802,152472,152985,152107,151211,151297,0
Female,University,Single,26,170000,141476,143850,134502,122186,122506,117121,5113,4514,4376,4432,4142,138737,129988,117810,118074,112979,0
Female,Graduate,Single,29,140000,97905,100152,100772,101562,103214,88085,4700,3200,3500,3193,0,95452,97572,98062,100021,88085,1
Male,Graduate,Single,29,20000,10512,12044,11562,11080,11700,12357,2000,0,0,800,1000,10044,11562,11080,10900,11357,1
Female,High School,Married,38,100000,62427,63922,65864,66578,69503,72346,2500,3000,2400,4000,4000,61422,62864,64178,65503,68346,0
Female,High School,Married,47,50000,32516,32774,33597,29105,26154,27699,1870,1693,1106,1473,3000,30904,31904,27999,24681,24699,0
Female,University,Single,30,300000,2186,0,290,707,161,7705,0,290,1209,0,7705,0,0,-502,161,0,0
Female,High School,Single,25,30000,26769,27138,28122,29139,28534,30360,1500,1447,3000,0,2300,25638,26675,26139,28534,28060,0
Male,High School,Married,53,50000,49696,50893,50532,19632,18573,17212,2000,2000,1000,763,626,48893,48532,18632,17810,16586,0
Male,University,Single,37,160000,3090,52125,26325,29638,35474,38190,52165,5000,7000,8000,5000,-40,21325,22638,27474,33190,0
Male,University,Single,27,80000,45920,47186,46882,49170,48269,49121,5013,5000,4000,0,2002,42173,41882,45170,48269,47119,0
Female,University,Married,28,140000,132070,134766,106450,106422,104337,106886,6000,4000,4000,4000,4300,128766,102450,102422,100337,102586,0
Male,University,Single,23,20000,19403,18541,19254,19456,19323,19265,0,1298,1000,692,766,18541,17956,18456,18631,18499,1
Male,High School,Married,51,50000,17453,7802,22214,4985,6551,7117,8338,22232,4985,6551,5000,-536,-18,0,0,2117,0
Female,Graduate,Single,34,200000,0,0,0,347,197,2917,0,0,347,0,2720,0,0,0,197,197,1
Female,University,Married,23,80000,780,0,390,390,390,540,0,390,390,390,540,0,0,0,0,0,1
Female,University,Single,27,80000,81635,83465,81472,82332,84067,78510,3716,0,2989,3105,2973,79749,81472,79343,80962,75537,0
Female,Graduate,Single,39,210000,6000,0,2880,0,0,0,0,2880,0,0,0,0,0,0,0,0,0
Male,University,Married,28,260000,26303,9408,5082,7732,1379,-8,5030,2025,7770,1385,0,4378,3057,-38,-6,-8,0
Male,University,Married,46,200000,0,552,2523,2327,2308,0,552,2531,2327,2308,0,0,-8,0,0,0,1
Female,University,Married,33,110000,110327,112130,108533,112475,108976,108385,5332,0,7800,0,4428,106798,108533,104675,108976,103957,1
Male,University,Single,23,10000,5857,6722,8305,9405,9100,13392,1117,1700,1230,0,761,5605,6605,8175,9100,12631,0
Male,Graduate,Single,30,200000,91936,94698,77034,64886,71957,66658,7500,0,1500,10000,2000,87198,77034,63386,61957,64658,0
Male,Graduate,Single,31,300000,360,360,360,360,980,360,360,360,360,980,360,0,0,0,0,0,1
Female,Graduate,Married,39,360000,7001,1224,394,-6,-6,2199,1224,394,6,0,2205,0,0,-12,-6,-6,0
Female,University,Married,32,290000,78200,79726,80890,81615,75661,77012,3700,3600,3000,3000,3000,76026,77290,78615,72661,74012,0
Male,High School,Married,26,30000,30814,29551,24034,21155,18413,0,0,1500,1150,900,0,29551,22534,20005,17513,0,1
Male,Graduate,Married,47,300000,0,225,4019,4509,7155,5778,225,4019,3860,5000,5778,0,0,649,2155,0,0
Female,Graduate,Single,28,300000,986,2939,27754,10534,1954,2140,2964,27968,10597,1954,2140,-25,-214,-63,0,0,0
Female,High School,Single,45,210000,316,312,2368,316,316,316,312,2376,316,316,316,0,-8,0,0,0,0
Male,High School,Married,36,50000,74969,76012,77330,70579,63751,56977,2846,2671,2396,2177,2146,73166,74659,68183,61574,54831,1
Female,Graduate,Single,26,340000,337871,311076,156674,129651,126192,94722,11208,5000,23809,4136,3600,299868,151674,105842,122056,91122,0
Male,Graduate,Married,34,330000,138009,141253,130567,128257,116988,105961,7015,7000,10007,6500,6600,134238,123567,118250,110488,99361,1
Female,Graduate,Single,28,220000,44109,32978,30415,28038,25669,16003,5000,13500,14000,13500,13500,27978,16915,14038,12169,2503,0
Female,University,Single,30,100000,23939,23572,24148,0,0,0,1500,1011,0,0,0,22072,23137,0,0,0,0
Male,Graduate,Single,30,260000,399,399,399,399,399,399,399,399,399,399,399,0,0,0,0,0,1
Male,University,Single,30,180000,440,30404,0,880,150,430,30404,0,880,150,430,0,0,0,0,0,0
Male,University,Married,44,200000,780,390,1170,780,0,390,390,780,0,0,390,0,390,780,0,0,0
Female,High School,Single,41,110000,90599,60949,62235,63499,64877,66230,2213,2300,2300,2400,2431,58736,59935,61199,62477,63799,1
Male,University,Single,48,20000,7186,9063,10909,10440,10803,11330,2000,2000,0,680,1000,7063,8909,10440,10123,10330,1
Male,Graduate,Single,25,60000,13123,14403,16150,17870,19571,21235,1500,2000,2000,2000,2000,12903,14150,15870,17571,19235,0
Male,High School,Married,28,30000,23848,23873,24182,26022,27462,27531,700,1000,2550,2013,1108,23173,23182,23472,25449,26423,1
Female,Graduate,Single,24,30000,31202,32801,30092,30148,30222,28949,2415,0,1045,915,1063,30386,30092,29103,29307,27886,1
Female,Graduate,Married,37,420000,38386,316,9894,13811,12141,11820,316,9894,13811,12141,11820,0,0,0,0,0,1
Male,Graduate,Married,34,340000,332,332,332,142202,139245,116431,332,332,142402,6,20032,0,0,-200,139239,96399,1
Male,University,Married,38,270000,0,0,0,0,0,0,0,0,0,0,0,0,0,0,0,0,0
Female,Other,Single,36,360000,15019,1221,6909,5954,4160,1726,2074,7039,10,1,4,-853,-130,5944,4159,1722,0
Female,Graduate,Single,25,230000,736,645,855,0,590,0,645,855,0,590,0,0,0,0,0,0,0
Female,University,Married,33,50000,47327,48765,49149,44073,40260,30222,2200,1518,1414,1432,1300,46565,47631,42659,38828,28922,0
Female,Graduate,Single,28,230000,-5,2148,2932,354,200,0,2153,2932,354,200,0,-5,0,0,0,0,0
Female,Graduate,Married,38,200000,-3,687,2740,2044,1614,2066,690,2753,2054,1622,2076,-3,-13,-10,-8,-10,0
Female,University,Single,24,100000,101887,102069,100657,101565,101116,101764,4902,4507,3936,3982,4135,97167,96150,97629,97134,97629,0
Female,University,Married,47,150000,153404,144960,148146,142279,139905,142833,6900,7200,5450,5265,5443,138060,140946,136829,134640,137390,0
Male,High School,Single,28,50000,46709,12889,50199,74405,38772,39438,1690,38000,1500,4000,2000,11199,12199,72905,34772,37438,0
Male,University,Single,29,60000,34081,23215,30340,28368,28962,26589,2000,8565,969,1004,1000,21215,21775,27399,27958,25589,0
Female,University,Single,30,70000,10149,11454,9638,8761,8572,9274,2000,2000,0,1000,1000,9454,7638,8761,7572,8274,0
Male,University,Single,23,20000,5044,3700,13181,12596,11699,2154,1011,13181,5,1033,1781,2689,0,12591,10666,373,0
Female,University,Single,25,50000,24408,25169,13368,14142,14911,15660,1300,1500,1000,1000,1000,23869,11868,13142,13911,14660,0
Female,Graduate,Married,33,500000,1569,1379,1800,0,0,4012,0,1800,0,0,4012,1379,0,0,0,0,0
Male,High School,Married,49,390000,0,0,0,0,0,5112,0,0,0,0,5112,0,0,0,0,0,0
Female,Graduate,Single,27,90000,0,0,0,0,0,0,0,0,0,0,0,0,0,0,0,0,0
Male,University,Single,22,10000,5748,3203,2162,2150,-440,0,1189,1025,3028,0,1000,2014,1137,-878,-440,-1000,0
Male,University,Single,24,30000,390,390,780,780,0,0,390,780,0,0,0,0,0,780,0,0,1
Male,High School,Married,35,240000,-2,-2,-2,968,-2,-2,0,0,970,0,0,-2,-2,-2,-2,-2,1
Female,Graduate,Single,29,180000,36567,26613,26941,27705,21955,0,1682,1400,1554,0,0,24931,25541,26151,21955,0,0
Female,University,Single,23,70000,22658,31647,24487,25125,26651,26125,9397,1487,1039,2073,1045,22250,23000,24086,24578,25080,0
Male,University,Single,26,50000,1530,750,1140,1530,750,1140,750,1140,1530,750,1140,0,0,0,0,0,0
Male,High School,Married,46,20000,11325,12654,13659,13635,13922,14689,1519,1524,500,507,1000,11135,12135,13135,13415,13689,0
Female,University,Married,36,260000,200593,206178,208601,213025,214931,219001,8500,7000,7508,7500,7595,197678,201601,205517,207431,211406,1
Male,University,Married,26,160000,0,0,0,0,0,0,0,0,0,0,0,0,0,0,0,0,1
Female,Graduate,Married,42,250000,25298,0,0,0,0,0,0,0,0,0,0,0,0,0,0,0,0
Male,Graduate,Married,49,20000,1044,0,5596,0,0,0,0,5596,0,0,0,0,0,0,0,0,0
Male,High School,Married,37,210000,2359,1519,1939,1939,1939,1520,1519,1939,1939,1939,1520,0,0,0,0,0,0
Female,Graduate,Married,35,100000,47253,49489,53034,53568,54563,56013,3000,5000,2000,2000,2500,46489,48034,51568,52563,53513,1
Male,Graduate,Single,28,100000,72970,100360,91329,76840,77455,79472,30000,4094,2900,2850,3300,70360,87235,73940,74605,76172,0
Female,University,Married,34,230000,2329,1894,2528,1865,1496,1873,1894,2532,1865,1496,1873,0,-4,0,0,0,0
Male,University,Single,25,20000,13896,12906,13983,10983,5400,0,2000,2500,2000,0,0,10906,11483,8983,5400,0,1
Male,Graduate,Single,24,40000,30096,30819,13816,10291,7441,7435,1300,2013,319,415,266,29519,11803,9972,7026,7169,1
Male,High School,Married,51,100000,54530,37295,96251,36221,36424,37791,55000,100044,2000,2000,2000,-17705,-3793,34221,34424,35791,0
Male,High School,Single,26,20000,16514,17547,18541,19250,19805,20356,1306,1300,1000,1000,1258,16241,17241,18250,18805,19098,0
Male,University,Single,32,140000,31367,29652,30178,20989,17125,14739,1614,10018,2009,1003,1017,28038,20160,18980,16122,13722,0
Male,High School,Single,23,50000,44470,51192,48506,18524,19239,19283,7800,173,1000,1000,1000,43392,48333,17524,18239,18283,0
Female,University,Single,26,30000,17341,-1030,29718,27417,28489,28427,485,31509,1500,1502,1500,-1515,-1791,25917,26987,26927,0
Male,University,Single,28,80000,15268,5135,0,0,0,0,1315,0,0,0,0,3820,0,0,0,0,0
Female,High School,Married,31,20000,15654,16425,17265,16647,12213,10998,1330,1170,500,420,397,15095,16095,16147,11793,10601,1
Female,Graduate,Single,26,210000,9899,6000,4100,0,10790,7373,1008,1000,0,10790,7373,4992,3100,0,0,0,0
Female,Graduate,Other,33,220000,3378,1531,942,608,1738,277,1531,942,608,1738,277,0,0,0,0,0,0
Female,Graduate,Married,30,150000,40046,47317,48849,35920,37433,10791,7995,5849,1196,2000,1000,39322,43000,34724,35433,9791,0
Male,Graduate,Single,28,200000,508,10680,1190,527,4524,5522,10712,1194,527,4537,5538,-32,-4,0,-13,-16,0
Female,Graduate,Single,28,200000,68398,73564,73548,44234,42599,46192,6900,1966,12,1604,5164,66664,71582,44222,40995,41028,1
Male,University,Single,39,50000,26813,22999,17485,10588,8368,940,1708,1454,289,1508,1042,21291,16031,10299,6860,-102,0
Female,Graduate,Single,28,80000,9782,11620,14415,16177,16582,16178,2001,3000,2000,800,0,9619,11415,14177,15782,16178,0
Female,Graduate,Single,32,310000,20138,8267,65993,8543,1695,750,8267,66008,8543,1695,750,0,-15,0,0,0,1
Male,Graduate,Single,29,210000,140619,144410,148555,156733,153230,155159,7000,9000,11550,0,5389,137410,139555,145183,153230,149770,0
Male,Graduate,Married,40,140000,136785,137175,140773,133147,140350,136475,5051,12602,0,12000,0,132124,128171,133147,128350,136475,1
Female,University,Married,32,20000,15498,16409,17291,17588,18034,18658,1600,1600,1000,1000,1500,14809,15691,16588,17034,17158,0
Female,Graduate,Single,23,10000,0,0,0,0,0,0,0,0,0,0,0,0,0,0,0,0,0
Female,Graduate,Single,30,250000,5607,9416,3421,11521,20424,7467,10000,0,10000,10000,17771,-584,3421,1521,10424,-10304,0
Male,Graduate,Single,31,280000,0,3495,2783,2001,-339,-1180,3495,2783,0,0,0,0,0,2001,-339,-1180,0
Male,University,Married,48,210000,8666,8666,17307,8666,8666,17303,8666,17307,173,8666,17303,0,0,8493,0,0,0
Male,University,Single,54,10000,5186,8225,8244,7963,8134,9995,3300,300,0,299,2000,4925,7944,7963,7835,7995,0
Female,High School,Married,59,60000,59174,60922,61800,0,51301,52327,3298,3000,0,51301,2029,57624,58800,0,0,50298,0
Female,Graduate,Single,38,180000,184650,0,0,0,0,0,0,0,0,0,0,0,0,0,0,0,0
Female,Graduate,Single,31,10000,0,0,0,0,0,0,0,0,0,0,0,0,0,0,0,0,0
Female,Graduate,Married,41,200000,0,5932,5674,1484,4680,0,5932,0,0,4680,0,0,5674,1484,0,0,0
Female,Graduate,Single,29,120000,1171,644,-155,-155,745,542,1000,0,0,2530,542,-356,-155,-155,-1785,0,0
Female,University,Married,28,160000,54232,55456,56625,57757,59424,60631,2100,2100,2500,3000,2200,53356,54525,55257,56424,58431,0
Male,Graduate,Married,48,180000,167140,160707,162477,166861,171083,169365,8000,6000,7000,7000,7000,152707,156477,159861,164083,162365,0
Female,High School,Married,42,60000,58186,58364,59108,38827,39670,37503,2382,2373,1324,1402,1460,55982,56735,37503,38268,36043,0
Male,University,Married,27,80000,73000,71338,47202,38133,39096,40510,5000,2000,1500,1500,2000,66338,45202,36633,37596,38510,0
Male,Graduate,Single,27,200000,9747,17230,198,875,1977,2052,10051,198,877,1982,2058,7179,0,-2,-5,-6,0
Female,High School,Single,22,20000,18590,17838,18680,19788,22265,21629,0,1307,1580,3100,0,17838,17373,18208,19165,21629,1
Female,University,Single,31,360000,17582,0,0,0,0,0,0,0,0,0,0,0,0,0,0,0,0
Female,Graduate,Single,43,140000,147560,142435,142096,136836,139417,141889,3,5000,5000,5100,10200,142432,137096,131836,134317,131689,0
Female,High School,Married,46,110000,94025,101460,102724,100188,102110,107014,8942,3800,0,3685,6580,92518,98924,100188,98425,100434,1
Female,Graduate,Married,33,360000,-200,-200,0,13467,17800,0,0,200,13467,5300,0,-200,-200,0,12500,0,0
Female,Graduate,Single,22,30000,3963,6222,2936,588,0,0,6222,2936,0,0,0,0,0,588,0,0,0
Male,University,Single,25,100000,76222,79564,49000,-1000,0,0,4700,1500,0,31000,0,74864,47500,-1000,-31000,0,0
Male,High School,Single,34,60000,35187,36236,37220,37963,38875,39184,1616,1600,1336,1500,1448,34620,35620,36627,37375,37736,1
Female,Graduate,Single,32,130000,0,0,3726,0,0,1300,0,3726,0,0,1300,0,0,0,0,0,0
Female,University,Single,34,240000,5516,4950,5232,6464,3820,11870,4950,5232,6464,3820,10000,0,0,0,0,1870,0
Female,University,Married,35,210000,61189,62721,61115,62334,66196,64979,3100,0,2235,4870,0,59621,61115,60099,61326,64979,1
Male,Graduate,Single,25,360000,586,14074,5672,5084,3317,1646,14076,5672,0,0,1646,-2,0,5084,3317,0,0
Female,University,Single,22,30000,22167,22474,18180,15900,0,0,1000,150,0,0,0,21474,18030,15900,0,0,0
Male,Graduate,Married,49,480000,-220,38929,339176,33146,37337,33777,39149,344261,33312,37511,31383,-220,-5085,-166,-174,2394,0
Female,Other,Single,49,90000,1722,0,0,0,0,0,0,0,0,0,0,0,0,0,0,0,0
Female,Graduate,Married,42,50000,4908,7479,11902,13871,19466,8128,3000,5000,5000,7000,3000,4479,6902,8871,12466,5128,0
Male,High School,Single,41,20000,9186,9459,10102,10452,10907,10400,1200,1200,500,1000,600,8259,8902,9952,9907,9800,0
Female,University,Single,27,160000,490,-85,5215,4115,3921,3421,3085,5300,1000,22200,2000,-3170,-85,3115,-18279,1421,0
Female,University,Single,24,90000,14520,14747,4753,5152,4664,4833,1240,1220,1000,500,800,13507,3533,4152,4164,4033,0
Female,Other,Married,34,300000,9474,0,0,0,0,0,0,0,0,0,0,0,0,0,0,0,0
Male,Graduate,Married,43,500000,640,600,1490,1822,1740,0,600,1490,1822,1740,0,0,0,0,0,0,0
Female,High School,Single,36,130000,0,0,0,0,0,0,0,0,0,0,0,0,0,0,0,0,1
Male,High School,Married,62,250000,38924,38468,35930,40106,38214,28494,5000,5000,5000,3000,2000,33468,30930,35106,35214,26494,0
Male,High School,Single,25,10000,4693,5371,6327,6055,0,0,1300,1600,400,0,0,4071,4727,5655,0,0,1
Male,Graduate,Single,30,340000,1933,2855,872,981,22936,8097,1000,872,981,22936,5000,1855,0,0,0,3097,0
Male,High School,Single,24,60000,15527,16882,18190,27465,27643,27816,2000,2000,10000,991,1010,14882,16190,17465,26652,26806,0
Male,University,Married,47,50000,48308,48019,48647,26894,10875,15878,2200,2068,3048,418,12004,45819,46579,23846,10457,3874,0
Male,University,Single,34,170000,7885,7190,6854,3142,5000,0,2336,0,0,5000,0,4854,6854,3142,0,0,0
Male,High School,Married,51,490000,389,376,467,78,399,10,377,481,1,711,1,-1,-14,77,-312,9,1
Female,University,Married,26,20000,17679,16720,17705,19228,18804,19316,1300,1277,1800,0,1000,15420,16428,17428,18804,18316,1
Male,University,Married,47,550000,68328,76797,55200,30000,0,0,10000,20000,5000,0,0,66797,35200,25000,0,0,0
Female,University,Single,39,340000,66623,61474,57160,58794,61231,62516,2500,2500,2500,3300,2200,58974,54660,56294,57931,60316,0
Male,University,Single,32,10000,9576,9028,9644,9790,9990,0,1384,1000,196,200,0,7644,8644,9594,9790,0,0
Female,University,Single,25,230000,0,0,13499,9078,11009,6172,0,13499,9117,11009,6172,0,0,-39,0,0,0
Male,University,Married,39,30000,29388,27850,28525,29091,28923,29553,0,1452,1018,1038,1100,27850,27073,28073,27885,28453,0
Female,University,Single,42,200000,73032,12928,88930,30000,67861,18929,12928,79365,30000,37861,18929,0,9565,0,30000,0,0
Female,Graduate,Married,37,450000,13371,13480,5747,3339,9458,7231,4000,5747,3339,18916,7231,9480,0,0,-9458,0,0
Male,High School,Married,44,380000,329877,309781,295550,277650,264217,238368,12055,9837,9154,9042,8515,297726,285713,268496,255175,229853,1
Female,University,Married,31,50000,29767,30206,27905,17174,17533,17240,1615,1670,605,626,654,28591,26235,16569,16907,16586,1
Female,Graduate,Single,27,80000,23107,24674,25351,25981,26464,23714,5034,10000,1000,1000,1000,19640,15351,24981,25464,22714,0
Female,University,Married,42,150000,0,0,0,11068,0,189,0,0,11068,0,189,0,0,0,0,0,1
Female,University,Single,44,50000,49006,49139,47608,3990,390,0,2000,1000,3600,390,0,47139,46608,390,0,0,0
Female,Graduate,Single,39,210000,0,0,0,0,0,0,0,0,0,0,0,0,0,0,0,0,0
Female,University,Single,24,100000,59712,61743,63714,65056,73062,71738,3000,3000,2400,9100,0,58743,60714,62656,63962,71738,0
Male,University,Single,38,100000,25994,27173,44285,45433,3952,3723,1994,19462,3000,302,3723,25179,24823,42433,3650,0,0
Male,Graduate,Married,45,500000,3136,2345,8471,7234,5828,1906,2002,7505,145,33,1150,343,966,7089,5795,756,0
Female,High School,Married,58,30000,9819,10873,9646,9995,10371,5139,1230,1100,419,600,500,9643,8546,9576,9771,4639,0
Male,University,Single,46,50000,53541,29308,20274,19945,20472,21000,31483,1408,3000,1000,869,-2175,18866,16945,19472,20131,0
Female,University,Single,23,50000,0,0,0,0,0,0,0,0,0,0,0,0,0,0,0,0,0
Female,University,Married,36,420000,3663,4338,3400,2535,3216,4652,4338,3400,2535,3216,2652,0,0,0,0,2000,0
Female,University,Married,32,30000,28156,27422,28335,20946,15525,7422,0,1542,1024,1000,7422,27422,26793,19922,14525,0,1
Male,Graduate,Single,32,240000,240790,224497,213580,191771,166239,146584,6892,7866,5602,6118,6023,217605,205714,186169,160121,140561,0
Female,High School,Married,55,80000,69116,64325,59653,55159,56277,57347,2500,2000,2000,2000,2000,61825,57653,53159,54277,55347,0
Male,Graduate,Single,45,330000,265362,246735,248541,231534,230309,235992,7500,8001,7000,7000,8000,239235,240540,224534,223309,227992,1
Male,University,Married,30,50000,49371,50092,49029,25313,26006,27217,1800,240,1000,1100,1800,48292,48789,24313,24906,25417,1
Female,Graduate,Married,42,200000,0,0,0,0,0,0,0,0,0,0,0,0,0,0,0,0,1
Female,Graduate,Married,34,210000,-300,-716,416,1132,566,416,0,1548,1132,0,416,-716,-1132,0,566,0,0
Male,University,Single,31,130000,70722,69040,70912,63626,59200,38263,0,4130,43,2000,1368,69040,66782,63583,57200,36895,0
Male,Graduate,Single,28,390000,10439,25143,35165,44543,45631,45793,15007,10529,10000,1773,2000,10136,24636,34543,43858,43793,0
Male,High School,Married,40,100000,12878,7702,2377,0,0,0,2000,2377,40000,0,0,5702,0,-40000,0,0,0
Female,Graduate,Married,33,140000,85314,87042,90165,91318,94847,35773,4000,5000,2000,4000,5000,83042,85165,89318,90847,30773,0
Female,High School,Married,35,80000,70002,71389,73788,74463,72834,74190,3100,4204,2790,0,3043,68289,69584,71673,72834,71147,1
Female,High School,Married,42,50000,44498,46740,45718,44696,43848,44718,3240,0,0,0,1600,43500,45718,44696,43848,43118,1
Male,University,Single,25,50000,21316,23038,24720,26370,29332,28574,2375,2375,2375,3547,0,20663,22345,23995,25785,28574,0
Male,Graduate,Married,39,360000,0,0,0,0,691,7020,0,0,0,691,7020,0,0,0,0,0,0
Female,University,Married,49,170000,153322,149027,150920,145689,33588,0,0,6320,5045,1000,0,149027,144600,140644,32588,0,1
Male,University,Single,41,50000,48152,45974,44792,18649,16260,18745,2043,3000,14000,545,5000,43931,41792,4649,15715,13745,0
Female,Graduate,Single,25,310000,266270,273719,235796,188031,170898,68369,11677,8406,6000,5074,3000,262042,227390,182031,165824,65369,1
Male,Graduate,Single,31,210000,326,326,326,326,326,326,326,326,326,326,326,0,0,0,0,0,1
Male,University,Married,37,140000,90186,74504,72358,48081,45543,26788,2805,2877,1360,1400,1026,71699,69481,46721,44143,25762,0
Female,Graduate,Single,37,150000,127111,106956,106129,106531,107062,109938,3878,3794,3783,3892,4662,103078,102335,102748,103170,105276,0
Male,Graduate,Married,40,170000,2000,2210,3000,2000,5000,3000,2210,3000,2000,5000,0,0,0,0,0,3000,1
Female,Graduate,Single,25,260000,148,75,12117,9620,8690,11744,7,12117,2,0,3054,68,0,9618,8690,8690,1
Female,Graduate,Single,26,170000,99387,102141,103972,108405,102303,99767,5250,5100,7500,0,3900,96891,98872,100905,102303,95867,0
Female,Graduate,Single,35,310000,0,0,4488,4696,84522,86206,0,4488,264,80000,2950,0,0,4432,4522,83256,0
Female,High School,Single,23,50000,34364,34212,33886,32929,34549,33458,1861,2004,1324,3768,1,32351,31882,31605,30781,33457,0
Female,Graduate,Married,35,260000,1013,0,0,6895,3718,0,0,0,6895,0,0,0,0,0,3718,0,1
Male,Graduate,Single,27,100000,36014,39321,39145,39494,39896,28256,4200,900,1400,900,6440,35121,38245,38094,38996,21816,1
Female,University,Married,25,40000,40633,40311,39380,41389,40628,41389,4300,2000,2938,0,3700,36011,37380,38451,40628,37689,0
Female,Graduate,Married,46,180000,82505,86302,84020,97554,95878,112141,6000,0,15000,0,18000,80302,84020,82554,95878,94141,0
Male,High School,Married,41,50000,26184,29261,28444,28878,27655,24480,3500,0,1100,1100,2000,25761,28444,27778,26555,22480,0
Male,Graduate,Single,29,200000,4810,0,726,726,495,1402,0,726,0,495,1562,0,0,726,0,-160,1
Female,University,Married,53,320000,33589,34608,38544,44486,52319,51764,3000,6000,8000,10000,1900,31608,32544,36486,42319,49864,0
Female,Graduate,Single,45,220000,4624,2874,1210,632,15243,5471,2888,1216,640,15251,5472,-14,-6,-8,-8,-1,0
Male,University,Married,46,180000,60005,41223,49108,50016,45956,52926,3000,10000,3000,5000,15000,38223,39108,47016,40956,37926,0
Female,University,Single,36,50000,94228,47635,42361,19574,20295,19439,2000,1500,1000,1800,0,45635,40861,18574,18495,19439,1
Female,University,Single,22,50000,29637,30805,30336,13378,-1022,29857,1826,1200,268,0,31448,28979,29136,13110,-1022,-1591,0
Female,Graduate,Single,32,150000,83275,84220,77956,77682,52300,56223,3006,3000,2000,222,11170,81214,74956,75682,52078,45053,0
Female,Graduate,Married,38,120000,6856,17329,2047,8568,8814,17180,19600,0,14150,9000,17000,-2271,2047,-5582,-186,180,0
Male,University,Single,34,30000,29302,30052,29349,29476,30014,29785,1530,1416,1142,1102,1106,28522,27933,28334,28912,28679,0
Male,Other,Married,43,10000,17560,9829,3604,0,0,0,2537,1000,0,0,0,7292,2604,0,0,0,1
Male,Graduate,Single,34,380000,34869,6305,5736,900,16915,936,6336,5766,904,16915,940,-31,-30,-4,0,-4,0
Female,Graduate,Married,38,320000,0,0,0,0,0,0,0,0,0,0,0,0,0,0,0,0,1
Female,University,Single,41,30000,1448,1261,630,240,690,150,1261,630,0,840,0,0,0,240,-150,150,0
Male,University,Single,29,470000,72830,49502,47771,52979,119678,94721,4003,4003,8003,70003,5030,45499,43768,44976,49675,89691,0
Female,High School,Married,40,80000,75768,78069,79196,25722,26261,26784,3500,2934,897,929,935,74569,76262,24825,25332,25849,0
Male,University,Married,60,20000,8570,10651,9944,10142,9591,10400,2620,0,500,380,1000,8031,9944,9642,9211,9400,0
Male,Graduate,Married,51,120000,125702,130461,131281,128594,117561,116732,8300,4500,4260,4595,4311,122161,126781,124334,112966,112421,0
Female,Graduate,Single,37,150000,0,0,584,596,596,0,0,584,12,0,0,0,0,584,596,0,0
Female,University,Single,43,200000,180680,184436,188181,190775,196449,192085,8155,8302,7225,10153,6987,176281,179879,183550,186296,185098,0
Male,University,Single,40,20000,45429,47961,49562,4410,0,0,2819,2420,88,0,0,45142,47142,4322,0,0,0
Female,High School,Married,36,170000,85780,80568,79823,79335,79506,80252,2906,3002,3000,3000,3500,77662,76821,76335,76506,76752,0
Female,Graduate,Single,34,150000,900,0,0,740,740,545,0,0,740,0,545,0,0,0,740,0,0
Male,University,Single,30,160000,632,0,632,316,0,316,0,632,316,0,316,0,0,0,0,0,0
Female,Graduate,Single,32,280000,45536,11509,2110,2121,6789,14959,11509,5000,2121,6789,14959,0,-2890,0,0,0,0
Male,Graduate,Married,42,60000,39986,41036,42449,43243,48537,47606,2000,2100,1800,6000,0,39036,40349,41443,42537,47606,1
Male,High School,Married,44,100000,39649,43608,46899,47447,48035,40484,5000,5000,1554,1595,1686,38608,41899,45893,46440,38798,0
Male,University,Single,48,360000,68032,63174,44536,80570,8333,8325,4500,3000,50000,8400,8325,58674,41536,30570,-67,0,0
Female,Graduate,Married,44,500000,71921,367979,294969,189612,128459,167105,368199,6486,234,90,167116,-220,288483,189378,128369,-11,0
Female,Graduate,Single,30,290000,284239,284692,230891,232778,235004,226959,11000,10000,8000,10000,8000,273692,220891,224778,225004,218959,1
Female,Graduate,Single,31,160000,0,0,0,150,150,150,0,0,150,150,150,0,0,0,0,0,0
Male,University,Married,47,50000,22923,23264,23879,23960,24067,24253,1400,1400,850,871,974,21864,22479,23110,23196,23279,0
Female,University,Married,35,250000,27107,36565,39711,47523,52726,57649,10000,10000,10000,6000,6000,26565,29711,37523,46726,51649,0
Male,Graduate,Married,42,350000,3800,3138,4150,3750,1362,8210,3138,4160,3750,2272,8210,0,-10,0,-910,0,0
Female,University,Married,22,100000,99415,101507,99511,99813,95816,96884,4600,3478,3461,3461,3684,96907,96033,96352,92355,93200,0
Male,University,Single,33,30000,31956,30425,30615,29304,28996,28970,0,1753,1200,1041,1194,30425,28862,28104,27955,27776,0
Female,Graduate,Married,36,450000,0,2500,2500,0,0,0,2500,2500,0,0,0,0,0,0,0,0,0
Female,High School,Single,40,20000,9755,894,5625,9625,12625,0,894,5000,4000,3000,0,0,625,5625,9625,0,0
Female,High School,Single,26,30000,28063,29304,28047,26840,28271,28134,1700,1407,1200,2000,2000,27604,26640,25640,26271,26134,0
Female,High School,Single,47,150000,103226,64671,64293,58024,59230,54638,2627,4123,0,1304,1338,62044,60170,58024,57926,53300,0
Male,University,Married,36,30000,22327,21696,21054,21315,21623,22261,0,0,908,800,1000,21696,21054,20407,20823,21261,0
Male,High School,Single,23,10000,6001,4308,3421,3615,4402,5173,2000,1500,400,1000,1000,2308,1921,3215,3402,4173,0
Female,High School,Single,47,50000,17569,18592,19621,21748,21262,21682,1613,1642,2769,0,923,16979,17979,18979,21262,20759,0
Female,Graduate,Single,22,50000,4124,1070,0,1217,3766,381,1070,0,1217,3766,381,0,0,0,0,0,0
Female,University,Single,23,130000,6271,6871,7599,9459,10303,11128,1500,1000,2000,1000,1000,5371,6599,7459,9303,10128,0
Female,High School,Single,22,50000,47066,45132,47756,28275,28082,28846,2300,3862,2000,1100,1500,42832,43894,26275,26982,27346,0
Female,University,Single,25,180000,177633,139415,136942,114632,117808,120302,5203,30023,10024,10000,4458,134212,106919,104608,107808,115844,0
Male,University,Married,47,30000,24081,29818,28966,26902,25426,26799,6155,0,1030,1049,5000,23663,28966,25872,24377,21799,1
Female,University,Single,24,60000,29717,28208,21372,18746,16745,16544,2076,1500,1500,689,2000,26132,19872,17246,16056,14544,0
Male,Graduate,Single,26,200000,16811,21290,20207,23858,33236,33337,5023,4007,5001,10020,5073,16267,16200,18857,23216,28264,0
Female,High School,Single,23,30000,18292,18450,390,390,780,780,1000,390,390,780,0,17450,0,0,0,780,0
Female,University,Single,36,320000,262613,164486,169691,188527,145676,135254,10043,15005,21640,5004,11628,154443,154686,166887,140672,123626,0
Female,Graduate,Married,37,360000,1605,1448,0,0,0,0,14,0,0,0,0,1434,0,0,0,0,0
Female,Graduate,Married,39,60000,56045,59524,58563,56831,53628,34490,5000,2000,1000,3000,8000,54524,56563,55831,50628,26490,0
Female,University,Single,28,50000,13733,5570,2698,4640,6554,8434,2037,2698,2000,2000,2000,3533,0,2640,4554,6434,0
Male,University,Single,35,30000,27143,28211,28654,27897,29587,30152,1800,1200,0,2300,1200,26411,27454,27897,27287,28952,0
Female,University,Married,31,50000,34644,33669,19124,18117,18496,18880,0,1597,649,671,691,33669,17527,17468,17825,18189,0
Female,Graduate,Single,24,70000,42105,35575,32772,29766,29286,29404,1614,2042,2002,1052,1055,33961,30730,27764,28234,28349,0
Male,Graduate,Single,44,310000,-42,7281,0,0,0,0,7323,0,0,0,0,-42,0,0,0,0,0
Female,University,Single,39,170000,2860,15643,1104,190,4786,2714,15643,1108,191,4786,2714,0,-4,-1,0,0,0
Male,Graduate,Married,49,150000,111348,109115,102598,3039,-309,-309,6000,4044,309,0,0,103115,98554,2730,-309,-309,0
Female,Graduate,Single,30,120000,3333,0,3333,0,984,984,0,3333,0,984,984,0,0,0,0,0,0
Female,Graduate,Single,33,100000,75374,44796,47294,38712,39304,40479,2000,5000,1521,1595,2000,42796,42294,37191,37709,38479,0
Male,Graduate,Single,41,140000,138379,143684,139902,142729,142406,142694,9000,0,6800,40000,5600,134684,139902,135929,102406,137094,1
Female,High School,Married,47,180000,14525,13828,10394,17562,8495,5090,1347,5000,10026,5000,785,12481,5394,7536,3495,4305,0
Female,High School,Married,51,20000,19684,11580,780,780,0,0,1000,780,0,0,0,10580,0,780,0,0,0
Female,University,Single,25,80000,0,0,0,0,0,0,0,0,0,0,0,0,0,0,0,0,0
Female,University,Married,39,200000,178665,133266,95836,85635,66137,30410,3677,2441,1854,1567,5000,129589,93395,83781,64570,25410,0
Male,University,Single,27,200000,25334,26203,25652,25162,24995,23901,2204,1004,1004,1013,2018,23999,24648,24158,23982,21883,0
Male,High School,Married,42,30000,14617,20350,18456,4190,13702,13247,6000,28,5000,13702,0,14350,18428,-810,0,13247,0
Female,University,Single,40,250000,0,1069,-320,-320,1680,4058,1069,320,0,2000,4058,0,-640,-320,-320,0,0
Male,High School,Single,30,50000,31217,33423,32600,31777,33966,34759,3000,0,0,2700,1500,30423,32600,31777,31266,33259,0
Male,Graduate,Single,31,250000,-23,3102,4438,3416,-4,1404,3125,4455,3417,0,1408,-23,-17,-1,-4,-4,1
Female,Graduate,Single,25,140000,23409,24725,26006,26771,28179,29746,2000,2000,1500,2000,2200,22725,24006,25271,26179,27546,0
Female,University,Single,31,170000,520,1316,6779,3416,2941,3518,1339,6779,2000,97,1002,-23,0,1416,2844,2516,0
Female,University,Single,47,240000,316,21359,2762,10264,316,9801,21359,2762,10318,316,17677,0,0,-54,0,-7876,0
Female,Graduate,Married,37,140000,135134,139178,139900,109665,108129,108067,6703,6120,4015,4042,4057,132475,133780,105650,104087,104010,0
Female,University,Married,28,50000,50998,51103,50262,20304,20319,20330,2209,1726,710,724,733,48894,48536,19594,19595,19597,0
Female,University,Married,47,240000,124425,131943,133457,134749,132651,140600,10839,5000,4800,0,10000,121104,128457,129949,132651,130600,1
Female,University,Married,57,420000,666,2629,4352,1440,1486,2290,2629,4360,2064,1486,2290,0,-8,-624,0,0,0
Male,Graduate,Married,53,220000,1136,642,1582,1109,3319,2113,642,1582,1109,3319,2113,0,0,0,0,0,0
Female,University,Married,28,70000,44230,44348,28978,17008,13780,14593,1747,1272,1212,1000,1020,42601,27706,15796,12780,13573,0
Male,University,Single,28,90000,55779,51886,52495,47727,44404,35768,2100,2166,1400,1534,1300,49786,50329,46327,42870,34468,0
Female,Graduate,Married,40,220000,0,0,0,0,0,0,0,0,0,0,0,0,0,0,0,0,0
Female,Graduate,Single,27,200000,9314,6020,4817,2098,2280,4778,2020,2817,1098,1280,3778,4000,2000,1000,1000,1000,0
Male,High School,Married,55,240000,229254,232693,189095,190481,194215,198313,8737,7506,6501,6501,7001,223956,181589,183980,187714,191312,0
Female,High School,Single,28,310000,19610,14746,28216,4245,3500,396,10000,28216,4245,3500,396,4746,0,0,0,0,0
Female,University,Married,34,80000,76142,80627,76776,61884,55501,54840,6611,1,3000,2504,2000,74016,76775,58884,52997,52840,1
Female,University,Married,38,290000,144160,147451,150617,153351,156213,158938,6000,6010,5600,5700,5700,141451,144607,147751,150513,153238,0
Male,University,Married,43,260000,175247,164173,152724,153527,153375,105491,8500,5950,4000,3000,6000,155673,146774,149527,150375,99491,1
Male,Graduate,Married,43,120000,0,0,0,0,0,0,0,0,0,0,0,0,0,0,0,0,1
Female,Graduate,Married,32,260000,598,2268,2268,1732,718,165,2268,0,1732,718,165,0,2268,0,0,0,0
Female,University,Single,39,360000,655,655,0,0,0,0,0,0,0,0,0,655,0,0,0,0,0
Female,High School,Married,36,30000,7963,9152,10282,10180,10394,9614,1321,1451,349,362,343,7831,8831,9831,10032,9271,1
Female,University,Single,22,30000,27444,29000,29886,28392,22612,22750,2000,1800,0,1000,1000,27000,28086,28392,21612,21750,1
Male,Graduate,Single,22,20000,3281,4325,5341,5751,6500,7386,1100,1100,500,1000,1000,3225,4241,5251,5500,6386,0
Female,University,Single,25,240000,175764,178600,182639,186275,190337,193961,6500,7000,6680,7070,6954,172100,175639,179595,183267,187007,0
Male,University,Married,31,200000,254266,240966,228663,217600,208432,200057,0,328,0,0,600,240966,228335,217600,208432,199457,1
Male,University,Single,38,70000,27000,31809,29776,30148,29918,29399,5600,0,1500,1057,2000,26209,29776,28648,28861,27399,0
Female,Graduate,Single,23,200000,488,878,488,488,0,1915,878,488,488,0,1915,0,0,0,0,0,0
Female,Graduate,Single,31,150000,18395,-2390,10042,129691,88173,63034,312,20132,129665,127,315,-2702,-10090,26,88046,62719,0
Female,University,Married,35,160000,17742,12939,7035,4596,4635,2744,2000,1000,500,1000,1000,10939,6035,4096,3635,1744,0
Female,Graduate,Single,30,180000,113647,52992,38394,30332,110824,99661,3000,3170,2000,100000,5000,49992,35224,28332,10824,94661,0
Male,University,Married,39,190000,144414,145572,142816,145463,147475,149853,7000,6000,6000,5500,6000,138572,136816,139463,141975,143853,0
Female,University,Married,22,20000,15749,16221,19836,14354,10962,9274,1500,5000,500,500,246,14721,14836,13854,10462,9028,0
Male,Graduate,Single,27,150000,82494,83044,84752,84743,78987,65590,3100,3500,3000,5000,3000,79944,81252,81743,73987,62590,0
Male,University,Married,35,310000,7589,9463,12296,15083,17840,20376,2000,3000,3000,3000,3000,7463,9296,12083,14840,17376,0
Female,University,Married,36,180000,98736,96566,81166,72463,72189,70712,6025,5000,6800,5000,5000,90541,76166,65663,67189,65712,0
Female,University,Single,24,80000,81908,83597,157646,79061,79834,81257,5501,3450,3000,3059,2915,78096,154196,76061,76775,78342,1
Female,University,Married,41,350000,85339,84393,86793,84406,73976,75497,5000,5016,5000,3000,3000,79393,81777,79406,70976,72497,0
Female,University,Married,47,50000,32547,33481,26775,0,0,0,1582,1800,0,0,0,31899,24975,0,0,0,0
Female,University,Single,23,90000,87669,86653,57819,30895,14543,9329,3499,3000,3000,10000,2000,83154,54819,27895,4543,7329,0
Male,University,Married,35,220000,112460,29300,8500,0,8500,8535,8500,8500,0,8500,8535,20800,0,0,0,0,0
Female,Graduate,Single,25,50000,43870,42891,43582,44561,45592,46495,0,1700,2000,1900,1800,42891,41882,42561,43692,44695,1
Male,High School,Married,46,90000,1651,390,390,390,1848,930,0,390,1950,1848,1710,390,0,-1560,0,-780,0
Female,University,Married,30,400000,161226,139481,17939,10315,22728,11493,5000,17939,12845,22728,11493,134481,0,-2530,0,0,0
Female,High School,Married,40,210000,2309,4791,4909,6588,9074,8651,4791,1909,2588,3074,3651,0,3000,4000,6000,5000,0
Female,University,Married,39,180000,177113,180628,176137,183007,179505,105229,7800,0,11700,0,3775,172828,176137,171307,179505,101454,1
Male,Graduate,Married,55,500000,3925,11200,25509,9857,8945,9985,11253,25585,3,18,5034,-53,-76,9854,8927,4951,0
Female,University,Married,39,260000,228443,233958,252615,186443,190345,193739,10698,24799,0,7035,7078,223260,227816,186443,183310,186661,1
Female,University,Single,26,180000,7149,12946,16163,13142,9800,4857,5946,3663,3159,3000,4857,7000,12500,9983,6800,0,0
Female,University,Married,34,180000,8000,0,0,0,600,0,0,0,0,600,0,0,0,0,0,0,1
Female,Graduate,Single,24,30000,22236,23574,24583,24915,25280,25791,1696,1705,1037,915,929,21878,22878,23878,24365,24862,0
Female,Graduate,Single,33,360000,31482,31805,18203,13122,11547,10949,5119,5007,5002,5005,5024,26686,13196,8120,6542,5925,0
Female,Graduate,Married,47,280000,2002,1311,0,430,430,-550,0,0,430,0,550,1311,0,0,430,-1100,0
Female,Graduate,Single,27,100000,53213,50842,48205,47324,45723,46708,6,2031,1800,2000,1900,50836,46174,45524,43723,44808,1
Female,University,Married,49,50000,49467,41877,20082,5329,3990,2088,1472,1000,107,3990,2088,40405,19082,5222,0,0,0
Male,High School,Married,31,20000,17557,18739,19473,17136,0,0,1466,1200,343,0,0,17273,18273,16793,0,0,0
Female,High School,Single,27,80000,1672,0,1672,836,0,2902,0,1672,836,0,2902,0,0,0,0,0,1
Female,University,Single,36,110000,0,780,0,0,0,0,780,0,0,0,0,0,0,0,0,0,0
Male,Graduate,Other,25,50000,6300,3395,3180,1831,1868,3300,9195,0,1831,37,3300,-5800,3180,0,1831,0,1
Female,University,Married,50,50000,48119,48318,21750,4387,4392,9493,1554,1028,4387,4392,9493,46764,20722,0,0,0,1
Male,Graduate,Single,33,20000,16117,17130,18655,17687,18023,18169,1285,2200,0,1000,1000,15845,16455,17687,17023,17169,0
Female,High School,Married,41,200000,98184,103228,119034,0,0,0,5143,19034,0,0,0,98085,100000,0,0,0,0
Female,University,Single,44,250000,0,664,62791,48598,50078,36050,664,65791,2000,2100,2000,0,-3000,46598,47978,34050,0
Female,Graduate,Married,33,150000,0,0,0,0,0,0,0,0,0,0,0,0,0,0,0,0,1
Male,Graduate,Single,23,50000,0,0,0,0,0,0,0,0,0,0,0,0,0,0,0,0,1
Female,Graduate,Married,38,200000,1779,1354,250,7250,2639,10207,1354,0,7000,0,10500,0,250,250,2639,-293,0
Male,University,Married,38,220000,147048,137560,131090,121259,117003,116902,6364,5892,5000,4369,4178,131196,125198,116259,112634,112724,0
Female,University,Married,36,60000,0,2426,3367,2898,11768,3983,2426,3367,2898,11768,3983,0,0,0,0,0,0
Male,University,Single,43,100000,47730,47525,47184,46836,46529,47070,1808,1728,1641,1673,1689,45717,45456,45195,44856,45381,0
Male,High School,Other,46,20000,15523,17264,18325,15680,0,0,2000,1500,500,0,0,15264,16825,15180,0,0,0
Male,University,Single,28,140000,82265,86127,84107,82362,74000,60977,5747,0,0,0,2600,80380,84107,82362,74000,58377,1
Male,University,Married,46,50000,48677,39756,30000,0,0,0,2000,3000,0,0,0,37756,27000,0,0,0,1
Male,Graduate,Single,28,50000,28639,29482,30455,28955,25959,26144,2100,2000,1000,600,3000,27382,28455,27955,25359,23144,0
Female,University,Married,30,120000,686,686,686,1372,686,836,686,686,1372,0,836,0,0,0,686,0,0
Female,Graduate,Married,39,120000,0,0,0,0,915,0,0,0,0,915,0,0,0,0,0,0,0
Male,University,Single,38,30000,28637,28711,29138,28852,28487,27788,2002,2002,1503,2006,2005,26709,27136,27349,26481,25783,0
Female,Graduate,Single,26,180000,0,0,0,0,298,7550,0,0,0,298,7550,0,0,0,0,0,0
Male,Graduate,Married,46,500000,53049,66623,70194,68618,67300,1825,16018,10000,4,333,1831,50605,60194,68614,66967,-6,0
Male,Graduate,Married,44,420000,337792,293987,294203,300314,258484,274817,12011,6472,6711,5170,189740,281976,287731,293603,253314,85077,0
Female,University,Married,45,20000,14296,15321,16333,17434,17013,17500,1262,1274,1375,0,771,14059,15059,16059,17013,16729,0
Female,University,Single,24,50000,39083,40150,41181,41996,43021,45700,1700,1700,1501,1700,3400,38450,39481,40495,41321,42300,1
Female,University,Single,30,260000,19674,17810,19753,21550,21032,19979,2000,3000,3000,3000,3000,15810,16753,18550,18032,16979,0
Male,University,Single,27,50000,47481,36112,31992,33361,100,0,1910,1790,79,100,1200,34202,30202,33282,0,-1200,0
Female,Graduate,Single,26,50000,750,0,3116,302,0,5778,0,3116,302,0,5778,0,0,0,0,0,0
Female,University,Single,49,50000,43342,44441,45390,46310,47262,48219,2100,2000,1113,1143,1159,42341,43390,45197,46119,47060,0
Male,University,Married,49,100000,69896,71360,72820,74264,75821,77410,2588,2644,2656,2752,2850,68772,70176,71608,73069,74560,0
Female,Graduate,Single,24,50000,38965,38063,38838,39598,40313,41293,0,1700,1700,1500,1800,38063,37138,37898,38813,39493,1
Female,Graduate,Single,27,180000,174546,175121,150710,135981,136064,137343,8269,6606,5000,4900,4900,166852,144104,130981,131164,132443,0
Female,Graduate,Married,38,240000,0,0,0,0,0,0,0,100000,0,0,0,0,-100000,0,0,0,0
Male,University,Married,38,30000,28484,29242,30037,29682,0,0,1905,1700,1108,0,0,27337,28337,28574,0,0,0
Female,High School,Married,60,30000,5867,5621,4090,2829,2108,1801,0,0,0,1801,0,5621,4090,2829,307,1801,1
Female,Graduate,Married,45,270000,96175,88092,78574,70330,61355,52969,3626,2700,3180,2300,2800,84466,75874,67150,59055,50169,0
Female,High School,Married,57,30000,347,1353,78,135,68,193,1353,78,135,68,423,0,0,0,0,-230,1
Female,University,Married,31,200000,1319,4997,3635,130,1209,938,4997,3650,130,1209,938,0,-15,0,0,0,1
Female,University,Married,29,40000,8801,9544,0,0,0,7922,1000,0,0,0,7922,8544,0,0,0,0,1
Female,Graduate,Married,31,360000,0,18540,9007,9500,8675,6573,18540,10000,10000,9000,6600,0,-993,-500,-325,-27,0
Female,High School,Married,57,150000,5483,9136,17348,6456,12256,8156,9136,17348,6456,12256,8156,0,0,0,0,0,0
Female,University,Single,24,80000,9933,11111,9998,8950,9415,5700,1370,1233,261,549,400,9741,8765,8689,8866,5300,1
Female,Graduate,Married,32,300000,-227,44791,-649,129798,558,522,45018,0,130447,560,524,-227,-649,-649,-2,-2,0
Male,University,Married,32,220000,202010,103124,105226,107476,109746,111920,3746,3820,4000,4000,4000,99378,101406,103476,105746,107920,0
Female,University,Married,42,110000,776,776,776,776,926,776,776,776,776,926,776,0,0,0,0,0,0
Male,Graduate,Single,30,50000,11787,9720,8613,5173,5593,0,1300,1034,0,1200,0,8420,7579,5173,4393,0,0
Female,High School,Single,60,50000,31164,32384,27553,28101,28690,28467,1756,1445,993,1029,1054,30628,26108,27108,27661,27413,0
Female,Graduate,Married,37,230000,400,20123,20590,20029,17198,5177,20123,1256,1000,1000,500,0,19334,19029,16198,4677,0
Male,Graduate,Married,27,50000,43333,46308,47250,46192,46997,48221,4000,2000,0,1700,2000,42308,45250,46192,45297,46221,1
Female,University,Other,39,240000,171907,171394,68907,70164,70672,69581,7200,3000,3000,2509,3000,164194,65907,67164,68163,66581,0
Female,Graduate,Single,26,130000,20054,1298,6712,-884,-6332,-9333,1298,6730,900,5448,0,0,-18,-1784,-11780,-9333,0
Female,Graduate,Single,34,160000,43729,43535,40799,41255,31766,32570,2045,1809,1265,1154,1333,41490,38990,39990,30612,31237,0
Female,Graduate,Single,31,210000,121697,120133,118496,116033,114617,108328,5000,5000,4036,5000,4000,115133,113496,111997,109617,104328,0
Female,University,Single,32,210000,1952,2787,6316,6504,326,89599,1526,4000,514,326,89599,1261,2316,5990,0,0,0
Male,Graduate,Single,47,330000,240063,242040,160008,160084,159453,159354,9500,5591,5500,6000,6000,232540,154417,154584,153453,153354,0
Female,University,Married,51,110000,10141,11472,12973,12468,13763,13989,1500,2000,0,1500,600,9972,10973,12468,12263,13389,0
Female,University,Single,28,120000,108993,111266,112056,112819,111298,113290,5500,4100,4087,400,4000,105766,107956,108732,110898,109290,0
Female,Graduate,Single,29,100000,5466,5652,9690,5286,8191,11272,5652,9690,6916,8191,6412,0,0,-1630,0,4860,0
Female,University,Single,34,210000,63672,57299,59336,61349,63366,65155,2200,3000,3000,3000,3000,55099,56336,58349,60366,62155,0
Female,Graduate,Single,31,350000,181550,177978,164481,198545,232543,165288,10000,20000,100048,60000,0,167978,144481,98497,172543,165288,0
Female,University,Single,25,180000,141836,140792,144021,146539,149286,151900,5124,6000,5300,5500,5500,135668,138021,141239,143786,146400,0
Female,Graduate,Single,28,150000,66296,61916,39614,39863,26379,22081,3000,3005,5000,3000,5000,58916,36609,34863,23379,17081,0
Male,Graduate,Other,37,50000,49457,47080,45833,45310,6313,5009,0,1200,1000,126,1000,47080,44633,44310,6187,4009,0
Female,High School,Married,47,230000,5482,15900,1678,0,764,0,15900,1678,0,764,0,0,0,0,0,0,0
Female,University,Married,39,30000,9884,9586,10318,10522,11354,11022,0,1200,375,1000,0,9586,9118,10147,10354,11022,1
Female,University,Married,24,90000,86643,87249,86858,86373,85875,82150,3881,3000,2800,1500,2299,83368,83858,83573,84375,79851,1
Female,University,Married,24,390000,16406,16966,15428,13465,40736,39532,1500,1500,1000,30000,2000,15466,13928,12465,10736,37532,0
Female,University,Single,25,50000,15679,16228,17796,17213,18432,18981,1100,2150,0,1500,1000,15128,15646,17213,16932,17981,1
Male,University,Married,39,320000,51058,34619,18079,18077,1792,18344,1240,1403,18084,1801,18352,33379,16676,-7,-9,-8,0
Male,University,Single,34,20000,15907,17142,17844,18009,17356,17200,1498,1200,365,347,344,15644,16644,17644,17009,16856,0
Female,University,Married,41,200000,42292,43764,44030,48466,49183,46919,3000,2000,5000,2000,3000,40764,42030,43466,47183,43919,0
Male,Graduate,Married,40,500000,5255,721,17252,7388,6069,0,721,17252,7421,6069,0,0,0,-33,0,0,1
Female,University,Single,28,190000,0,0,0,0,0,0,0,0,0,0,0,0,0,0,0,0,0
Female,Graduate,Single,25,70000,5730,7625,9484,11317,13125,14742,2000,2000,2000,2000,2000,5625,7484,9317,11125,12742,1
Female,Graduate,Single,35,220000,8304,11526,1270,0,1121,500,11526,1282,0,1121,500,0,-12,0,0,0,1
Male,University,Single,28,50000,28864,30090,31282,33350,32682,33385,2000,2000,2900,0,1400,28090,29282,30450,32682,31985,0
Male,University,Married,37,50000,15175,16505,17516,17926,18487,19029,1579,1590,1000,1000,1000,14926,15926,16926,17487,18029,0
Female,University,Married,46,50000,28390,29639,30854,30062,32705,33519,2000,2000,0,3300,1500,27639,28854,30062,29405,32019,0
Male,Graduate,Married,42,70000,70730,58103,68197,50756,50843,46727,3500,15000,3000,2000,1840,54603,53197,47756,48843,44887,0
Female,Graduate,Single,26,80000,66982,66130,67489,68535,66835,64962,2986,3056,2787,2745,2564,63144,64433,65748,64090,62398,0
Male,High School,Single,41,50000,45487,45548,46076,19092,18227,18285,1858,1685,659,658,656,43690,44391,18433,17569,17629,0
Female,Graduate,Single,27,150000,1345,0,0,0,0,0,0,0,0,0,0,0,0,0,0,0,0
Female,Graduate,Married,36,300000,540,1283,843,0,444,0,1283,843,0,444,0,0,0,0,0,0,0
Female,Graduate,Single,25,50000,10973,12092,13386,13663,14440,15150,1300,1500,500,1000,1000,10792,11886,13163,13440,14150,0
Female,University,Married,42,170000,4600,6519,7360,2437,2881,2659,2000,1000,2437,3103,2659,4519,6360,0,-222,0,0
Male,Graduate,Single,37,350000,316,316,316,466,466,316,316,316,466,466,316,0,0,0,0,0,0
Female,University,Single,33,470000,43353,47682,46429,43405,42796,44171,5000,2600,1500,1500,2000,42682,43829,41905,41296,42171,0
Male,University,Single,25,20000,13610,14160,15200,14800,17800,10000,1360,1400,0,3000,200,12800,13800,14800,14800,9800,0
Female,University,Single,26,140000,0,811,1633,1666,1700,0,811,1000,33,34,0,0,633,1633,1666,0,0
Female,University,Single,23,60000,45014,45698,39068,51205,54520,55964,1774,0,12858,4166,2350,43924,39068,38347,50354,53614,0
Female,University,Single,23,160000,122339,137278,136572,95115,96847,101443,18518,3358,0,3200,8000,118760,133214,95115,93647,93443,0
Female,Graduate,Single,26,150000,101569,103688,107321,106614,108805,111012,3756,5350,2562,2629,2669,99932,101971,104052,106176,108343,0
Female,Graduate,Single,23,20000,292,780,0,593,0,0,780,0,593,0,0,0,0,0,0,0,0
Male,Graduate,Single,35,210000,6808,4954,8739,5420,4450,4064,4960,8747,8,4450,4064,-6,-8,5412,0,0,0
Male,University,Single,23,50000,3352,18685,15868,11348,7822,7357,18685,1105,500,500,500,0,14763,10848,7322,6857,0
Female,Graduate,Single,31,210000,15332,10000,19875,57751,25456,10625,10000,19875,50000,15456,10625,0,0,7751,10000,0,0
Male,Graduate,Married,44,280000,593,1763,53669,4707,22014,3415,1777,53934,4726,22102,12,-14,-265,-19,-88,3403,0
Male,University,Single,36,300000,15536,17923,27007,360,257,21140,10000,10140,360,257,21346,7923,16867,0,0,-206,0
Female,High School,Married,37,230000,228342,189966,142377,143828,143698,143342,6100,7000,5356,5400,5200,183866,135377,138472,138298,138142,0
Male,University,Married,47,250000,8996,18069,7966,3470,3128,2966,18069,7966,3470,3128,2966,0,0,0,0,0,0
Female,Graduate,Married,36,500000,24170,8051,77908,50297,43679,49749,8091,78192,65,33766,37945,-40,-284,50232,9913,11804,0
Female,University,Married,48,50000,12592,12899,7313,8036,3949,26984,2017,2000,1200,100,26984,10882,5313,6836,3849,0,0
Male,High School,Single,46,50000,5942,5444,2464,2521,-1,167,1056,1000,57,0,168,4388,1464,2464,-1,-1,0
Female,University,Married,36,150000,296846,301634,314201,84135,90500,0,7143,13700,15000,7500,0,294491,300501,69135,83000,0,0
Female,Graduate,Single,53,180000,0,41300,41300,0,3270,41300,41300,41300,0,3270,41300,0,0,0,0,0,0
Male,University,Single,37,450000,136655,146400,156049,164076,170885,177483,13492,13641,12168,9650,9650,132908,142408,151908,161235,167833,0
Female,University,Other,24,70000,4177,2657,2752,1048,462,830,0,1500,0,0,1123,2657,1252,1048,462,-293,0
Male,High School,Married,40,110000,93357,94938,79368,74778,75996,77423,4100,2612,2666,2700,2659,90838,76756,72112,73296,74764,0
Male,Graduate,Married,43,200000,203393,198272,120005,121023,128387,130960,0,5812,4500,9352,4700,198272,114193,116523,119035,126260,1
Female,University,Single,37,210000,0,0,0,0,0,0,0,0,0,0,0,0,0,0,0,0,0
Male,Graduate,Single,36,320000,146201,129311,112151,84218,76058,24068,5465,3137,52,2384,25094,123846,109014,84166,73674,-1026,0
Male,Graduate,Single,37,20000,66599,67259,69521,16970,17326,17688,2317,2579,606,628,649,64942,66942,16364,16698,17039,1
Female,University,Single,29,130000,1110,1170,780,390,0,780,1170,0,0,0,780,0,780,390,0,0,0
Male,Graduate,Married,29,20000,16961,16365,9342,556,19967,1742,2000,1139,556,20191,1742,14365,8203,0,-224,0,0
Male,Graduate,Married,39,210000,3391,775,450,125,800,325,1000,0,0,1000,0,-225,450,125,-200,325,0
Female,University,Single,33,30000,25498,26149,26716,26918,27089,26277,1451,1408,1000,964,1136,24698,25308,25918,26125,25141,1
Female,High School,Married,36,60000,47987,48716,47632,48738,49601,52773,1788,0,1894,1801,3997,46928,47632,46844,47800,48776,1
Male,University,Married,49,110000,75565,64833,48586,48430,48150,48271,4009,5000,2000,2000,2000,60824,43586,46430,46150,46271,0
Male,Graduate,Single,32,130000,32236,41510,-1523,-1523,-1523,48477,10000,0,0,0,50000,31510,-1523,-1523,-1523,-1523,0
Female,Graduate,Single,38,500000,74615,74399,68761,70260,70143,68506,4010,6720,5000,5000,4000,70389,62041,65260,65143,64506,0
Male,University,Married,38,500000,499231,511629,-311,6391,420,7619,22600,501,6892,421,7695,489029,-812,-501,-1,-76,1
Male,University,Single,35,100000,8102,10252,5607,59265,62554,55392,2500,0,59265,4100,2500,7752,5607,0,58454,52892,1
Male,Graduate,Single,25,220000,29664,5995,8419,6523,508,370,1018,8424,20,878,1,4977,-5,6503,-370,369,0
Male,University,Single,40,50000,40561,97214,48890,8694,8876,9052,18280,2284,311,322,323,78934,46606,8383,8554,8729,0
Male,Graduate,Married,49,500000,1320,1320,1320,1320,1320,1320,1320,1320,1320,1320,1320,0,0,0,0,0,0
Female,Graduate,Single,29,50000,2459,2471,6015,5625,3056,2439,2471,6015,0,3056,2439,0,0,5625,0,0,1
Female,Graduate,Married,45,200000,1417,12643,3977,0,2500,199,12660,3977,0,2500,199,-17,0,0,0,0,0
Female,University,Single,50,320000,5714,7870,342,-6,1252,0,3000,342,2,1500,0,4870,0,-8,-248,0,0
Male,University,Single,29,450000,16524,12624,11239,10569,3868,5000,676,1204,264,19,5000,11948,10035,10305,3849,0,0
Male,High School,Single,26,20000,43340,42619,35381,31539,27409,23567,0,0,0,0,0,42619,35381,31539,27409,23567,0
Female,University,Married,44,310000,500,0,0,0,0,0,0,0,0,0,0,0,0,0,0,0,0
Female,University,Single,23,120000,100727,96551,69676,44879,43532,44467,4324,3234,1448,1400,1400,92227,66442,43431,42132,43067,1
Female,University,Married,48,200000,354304,303188,153179,156229,159708,163051,8000,5600,5600,6000,6000,295188,147579,150629,153708,157051,0
Male,High School,Married,53,50000,49466,50544,25381,9652,9464,9248,2442,1669,330,1342,330,48102,23712,9322,8122,8918,0
Male,High School,Married,48,130000,100522,102650,0,0,0,6163,4650,0,0,0,6163,98000,0,0,0,0,0
Female,University,Single,23,50000,25421,26704,26952,15673,13903,27775,2000,1000,3400,1500,25298,24704,25952,12273,12403,2477,0
Male,University,Single,26,130000,16435,17166,19478,19862,19403,21070,1300,2600,1000,0,2000,15866,16878,18862,19403,19070,1
Female,University,Single,42,50000,50221,49664,49611,2190,19769,19335,2215,1462,248,20787,21402,47449,48149,1942,-1018,-2067,0
Male,University,Single,32,30000,17287,14493,17240,19934,22441,24899,3000,3000,3000,3000,3000,11493,14240,16934,19441,21899,0
Female,University,Married,34,30000,24014,25891,27385,27834,28241,28130,2274,2217,1200,1000,500,23617,25168,26634,27241,27630,1
Male,Graduate,Single,34,160000,390,390,390,520,540,390,390,390,520,560,390,0,0,0,-20,0,1
Male,Graduate,Single,27,50000,43341,44442,45408,48279,47406,48553,1800,1729,3600,0,2055,42642,43679,44679,47406,46498,0
Female,University,Single,28,80000,18112,8857,69841,59075,58998,61038,10084,79200,2108,2200,3006,-1227,-9359,56967,56798,58032,0
Female,University,Single,25,60000,50269,47809,42769,38855,38768,38846,4749,1621,1400,1395,1500,43060,41148,37455,37373,37346,0
Female,Graduate,Single,27,230000,46628,45253,10507,6742,4387,1670,0,1000,135,4387,1670,45253,9507,6607,0,0,0
Female,Graduate,Single,30,390000,86124,89129,90294,92243,94186,97562,4300,3437,3346,3475,5000,84829,86857,88897,90711,92562,0
Female,University,Married,28,110000,3242,4095,4296,5043,5194,6110,1300,1054,1000,1000,1000,2795,3242,4043,4194,5110,0
Male,Graduate,Single,24,50000,0,0,0,0,0,181,0,0,0,0,181,0,0,0,0,0,0
Female,University,Married,35,20000,22382,20650,-15000,-15000,-15000,-15000,0,0,0,0,0,20650,-15000,-15000,-15000,-15000,1
Male,University,Single,29,100000,65324,11860,0,0,0,0,2106,0,0,0,0,9754,0,0,0,0,0
Female,High School,Married,33,70000,32405,22484,23169,23337,18265,18001,10580,8009,10004,5000,5000,11904,15160,13333,13265,13001,0
Male,University,Married,31,150000,156286,148841,134757,85874,84665,78130,57,6203,2819,3109,2842,148784,128554,83055,81556,75288,0
Male,Graduate,Single,31,390000,19469,17227,17400,19180,20036,4071,2227,2400,2180,1036,2071,15000,15000,17000,19000,2000,0
Male,University,Married,22,50000,47559,50463,49094,1884,19792,19809,3690,2500,942,19792,727,46773,46594,942,0,19082,0
Male,University,Single,26,90000,121368,102385,91591,66033,70654,121966,0,95800,0,6000,3000,102385,-4209,66033,64654,118966,0
Female,University,Single,30,290000,288994,296230,158127,234456,236813,211237,12549,7003,234456,9500,7592,283681,151124,0,227313,203645,1
Male,University,Single,24,20000,19401,20610,19682,19593,20001,19466,3232,0,815,858,832,17378,19682,18778,19143,18634,0
Female,Graduate,Single,28,90000,87916,87459,88183,91204,89687,91060,5800,5400,5804,0,6700,81659,82783,85400,89687,84360,1
Male,High School,Single,48,260000,266762,268508,266858,194413,189687,162473,11500,10000,5731,5654,5275,257008,256858,188682,184033,157198,0
Female,University,Single,26,90000,92472,92518,91504,91706,91801,91753,4600,4100,3900,4000,3700,87918,87404,87806,87801,88053,0
Female,University,Single,27,100000,104489,101123,101600,17046,1075,1442,0,4384,341,1075,1442,101123,97216,16705,0,0,1
Female,Graduate,Single,31,150000,126419,128887,134208,139551,134321,104513,7000,12440,10000,5000,5000,121887,121768,129551,129321,99513,0
Female,University,Married,46,60000,60987,60832,50469,40564,40601,40467,2145,1612,1404,1442,1445,58687,48857,39160,39159,39022,0
Male,University,Married,42,80000,80586,77960,79804,75299,76933,78953,3000,3200,3000,3400,3300,74960,76604,72299,73533,75653,0
Female,University,Married,24,80000,15621,3760,1368,0,1421,0,3768,1368,0,1421,0,-8,0,0,0,0,0
Female,University,Married,26,30000,30349,29580,30121,12787,6840,2250,0,1200,256,137,45,29580,28921,12531,6703,2205,0
Male,University,Married,38,20000,2638,3016,3274,7028,1839,2985,3016,3282,7055,1839,2985,0,-8,-27,0,0,0
Male,University,Single,24,50000,34500,0,0,0,0,0,0,0,0,0,0,0,0,0,0,0,0
Female,Graduate,Single,37,250000,43971,32009,13346,9163,8338,17793,1007,13346,9163,8338,18618,31002,0,0,0,-825,0
Female,Graduate,Single,22,50000,41940,41811,35920,19987,18971,18654,1748,1253,2504,1004,1509,40063,34667,17483,17967,17145,1
Female,High School,Single,32,120000,5152,4529,890,890,3040,1000,1015,890,890,3040,0,3514,0,0,0,1000,0
Female,University,Married,36,20000,-25,-25,-25,-25,-25,-25,0,0,0,0,0,-25,-25,-25,-25,-25,0
Female,High School,Single,33,280000,2186,2186,2184,2542,2186,2109,2196,2194,2554,2196,2119,-10,-10,-12,-10,-10,0
Female,Graduate,Married,35,50000,46532,46624,45438,39527,7997,462,3000,1200,9,500,462,43624,44238,39518,7497,0,0
Male,High School,Single,49,360000,348,7963,198840,390,390,390,8047,200222,1044,390,390,-84,-1382,-654,0,0,0
Male,Graduate,Single,32,100000,671,671,671,1642,821,671,671,671,1642,0,671,0,0,0,821,0,1
Female,High School,Married,42,140000,47556,48802,47722,50411,49473,50649,2300,0,3800,0,2000,46502,47722,46611,49473,48649,0
Female,University,Married,33,170000,172382,173101,171158,121399,118539,121276,6558,6316,3828,3569,3959,166543,164842,117571,114970,117317,0
Female,University,Married,33,50000,25658,26539,27507,28299,12012,8923,1700,2080,3000,1000,1000,24839,25427,25299,11012,7923,0
Male,High School,Married,46,50000,49083,27822,28702,29119,29240,28664,1463,1733,1150,1480,1200,26359,26969,27969,27760,27464,0
Male,University,Married,47,120000,2486,151,2853,2896,1149,1758,260,5753,1153,3,1759,-109,-2900,1743,1146,-1,1
Female,University,Single,38,170000,86401,88991,91571,94045,97965,101176,3991,4071,4000,5600,5000,85000,87500,90045,92365,96176,0
Male,University,Married,43,380000,195221,188328,192624,149860,59256,61039,8000,8263,7127,4000,3000,180328,184361,142733,55256,58039,0
Female,High School,Married,37,400000,76917,79075,81864,83747,85487,88315,4000,4000,3000,3000,4000,75075,77864,80747,82487,84315,0
Female,Graduate,Single,30,50000,30145,26212,17354,18157,18952,14036,5000,2000,1000,1000,1000,21212,15354,17157,17952,13036,0
Female,University,Married,42,440000,22597,7288,5683,-20,-20,9881,7324,5683,20,0,9901,-36,0,-40,-20,-20,0
Female,University,Married,24,30000,150,150,150,150,150,300,0,0,0,0,150,150,150,150,150,150,0
Male,Graduate,Married,39,470000,5572,3595,22816,2360,4206,5527,3595,22816,2360,4356,5527,0,0,0,-150,0,0
Female,High School,Married,40,180000,1903,0,0,3155,1173,1021,0,0,3155,1173,1021,0,0,0,0,0,0
Male,High School,Single,32,110000,34000,223,0,0,0,0,223,0,0,0,0,0,0,0,0,0,1
Male,Graduate,Single,25,300000,76918,41773,31180,19507,18169,18533,4103,1427,600,1200,2500,37670,29753,18907,16969,16033,0
Female,Graduate,Single,31,120000,325,325,325,325,325,1866,325,325,325,325,1866,0,0,0,0,0,0
Male,Graduate,Single,33,220000,3233,2106,666,1064,707,9213,2108,1332,1064,707,9325,-2,-666,0,0,-112,0
Male,Graduate,Single,27,50000,50459,36307,27713,3807,2746,625,1600,3071,500,2800,900,34707,24642,3307,-54,-275,0
Male,University,Married,43,100000,0,0,0,0,551,551,0,0,0,551,0,0,0,0,0,551,0
Female,Graduate,Single,30,170000,3733,1958,5956,1836,3959,1285,1958,5956,1842,3959,1285,0,0,-6,0,0,0
Female,Graduate,Single,37,360000,3355,5865,3300,6290,8220,28410,5865,3300,6290,8220,28410,0,0,0,0,0,0
Female,University,Single,43,180000,4819,5240,999,495,1776,79785,1010,1003,496,1781,81032,4230,-4,-1,-5,-1247,0
Male,University,Single,27,120000,33474,29029,26523,20554,19348,17439,1789,2037,659,802,640,27240,24486,19895,18546,16799,0
Male,High School,Single,32,210000,1649,1000,0,1761,675,752,1000,0,1761,675,752,0,0,0,0,0,0
Male,University,Married,56,60000,28842,30371,31556,32345,33663,34945,2000,2000,1315,2000,2000,28371,29556,31030,31663,32945,1
Male,University,Married,40,130000,20733,14261,22242,18265,21546,32411,7261,12272,10265,11546,12411,7000,9970,8000,10000,20000,0
Female,High School,Married,36,50000,3781,1710,25967,17227,15714,15876,1710,25000,754,600,800,0,967,16473,15114,15076,0
Female,High School,Married,52,50000,30505,29731,31062,33231,33736,33042,0,1831,3000,1182,0,29731,29231,30231,32554,33042,1
Female,Graduate,Married,33,100000,3976,0,0,0,0,0,0,0,0,0,0,0,0,0,0,0,1
Female,High School,Married,43,150000,90606,93496,94196,91550,89586,88300,4348,3229,3150,3348,3244,89148,90967,88400,86238,85056,0
Male,University,Married,38,240000,6848,836,2508,1672,836,563,836,2508,0,0,563,0,0,1672,836,0,1
Male,University,Other,38,120000,7787,3495,1706,-4,-4,-4,3505,1711,0,0,0,-10,-5,-4,-4,-4,0
Female,University,Married,32,80000,199,199,199,199,0,22109,199,199,199,0,22109,0,0,0,0,0,1
Female,University,Married,27,210000,174134,167095,161573,122362,116243,108414,16,6800,3800,5134,4000,167079,154773,118562,111109,104414,1
Female,University,Single,37,80000,1118,1102,10512,19529,27167,30878,0,10512,9529,8167,5000,1102,0,10000,19000,25878,0
Female,University,Married,38,50000,20838,23204,22538,22864,23495,24100,3000,0,1000,1000,1000,20204,22538,21864,22495,23100,1
Female,University,Other,52,50000,50671,50525,38240,18443,20065,20296,1844,1292,804,5717,823,48681,36948,17639,14348,19473,0
Female,Graduate,Single,34,330000,1406,1467,2599,17064,70464,-6053,1488,2599,17064,70464,0,-21,0,0,0,-6053,0
Male,High School,Single,28,230000,152966,65722,11666,18844,34983,53935,65722,20000,18844,34983,408,0,-8334,0,0,53527,0
Male,High School,Married,44,30000,7221,6962,6700,0,0,0,0,0,0,0,0,6962,6700,0,0,0,1
Male,Graduate,Married,41,50000,39159,40194,41209,42125,43443,44476,1669,1684,1600,2000,1753,38525,39525,40525,41443,42723,1
Male,Graduate,Single,37,220000,185955,181587,186054,188465,192758,196493,0,9000,7000,7500,7100,181587,177054,181465,185258,189393,0
Female,Graduate,Single,27,270000,11306,11263,13021,4144,2291,36491,1500,2000,2000,1000,37500,9763,11021,2144,1291,-1009,0
Male,Graduate,Married,44,160000,156400,157923,158746,153208,154163,155344,7200,8000,5510,5800,6000,150723,150746,147698,148363,149344,0
Female,University,Married,24,10000,3892,3686,5064,4837,5208,5475,0,1600,0,600,500,3686,3464,4837,4608,4975,0
Male,University,Single,25,20000,15006,16166,17160,16760,16760,0,1406,1400,0,0,0,14760,15760,16760,16760,0,0
Male,High School,Single,25,30000,22440,24168,23481,23950,25659,25098,2390,0,859,2097,0,21778,23481,23091,23562,25098,1
Female,University,Single,32,210000,85965,88586,94412,92195,92491,94369,4000,7500,0,3000,5000,84586,86912,92195,89491,89369,0
Female,University,Married,50,250000,116256,122392,118668,95735,96509,97089,11500,0,3543,3700,3547,110892,118668,92192,92809,93542,0
Male,University,Single,28,50000,23244,24364,25454,26030,26609,27662,1500,1500,1000,1000,1500,22864,23954,25030,25609,26162,0
Female,Graduate,Single,28,180000,584,1133,572,803,916,1189,1133,572,803,916,1189,0,0,0,0,0,0
Male,Graduate,Single,35,200000,7429,24325,40258,15103,14079,20878,24325,40265,15159,14079,20878,0,-7,-56,0,0,0
Male,Graduate,Married,38,350000,16459,4120,44164,35233,884,9924,941,44743,0,884,9924,3179,-579,35233,0,0,1
Male,Graduate,Single,22,20000,18093,18543,18911,19000,19397,19941,1300,1611,700,704,867,17243,17300,18300,18693,19074,0
Male,High School,Single,36,30000,30328,29999,0,0,0,0,1768,0,0,0,0,28231,0,0,0,0,1
Male,Graduate,Married,34,20000,6099,7559,8989,8436,12016,11404,2000,2000,0,4000,0,5559,6989,8436,8016,11404,0
Female,High School,Single,59,140000,62042,63445,63729,63751,65421,68070,3000,2000,2000,2000,3000,60445,61729,61751,63421,65070,1
Male,High School,Married,44,30000,18659,22544,21889,22721,23401,25000,4500,0,1500,1200,2000,18044,21889,21221,22201,23000,1
Female,Graduate,Single,30,180000,15743,9814,9161,8252,0,0,1205,9402,0,0,0,8609,-241,8252,0,0,0
Female,University,Single,25,20000,8011,9041,10903,11622,13280,12778,1320,2181,900,2000,0,7721,8722,10722,11280,12778,0
Female,High School,Married,36,100000,53530,55081,55581,59253,61145,62181,3000,2000,4600,3000,2200,52081,53581,54653,58145,59981,1
Female,High School,Married,36,100000,101972,115335,112016,112906,120101,138819,16608,0,4233,9200,21000,98727,112016,108673,110901,117819,1
Male,University,Married,45,20000,0,0,0,0,0,0,0,0,0,0,0,0,0,0,0,0,0
Male,Graduate,Married,31,350000,18685,21057,23291,22812,27418,20203,3000,3000,0,5000,5000,18057,20291,22812,22418,15203,1
Female,University,Married,32,80000,80237,69568,64469,54020,55852,44286,3000,2500,2000,3000,2000,66568,61969,52020,52852,42286,0
Female,High School,Married,49,120000,44244,44075,44823,44683,45537,50293,2000,3000,2000,3000,7000,42075,41823,42683,42537,43293,0
Female,University,Single,30,210000,1654,33257,34395,35321,36249,37047,32000,2000,1500,1500,1400,1257,32395,33821,34749,35647,0
Male,Graduate,Married,37,120000,32050,3872,52150,2740,4626,802,3872,52150,2740,4626,802,0,0,0,0,0,0
Male,University,Single,22,20000,8134,9992,10526,11049,11865,12665,2000,1000,1000,1000,1000,7992,9526,10049,10865,11665,0
Male,High School,Single,25,200000,848,753,547,-2,2040,0,753,547,2,2042,0,0,0,-4,-2,0,0
Female,University,Single,54,50000,1126,1113,1092,1415,1115,569,0,0,323,0,0,1113,1092,1092,1115,569,0
Male,University,Married,37,170000,5635,6321,102108,2120,2873,0,6321,102108,2120,2873,0,0,0,0,0,0,0
Male,Graduate,Married,37,450000,0,245,0,0,0,0,245,0,0,0,0,0,0,0,0,0,0
Male,Graduate,Single,34,300000,396,396,396,0,792,68095,396,396,0,792,68095,0,0,0,0,0,0
Male,Graduate,Single,36,300000,295433,301521,308038,306154,295664,290329,13000,13116,11000,11000,12000,288521,294922,295154,284664,278329,0
Male,University,Married,37,280000,2035,11009,9360,7480,4402,3646,11009,9370,7486,4402,3646,0,-10,-6,0,0,0
Male,Graduate,Single,39,170000,171160,187853,171095,137986,141319,139463,13000,6154,15000,6000,7000,174853,164941,122986,135319,132463,0
Male,Graduate,Married,38,60000,30013,31226,32396,34657,35456,34736,2000,2000,2800,1500,0,29226,30396,31857,33956,34736,1
Male,University,Single,29,50000,23469,23110,22792,20861,19116,15286,1437,1236,649,831,568,21673,21556,20212,18285,14718,0
Male,University,Married,38,380000,0,0,990,2086,0,4069,0,990,2086,0,4069,0,0,0,0,0,0
Female,Graduate,Married,40,70000,45251,42685,45674,44639,47624,48592,1800,3700,0,3707,1900,40885,41974,44639,43917,46692,1
Male,Graduate,Married,48,430000,4469,52213,46935,0,46987,882,52226,46935,0,46987,882,-13,0,0,0,0,0
Male,Graduate,Married,38,180000,326,326,326,326,326,326,326,326,326,326,326,0,0,0,0,0,0
Female,University,Married,41,330000,289884,283863,301265,306752,313710,309446,0,22200,12000,12000,978,283863,279065,294752,301710,308468,0
Female,Graduate,Single,26,250000,7374,0,0,0,2546,0,0,0,0,2546,0,0,0,0,0,0,0
Female,Graduate,Married,38,480000,384150,392013,361178,305024,289379,295768,15000,16000,12008,11000,11000,377013,345178,293016,278379,284768,0
Male,University,Single,37,210000,1890,3037,2429,823,1089,1451,3037,1200,0,1089,1201,0,1229,823,0,250,0
Male,University,Single,26,160000,25060,24306,17671,22121,40835,37471,8026,7804,7730,67296,1340,16280,9867,14391,-26461,36131,0
Male,Other,Single,29,390000,407399,397464,395333,367400,304990,304303,0,14414,14411,76000,15000,397464,380919,352989,228990,289303,0
Male,Graduate,Married,44,280000,-136,-496,-856,-1216,-1576,4266,360,360,360,317,6252,-856,-1216,-1576,-1893,-1986,0
Male,University,Married,33,50000,390,390,0,780,0,0,390,0,780,0,0,0,0,0,0,0,0
Male,Graduate,Married,60,350000,0,1150,4576,0,0,1206,1150,4576,0,0,1206,0,0,0,0,0,1
Female,Graduate,Single,40,230000,360,0,0,0,0,0,0,0,0,0,0,0,0,0,0,0,0
Male,High School,Other,36,200000,5644,82620,14129,41359,9140,0,89187,14178,41359,9140,0,-6567,-49,0,0,0,0
Male,University,Single,47,30000,29596,29625,29523,29494,29464,29891,1600,1500,1500,1500,2000,28025,28023,27994,27964,27891,0
Male,University,Married,37,50000,4719,22449,6640,5410,9570,1500,22530,6640,5410,9570,1500,-81,0,0,0,0,0
Male,Graduate,Single,26,180000,24464,25332,11991,4394,200,200,1573,3007,4394,200,200,23759,8984,0,0,0,0
Female,High School,Married,45,150000,141415,144592,147635,129507,132219,134869,5457,5661,4636,4800,4850,139135,141974,124871,127419,130019,1
Male,Graduate,Single,27,70000,39449,39742,40618,28782,30281,29175,2100,2000,1200,2590,0,37642,38618,27582,27691,29175,0
Male,University,Single,26,150000,10111,9847,10870,12189,12836,13828,1158,1181,1500,836,1200,8689,9689,10689,12000,12628,0
Male,High School,Single,25,50000,43685,44694,43673,44659,49512,48454,2000,0,2000,6000,300,42694,43673,42659,43512,48154,0
Female,University,Married,42,430000,89395,90052,90604,91200,92134,92834,3243,3200,3185,3500,3500,86809,87404,88015,88634,89334,0
Male,Graduate,Single,25,70000,3635,4529,4308,4859,4638,4911,1100,0,624,0,500,3429,4308,4235,4638,4411,1
Male,High School,Single,36,20000,0,832,0,832,1486,0,832,0,832,1486,0,0,0,0,0,0,0
Female,Graduate,Married,33,310000,115,894,0,0,0,0,894,0,0,0,0,0,0,0,0,0,1
Female,University,Married,23,160000,96814,69870,68984,55559,44705,28223,10008,20014,1894,6425,2204,59862,48970,53665,38280,26019,0
Male,High School,Single,38,30000,30771,29975,27541,27785,28839,29412,0,2000,1000,1500,1052,29975,25541,26785,27339,28360,0
Female,High School,Married,39,480000,51303,74639,67306,19895,23650,12616,73428,20496,34,23682,29,1211,46810,19861,-32,12587,0
Female,Graduate,Single,28,180000,99307,104403,110366,101550,98615,49730,6700,10605,0,4751,1754,97703,99761,101550,93864,47976,1
Male,University,Married,40,210000,5130,15266,11423,9329,12329,10039,15266,2500,1200,3000,1077,0,8923,8129,9329,8962,0
Male,Graduate,Single,30,360000,312,312,312,312,251,-61,313,313,313,252,1,-1,-1,-1,-1,-62,1
Male,High School,Single,31,180000,36864,35587,35989,36013,36164,31637,0,1800,1230,1200,1350,35587,34189,34783,34964,30287,0
Female,Graduate,Single,29,200000,16198,14320,15439,14757,14275,13680,0,5000,1000,0,2000,14320,10439,13757,14275,11680,0
Male,High School,Single,22,50000,48423,44450,956,976,1976,2939,2150,956,20,1000,1000,42300,0,956,976,1939,1
Male,University,Married,48,240000,3972,783,0,0,3853,29252,783,0,0,3853,29252,0,0,0,0,0,1
Female,Graduate,Single,29,180000,35619,22745,12200,9531,10131,0,1745,1200,1531,3500,0,21000,11000,8000,6631,0,0
Female,High School,Married,33,80000,325,107,1107,1338,0,0,107,1000,1338,0,0,0,107,0,0,0,0
Female,High School,Married,32,50000,42740,44744,47539,17360,17928,19619,3000,4000,1000,1000,2000,41744,43539,16360,16928,17619,0
Female,University,Married,36,280000,101803,100836,96333,97475,100652,1823,5005,7066,10000,5000,1823,95831,89267,87475,95652,0,0
Female,Graduate,Single,29,70000,43462,41845,40476,43687,43858,48127,3000,3000,7000,10000,15000,38845,37476,36687,33858,33127,0
Male,Graduate,Single,36,400000,6233,11152,-1,376,0,0,11219,0,377,0,0,-67,-1,-1,0,0,0
Female,High School,Married,45,210000,430,430,430,430,430,430,430,430,430,430,430,0,0,0,0,0,0
Male,High School,Single,33,80000,55424,56598,57724,58892,61991,63224,2068,2081,2113,5000,2264,54530,55643,56779,56991,60960,0
Female,University,Single,24,30000,300,300,300,300,300,300,0,0,0,0,0,300,300,300,300,300,0
Male,University,Single,29,310000,400,400,400,20334,19050,21573,0,0,20334,0,21573,400,400,0,19050,0,0
Female,High School,Single,27,360000,0,0,0,0,0,0,0,0,0,0,0,0,0,0,0,0,0
Male,University,Single,28,200000,29804,30892,25355,21666,15404,11559,20044,10198,15083,15450,11593,10848,15157,6583,-46,-34,0
Male,University,Married,33,50000,50431,45619,33610,19221,18925,19608,1823,1500,1000,1000,1000,43796,32110,18221,17925,18608,0
Female,University,Married,41,320000,49846,53811,38717,35409,35036,35939,5000,2000,2000,3000,3000,48811,36717,33409,32036,32939,0
Male,University,Single,27,60000,23439,26042,29182,29906,29292,29729,3300,3900,1500,0,1074,22742,25282,28406,29292,28655,0
Female,Graduate,Single,30,230000,216409,221419,224753,228022,232724,260472,10000,8500,8500,8500,32000,211419,216253,219522,224224,228472,0
Female,Graduate,Married,44,150000,1843,1367,0,0,0,0,1367,0,0,0,0,0,0,0,0,0,1
Female,Graduate,Married,39,360000,165,853,165,300,0,1790,853,165,300,0,1790,0,0,0,0,0,0
Male,Graduate,Single,34,50000,20613,28018,22744,18484,16378,13352,10000,10000,1500,3000,2803,18018,12744,16984,13378,10549,0
Female,Graduate,Married,37,280000,3915,6686,3719,11013,21011,29459,6691,85,11045,21012,29460,-5,3634,-32,-1,-1,0
Female,High School,Married,50,50000,38499,39216,15554,8704,8904,4687,1743,1021,200,200,100,37473,14533,8504,8704,4587,0
Male,Graduate,Married,32,500000,15491,22984,20700,19805,23802,23085,12992,2009,5000,5000,2000,9992,18691,14805,18802,21085,0
Female,High School,Married,41,400000,18487,12366,13010,12620,17945,20030,2620,1000,0,13945,7116,9746,12010,12620,4000,12914,1
Male,University,Single,28,280000,1799,1768,1848,-8,1601,-3,1782,1857,0,1609,3,-14,-9,-8,-8,-6,0
Female,University,Single,41,360000,158277,203726,293675,196475,2475,0,50000,100000,0,0,0,153726,193675,196475,2475,0,0
Female,Graduate,Single,29,260000,15502,16832,16832,16332,16332,-334,18000,16666,16666,16666,0,-1168,166,-334,-334,-334,1
Male,Graduate,Married,42,330000,241191,114291,113296,35048,36491,37252,10000,5449,5000,2000,2000,104291,107847,30048,34491,35252,0
Female,University,Married,33,350000,-7438,144562,147437,135043,137980,138908,152000,6000,5000,4000,4017,-7438,141437,130043,133980,134891,0
Female,University,Married,39,500000,36550,18752,22376,39018,4233,397,18795,22398,39041,4233,397,-43,-22,-23,0,0,0
Female,Graduate,Married,35,440000,128808,133340,133075,109705,111202,116169,10000,5000,5000,7126,10000,123340,128075,104705,104076,106169,0
Male,University,Single,28,260000,234867,237497,215343,205576,207688,198955,10500,9150,7500,8000,7500,226997,206193,198076,199688,191455,0
Male,High School,Married,48,500000,36875,26031,32389,32830,17191,72198,1192,32382,2011,0,72198,24839,7,30819,17191,0,0
Male,University,Married,35,100000,81415,80759,79755,81209,60720,74375,4000,3000,3004,2278,15000,76759,76755,78205,58442,59375,0
Male,High School,Married,47,70000,67670,62529,59024,26008,28210,18296,2730,2490,1000,5746,2000,59799,56534,25008,22464,16296,0
Male,Graduate,Single,43,440000,58108,51013,48337,49532,53714,56818,2400,3000,2000,5000,4000,48613,45337,47532,48714,52818,0
Female,Graduate,Married,44,220000,208858,212640,216062,209288,202578,195567,7611,7484,7109,6969,6661,205029,208578,202179,195609,188906,0
Female,Graduate,Married,32,160000,3189,3203,3421,2750,2750,5224,3248,3421,2750,2750,5224,-45,0,0,0,0,0
Male,University,Married,46,200000,7340,5980,4486,9790,4944,4696,0,4486,10000,0,4696,5980,0,-210,4944,0,0
Female,University,Single,25,30000,24458,29022,28230,22204,21954,22606,5000,1518,529,535,750,24022,26712,21675,21419,21856,0
Female,Graduate,Single,27,110000,113461,112026,111792,111936,112030,111975,4251,4218,4167,4238,4181,107775,107574,107769,107792,107794,0
Female,University,Married,43,60000,57033,58994,59732,36914,37684,38613,2880,2473,1322,1366,1554,56114,57259,35592,36318,37059,0
Male,Graduate,Single,28,260000,76996,11515,13392,22209,54807,62534,11515,13419,22209,54807,62534,0,-27,0,0,0,0
Male,University,Married,36,110000,109361,102505,103834,76491,77245,78049,3940,3256,2696,2780,2900,98565,100578,73795,74465,75149,0
Male,High School,Married,44,260000,257987,260104,253488,145630,148720,139633,7100,135546,4500,4590,4501,253004,117942,141130,144130,135132,0
Female,Graduate,Single,32,280000,157480,155362,156387,159584,163009,161769,6400,6100,5600,5805,7007,148962,150287,153984,157204,154762,0
Male,Graduate,Single,30,210000,462,562,1864,932,932,1014,1032,2234,0,932,1014,-470,-370,932,0,0,0
Female,University,Married,37,80000,5744,33115,34131,34809,35539,36271,33115,1568,1246,1291,1324,0,32563,33563,34248,34947,0
Female,Graduate,Single,37,200000,75360,57589,54711,44396,25948,14505,2050,15000,6003,845,290,55539,39711,38393,25103,14215,0
Female,University,Single,33,100000,74763,73010,74198,74964,76655,78328,0,3000,2000,2000,2000,73010,71198,72964,74655,76328,0
Male,University,Married,42,210000,9377,9534,9850,9905,8540,8785,9540,9856,9905,8540,8785,-6,-6,0,0,0,0
Female,University,Single,35,140000,148305,141907,141940,113028,112667,112318,0,7000,3923,4000,4100,141907,134940,109105,108667,108218,0
Male,Graduate,Single,29,180000,93962,95955,98354,105327,107500,105614,3500,4000,8600,4000,0,92455,94354,96727,103500,105614,0
Female,University,Single,34,240000,122810,114408,97395,83314,73292,59270,10066,7255,3035,3030,3018,104342,90140,80279,70262,56252,0
Female,Graduate,Single,24,150000,4857,1729,49200,50000,0,50000,1733,49200,1000,0,50000,-4,0,49000,0,0,0
Male,University,Married,54,80000,105365,108702,108486,94119,18809,40619,5030,2698,2172,376,40619,103672,105788,91947,18433,0,1
Female,University,Married,37,210000,22908,32513,6192,2885,8419,2810,32513,9,8,8444,3118,0,6183,2877,-25,-308,1
Female,Graduate,Single,28,180000,12595,18704,24410,29184,7325,326,7000,7000,7000,5000,326,11704,17410,22184,2325,0,0
Female,Graduate,Single,26,100000,96353,99710,102093,97701,99322,98787,4900,5000,4000,3800,3710,94810,97093,93701,95522,95077,0
Male,Graduate,Single,28,20000,17359,16828,17723,18733,12249,19910,2700,4150,1500,577,8000,14128,13573,17233,11672,11910,0
Male,University,Single,34,140000,128312,119084,62922,60196,58935,58654,5000,2200,2300,2300,2100,114084,60722,57896,56635,56554,0
Male,High School,Single,40,200000,390,1799,390,390,418,1604,1799,390,390,418,1604,0,0,0,0,0,0
Male,University,Single,25,80000,77142,45209,46410,43053,44387,43780,2000,2000,2000,2000,2000,43209,44410,41053,42387,41780,0
Female,University,Single,49,20000,18718,18132,19530,18950,16510,19386,0,3000,0,1000,3000,18132,16530,18950,15510,16386,1
Female,University,Single,24,80000,0,0,0,0,0,0,0,0,0,0,0,0,0,0,0,0,0
Female,Graduate,Married,41,170000,165602,138507,136176,61000,59477,44218,80000,4742,2022,2076,1776,58507,131434,58978,57401,42442,0
Female,University,Married,41,70000,50241,51145,50022,53390,54579,55722,2000,0,4200,2200,2200,49145,50022,49190,52379,53522,1
Female,High School,Married,40,90000,3569,7319,7608,1720,45000,0,7385,7608,1720,45000,15000,-66,0,0,0,-15000,0
Male,University,Single,30,30000,22221,23248,24260,24743,25261,25763,1391,1403,886,917,922,21857,22857,23857,24344,24841,0
Male,Graduate,Single,25,50000,2543,14335,566,5243,0,0,14439,566,5243,0,0,-104,0,0,0,0,0
Female,University,Single,21,50000,390,1499,780,797,1166,0,1499,780,797,1166,0,0,0,0,0,0,1
Female,Graduate,Single,39,260000,231024,208119,213219,202106,208890,215455,10000,10000,8000,10000,10000,198119,203219,194106,198890,205455,0
Female,Graduate,Married,33,360000,50067,17607,41262,8882,17348,29216,17607,41285,8882,17348,29216,0,-23,0,0,0,0
Female,High School,Single,52,500000,0,0,0,0,0,0,0,0,0,0,0,0,0,0,0,0,1
Male,High School,Married,46,160000,168501,160421,157661,73322,57835,41842,0,6322,2275,2343,3069,160421,151339,71047,55492,38773,0
Female,Graduate,Single,39,460000,89095,93634,111899,199682,177073,175979,6000,20000,90000,9000,10000,87634,91899,109682,168073,165979,0
Female,University,Single,26,20000,19366,19297,20023,19625,15188,0,1800,1500,500,500,0,17497,18523,19125,14688,0,1
Male,University,Single,25,360000,0,1647,1488,490,1697,789,1647,5,2,1705,792,0,1483,488,-8,-3,0
Female,Graduate,Married,38,300000,1008,228,0,0,0,0,228,0,0,888,0,0,0,0,-888,0,0
Female,University,Married,28,70000,29836,30856,30658,31850,31207,32037,1800,600,2000,0,1500,29056,30058,29850,31207,30537,1
Female,Graduate,Single,26,50000,26808,44361,32088,20100,15117,18501,30040,2037,592,5003,5012,14321,30051,19508,10114,13489,0
Female,High School,Married,51,150000,113647,117322,119935,124913,128108,131382,5001,4000,6006,5000,5008,112321,115935,118907,123108,126374,0
Male,University,Married,42,390000,1565,1733,2472,2626,989,4647,1733,2492,2637,992,4667,0,-20,-11,-3,-20,0
Male,Graduate,Single,37,280000,251486,245307,218043,196016,195307,168946,9352,8077,7171,8014,6235,235955,209966,188845,187293,162711,0
Female,High School,Married,28,50000,3377,4256,4207,694,238,0,1000,4207,694,238,0,3256,0,0,0,0,0
Female,Graduate,Single,38,280000,0,0,3898,1460,18901,0,0,3898,1460,18901,0,0,0,0,0,0,1
Female,University,Married,41,50000,0,0,0,0,0,0,0,0,0,0,0,0,0,0,0,0,0
Male,Graduate,Single,32,50000,13185,5070,6815,6068,7798,8511,1255,2000,0,2000,1000,3815,4815,6068,5798,7511,0
Female,Graduate,Single,28,150000,0,0,0,0,0,0,0,0,0,0,0,0,0,0,0,0,0
Female,Graduate,Single,31,120000,0,1730,2457,2192,2655,0,1730,2459,0,2655,0,0,-2,2192,0,0,1
Female,University,Other,37,360000,10764,8874,3501,328,0,770,1052,1002,328,0,770,7822,2499,0,0,0,0
Male,University,Single,33,20000,3010,1603,19980,19983,20066,19855,1272,19288,681,917,1000,331,692,19302,19149,18855,0
Female,High School,Married,46,50000,48797,49115,47991,0,0,0,2000,1018,0,0,0,47115,46973,0,0,0,0
Female,Graduate,Single,23,20000,10407,10096,11926,11440,12596,13533,0,2000,0,1500,1300,10096,9926,11440,11096,12233,1
Male,University,Married,35,90000,90467,88834,89791,53096,52340,27660,4000,5000,3100,1700,1421,84834,84791,49996,50640,26239,1
Male,University,Married,35,230000,176853,180639,180117,179717,124117,182717,10000,5000,0,5000,189600,170639,175117,179717,119117,-6883,0
Male,University,Single,22,20000,17990,17413,18608,19138,20690,20174,0,1502,822,2000,0,17413,17106,18316,18690,20174,0
Female,University,Single,23,100000,45756,9187,5408,12920,9656,4737,9187,5408,12920,9656,4737,0,0,0,0,0,0
Male,University,Single,26,270000,214277,199757,198551,201945,203636,205104,10000,7500,8000,7409,7869,189757,191051,193945,196227,197235,0
Male,University,Single,28,160000,1390,550,550,550,550,550,550,550,550,550,550,0,0,0,0,0,0
Female,University,Single,29,80000,46724,35074,32812,25930,26414,27128,2000,2000,1100,1000,1100,33074,30812,24830,25414,26028,0
Male,Graduate,Single,24,10000,7554,8287,9580,9267,10096,9415,1500,2000,700,1500,0,6787,7580,8567,8596,9415,1
Female,University,Married,27,500000,11354,9983,13570,10000,10000,10000,9983,13587,10000,10000,10000,0,-17,0,0,0,0
Female,Graduate,Married,43,90000,16139,7199,4367,7660,21175,4009,4367,9,7660,21175,4009,2832,4358,0,0,0,0
Female,High School,Married,59,150000,11067,12367,10557,9974,11507,1926,12405,10557,9974,11507,1926,-38,0,0,0,0,0
Male,High School,Married,49,50000,2522,1173,-88,2912,390,390,1173,0,3000,0,0,0,-88,-88,390,390,0
Male,High School,Married,48,260000,200716,203751,205530,-170000,171696,174151,8812,9158,0,497000,10000,194939,196372,-170000,-325304,164151,0
Female,University,Single,22,50000,836,10214,10057,9221,8808,3861,10214,2000,0,423,3861,0,8057,9221,8385,0,0
Male,Graduate,Single,28,30000,1190,2107,1098,1098,1248,982,1098,0,0,982,150,1009,1098,1098,266,832,1
Male,University,Single,26,70000,46599,45578,48505,47427,48447,45145,0,4000,0,2000,1700,45578,44505,47427,46447,43445,0
Male,Graduate,Married,52,360000,0,0,0,0,0,0,0,0,0,0,0,0,0,0,0,0,1
Female,Graduate,Single,39,430000,673,4549,7566,987,4870,975,4576,7642,990,4889,981,-27,-76,-3,-19,-6,0
Female,University,Single,23,50000,1291,2075,2895,2698,2500,2296,1100,1181,300,300,300,975,1714,2398,2200,1996,0
Female,Other,Single,26,150000,22683,24349,2130,2130,32,-780,2219,0,0,0,0,22130,2130,2130,32,-780,0
Female,University,Single,23,70000,17461,16892,18013,19315,19859,19390,0,1400,1600,1000,0,16892,16613,17715,18859,19390,1
Female,Graduate,Single,25,150000,42437,35082,19538,13277,3200,0,2265,2538,277,200,0,32817,17000,13000,3000,0,0
Male,High School,Married,38,110000,14084,11129,9316,7681,8897,11729,2500,2500,1000,1500,3000,8629,6816,6681,7397,8729,0
Female,Graduate,Single,38,20000,3527,4556,5867,5495,5126,5899,1241,1700,0,0,1000,3315,4167,5495,5126,4899,1
Male,High School,Single,39,20000,7824,9000,9867,11929,12091,12245,1307,1174,2236,500,500,7693,8693,9693,11591,11745,0
Male,Graduate,Single,31,50000,11479,12002,3508,339,1655,679,12002,3508,339,1655,679,0,0,0,0,0,0
Male,Graduate,Single,33,10000,8417,6281,8567,10046,10063,10132,1700,4700,2502,1500,3000,4581,3867,7544,8563,7132,0
Male,University,Single,24,20000,15703,19775,19096,19612,20164,19771,4663,0,1000,1000,5000,15112,19096,18612,19164,14771,0
Male,University,Single,34,180000,149172,100466,98458,89384,88315,84320,4600,4207,3500,4000,5000,95866,94251,85884,84315,79320,1
Female,University,Married,26,60000,60597,61332,58787,58472,57777,60985,5504,0,2304,2261,4600,55828,58787,56168,55516,56385,1
Male,Graduate,Married,30,20000,6885,8627,8340,10044,9739,10571,2000,0,1855,0,1000,6627,8340,8189,9739,9571,1
Female,Graduate,Single,25,70000,71106,67954,68976,49145,49688,47780,3292,3290,1706,1759,1729,64662,65686,47439,47929,46051,0
Female,University,Married,38,60000,48399,48241,36162,36560,40855,885,1764,1400,5000,5000,885,46477,34762,31560,35855,0,0
Male,Graduate,Single,28,200000,3330,2665,115323,21547,4056,3180,2686,115916,21722,4076,3196,-21,-593,-175,-20,-16,0
Male,Graduate,Single,34,200000,-1730,-1730,1111,1111,-29,-3789,0,3000,0,0,0,-1730,-1889,1111,-29,-3789,1
Female,Graduate,Married,37,300000,3144,5688,2297,3115,3172,1589,5734,2018,3138,3187,1597,-46,279,-23,-15,-8,0
Male,Graduate,Single,34,390000,13006,522,1790,7957,3044,27603,524,1790,7957,3044,27603,-2,0,0,0,0,0
Female,University,Married,23,80000,72364,64105,45867,29713,30270,27912,2756,1366,1000,1023,1093,61349,44501,28713,29247,26819,0
Female,Graduate,Single,25,100000,12660,5000,0,6272,10135,11958,5000,0,6272,4000,2000,0,0,0,6135,9958,0
Male,High School,Single,30,230000,213894,218966,238075,233210,233833,190628,10040,28341,0,6508,187,208926,209734,233210,227325,190441,0
Female,High School,Married,49,40000,0,0,0,0,0,150,0,0,0,0,150,0,0,0,0,0,0
Female,University,Married,25,180000,33322,29500,28418,16084,14210,711,1900,1864,600,600,711,27600,26554,15484,13610,0,0
Male,University,Single,28,420000,22872,23309,24612,25400,26333,27887,1700,2000,1500,1500,2000,21609,22612,23900,24833,25887,0
Male,University,Married,59,20000,2946,0,1473,240,390,1320,0,1473,240,540,1320,0,0,0,-150,0,0
Female,University,Married,31,340000,33639,37373,40990,42415,38367,37940,5000,5000,3000,2000,2000,32373,35990,39415,36367,35940,0
Female,Graduate,Single,25,20000,9317,18576,18219,17095,19748,18722,10000,800,0,3500,0,8576,17419,17095,16248,18722,1
Male,High School,Single,52,320000,31858,33562,35119,36886,38756,40543,5000,5000,5000,5000,5000,28562,30119,31886,33756,35543,0
Male,Graduate,Married,39,360000,0,0,0,0,0,0,0,0,0,0,0,0,0,0,0,0,0
Female,Graduate,Single,29,100000,33330,36282,38673,43014,48300,57497,3500,3000,5000,6000,10000,32782,35673,38014,42300,47497,0
Female,Graduate,Single,36,310000,0,298887,0,0,0,0,298887,0,0,0,0,0,0,0,0,0,0
Female,University,Single,24,140000,35806,36823,36285,36683,37150,41210,3000,1580,1294,1355,5000,33823,34705,35389,35795,36210,0
Male,University,Single,33,200000,98990,96566,103019,100464,102844,105505,0,9000,0,4000,4500,96566,94019,100464,98844,101005,0
Female,University,Single,28,30000,1743,0,0,2779,0,0,0,0,2779,0,0,0,0,0,0,0,1
Female,High School,Married,25,130000,132110,133734,129299,131871,132168,129779,6359,4505,4530,4798,4600,127375,124794,127341,127370,125179,0
Female,High School,Married,44,20000,17095,19112,17980,18780,0,0,3000,0,1000,1000,0,16112,17980,17780,-1000,0,0
Female,Other,Married,57,120000,116497,109247,98109,74387,75237,78967,5000,5007,5000,5000,5000,104247,93102,69387,70237,73967,0
Female,Graduate,Single,32,190000,8010,922,3200,15010,4575,7279,922,3208,15010,4575,7279,0,-8,0,0,0,0
Female,University,Married,26,50000,43721,42060,42332,37872,35748,33631,2228,2500,1660,1457,1300,39832,39832,36212,34291,32331,0
Female,Other,Single,27,130000,107599,109902,112635,114472,117556,116090,4030,4600,4200,5000,5000,105872,108035,110272,112556,111090,0
Female,University,Married,48,220000,28132,30362,31387,32559,35019,37422,2700,1534,1700,3000,3000,27662,29853,30859,32019,34422,1
Female,University,Married,29,200000,70422,67991,56909,56841,51245,42268,3500,2472,1683,1755,1658,64491,54437,55158,49490,40610,0
Female,High School,Married,59,50000,37201,27863,27712,28433,21449,20688,1503,1352,1073,1077,900,26360,26360,27360,20372,19788,0
Female,University,Married,26,30000,30954,30670,29856,30584,27883,29334,2074,0,2304,0,2400,28596,29856,28280,27883,26934,0
Female,University,Married,33,200000,0,0,0,0,0,0,0,0,0,0,0,0,0,0,0,0,0
Female,High School,Married,50,400000,5523,8033,0,550,0,0,8037,0,550,0,0,-4,0,0,0,0,1
Female,Graduate,Married,41,120000,118847,113190,114113,111593,112533,111672,5000,6000,5000,5000,5000,108190,108113,106593,107533,106672,0
Female,University,Married,38,60000,45972,49874,47329,35587,36193,29978,5000,5000,5000,5000,5000,44874,42329,30587,31193,24978,0
Female,Graduate,Single,25,150000,3167,13680,12848,8445,6868,1310,13879,4000,0,0,1310,-199,8848,8445,6868,0,0
Female,University,Married,44,240000,16925,1411,1696,1437,2714,2202,1411,1200,0,1479,0,0,496,1437,1235,2202,0
Male,University,Single,29,130000,3594,0,0,0,0,0,0,0,0,0,0,0,0,0,0,0,0
Male,High School,Married,40,200000,91368,92989,99704,101169,103401,109831,4000,8300,4000,4000,8300,88989,91404,97169,99401,101531,1
Female,University,Married,56,240000,2500,0,0,0,0,0,0,0,0,0,0,0,0,0,0,0,1
Female,Graduate,Single,22,30000,14885,16579,17498,25032,25626,27191,1939,1500,8213,1000,2000,14640,15998,16819,24626,25191,1
Female,University,Married,26,50000,44335,44626,40928,29367,29156,27337,2126,2104,990,1200,1654,42500,38824,28377,27956,25683,0
Male,University,Single,26,30000,13660,14708,17725,20320,19480,19222,1269,3286,2881,1,632,13439,14439,17439,19479,18590,0
Male,Graduate,Married,33,310000,0,0,0,0,0,0,0,0,0,0,0,0,0,0,0,0,0
Female,University,Single,28,120000,111840,114252,115306,112404,114269,116332,5300,3600,0,3400,3500,108952,111706,112404,110869,112832,1
Female,University,Married,34,290000,16196,17220,18231,18593,18986,19967,1292,1303,665,692,1300,15928,16928,17928,18294,18667,0
Male,University,Single,45,50000,45911,47521,48599,7476,7792,4122,2350,2421,298,468,1649,45171,46178,7178,7324,2473,0
Female,Graduate,Single,27,130000,86883,99516,77188,78304,79941,81648,40000,3400,3000,3052,3190,59516,73788,75304,76889,78458,0
Male,Other,Married,30,50000,47311,44136,17865,6431,6939,4509,2900,1035,500,508,410,41236,16830,5931,6431,4099,0
Female,University,Married,33,210000,98,1090,0,0,580,500,1120,0,0,580,500,-30,0,0,0,0,0
Male,High School,Married,47,50000,4759,4540,4284,2946,1473,1473,0,0,0,0,1473,4540,4284,2946,1473,0,1
Female,University,Single,40,10000,6160,6787,7377,7127,6931,6660,1123,1103,243,296,280,5664,6274,6884,6635,6380,0
Male,High School,Single,22,10000,5757,6706,7715,7873,8742,9551,1200,1128,286,1000,955,5506,6587,7587,7742,8596,0
Female,University,Single,24,80000,75444,80025,78129,82581,81053,79133,6400,0,6300,0,0,73625,78129,76281,81053,79133,1
Male,University,Married,65,360000,0,0,0,0,0,0,0,0,0,0,0,0,0,0,0,0,1
Male,Graduate,Single,32,530000,12451,24095,15688,24511,12144,34963,24120,15791,12808,8090,34110,-25,-103,11703,4054,853,0
Male,University,Single,46,20000,20376,19927,19907,19349,17484,-1216,2000,1500,607,1360,1300,17927,18407,18742,16124,-2516,0
Male,University,Married,42,170000,131629,131374,129544,131937,132958,134525,5300,5100,5000,4700,5000,126074,124444,126937,128258,129525,0
Female,University,Married,33,220000,16090,4991,-1350,18150,350,200,4991,0,20000,350,0,0,-1350,-1850,0,200,0
Male,High School,Married,40,180000,991,991,1316,325,1657,325,991,1316,0,1657,325,0,0,325,0,0,0
Female,Graduate,Married,37,440000,5302,13333,686,-414,2736,12586,13333,1383,0,3150,13000,0,-697,-414,-414,-414,0
Male,University,Married,62,20000,17870,18740,19343,19402,11731,0,1462,1367,682,627,0,17278,17976,18720,11104,0,1
Female,University,Single,39,400000,0,0,0,0,0,0,0,0,0,0,0,0,0,0,0,0,1
Male,University,Single,27,130000,44826,40650,0,0,0,0,1092,0,0,0,0,39558,0,0,0,0,0
Male,Graduate,Single,29,420000,194505,144086,144169,122453,120509,119783,5479,5502,4193,5006,4503,138607,138667,118260,115503,115280,0
Female,University,Married,34,80000,78688,80539,76681,34197,27398,28646,4000,2333,3032,28298,2000,76539,74348,31165,-900,26646,0
Female,University,Married,45,20000,18569,40278,18760,18662,0,0,2500,3000,1000,0,0,37778,15760,17662,0,0,0
Female,University,Single,29,320000,93070,90725,92697,106221,104313,103251,0,3500,15100,11,3129,90725,89197,91121,104302,100122,1
Male,Graduate,Married,40,160000,27563,28350,25186,36100,21707,7928,5002,5000,14400,10000,4000,23348,20186,21700,11707,3928,0
Female,University,Single,23,50000,48725,51175,50115,33814,34423,31988,4987,1661,2000,3000,0,46188,48454,31814,31423,31988,0
Male,University,Single,35,50000,14536,10827,9594,7309,1277,3310,2000,2000,2000,1277,3294,8827,7594,5309,0,16,0
Female,University,Married,43,70000,71037,71880,71927,71370,71003,71411,3352,3400,2900,2900,2900,68528,68527,68470,68103,68511,0
Male,High School,Single,59,20000,19074,18482,20329,19616,19303,1013,0,2300,0,0,0,18482,18029,19616,19303,1013,1
Female,University,Single,24,160000,157389,158475,162309,162462,160085,158236,6800,6500,6000,6200,6200,151675,155809,156462,153885,152036,0
Female,Graduate,Single,33,130000,0,0,0,0,0,0,0,0,0,0,0,0,0,0,0,0,1
Female,Graduate,Single,23,20000,16918,20627,19985,19702,18395,18763,4000,1,651,0,655,16627,19984,19051,18395,18108,0
Female,University,Married,48,170000,18727,64028,107946,13608,110667,6878,66513,108323,13608,112876,3998,-2485,-377,0,-2209,2880,0
Female,Graduate,Single,39,300000,729,0,236,766,227,0,0,236,800,227,0,0,0,-34,0,0,0
Female,Graduate,Single,31,160000,1672,4411,500,0,0,0,4411,504,0,0,0,0,-4,0,0,0,0
Female,High School,Married,52,110000,0,0,1000,0,0,0,0,1000,0,0,0,0,0,0,0,0,0
Female,Graduate,Single,27,230000,92167,92799,94328,96203,98474,98835,3340,3401,3420,3797,3476,89459,90927,92783,94677,95359,0
Female,University,Single,21,60000,40969,32724,24975,25475,26010,26183,1859,1410,910,939,1000,30865,23565,24565,25071,25183,0
Male,Graduate,Married,35,280000,146368,244092,210226,177595,153181,145852,101585,90762,50119,282,50436,142507,119464,127476,152899,95416,0
Female,Graduate,Single,47,180000,-6,-6,1251,0,0,679,0,1257,0,0,679,-6,-6,0,0,0,0
Female,Graduate,Married,30,30000,12109,12917,13909,13394,13036,15019,1300,1500,0,0,2200,11617,12409,13394,13036,12819,1
Female,University,Single,28,50000,48010,40668,30361,22266,18469,21551,5000,2000,5000,6560,10000,35668,28361,17266,11909,11551,0
Female,University,Married,41,270000,832,416,832,416,566,416,0,832,0,566,416,416,0,416,0,0,0
Female,University,Single,24,80000,2346,0,0,0,0,0,0,0,0,0,0,0,0,0,0,0,1
Male,Graduate,Single,31,120000,25719,29961,32451,31630,34115,36551,5000,3000,0,3000,3000,24961,29451,31630,31115,33551,1
Male,High School,Married,53,120000,291,291,0,582,291,0,291,0,582,291,0,0,0,0,0,0,0
Male,Graduate,Single,23,30000,29025,28331,29792,30106,30318,28985,1507,5538,1030,1500,1500,26824,24254,29076,28818,27485,0
Male,Graduate,Single,36,380000,68943,75024,61114,60586,55489,55702,8000,5000,2500,5000,4000,67024,56114,58086,50489,51702,0
Female,University,Married,37,80000,80508,81731,78772,76818,70319,-1560,3100,0,2000,3000,0,78631,78772,74818,67319,-1560,1
Female,University,Single,26,20000,17938,18798,19347,8007,4890,0,1456,1005,160,98,0,17342,18342,7847,4792,0,0
Male,High School,Married,34,160000,2947,4593,6057,6519,7130,6578,2000,2000,1000,1000,0,2593,4057,5519,6130,6578,0
Female,University,Single,26,230000,8328,0,600,600,300,150,0,600,0,0,0,0,0,600,300,150,1
Male,University,Single,39,370000,334394,337272,340152,345904,322168,272461,14005,12004,12362,12006,9555,323267,328148,333542,310162,262906,1
Female,High School,Married,41,30000,29717,28569,29168,30566,29229,26260,0,2000,2200,0,1100,28569,27168,28366,29229,25160,0
Female,University,Single,24,20000,20073,19940,19441,18680,19071,19217,1319,1291,656,679,784,18621,18150,18024,18392,18433,0
Male,University,Single,23,20000,17529,16967,17176,16605,17185,18340,0,780,0,1000,1600,16967,16396,16605,16185,16740,1
Male,University,Married,52,470000,84672,86821,88892,90944,93739,96428,5000,5000,5000,5000,5000,81821,83892,85944,88739,91428,0
Female,University,Single,29,220000,36106,33494,29518,29569,28587,21201,3000,3000,6000,5000,1136,30494,26518,23569,23587,20065,1
Male,High School,Single,32,80000,78887,69433,48198,49182,49939,50626,2569,2000,2000,1770,2002,66864,46198,47182,48169,48624,0
Female,University,Married,33,180000,0,0,0,0,653,0,0,0,0,653,0,0,0,0,0,0,0
Female,University,Single,39,100000,24110,10497,20159,7053,0,1120,2000,20159,500,0,1120,8497,0,6553,0,0,0
Female,University,Single,21,10000,7888,8987,9604,9800,10000,0,1383,1000,196,200,1000,7604,8604,9604,9800,-1000,0
Female,University,Married,51,280000,2477,3470,0,0,0,0,3470,0,0,0,0,0,0,0,0,0,0
Female,Graduate,Married,31,110000,107507,108067,83164,79428,80235,79412,7960,0,3000,3000,3100,100107,83164,76428,77235,76312,1
Female,Graduate,Single,27,210000,135066,121769,97575,93763,95790,92855,5600,4000,3220,3400,3252,116169,93575,90543,92390,89603,0
Female,Graduate,Married,36,200000,10317,5755,8587,7782,6987,7662,5788,8587,5314,5000,5000,-33,0,2468,1987,2662,0
Male,Graduate,Single,27,260000,868,1317,1757,31741,3842,2450,1320,1770,31744,1,2606,-3,-13,-3,3841,-156,0
Male,Graduate,Single,36,600000,-1,-1,1095,899,598,-2,0,1096,4,601,0,-1,-1,895,-3,-2,0
Male,University,Married,47,330000,19540,23240,166722,215506,138371,21757,25487,166744,60057,560,17921,-2247,-22,155449,137811,3836,0
Female,Graduate,Single,31,500000,258257,247282,197247,188044,210940,201108,25239,18011,13014,45049,20102,222043,179236,175030,165891,181006,0
Male,Graduate,Other,29,200000,7505,5894,3002,1715,2604,-1,5919,3017,1720,2611,0,-25,-15,-5,-7,-1,0
Male,University,Married,36,200000,7300,3238,2655,2200,0,0,3238,2655,0,0,0,0,0,2200,0,0,1
Female,University,Single,27,210000,5353,280,4609,4703,6324,1621,280,4609,94,1621,0,0,0,4609,4703,1621,0
Female,Graduate,Married,46,500000,3982,3700,12953,9019,4236,-31,3718,13023,9070,4257,0,-18,-70,-51,-21,-31,0
Female,University,Married,44,10000,4125,5275,0,0,0,0,1275,0,0,0,0,4000,0,0,0,0,0
Female,Graduate,Single,24,160000,37000,0,0,0,0,0,0,0,0,0,0,0,0,0,0,0,0
Female,High School,Married,42,50000,50906,48888,47037,12187,9962,10015,2009,1180,1000,1000,348,46879,45857,11187,8962,9667,0
Male,University,Single,33,130000,130565,131878,115173,108310,112083,81362,5012,0,4000,5000,4000,126866,115173,104310,107083,77362,0
Female,Graduate,Single,28,140000,138036,140922,144072,142381,142807,141635,6600,7000,5300,6000,5500,134322,137072,137081,136807,136135,1
Female,University,Single,45,80000,83150,-8000,0,0,0,0,0,8000,0,0,0,-8000,-8000,0,0,0,0
Female,Graduate,Single,31,500000,17496,1001,15782,29251,20095,77684,2000,5000,37223,0,80583,-999,10782,-7972,20095,-2899,1
Female,University,Married,39,500000,146700,126765,107965,89339,67854,54918,4585,3789,3942,2433,10000,122180,104176,85397,65421,44918,0
Female,University,Married,35,320000,4050,4914,6630,6393,9721,10584,1073,1789,0,3425,1000,3841,4841,6393,6296,9584,0
Male,University,Single,29,50000,49612,48546,49157,49890,48941,49940,0,1900,1333,0,999,48546,47257,48557,48941,48941,0
Female,University,Single,40,120000,4180,5100,0,0,0,0,1000,0,0,0,0,4100,0,0,0,0,0
Male,Graduate,Married,59,500000,0,0,994,3342,1240,700,0,994,3342,1240,700,0,0,0,0,0,1
Female,University,Married,42,290000,-132,18364,2417,4583,1402,3227,18496,2429,4598,7,3227,-132,-12,-15,1395,0,0
Male,Graduate,Married,50,280000,19378,347,4197,3755,0,0,348,4399,18,0,0,-1,-202,3737,0,0,0
Female,High School,Married,41,30000,39230,37737,36619,34752,33229,32211,1618,2000,1500,1500,2000,36119,34619,33252,31729,30211,1
Male,Graduate,Single,31,80000,21004,20384,22231,21576,23229,22708,0,2500,0,2000,0,20384,19731,21576,21229,22708,1
Male,University,Single,24,50000,48136,72898,36103,29384,29356,29089,3700,5396,6,1003,1449,69198,30707,29378,28353,27640,0
Male,High School,Single,24,10000,7826,8745,8440,9229,8969,8819,1200,0,900,0,2000,7545,8440,8329,8969,6819,0
Male,Graduate,Married,49,550000,42141,1515,1488,18334,-114,-114,1522,1495,18426,0,0,-7,-7,-92,-114,-114,1
Male,University,Single,41,60000,14895,6750,5784,5246,3760,11411,6750,5784,5246,3760,11411,0,0,0,0,0,0
Female,University,Married,28,140000,5925,7729,0,150,1550,98426,2000,0,150,1550,106155,5729,0,0,0,-7729,0
Female,University,Single,28,50000,46096,25370,26331,24749,25269,26847,1442,1403,1000,919,2000,23928,24928,23749,24350,24847,0
Female,University,Married,27,300000,286321,283547,578971,293063,296677,230338,20000,12003,10524,11238,8814,263547,566968,282539,285439,221524,1
Female,High School,Married,29,30000,26836,28894,30571,31011,30389,30115,2500,2670,2000,0,1000,26394,27901,29011,30389,29115,1
Female,University,Single,25,50000,0,0,0,0,0,0,0,0,0,0,0,0,0,0,0,0,1
Female,University,Married,33,250000,2500,0,0,0,0,0,0,0,0,0,0,0,0,0,0,0,1
Male,Graduate,Single,39,60000,54978,56144,57251,58543,58345,59757,2050,2053,2219,2200,2394,54094,55198,56324,56145,57363,0
Male,High School,Single,44,80000,57076,58358,58992,62696,64148,62965,2800,2200,4700,2600,0,55558,56792,57996,61548,62965,0
Male,Graduate,Single,33,480000,-897,-897,-897,-897,-897,-897,0,0,0,0,0,-897,-897,-897,-897,-897,0
Male,University,Married,44,30000,23171,22523,21863,23296,22783,24310,0,0,1800,0,1910,22523,21863,21496,22783,22400,1
Female,University,Single,25,10000,9150,9206,10051,9850,8214,8054,1185,1030,1000,1000,2000,8021,9021,8850,7214,6054,0
Female,Graduate,Single,41,410000,0,0,0,150,150,1929,0,0,150,150,1929,0,0,0,0,0,0
Male,Graduate,Married,33,100000,38219,42604,44607,45576,46495,47182,5000,3000,2000,1800,1600,37604,41607,43576,44695,45582,0
Male,High School,Married,41,200000,84573,76348,50776,51018,25982,10170,2544,1433,3224,775,5000,73804,49343,47794,25207,5170,0
Female,University,Married,48,380000,363191,373421,363343,290371,289600,288256,15504,14000,12500,12000,11000,357917,349343,277871,277600,277256,0
Male,University,Single,27,100000,41298,42448,44368,48652,47885,48850,2000,2500,4900,0,1763,40448,41868,43752,47885,47087,0
Female,High School,Married,27,50000,37651,38498,40644,39731,35657,27014,1754,2900,0,1265,832,36744,37744,39731,34392,26182,1
Female,University,Married,28,130000,107216,91888,83975,76842,78093,67557,4000,4000,8000,6000,0,87888,79975,68842,72093,67557,1
Male,University,Single,34,120000,131773,58259,54699,54832,53693,48731,3000,1944,5000,3692,0,55259,52755,49832,50001,48731,0
Female,University,Married,42,150000,139172,141401,137320,138016,144084,136604,6022,5022,5100,10500,0,135379,132298,132916,133584,136604,0
Female,Graduate,Married,39,310000,1989,4566,5329,5724,1518,1336,4566,5433,5724,1336,0,0,-104,0,182,1336,0
Female,University,Single,51,110000,150000,0,0,3007,857,55973,0,0,3007,857,100000,0,0,0,0,-44027,0
Male,University,Married,37,420000,415257,411624,388363,390003,398229,409615,16850,15522,14000,14500,18007,394774,372841,376003,383729,391608,1
Male,University,Married,28,140000,6007,7332,7983,3277,2964,4791,7340,7983,0,2964,4800,-8,0,3277,0,-9,1
Female,Graduate,Married,37,500000,0,0,0,0,0,0,0,0,0,0,0,0,0,0,0,0,1
Female,University,Single,26,260000,258364,279322,282092,255409,257913,262004,45446,9000,0,9394,9628,233876,273092,255409,248519,252376,0
Female,University,Married,48,90000,316,316,316,316,316,316,316,316,316,316,316,0,0,0,0,0,1
Female,University,Single,41,90000,48276,47820,46602,47141,16114,15825,2281,1219,1164,556,595,45539,45383,45977,15558,15230,0
Male,High School,Single,35,20000,8918,8634,8280,11500,9000,0,0,0,4000,7000,0,8634,8280,7500,2000,0,0
Male,University,Single,36,30000,36124,35538,34359,32450,30633,30628,2500,2215,1156,1200,3000,33038,32144,31294,29433,27628,1
Female,University,Married,36,140000,45849,46909,47928,48731,49793,50812,2100,2100,1900,2000,2000,44809,45828,46831,47793,48812,0
Female,University,Single,32,340000,80174,82761,83636,85282,87070,88828,3871,3136,3014,3123,3168,78890,80500,82268,83947,85660,0
Female,Graduate,Single,31,120000,-66,-33,-33,-33,-33,-33,0,0,0,0,0,-33,-33,-33,-33,-33,0
Male,Graduate,Married,34,420000,18037,9944,3254,-16,-16,-16,3048,3016,0,0,0,6896,238,-16,-16,-16,0
Male,High School,Married,48,100000,6345,0,0,0,0,0,0,0,0,0,0,0,0,0,0,0,0
Female,University,Single,37,350000,128146,117713,51961,46207,35052,12536,4052,1700,1500,2000,500,113661,50261,44707,33052,12036,0
Male,University,Married,26,50000,48992,49689,31368,9454,6020,5000,1769,1003,189,120,100,47920,30365,9265,5900,4900,0
Female,Graduate,Single,28,30000,37,37,37,37,37,37,0,0,0,0,0,37,37,37,37,37,0
Female,Graduate,Single,29,360000,1766,4500,14697,10687,1968,1272,4534,14697,0,2141,1272,-34,0,10687,-173,0,0
Female,High School,Single,23,20000,17432,1165,19325,19311,18430,400,1165,19325,386,369,400,0,0,18925,18061,0,0
Female,University,Single,38,400000,2988,3983,3417,3267,186,1200,1222,1000,1200,186,1200,2761,2417,2067,0,0,0
Male,High School,Married,45,170000,40441,40937,34090,34894,36829,37727,5000,2000,2000,3000,2000,35937,32090,32894,33829,35727,0
Female,University,Married,36,110000,10448,10144,14516,19396,9298,14116,0,5000,5000,0,5000,10144,9516,14396,9298,9116,1
Female,University,Married,37,200000,390,31638,770,2108,0,0,31638,770,2118,0,0,0,0,-10,0,0,1
Female,Graduate,Married,32,200000,6540,17288,3009,20311,15643,5696,17301,3009,26257,15643,5696,-13,0,-5946,0,0,0
Male,Graduate,Single,29,360000,5143,2092,1864,969,2500,0,6159,1870,969,2500,0,-4067,-6,0,0,0,0
Male,Graduate,Married,37,500000,1961,1188,-150,150,6805,0,1188,0,300,6805,0,0,-150,-150,0,0,0
Male,University,Single,22,20000,18462,16699,19674,19258,9546,12051,1510,3875,759,10000,19126,15189,15799,18499,-454,-7075,0
Male,High School,Married,32,270000,150616,146262,149449,150893,153878,157324,0,7100,5500,6000,6000,146262,142349,145393,147878,151324,0
Male,University,Single,44,20000,6535,6285,7672,8390,9101,9796,0,1500,1000,1000,1000,6285,6172,7390,8101,8796,1
Female,Graduate,Married,43,350000,0,0,0,0,0,1146,0,0,0,0,1146,0,0,0,0,0,0
Female,University,Married,26,150000,115786,123423,5250,0,0,0,10000,5250,0,0,0,113423,0,0,0,0,0
Female,Graduate,Single,30,260000,83138,93416,84117,28683,3154,13603,14038,5018,10000,3154,13603,79378,79099,18683,0,0,0
Male,Graduate,Single,33,90000,1650,721,421,2754,309,159,721,0,2833,1000,0,0,421,-79,-691,159,0
Female,University,Married,32,310000,162530,155831,96835,89223,80462,73899,6100,4252,5000,2780,4881,149731,92583,84223,77682,69018,0
Female,Graduate,Single,43,210000,-3309,177952,167125,139784,142662,145725,184212,5482,3493,3590,3815,-6260,161643,136291,139072,141910,0
Female,University,Married,45,40000,11402,10928,11940,12241,12544,12835,0,1200,500,500,500,10928,10740,11741,12044,12335,1
Female,University,Married,25,80000,0,0,0,0,13369,0,0,0,0,13369,0,0,0,0,0,0,0
Male,High School,Single,22,50000,6673,5054,2340,1990,1377,1080,1056,1000,40,1377,1080,3998,1340,1950,0,0,1
Female,Graduate,Married,46,370000,26555,1572,166229,168601,171018,600,1572,166235,3372,4018,600,0,-6,165229,167000,0,0
Male,University,Single,28,130000,113613,112867,92617,94896,92347,94323,5847,3413,3872,3465,3627,107020,89204,91024,88882,90696,0
Female,University,Married,40,710000,5200,0,0,1004,854,8626,0,0,1004,0,8000,0,0,0,854,626,1
Female,High School,Single,24,180000,0,35300,1000,0,0,1245,35300,1000,0,0,1245,0,0,0,0,0,0
Female,University,Married,30,80000,42755,45053,46104,48327,53549,52457,3000,1800,3000,6000,2900,42053,44304,45327,47549,49557,0
Female,Graduate,Single,32,560000,68199,31211,23991,15488,12579,11400,1548,1446,14720,427,1000,29663,22545,768,12152,10400,0
Female,Graduate,Single,26,170000,47642,40779,34570,33153,24969,22893,4000,2006,1000,1000,1000,36779,32564,32153,23969,21893,0
Female,High School,Married,63,30000,8866,5884,11146,7779,8092,1565,5884,11146,0,8092,1565,0,0,7779,0,0,0
Female,Graduate,Single,30,430000,2202,7172,4705,2029,41581,25984,7232,4723,2035,41784,26108,-60,-18,-6,-203,-124,0
Female,University,Married,37,500000,7325,355,355,1204,2378,6344,355,355,1204,2378,6344,0,0,0,0,0,0
Male,University,Single,26,10000,7606,7030,8454,9454,5784,0,2000,2000,1000,0,0,5030,6454,8454,5784,0,1
Female,Graduate,Single,25,130000,5279,7887,10116,9110,6500,5874,4000,4000,2500,236,1700,3887,6116,6610,6264,4174,0
Female,University,Single,50,160000,3,3,3,3,13333,0,13333,13333,13333,26663,0,-13330,-13330,-13330,-13330,0,0
Male,Graduate,Single,33,150000,88590,85800,91242,88399,89629,94637,0,7400,0,3300,7000,85800,83842,88399,86329,87637,1
Female,University,Married,43,340000,33245,249,27476,0,0,24272,249,27477,0,0,24272,0,-1,0,0,0,0
Female,University,Married,37,200000,184144,189158,190569,191730,171269,151550,8017,8000,8000,9000,7000,181141,182569,183730,162269,144550,0
Male,University,Single,37,130000,125780,128768,130112,129785,121609,123586,6500,5000,5000,5000,6000,122268,125112,124785,116609,117586,0
Female,High School,Married,30,320000,49889,51151,48449,48948,49967,36697,2825,2961,1600,1579,1692,48326,45488,47348,48388,35005,0
Male,High School,Married,54,50000,55518,52931,55122,33975,18827,19222,3000,4000,53083,1268,708,49931,51122,-19108,17559,18514,0
Male,Graduate,Married,46,360000,2171,1063,91502,100125,84773,76951,1068,91679,45086,2223,2091,-5,-177,55039,82550,74860,0
Female,University,Single,29,420000,408568,418589,426336,84732,64614,3068,18000,18691,5027,3000,3068,400589,407645,79705,61614,0,0
Male,Graduate,Single,30,110000,2932,2373,2373,1475,3102,3151,0,2373,1475,4000,3000,2373,0,0,-898,151,0
Male,University,Single,35,80000,26994,28659,57803,27562,28224,28867,2000,30000,1000,1000,1000,26659,27803,26562,27224,27867,0
Female,High School,Married,43,60000,60283,61227,60385,30368,29667,30159,3000,1700,1135,1100,1500,58227,58685,29233,28567,28659,1
Male,University,Single,24,60000,47757,26340,16532,15782,17782,9450,1468,2000,0,2000,0,24872,14532,15782,15782,9450,0
Male,University,Single,26,210000,186109,168198,97223,202134,102844,39995,5929,3272,4362,5040,3195,162269,93951,197772,97804,36800,0
Female,Graduate,Married,46,360000,42094,10594,31532,46342,56571,65268,10600,30000,20000,15000,10000,-6,1532,26342,41571,55268,0
Male,University,Single,48,20000,6111,10479,10167,10695,11365,12170,4500,0,1000,1000,1000,5979,10167,9695,10365,11170,0
Female,Graduate,Single,42,150000,-874,-874,-874,-874,-874,4126,0,0,0,0,5000,-874,-874,-874,-874,-874,0
Male,High School,Single,30,310000,-44,-44,8915,-35,7028,-116,0,8959,0,7063,0,-44,-44,-35,-35,-116,0
Female,University,Married,40,240000,3571,2298,2632,904,5559,2748,2309,2637,2,5567,8,-11,-5,902,-8,2740,1
Female,High School,Married,55,160000,4144,2016,3384,1449,5542,7314,2016,3399,1449,5590,7314,0,-15,0,-48,0,0
Female,Graduate,Single,40,240000,1841,764,-13,-13,687,-44,2,0,0,700,0,762,-13,-13,-13,-44,0
Male,Graduate,Single,22,20000,14677,16625,17924,18674,15452,15882,3004,3006,3007,489,2110,13621,14918,15667,14963,13772,0
Male,Graduate,Married,55,190000,390,390,390,390,6026,7410,390,390,390,6026,7410,0,0,0,0,0,1
Female,University,Married,40,280000,-10,-10,-10,-10,-10,-10,0,0,0,0,0,-10,-10,-10,-10,-10,0
Male,University,Other,58,80000,3719,4444,0,0,0,0,1000,0,0,0,0,3444,0,0,0,0,0
Female,High School,Married,49,290000,169004,166920,153092,3804,155233,148003,7600,7521,3804,160897,5198,159320,145571,0,-5664,142805,0
Female,Graduate,Married,34,200000,3987,1631,21698,12657,11349,9006,1631,21698,12657,569,3000,0,0,0,10780,6006,0
Male,Graduate,Married,50,320000,6426,-4,816,30026,49154,1299,0,824,31144,25664,2610,-4,-8,-1118,23490,-1311,0
Female,University,Single,27,350000,16022,17059,17772,18127,18536,19224,1600,1300,650,700,1000,15459,16472,17477,17836,18224,0
Male,Graduate,Single,33,110000,39768,44333,43320,48236,49195,48253,5548,0,5651,1876,0,38785,43320,42585,47319,48253,0
Female,University,Married,37,300000,0,0,0,363,0,944,0,0,363,0,944,0,0,0,0,0,1
Female,Graduate,Married,44,500000,706,1108,380,-270,2305,2733,1242,380,22,2575,3009,-134,0,-292,-270,-276,0
Female,Graduate,Single,35,120000,500,2483,250,1579,223,421,2483,252,1579,223,421,0,-2,0,0,0,0
Female,High School,Other,31,80000,5154,5390,6276,1322,500,175,1124,1010,1322,500,175,4266,5266,0,0,0,0
Female,University,Single,33,200000,198878,195883,190282,164492,165076,166008,7700,7527,4900,5100,5300,188183,182755,159592,159976,160708,1
Female,Graduate,Single,26,150000,1551,2961,4175,1707,4492,6149,2990,4175,1707,4492,6149,-29,0,0,0,0,1
Female,Graduate,Single,40,150000,145074,152179,149313,129768,136084,30312,11000,6000,40000,42000,34880,141179,143313,89768,94084,-4568,0
Male,University,Married,42,210000,652,0,326,321,1435,8480,0,326,326,1440,8521,0,0,-5,-5,-41,0
Male,University,Single,36,150000,5382,0,0,0,0,0,0,0,0,0,0,0,0,0,0,0,1
Female,Graduate,Single,26,50000,39052,44416,43407,44382,45672,46758,6000,0,2000,2000,2000,38416,43407,42382,43672,44758,0
Male,University,Married,33,80000,79537,76226,49645,50235,47014,47575,2359,1745,1725,1704,1730,73867,47900,48510,45310,45845,0
Male,University,Married,34,50000,2522,0,2522,1261,1261,1428,0,2522,0,1261,1428,0,0,1261,0,0,0
Female,University,Married,50,20000,17393,18119,19413,19704,19563,20391,1315,2401,900,709,1548,16804,17012,18804,18854,18843,0
Male,University,Married,37,50000,27516,28871,29500,28914,29529,29319,2000,1435,1149,1197,1009,26871,28065,27765,28332,28310,0
Male,Graduate,Single,29,50000,14497,13975,25731,26112,26548,25970,0,12000,1100,1000,0,13975,13731,25012,25548,25970,0
Male,University,Married,46,280000,188894,194489,197722,192140,203913,200564,10101,8000,0,15000,0,184388,189722,192140,188913,200564,1
Male,University,Married,51,230000,197993,84076,77766,70066,62865,55311,2965,3500,2600,2500,1901,81111,74266,67466,60365,53410,0
Male,University,Single,30,230000,38651,45681,44652,48540,52477,56506,8000,0,4970,4907,4936,37681,44652,43570,47570,51570,1
Female,High School,Married,37,80000,63185,62209,61991,30597,30794,30684,5021,10036,3000,2000,2000,57188,51955,27597,28794,28684,0
Female,University,Other,35,60000,12695,15453,13420,15211,14395,16141,3000,0,2000,1000,2000,12453,13420,13211,13395,14141,0
Male,University,Married,37,200000,199669,204168,202381,172574,171795,170960,9300,7851,6400,6500,6537,194868,194530,166174,165295,164423,0
Female,High School,Single,22,30000,-854,29393,27390,2390,780,24310,33404,1000,2390,0,48620,-4011,26390,0,780,-24310,0
Female,Graduate,Single,34,340000,32488,42449,30042,28987,13104,59204,42552,30084,29033,13120,59273,-103,-42,-46,-16,-69,0
Female,University,Married,40,250000,4843,2942,1054,1708,3014,3037,2942,1057,1708,3014,3037,0,-3,0,0,0,0
Male,Graduate,Married,52,200000,1015,932,1453,821,1123,878,934,1461,823,1126,880,-2,-8,-2,-3,-2,0
Male,Graduate,Single,39,150000,146736,149030,148258,106114,105951,78487,7027,6000,3220,3600,2670,142003,142258,102894,102351,75817,0
Female,High School,Married,53,100000,0,0,0,0,0,0,0,0,0,0,0,0,0,0,0,0,0
Female,University,Married,41,220000,126532,90013,91191,86139,83743,78555,4500,4006,3000,3000,3000,85513,87185,83139,80743,75555,0
Male,Graduate,Single,32,140000,-4,-680,1824,1508,300,-206,0,3000,0,0,0,-680,-1176,1508,300,-206,1
Male,Graduate,Married,28,40000,10371,11895,11228,2475,5341,6255,2567,0,2475,5341,1500,9328,11228,0,0,4755,1
Female,University,Single,30,200000,185070,182566,178604,181878,182444,185250,7022,6501,6500,6504,7008,175544,172103,175378,175940,178242,0
Female,Graduate,Single,35,520000,60912,56728,55758,57911,54152,43108,7000,5000,5004,5000,5000,49728,50758,52907,49152,38108,0
Female,University,Married,22,30000,16534,17213,17723,17431,17882,17694,2002,1553,1002,2002,1000,15211,16170,16429,15880,16694,0
Male,University,Single,28,20000,17973,17835,18795,18252,17589,17480,1318,1278,635,802,350,16517,17517,17617,16787,17130,0
Male,University,Single,40,50000,14633,12921,13957,16703,17052,17391,1218,1254,3000,617,621,11703,12703,13703,16435,16770,1
Female,High School,Single,29,300000,143568,147715,149506,-4394,-4394,-4394,7951,6890,0,0,0,139764,142616,-4394,-4394,-4394,0
Female,Graduate,Single,36,500000,10935,4079,3943,3338,1224,31022,4081,4283,3338,1224,31022,-2,-340,0,0,0,0
Female,University,Single,27,490000,222705,191752,195022,196099,201289,86703,5011,5217,5000,5340,94762,186741,189805,191099,195949,-8059,0
Male,Graduate,Single,27,200000,630,825,1890,1260,630,630,825,1890,0,0,630,0,0,1260,630,0,0
Female,Graduate,Single,23,40000,19827,20709,21070,21420,23066,23683,1500,1000,1000,2000,1000,19209,20070,20420,21066,22683,1
Female,Graduate,Single,28,150000,3752,2730,500,2727,712,0,2730,500,2727,712,0,0,0,0,0,0,0
Male,Graduate,Married,29,50000,48310,49690,40697,16751,17093,13191,2300,1400,335,342,4000,47390,39297,16416,16751,9191,1
Male,University,Single,27,100000,99668,100181,99156,80234,80090,79494,4850,3740,2798,2865,3020,95331,95416,77436,77225,76474,0
Female,High School,Married,42,50000,44961,48164,38684,41034,43597,42743,4000,0,3000,3228,0,44164,38684,38034,40369,42743,1
Female,University,Single,25,130000,390,390,36659,23150,27376,33104,780,36659,5000,5000,7000,-390,0,18150,22376,26104,0
Female,Graduate,Single,27,70000,157,157,157,157,307,507,157,157,157,307,507,0,0,0,0,0,0
Female,Graduate,Married,30,30000,28289,29537,29378,22692,24169,23782,2013,1440,800,1800,108,27524,27938,21892,22369,23674,0
Male,Graduate,Single,28,50000,31170,20413,13738,6326,1452,1612,2005,1206,1000,600,500,18408,12532,5326,852,1112,0
Male,Graduate,Married,45,80000,1473,1473,24770,3366,1473,44314,1473,24770,3366,1473,44314,0,0,0,0,0,1
Female,Graduate,Single,30,220000,72546,74618,62379,37137,-669,14069,5206,30176,10258,14000,15070,69412,32203,26879,-14669,-1001,0
Male,University,Married,45,200000,200378,162374,154234,143953,147834,147373,6061,7048,5016,10294,5136,156313,147186,138937,137540,142237,0
Female,University,Single,24,120000,11296,12200,11761,6761,7189,1087,1400,1000,0,1000,1087,10800,10761,6761,6189,0,0
Female,University,Single,25,100000,98499,101051,98503,98949,48552,49545,5000,0,3900,1801,1800,96051,98503,95049,46751,47745,0
Female,High School,Married,59,100000,0,7240,7702,1550,12079,35920,7240,1000,1558,12079,35920,0,6702,-8,0,0,0
Female,Graduate,Single,23,50000,50025,22656,19610,17801,18078,18137,1626,1581,1000,900,700,21030,18029,16801,17178,17437,0
Male,University,Married,37,240000,2208,5652,34351,22241,8472,500,5665,35000,8877,500,0,-13,-649,13364,7972,500,0
Male,Graduate,Single,28,60000,2295,5293,13421,9900,310,160,6000,10000,900,310,0,-707,3421,9000,0,160,0
Female,University,Married,34,260000,8214,2149,3065,750,0,0,2151,3065,750,0,0,-2,0,0,0,0,1
Female,High School,Married,56,30000,17643,18564,17969,20645,21666,21170,1500,0,3000,1500,0,17064,17969,17645,20166,21170,1
Female,High School,Married,40,440000,54408,57901,61914,65863,69792,73346,5000,5000,5000,5000,5000,52901,56914,60863,64792,68346,0
Female,University,Single,30,360000,132250,132655,135959,139796,143642,147418,5000,5000,5000,5000,5000,127655,130959,134796,138642,142418,0
Female,Graduate,Single,26,50000,5310,34105,34536,0,0,0,29000,1000,0,0,0,5105,33536,0,0,0,1
Male,Graduate,Married,50,270000,316,316,316,5772,316,316,316,316,5772,316,316,0,0,0,0,0,0
Female,Graduate,Single,27,150000,30585,30138,0,0,0,0,6000,0,0,0,0,24138,0,0,0,0,0
Male,High School,Single,26,200000,8355,8355,8355,8355,8355,8355,8355,8355,8355,8355,8355,0,0,0,0,0,0
Female,University,Married,36,50000,44510,42564,38181,30805,28252,28783,3000,3000,3000,2000,2000,39564,35181,27805,26252,26783,0
Female,Graduate,Single,33,210000,970,2273,1303,5385,1814,0,1303,3,5387,1814,0,970,1300,-2,0,0,0
Female,University,Single,27,50000,47760,45064,45744,43123,42343,43020,0,3400,0,1528,3038,45064,42344,43123,40815,39982,1
Male,University,Single,24,50000,19839,20231,20142,19920,19722,20437,1328,1315,703,723,1050,18903,18827,19217,18999,19387,0
Male,Graduate,Single,29,440000,26430,23509,278956,274859,99618,103884,1249,279048,10758,5000,5080,22260,-92,264101,94618,98804,0
Female,Graduate,Single,28,60000,43662,42682,45603,44569,47452,46536,0,3628,0,3600,0,42682,41975,44569,43852,46536,1
Female,University,Married,41,70000,6017,8798,3810,2790,0,4513,3000,1500,0,0,4513,5798,2310,2790,0,0,0
Female,University,Single,25,290000,71559,66658,68627,61578,59274,61314,2500,3000,3000,3000,3000,64158,65627,58578,56274,58314,0
Male,University,Single,29,140000,487,487,2010,0,0,0,487,2010,0,0,0,0,0,0,0,0,0
Female,University,Single,33,310000,110786,115540,117674,108103,114721,105624,6555,6000,3272,15874,4182,108985,111674,104831,98847,101442,0
Female,Graduate,Single,36,450000,-44,10223,200,0,0,0,10267,200,0,0,0,-44,0,0,0,0,0
Male,Graduate,Married,34,360000,997,1267,3935,2437,2797,256,1270,3946,2444,2805,258,-3,-11,-7,-8,-2,0
Female,University,Married,34,550000,383973,380082,389694,342198,344808,347188,15000,20000,20000,12000,12000,365082,369694,322198,332808,335188,0
Male,Graduate,Married,44,180000,0,0,0,0,0,0,0,0,0,0,0,0,0,0,0,0,0
Male,University,Married,37,140000,34661,5309,51293,56740,59455,57532,5334,50006,9460,9461,2507,-25,1287,47280,49994,55025,0
Male,Graduate,Single,33,50000,17094,17779,19275,18829,15913,7561,2000,3000,1000,1000,1000,15779,16275,17829,14913,6561,0
Female,University,Married,30,200000,0,0,441,653,500,600,0,441,653,500,600,0,0,0,0,0,0
Male,University,Married,39,60000,54282,49541,46074,39917,39382,39799,2128,1608,1391,1410,1580,47413,44466,38526,37972,38219,0
Male,Graduate,Single,28,140000,3234,4324,5477,4490,1500,-51183,4340,5491,2013,1510,18,-16,-14,2477,-10,-51201,0
Male,University,Married,42,70000,70293,69199,66398,66282,67580,67273,3300,2600,2600,3000,2600,65899,63798,63682,64580,64673,0
Female,University,Married,50,20000,7973,9686,9382,10821,10361,10046,2000,0,1600,0,0,7686,9382,9221,10361,10046,0
Female,University,Married,24,100000,68963,64880,60536,55708,51724,48671,3000,2700,2000,1900,1700,61880,57836,53708,49824,46971,0
Male,Graduate,Single,33,360000,0,0,0,0,0,0,0,0,0,0,0,0,0,0,0,0,0
Female,High School,Married,24,100000,440,470,470,470,0,0,500,470,470,0,0,-30,0,0,0,0,0
Female,High School,Single,41,160000,26736,29052,28328,29099,29724,30624,3000,0,1200,1200,1500,26052,28328,27899,28524,29124,0
Female,University,Single,27,160000,163418,164211,165587,161950,161680,164031,6200,7600,6100,5900,6300,158011,157987,155850,155780,157731,0
Male,University,Single,26,130000,296,1299,-1,500,0,936,1003,0,501,0,936,296,-1,-1,0,0,1
Female,High School,Married,40,100000,48923,48404,46266,45405,44723,42934,2084,1973,1708,1728,1621,46320,44293,43697,42995,41313,0
Male,Graduate,Married,35,90000,15952,18780,19177,18574,19721,19254,3100,1000,0,1600,0,15680,18177,18574,18121,19254,1
Male,University,Single,23,80000,8613,12438,15212,15657,17404,19103,4000,3000,1000,2000,2000,8438,12212,14657,15404,17103,0
Female,University,Married,28,220000,216435,219973,215959,210438,207114,210491,8355,1000,0,0,6800,211618,214959,210438,207114,203691,1
Female,Graduate,Married,39,260000,5912,3768,1444,2402,2040,3172,3786,1451,2424,2050,3187,-18,-7,-22,-10,-15,1
Male,High School,Married,45,30000,25161,24476,28721,31262,30217,29158,0,5000,3300,0,0,24476,23721,27962,30217,29158,1
Female,University,Married,40,100000,4535,3546,-2106,8538,390,150,0,0,10644,0,150,3546,-2106,-2106,390,0,1
Male,University,Single,39,80000,55084,51265,47950,48869,49445,49979,3012,2100,2001,2001,2000,48253,45850,46868,47444,47979,0
Female,University,Single,31,20000,5526,5561,2935,5909,0,0,1032,2938,6039,0,0,4529,-3,-130,0,0,0
Male,Graduate,Married,41,140000,19853,22525,25141,29701,34197,38615,3000,3000,5000,5000,5000,19525,22141,24701,29197,33615,0
Female,Graduate,Single,25,30000,0,0,0,0,0,0,0,0,0,0,0,0,0,0,0,0,1
Male,University,Married,39,90000,20612,21956,23280,23812,24377,24821,1676,2000,1220,1100,1000,20280,21280,22592,23277,23821,0
Female,University,Single,23,150000,59555,59684,59501,59075,59171,53557,2812,2599,2143,2208,2112,56872,56902,56932,56963,51445,0
Male,High School,Married,28,250000,191305,90497,92278,93354,95309,97411,3899,3913,3186,3301,3525,86598,88365,90168,92008,93886,0
Female,University,Married,37,20000,19911,20797,20085,20126,20469,20655,1500,0,500,650,600,19297,20085,19626,19819,20055,1
Male,University,Married,28,50000,20914,29303,2515,7885,14493,2113,10087,2522,7951,14493,2120,19216,-7,-66,0,-7,0
Male,University,Married,31,100000,2000,1000,3000,2000,1000,1150,0,3000,0,0,1150,1000,0,2000,1000,0,1
Male,Graduate,Married,46,500000,3580,18785,10742,37171,6192,31453,18785,10742,37171,6192,31453,0,0,0,0,0,0
Female,University,Married,36,50000,47357,49260,50556,12557,9959,11361,3000,3266,600,1672,20000,46260,47290,11957,8287,-8639,0
Female,Graduate,Single,27,40000,32228,38904,4235,87230,72647,65070,8040,4235,87230,3000,10000,30864,0,0,69647,55070,0
Female,University,Married,35,80000,75530,79324,76090,75892,77310,80752,7000,0,3000,4000,5000,72324,76090,72892,73310,75752,0
Male,Graduate,Married,35,100000,45124,46168,47160,98775,49513,53433,1730,1722,3214,2119,5064,44438,45438,95561,47394,48369,0
Male,Graduate,Single,29,180000,1073,3191,10693,11285,13863,5646,3206,10696,1291,3877,11077,-15,-3,9994,9986,-5431,0
Female,High School,Married,53,90000,87235,88338,78994,50095,48987,49519,4000,2602,2000,3000,2000,84338,76392,48095,45987,47519,0
Female,University,Single,23,10000,1082,2731,757,876,3551,0,2731,757,876,3551,0,0,0,0,0,0,0
Female,Graduate,Single,33,200000,165,145,-20,446,165,0,145,0,631,0,0,0,-20,-185,165,0,0
Male,High School,Married,57,80000,7431,9895,9937,9629,10571,10749,2600,350,0,1100,500,7295,9587,9629,9471,10249,1
Male,University,Single,33,90000,62011,63426,64288,65236,66639,67893,3000,2500,2600,2600,2500,60426,61788,62636,64039,65393,1
Female,University,Married,42,80000,30900,0,0,0,0,0,0,0,0,0,0,0,0,0,0,0,1
Female,University,Single,24,90000,124457,118666,105806,98257,91442,66762,6600,0,2915,3154,2977,112066,105806,95342,88288,63785,1
Female,University,Married,46,80000,2350,2350,4700,2350,2350,2350,2350,4700,0,2350,2350,0,0,2350,0,0,0
Male,Graduate,Single,27,140000,832,0,825,409,521,416,0,825,0,528,416,0,0,409,-7,0,1
Male,University,Married,39,480000,398380,394515,393648,330221,296004,279768,20091,25370,15203,12013,12013,374424,368278,315018,283991,267755,0
Male,Graduate,Married,39,230000,276758,282285,269849,255954,235290,203223,12000,10000,8300,0,8006,270285,259849,247654,235290,195217,0
Male,Graduate,Single,27,70000,4168,3942,1929,2870,1435,3047,0,0,1980,0,3047,3942,1929,890,1435,0,1
Female,Graduate,Single,39,200000,126082,127734,125205,113304,114667,110138,6216,4371,4037,6613,4055,121518,120834,109267,108054,106083,0
Female,Graduate,Single,35,180000,66376,67033,68862,71970,69843,67219,5000,4000,5000,3000,2700,62033,64862,66970,66843,64519,0
Male,High School,Married,37,190000,181295,178857,181463,178984,175131,170136,8019,8008,6700,6800,6324,170838,173455,172284,168331,163812,0
Female,University,Married,24,20000,18817,18227,19632,20298,20337,19863,0,1720,1754,893,0,18227,17912,18544,19444,19863,0
Male,Graduate,Single,24,10000,7680,10160,9844,9554,9515,9700,2616,0,400,499,500,7544,9844,9154,9016,9200,1
Female,Graduate,Married,45,80000,81133,81466,80822,79207,79652,81165,3502,3000,4000,3100,3000,77964,77822,75207,76552,78165,0
Male,High School,Single,28,60000,53567,59629,60943,60716,58458,49529,6950,3250,1767,0,3654,52679,57693,58949,58458,45875,0
Female,Graduate,Single,37,500000,4168,19169,22893,52002,16521,-38,19169,22893,53198,0,0,0,0,-1196,16521,-38,0
Male,High School,Single,42,50000,550,1974,1250,1400,700,550,1974,0,700,0,550,0,1250,700,700,0,1
Female,Graduate,Single,28,360000,0,420,0,742,0,0,420,0,742,0,0,0,0,0,0,0,0
Female,High School,Married,56,10000,7324,9808,9501,10029,9730,9974,2609,0,830,0,400,7199,9501,9199,9730,9574,0
Male,Graduate,Married,54,300000,206,555,0,718,468,366,555,0,718,468,366,0,0,0,0,0,1
Male,University,Married,48,70000,8439,7606,8638,1230,390,890,1188,2000,1230,390,890,6418,6638,0,0,0,0
Female,University,Married,32,250000,39936,16666,16998,17504,0,0,8666,16998,17504,0,0,8000,0,0,0,0,0
Male,High School,Married,51,10000,3577,6012,6066,5820,6026,7680,2500,300,0,300,1774,3512,5766,5820,5726,5906,1
Female,High School,Married,28,140000,25184,27742,30129,21477,26097,24767,5000,3011,5000,5000,3000,22742,27118,16477,21097,21767,0
Female,University,Married,40,100000,0,0,0,0,0,0,0,0,0,0,0,0,0,0,0,0,0
Female,Graduate,Married,31,110000,0,0,638,225,225,0,0,638,225,0,0,0,0,0,225,0,0
Male,University,Married,38,210000,291,291,291,291,291,291,291,291,291,291,291,0,0,0,0,0,0
Female,Graduate,Married,40,210000,14472,680,0,0,0,0,680,0,0,0,0,0,0,0,0,0,0
Female,University,Single,26,70000,49201,48134,52431,52479,53345,52333,0,5100,2000,2000,0,48134,47331,50479,51345,52333,1
Male,University,Married,47,20000,15166,15014,16024,16345,17579,18750,1257,1267,588,1500,1500,13757,14757,15757,16079,17250,0
Male,Graduate,Single,31,220000,4935,3796,5227,2291,4739,1640,3796,5227,2293,4739,1640,0,0,-2,0,0,0
Female,High School,Other,51,20000,18355,17165,17676,18300,20278,20192,1600,1500,900,3600,393,15565,16176,17400,16678,19799,1
Male,Graduate,Married,28,80000,56272,58756,59587,60997,62856,66897,4000,2400,3000,3000,5100,54756,57187,57997,59856,61797,0
Female,University,Married,42,500000,506787,487049,478965,401635,423136,422271,21000,17414,12000,30000,18000,466049,461551,389635,393136,404271,1
Male,High School,Single,66,210000,209396,136809,139411,138991,140886,143721,6510,6450,5103,5500,5307,130299,132961,133888,135386,138414,0
Male,University,Single,27,80000,76896,78663,78692,56032,57248,58515,3613,3100,2000,2100,2200,75050,75592,54032,55148,56315,1
Female,University,Married,37,50000,40994,43594,38222,13026,13268,13497,5500,0,580,600,600,38094,38222,12446,12668,12897,0
Male,Graduate,Married,35,240000,0,11901,5736,1000,650,7574,11901,5758,0,150,7424,0,-22,1000,500,150,0
Female,University,Single,23,150000,198,4824,1276,4830,10251,5706,4848,1282,4854,10251,0,-24,-6,-24,0,5706,0
Female,University,Married,49,210000,0,0,0,0,0,0,0,0,0,0,0,0,0,0,0,0,0
Female,University,Single,28,360000,0,0,0,0,0,0,0,0,0,0,0,0,0,0,0,0,1
Female,Other,Married,29,230000,70069,64375,65691,67150,68398,69917,3000,2386,2553,2483,2657,61375,63305,64597,65915,67260,0
Male,Graduate,Single,35,500000,-453,1168,1215,6461,2567,735,2336,1215,6461,2567,1470,-1168,0,0,0,-735,0
Female,University,Married,34,150000,50523,46054,46191,45564,45840,47077,1763,2500,2000,2000,2000,44291,43691,43564,43840,45077,0
Female,University,Single,31,30000,27254,26531,27857,29685,31260,30468,0,1772,2600,2200,0,26531,26085,27085,29060,30468,1
Male,Graduate,Married,57,470000,83852,85008,83882,66207,65549,60805,3477,4100,2022,2100,2156,81531,79782,64185,63449,58649,0
Male,Graduate,Married,59,200000,27119,28081,30299,29516,31378,31914,1700,3000,0,2500,1200,26381,27299,29516,28878,30714,0
Male,Graduate,Single,35,470000,211775,218246,218615,221365,137387,201955,9883,6000,6194,30364,100018,208363,212615,215171,107023,101937,0
Male,Graduate,Single,32,310000,53340,85711,69195,59169,12056,10032,69220,3095,5000,2000,10058,16491,66100,54169,10056,-26,0
Female,Graduate,Single,28,210000,204191,204530,185587,136410,140051,142976,9000,9007,5254,6000,5500,195530,176580,131156,134051,137476,0
Female,University,Married,41,500000,24433,187206,10894,29161,28238,33272,187206,10909,29161,28238,33272,0,-15,0,0,0,0
Female,University,Single,27,80000,72991,75134,76083,81183,79906,75294,3320,2800,6400,2870,0,71814,73283,74783,77036,75294,0
Male,High School,Single,38,20000,11805,12186,9331,6927,12457,8900,1400,1023,0,12469,598,10786,8308,6927,-12,8302,1
Male,High School,Single,32,150000,3706,40093,65063,69046,60619,61096,40093,30000,10000,10030,5000,0,35063,59046,50589,56096,0
Male,High School,Married,39,390000,475934,308108,205228,185134,181949,136559,59324,6093,5411,6025,5000,248784,199135,179723,175924,131559,0
Male,Graduate,Single,29,10000,10208,8598,7100,9305,9805,5720,1500,1000,4000,500,2500,7098,6100,5305,9305,3220,0
Female,High School,Married,46,390000,14315,7097,6548,8976,909,17682,7097,6548,8976,909,17682,0,0,0,0,0,0
Male,High School,Married,41,210000,390,1732,1170,780,390,69438,1732,0,0,0,69438,0,1170,780,390,0,1
Female,Graduate,Married,33,350000,16414,693,693,1144,-4618,-8026,693,0,1144,4279,0,0,693,0,-8897,-8026,1
Female,Graduate,Single,35,150000,3299,596,978,1178,1007,2075,599,982,1007,5,2075,-3,-4,171,1002,0,0
Female,University,Married,36,210000,54717,55522,54929,55696,54773,51616,2017,1900,1900,1925,1845,53505,53029,53796,52848,49771,0
Male,Graduate,Married,55,100000,18135,31498,17158,18758,17168,0,2000,4000,2000,3000,0,29498,13158,16758,14168,0,0
Male,Graduate,Single,36,210000,210463,109132,47182,37067,24511,22634,5187,2043,1552,2013,3002,103945,45139,35515,22498,19632,1
Female,University,Married,48,290000,31386,31394,1369,15010,3280,0,31401,1369,15010,3280,0,-7,0,0,0,0,0
Male,University,Married,50,330000,-13,2750,-27,5344,16566,995,2763,0,5371,16648,1000,-13,-27,-27,-82,-5,1
Male,University,Single,37,50000,50701,50462,50218,20141,20072,19493,2202,2083,697,711,717,48260,48135,19444,19361,18776,0
Male,High School,Single,27,80000,47163,86021,44400,23954,24574,24772,1821,3600,1000,1000,1000,84200,40800,22954,23574,23772,0
Male,University,Married,35,340000,39229,40747,41930,43397,44710,46143,2000,2000,2000,2000,2000,38747,39930,41397,42710,44143,0
Male,High School,Married,38,120000,40538,41870,58882,59862,51172,52533,1988,18000,1857,1723,2075,39882,40882,58005,49449,50458,0
Female,University,Single,22,30000,3158,5547,3312,3145,3022,3247,5572,3321,3154,3031,3339,-25,-9,-9,-9,-92,0
Female,Graduate,Single,35,260000,20556,25256,50175,46516,42815,39004,9581,30000,1590,1472,1317,15675,20175,44926,41343,37687,0
Male,University,Married,64,50000,48369,44762,17403,17907,19000,18055,2384,5461,2872,1093,19055,42378,11942,15035,17907,-1000,0
Female,High School,Single,25,420000,72874,71035,57503,56467,53995,55304,0,2000,1892,1979,2226,71035,55503,54575,52016,53078,1
Female,University,Married,28,130000,71983,71514,73274,3541,3333,3333,4000,7000,3600,3333,3333,67514,66274,-59,0,0,0
Female,University,Married,30,270000,62599,59368,57856,49804,47310,42812,5000,5000,5000,5000,5240,54368,52856,44804,42310,37572,0
Male,High School,Single,30,50000,6615,7640,8649,9302,9008,9188,1135,1144,797,0,329,6505,7505,8505,9008,8859,0
Male,University,Married,34,20000,17179,17815,9519,10469,14272,15033,1300,1500,1415,4000,1000,16515,8019,9054,10272,14033,1
Female,University,Married,34,140000,132541,136186,139418,140962,137819,137094,7000,7000,5300,5300,10100,129186,132418,135662,132519,126994,0
Female,University,Married,35,100000,106229,98217,42482,43326,44235,45498,3000,1707,1551,1607,2000,95217,40775,41775,42628,43498,0
Male,High School,Single,41,50000,29368,28612,31623,33393,32587,31914,0,3500,2589,0,0,28612,28123,30804,32587,31914,0
Male,Graduate,Single,37,500000,27181,12525,7218,2183,6371,5208,7254,2208,11,6402,5234,5271,5010,2172,-31,-26,0
Male,University,Married,35,80000,78507,80327,80125,28345,28938,29665,3085,2969,1007,1042,1200,77242,77156,27338,27896,28465,0
Female,University,Married,34,220000,51565,15683,1381,3300,2452,2728,15683,1381,3300,2452,2728,0,0,0,0,0,1
Male,University,Married,34,30000,27358,25652,26723,27104,28616,29102,1750,1800,1118,2100,1100,23902,24923,25986,26516,28002,0
Male,University,Single,26,240000,161766,166147,169882,173246,177112,187951,7000,6500,6183,6640,14000,159147,163382,167063,170472,173951,0
Male,High School,Married,41,220000,10804,34407,14510,7229,12806,35433,34415,14565,7229,12806,35433,-8,-55,0,0,0,0
Male,University,Married,32,320000,6443,443,-1327,28484,47711,34755,451,0,29811,20000,2386,-8,-1327,-1327,27711,32369,0
Female,University,Married,36,230000,52689,0,150,150,921,771,0,150,0,921,0,0,0,150,0,771,0
Male,High School,Single,44,20000,780,390,390,390,390,0,0,390,390,390,0,390,0,0,0,0,0
Female,University,Married,34,280000,82691,75867,76835,70722,60694,62032,3500,3200,2500,2400,2500,72367,73635,68222,58294,59532,0
Male,University,Married,44,110000,111188,109512,108727,107381,106831,108305,6010,5507,4500,4502,4200,103502,103220,102881,102329,104105,0
Female,University,Married,26,180000,186248,178001,145248,58142,22312,7340,18000,5044,6506,500,500,160001,140204,51636,21812,6840,0
Male,High School,Married,51,100000,93970,93752,92293,92434,95478,40514,3799,3269,3407,5024,5056,89953,89024,89027,90454,35458,0
Male,University,Married,37,80000,43311,16348,9360,6295,14844,29065,5377,9383,6295,10018,21939,10971,-23,0,4826,7126,0
Female,High School,Single,30,260000,1264,6894,2917,-70,2300,2784,6894,2917,0,2784,5568,0,0,-70,-484,-2784,0
Female,University,Single,25,110000,111483,114125,114087,113879,112268,107423,5900,3500,3400,0,4000,108225,110587,110479,112268,103423,0
Female,University,Married,31,150000,104014,108229,109374,111279,125353,126913,5500,4005,3241,15500,4000,102729,105369,108038,109853,122913,0
Female,University,Single,35,180000,15288,4194,1300,0,4689,4689,4194,1300,0,4689,0,0,0,0,0,4689,0
Female,University,Married,28,230000,53542,79186,49984,35526,24540,16038,36000,1222,7510,491,6600,43186,48762,28016,24049,9438,0
Female,Graduate,Single,27,500000,73798,74781,75559,76426,56197,42998,4794,5560,2426,3521,1641,69987,69999,74000,52676,41357,0
Male,University,Single,30,300000,1485,-9,11970,10292,10116,829,0,11979,206,10,4,-9,-9,10086,10106,825,0
Female,University,Single,31,180000,326,326,326,326,76465,79695,326,326,326,76465,5000,0,0,0,0,74695,0
Female,University,Single,24,30000,1050,1050,1050,1050,1050,1050,0,0,0,0,0,1050,1050,1050,1050,1050,1
Female,High School,Single,29,110000,6467,6920,6242,6712,871,16391,1114,0,1000,0,16391,5806,6242,5712,871,0,0
Female,University,Married,28,100000,36428,48850,20904,13955,14573,16084,6000,5000,1000,4000,5000,42850,15904,12955,10573,11084,0
Male,Graduate,Single,31,390000,381453,375926,363787,291427,260026,178599,15024,30002,15052,10507,25001,360902,333785,276375,249519,153598,0
Female,Other,Married,35,180000,29197,30719,31500,31939,0,0,2000,1400,639,0,0,28719,30100,31300,0,0,0
Female,High School,Married,37,300000,5975,5312,1896,1523,2559,2881,1905,5,1527,2569,2889,3407,1891,-4,-10,-8,0
Female,Graduate,Single,36,260000,7740,1445,782,790,849,12319,1445,782,790,849,12319,0,0,0,0,0,0
Female,University,Single,29,360000,0,0,0,0,0,0,0,0,0,0,0,0,0,0,0,0,0
Female,University,Single,26,80000,509,437,3586,2248,2222,4822,525,3519,2201,2203,8389,-88,67,47,19,-3567,0
Female,Graduate,Single,26,100000,26273,-73,-73,-73,-73,-73,0,0,0,0,0,-73,-73,-73,-73,-73,1
Male,High School,Married,47,20000,14328,17196,17418,17608,17187,17528,3114,800,770,0,776,14082,16618,16838,17187,16752,1
Female,Graduate,Single,33,210000,27042,0,188,16464,13947,0,0,188,16476,0,0,0,0,-12,13947,0,0
Female,University,Married,25,10000,6991,8008,9018,9198,9896,9703,1126,1136,316,833,100,6882,7882,8882,9063,9603,0
Male,Graduate,Single,26,150000,360,360,360,16133,22309,22377,360,360,16133,7000,796,0,0,0,15309,21581,0
Male,High School,Married,37,360000,390,390,390,390,390,390,390,390,390,390,390,0,0,0,0,0,0
Female,University,Single,42,80000,16959,17910,14919,15375,-150,-150,1235,1369,825,0,0,16675,13550,14550,-150,-150,0
Female,Graduate,Single,29,130000,13194,9403,15383,9189,8499,1738,9403,10007,184,170,1738,0,5376,9005,8329,0,0
Male,Graduate,Single,36,30000,9934,10305,1394,1594,566,0,1000,1000,200,0,0,9305,394,1394,566,0,0
Female,University,Married,30,430000,332721,277080,219739,210142,179350,130328,10896,8123,7522,7003,4700,266184,211616,202620,172347,125628,1
Female,University,Single,23,20000,16641,17969,18635,-1542,19909,19417,1602,1268,0,21451,0,16367,17367,-1542,-1542,19417,0
Male,University,Single,32,50000,50342,44659,40893,-45,-45,0,8025,5023,0,0,5250,36634,35870,-45,-45,-5250,0
Female,University,Married,26,140000,129996,132004,127275,48724,48875,49667,7000,5000,2000,2000,2000,125004,122275,46724,46875,47667,0
Male,Graduate,Single,32,200000,11494,9085,5455,26975,8734,10756,9139,5481,27110,29889,10809,-54,-26,-135,-21155,-53,0
Male,University,Married,28,80000,65499,63882,67741,69355,65139,60345,0,5000,3200,7,2309,63882,62741,66155,65132,58036,0
Female,University,Single,23,50000,12630,11999,12990,12793,12686,12980,1211,1202,452,460,504,10788,11788,12341,12226,12476,1
Female,University,Single,27,280000,297192,284462,283374,238039,234017,145132,0,11143,7300,6024,6000,284462,272231,230739,227993,139132,0
Male,University,Married,51,710000,0,0,0,0,0,0,0,0,0,0,0,0,0,0,0,0,0
Male,Graduate,Single,29,180000,0,100000,0,7632,0,6071,100000,0,7632,0,6071,0,0,0,0,0,0
Male,Graduate,Single,39,500000,12106,12559,18993,50199,22879,16070,13351,18997,50933,24652,18060,-792,-4,-734,-1773,-1990,0
Male,University,Single,33,360000,0,0,0,0,0,0,0,0,0,0,0,0,0,0,0,0,1
Male,Graduate,Single,29,50000,20258,22932,22265,23896,26514,28073,3000,0,2000,3000,2000,19932,22265,21896,23514,26073,0
Male,University,Single,27,80000,62824,63883,57722,116742,72204,79105,2178,2674,2200,14710,8000,61705,55048,114542,57494,71105,1
Female,University,Married,44,50000,43596,46320,43976,44287,38113,30778,5000,0,2500,1500,2000,41320,43976,41787,36613,28778,0
Female,University,Single,23,50000,13717,13822,9847,5892,6413,6915,2008,1106,1000,1000,1000,11814,8741,4892,5413,5915,0
Male,Graduate,Single,33,150000,1532,1000,1430,810,786,447,0,1430,810,786,447,1000,0,0,0,0,0
Male,University,Single,28,360000,0,0,0,0,0,0,0,0,0,0,0,0,0,0,0,0,1
Female,University,Married,32,50000,49547,49740,50275,20089,19964,19918,2100,2097,1289,712,713,47640,48178,18800,19252,19205,0
Female,Graduate,Other,48,50000,83400,80000,4990,3596,1386,4775,1600,4990,13616,1310,4789,78400,0,-10020,76,-14,0
Female,Graduate,Single,29,200000,9344,723,723,1038,2035,3664,723,723,1038,2035,3664,0,0,0,0,0,0
Male,Graduate,Single,29,80000,-54,36656,5114,0,0,0,36710,5114,0,0,0,-54,0,0,0,0,0
Female,University,Married,46,140000,390,390,390,390,390,390,390,390,390,390,390,0,0,0,0,0,0
Female,Graduate,Other,22,20000,14993,16244,18300,18100,-1900,0,1800,2800,0,0,1900,14444,15500,18100,-1900,-1900,1
Female,High School,Single,34,80000,0,0,0,0,0,0,0,0,0,0,0,0,0,0,0,0,0
Male,University,Married,30,110000,107372,109156,111795,54358,58499,61445,5000,5000,3000,5000,6000,104156,106795,51358,53499,55445,0
Female,Graduate,Single,27,140000,143536,141849,131491,94362,85863,83974,5341,4000,3500,3000,13000,136508,127491,90862,82863,70974,0
Female,Graduate,Single,31,300000,32608,39029,38177,54867,66276,78169,20018,6028,25030,20023,20000,19011,32149,29837,46253,58169,0
Female,University,Single,29,50000,47411,19817,15688,0,0,0,1300,1210,0,0,0,18517,14478,0,0,0,1
Female,Other,Married,39,180000,84484,79099,77640,78369,80010,83683,3007,2804,2802,2901,5000,76092,74836,75567,77109,78683,0
Female,University,Married,39,290000,212943,216910,213931,212770,211098,202491,16923,7714,7283,7407,10000,199987,206217,205487,203691,192491,0
Female,University,Married,36,60000,0,0,0,0,982,832,0,0,0,982,0,0,0,0,0,832,0
Female,University,Married,38,100000,12893,12447,14967,16773,16427,19053,0,3000,2000,0,3000,12447,11967,14773,16427,16053,0
Male,University,Married,41,30000,29866,30900,0,0,0,0,1900,0,0,0,0,29000,0,0,0,0,0
Female,High School,Single,27,220000,150739,153827,156531,154721,150627,154034,7000,7000,2300,0,5600,146827,149531,152421,150627,148434,0
Female,University,Single,30,230000,0,0,0,0,0,0,0,0,0,0,0,0,0,0,0,0,0
Female,Graduate,Single,29,30000,0,0,0,0,0,4443,0,0,0,0,4443,0,0,0,0,0,0
Female,University,Married,47,20000,1343,1547,1539,1066,18187,18212,1547,1539,1066,18660,771,0,0,0,-473,17441,0
Male,University,Single,30,50000,780,780,780,0,390,1320,780,0,0,390,1320,0,780,0,0,0,0
Female,University,Married,46,80000,0,0,0,0,0,650,0,0,0,0,650,0,0,0,0,0,1
Male,Graduate,Single,29,90000,24802,27551,20559,17228,6531,8411,3200,0,1000,1000,2000,24351,20559,16228,5531,6411,0
Male,Graduate,Single,31,80000,19824,5000,19037,12344,26344,1011,5000,19037,0,14000,0,0,0,12344,12344,1011,0
Female,High School,Single,23,50000,37350,39740,40779,41793,42916,44199,3000,2000,2000,1800,2000,36740,38779,39793,41116,42199,1
Female,University,Single,29,50000,5520,0,0,0,0,0,0,0,0,0,0,0,0,0,0,0,0
Male,High School,Single,53,20000,19369,3888,3167,-129,9703,9871,3900,3179,773,9832,10084,-12,-12,-902,-129,-213,0
Female,Graduate,Married,38,250000,532,1106,771,625,1099,326,1106,771,625,1099,326,0,0,0,0,0,0
Female,University,Single,24,120000,889,1742,1077,902,1077,1271,1742,1077,902,1077,1271,0,0,0,0,0,0
Female,University,Single,28,110000,112597,107799,108464,110737,114581,111219,0,4000,4000,8500,0,107799,104464,106737,106081,111219,1
Male,Graduate,Single,33,160000,100,0,0,0,0,0,0,0,0,0,0,0,0,0,0,0,0
Female,High School,Married,52,80000,82198,80531,42334,39137,39074,40103,3543,1139,40003,2000,2100,76988,41195,-866,37074,38003,0
Male,University,Married,36,410000,41116,38144,31177,27185,13818,8477,5071,3041,3096,3845,212,33073,28136,24089,9973,8265,0
Female,University,Married,43,100000,21293,70962,9217,1845,41194,40325,70973,9226,1845,41194,2920,-11,-9,0,0,37405,0
Female,University,Married,43,750000,72495,99628,74635,63749,85067,83208,99664,74640,63758,85072,83215,-36,-5,-9,-5,-7,0
Male,University,Single,47,30000,29554,28893,29537,30087,17534,15145,1895,1539,1089,718,400,26998,27998,28998,16816,14745,0
Male,University,Single,33,80000,19073,16106,57525,54990,52458,54093,3895,50000,2000,2000,2344,12211,7525,52990,50458,51749,0
Female,Graduate,Single,31,430000,10226,5671,52983,70672,52378,56360,5873,52983,35002,10203,7500,-202,0,35670,42175,48860,0
Male,Graduate,Married,44,480000,350110,316685,312615,316685,302248,311651,14082,15023,15098,10008,15045,302603,297592,301587,292240,296606,0
Female,High School,Married,29,360000,0,0,0,0,0,0,0,0,0,0,0,0,0,0,0,0,1
Female,Graduate,Married,37,150000,26416,18915,16047,17633,0,0,2497,16047,18776,0,0,16418,0,-1143,0,0,0
Male,Graduate,Single,28,130000,89418,83196,75028,65086,60346,52272,4000,2338,2000,2018,2000,79196,72690,63086,58328,50272,0
Male,University,Married,47,40000,37611,36726,40985,40085,39354,40322,0,4898,0,0,1800,36726,36087,40085,39354,38522,0
Female,Graduate,Married,34,280000,11584,12211,10247,10247,6170,11170,7011,3000,0,123,5000,5200,7247,10247,6047,6170,1
Male,University,Married,45,40000,33547,36991,35965,37246,36781,20650,4000,0,2000,0,1200,32991,35965,35246,36781,19450,0
Female,Graduate,Single,26,120000,10415,7172,110688,100552,89147,88388,5771,120055,5073,3508,3707,1401,-9367,95479,85639,84681,0
Male,Graduate,Married,39,290000,1757,3555,2256,2830,1682,1235,3579,2262,2830,1682,1235,-24,-6,0,0,0,0
Male,High School,Married,39,250000,1976,3314,0,800,3576,0,3318,0,800,3576,0,-4,0,0,0,0,0
Male,Graduate,Married,43,200000,1144,2480,3372,1081,2384,6595,2506,3380,1085,2394,6601,-26,-8,-4,-10,-6,0
Male,University,Single,32,80000,81115,77649,40630,23697,6557,32763,5000,1200,0,5000,37000,72649,39430,23697,1557,-4237,0
Female,University,Single,27,130000,18776,21458,22760,23215,23706,21951,3000,2000,778,811,2000,18458,20760,22437,22895,19951,0
Female,University,Married,37,290000,1428,2741,4029,5451,6357,7246,1500,1500,1500,1000,1000,1241,2529,3951,5357,6246,1
Female,Graduate,Single,29,180000,1010,3070,307,0,0,0,3394,307,0,0,0,-324,0,0,0,0,0
Female,Graduate,Married,31,360000,-5,-5,-5,4232,3189,7511,0,0,4237,16,7548,-5,-5,-5,3173,-37,0
Female,University,Married,37,140000,316,586,5842,9422,8956,316,586,5842,8956,0,316,0,0,466,8956,0,0
Female,Graduate,Married,41,350000,57956,15987,36582,8197,14494,54284,15987,36607,8243,14494,54284,0,-25,-46,0,0,0
Male,Graduate,Single,36,260000,0,0,0,0,8867,763,0,0,0,8867,763,0,0,0,0,0,0
Male,Graduate,Single,26,40000,18338,20033,21687,22327,22816,23436,2000,2000,1000,1000,1000,18033,19687,21327,21816,22436,0
Female,Graduate,Single,27,180000,-200,-200,-200,-200,-200,-200,0,0,0,0,0,-200,-200,-200,-200,-200,1
Male,High School,Married,27,80000,22381,11420,7021,6157,7606,3432,1500,3000,6157,1500,138,9920,4021,0,6106,3294,1
Female,Graduate,Married,45,500000,3852,2395,4730,4628,5127,3400,2403,4730,4628,5127,3400,-8,0,0,0,0,0
Male,Other,Single,27,80000,46089,4840,0,0,0,0,4840,0,0,0,0,0,0,0,0,0,0
Male,High School,Married,57,30000,20976,22332,23654,24952,26551,29598,2000,2000,2000,2000,4500,20332,21654,22952,24551,25098,0
Female,University,Married,37,220000,0,0,0,0,0,0,0,0,0,0,0,0,0,0,0,0,0
Female,University,Single,22,70000,68247,68263,22551,16008,0,13180,2120,1010,328,0,13180,66143,21541,15680,0,0,0
Male,Graduate,Married,41,510000,3196,16447,3317,10771,5552,2253,16447,3317,10771,5552,2253,0,0,0,0,0,0
Female,University,Single,22,20000,18011,19389,17628,16694,19040,18631,2000,1494,2000,5000,2000,17389,16134,14694,14040,16631,0
Female,University,Married,40,100000,47243,48294,49213,49827,51005,53142,2000,1900,1600,2000,3000,46294,47313,48227,49005,50142,1
Female,University,Married,30,340000,338272,339191,325675,285417,284834,284549,15000,15000,15000,12000,12500,324191,310675,270417,272834,272049,0
Female,Graduate,Single,29,180000,0,0,0,0,0,0,0,0,0,0,0,0,0,0,0,0,0
Female,Other,Single,38,290000,0,1437,3070,1406,2196,1481,1437,3078,1406,2196,1481,0,-8,0,0,0,0
Male,University,Single,53,80000,80577,78781,78363,48902,49996,-1719,3261,2342,1630,1759,0,75520,76021,47272,48237,-1719,0
Male,Graduate,Married,42,280000,1751,22046,63729,55664,31014,28903,22909,64167,1113,32000,578,-863,-438,54551,-986,28325,0
Female,Graduate,Single,40,180000,0,0,0,0,11855,2520,0,0,0,11855,0,0,0,0,0,2520,0
Female,Graduate,Married,66,140000,0,0,0,0,825,675,0,0,0,825,0,0,0,0,0,675,0
Female,Graduate,Single,32,500000,103880,39356,301441,37945,104491,35234,39560,302961,38139,104673,35387,-204,-1520,-194,-182,-153,0
Male,University,Single,34,230000,151778,152966,157188,158490,161456,164677,5556,7200,5820,6100,6500,147410,149988,152670,155356,158177,0
Female,University,Married,26,250000,631,631,631,1231,1068,6816,0,0,600,0,6000,631,631,631,1068,816,1
Male,University,Single,24,10000,5803,6849,8371,8090,8261,8773,1300,1800,0,450,800,5549,6571,8090,7811,7973,0
Male,Graduate,Married,39,230000,220706,227741,183268,186989,159345,162695,11200,6200,6237,7000,6000,216541,177068,180752,152345,156695,0
Male,Graduate,Single,29,70000,63603,65513,59389,54064,58891,58347,7666,3800,1200,5000,4000,57847,55589,52864,53891,54347,0
Female,Graduate,Married,39,140000,4654,5525,5088,4480,2338,4250,5525,5088,4480,2338,4733,0,0,0,0,-483,0
Female,Graduate,Married,48,430000,9900,0,0,0,0,2299,0,0,0,0,2299,0,0,0,0,0,0
Female,Graduate,Single,28,120000,200,1986,1117,425,-267,1451,1986,0,0,0,2210,0,1117,425,-267,-759,1
Female,University,Single,25,20000,16654,12801,14155,19975,19975,0,2000,2000,7000,0,0,10801,12155,12975,19975,0,0
Male,Graduate,Single,32,30000,29250,30496,29702,28839,29375,32729,3600,0,1500,1300,4000,26896,29702,27339,28075,28729,0
Male,High School,Single,43,80000,81071,79283,76767,75393,74731,23207,0,0,0,0,0,79283,76767,75393,74731,23207,1
Female,Graduate,Single,39,400000,404924,359634,360270,325340,328627,329948,13521,12374,11643,11868,18000,346113,347896,313697,316759,311948,0
Female,Graduate,Married,37,200000,0,0,0,0,0,0,0,0,0,0,0,0,0,0,0,0,0
Male,Other,Single,23,30000,2700,899,-1581,28419,29016,30908,899,0,30000,1055,2376,0,-1581,-1581,27961,28532,0
Female,University,Single,46,50000,50471,49399,50556,29759,30381,30440,0,2247,1054,1090,1261,49399,48309,28705,29291,29179,0
Male,Graduate,Married,46,250000,1197,-19,3121,2372,502,1979,0,3140,2387,504,1989,-19,-19,-15,-2,-10,1
Male,Graduate,Single,28,120000,8922,43070,47023,53576,57529,61392,35000,5000,8000,5000,5000,8070,42023,45576,52529,56392,1
Male,High School,Married,45,80000,-1213,35789,36751,390,390,390,38677,3000,0,390,390,-2888,33751,390,0,0,0
Female,Graduate,Married,33,430000,1837,373,1198,0,538,77543,373,1198,0,538,77543,0,0,0,0,0,0
Female,Graduate,Single,24,120000,75796,76004,67187,49924,33188,19826,3700,2023,2016,2000,1200,72304,65164,47908,31188,18626,0
Female,University,Single,22,20000,20386,20033,28679,14768,18192,20372,1510,1300,1086,3677,2500,18523,27379,13682,14515,17872,0
Female,University,Single,32,20000,129106,127610,107828,102937,98525,77711,4420,3650,3120,3200,2900,123190,104178,99817,95325,74811,0
Male,Graduate,Single,25,80000,0,0,0,0,0,150,0,0,0,30000,150,0,0,0,-30000,0,0
Female,University,Single,44,20000,7678,10475,-10,190,6160,402,3347,0,200,7018,6073,7128,-10,-10,-858,-5671,0
Female,University,Single,27,140000,0,0,0,0,0,0,0,0,0,0,0,0,0,0,0,0,0
Female,University,Single,22,10000,14896,12011,7929,7693,6838,3486,7000,4000,207,229,70,5011,3929,7486,6609,3416,0
Female,High School,Single,34,220000,99518,-482,-482,-482,18,4834,937,0,0,500,4816,-1419,-482,-482,-482,18,0
Male,Graduate,Married,48,60000,282,61573,32122,31423,2914,1470,62773,0,0,0,1470,-1200,32122,31423,2914,0,0
Male,High School,Married,59,80000,21723,21097,22140,18349,3540,0,0,2000,0,3540,0,21097,20140,18349,0,0,0
Male,University,Single,25,30000,29745,16309,5235,3122,11446,1914,2500,1517,2000,11446,1914,13809,3718,1122,0,0,1
Female,University,Married,27,140000,139058,140243,132693,135638,132105,134851,4900,0,5200,5000,5100,135343,132693,130438,127105,129751,0
Male,University,Single,26,20000,4491,5906,7298,8515,9869,11196,1500,1500,1500,1500,1500,4406,5798,7015,8369,9696,0
Female,High School,Single,46,100000,94657,81175,63464,45910,46996,42935,3000,2009,3000,2000,2000,78175,61455,42910,44996,40935,0
Male,Graduate,Single,35,220000,158882,164258,161778,165741,175823,29765,8000,5669,7599,14800,2303,156258,156109,158142,161023,27462,0
Female,Graduate,Single,40,80000,27432,27902,28447,23537,7613,3356,1833,1378,1328,195,269,26069,27069,22209,7418,3087,0
Female,High School,Single,46,80000,76184,78306,79835,40499,41346,42348,3345,3344,1447,1497,1686,74961,76491,39052,39849,40662,0
Male,University,Single,28,130000,70952,69264,70184,8518,11296,6514,0,3000,2000,3000,2000,69264,67184,6518,8296,4514,1
Female,Graduate,Married,33,300000,0,0,0,0,0,0,0,0,0,0,0,0,0,0,0,0,0
Female,University,Married,42,60000,58264,57923,58987,17350,17937,17298,3200,3000,800,1000,1000,54723,55987,16550,16937,16298,0
Female,Graduate,Married,32,360000,249,0,0,685,685,1530,0,0,685,0,845,0,0,0,685,685,0
Male,University,Single,24,10000,12,12,12,12,12,12,0,0,0,0,0,12,12,12,12,12,1
Male,University,Single,32,50000,32813,34973,35603,37595,29818,24416,3000,1700,2600,0,10000,31973,33903,34995,29818,14416,1
Male,University,Married,48,50000,42156,40584,33777,18815,17033,17450,4022,1347,1013,1000,700,36562,32430,17802,16033,16750,0
Male,University,Married,35,200000,0,0,0,0,0,0,0,0,0,0,0,0,0,0,0,0,0
Female,University,Single,24,30000,15164,16607,17032,17448,18507,19046,2000,1000,1000,1500,1000,14607,16032,16448,17007,18046,1
Male,Graduate,Married,42,220000,3208,9134,8820,1502,4505,3766,6000,0,0,3003,31,3134,8820,1502,1502,3735,0
Female,Graduate,Single,41,200000,5954,10464,7165,6946,9776,2007,10464,7165,6966,9776,2007,0,0,-20,0,0,0
Female,High School,Single,27,80000,84718,82861,80581,51537,51381,48866,0,0,0,1790,1890,82861,80581,51537,49591,46976,1
Male,University,Married,39,200000,15109,3139,12840,3950,7688,2241,3155,12848,3950,7690,2241,-16,-8,0,-2,0,0
Female,Graduate,Married,34,240000,652,326,326,326,326,326,0,326,326,326,326,326,0,0,0,0,1
Female,University,Single,28,500000,72620,873,8596,6418,6243,1984,873,8596,275,300,1984,0,0,6143,5943,0,0
Male,High School,Married,38,230000,6901,0,188,6498,44938,56015,0,188,6498,40000,12000,0,0,0,4938,44015,0
Male,High School,Single,22,20000,11242,11070,11788,9607,9191,0,1282,1000,192,184,0,9788,10788,9415,9007,0,0
Male,Graduate,Married,35,50000,40730,41283,28134,29208,7778,9790,4069,1500,1500,0,5000,37214,26634,27708,7778,4790,0
Female,University,Married,35,100000,5830,6694,7855,8076,8297,9349,1118,1279,500,500,1349,5576,6576,7576,7797,8000,0
Female,University,Single,37,230000,0,0,0,0,0,0,0,0,0,0,0,0,0,0,0,0,0
Male,University,Single,28,60000,42243,37131,38136,38903,41483,40257,7773,1628,1395,3210,0,29358,36508,37508,38273,40257,0
Female,High School,Married,48,120000,3845,199,1823,3646,1823,1823,0,1823,3646,0,1823,199,0,0,1823,0,1
Female,High School,Single,23,130000,5719,15578,19887,11659,11735,8541,10000,5000,2000,2000,2000,5578,14887,9659,9735,6541,0
Female,High School,Married,25,50000,31097,30322,31142,29391,30099,28041,0,1833,1000,1000,10000,30322,29309,28391,29099,18041,1
Female,Graduate,Single,30,400000,14013,5422,15941,5776,5448,15435,5460,16020,5805,5475,5634,-38,-79,-29,-27,9801,0
Female,University,Single,27,240000,4400,0,1129,1129,1971,2059,0,1129,0,1000,496,0,0,1129,971,1563,1
Male,High School,Single,53,70000,9928,11259,12262,17046,17618,18321,1497,1500,5000,1000,1000,9762,10762,12046,16618,17321,0
Female,Graduate,Single,22,20000,28758,14780,18829,18401,3000,0,1423,5000,400,200,0,13357,13829,18001,2800,0,0
Male,High School,Single,28,50000,28129,29184,28421,28751,30685,30040,1800,0,1100,2400,0,27384,28421,27651,28285,30040,1
Female,Graduate,Married,54,240000,60381,64395,66323,70422,69170,71018,5000,3000,5200,0,3000,59395,63323,65222,69170,68018,0
Male,Graduate,Single,31,380000,167061,158903,275057,156348,153778,139177,6000,6010,5209,5000,5000,152903,269047,151139,148778,134177,0
Male,University,Single,24,50000,5219,6475,7483,7709,7934,8242,1500,1274,500,500,440,4975,6209,7209,7434,7802,0
Female,University,Single,33,50000,12498,16264,17918,16072,17041,19028,4000,2000,1000,2000,2396,12264,15918,15072,15041,16632,0
Female,Graduate,Single,33,430000,40984,37873,34499,28300,24237,12860,10000,5000,10000,0,4000,27873,29499,18300,24237,8860,0
Female,Graduate,Single,26,60000,22921,23044,17660,13104,8722,17976,5000,0,0,174,13810,18044,17660,13104,8548,4166,0
Female,University,Single,25,30000,3638,4401,5297,4340,3105,5053,1130,1026,125,1500,2000,3271,4271,4215,1605,3053,0
Male,High School,Married,48,170000,170845,171762,170464,127364,127024,125341,6800,7790,4587,4675,4525,164962,162674,122777,122349,120816,0
Female,Graduate,Single,29,70000,40783,44205,44784,43763,46646,47724,4100,1600,0,3600,2000,40105,43184,43763,43046,45724,0
Female,University,Single,28,130000,390,7412,390,4134,540,390,7412,390,4134,540,390,0,0,0,0,0,0
Male,Graduate,Married,50,50000,49252,44326,39689,29422,12856,0,1521,1345,2074,238,0,42805,38344,27348,12618,0,1
Female,High School,Single,38,20000,0,3796,5081,888,0,0,3796,5081,888,0,0,0,0,0,0,0,1
Male,High School,Married,48,50000,1058,1726,390,390,390,390,1726,390,390,390,390,0,0,0,0,0,1
Male,High School,Single,28,20000,14043,13266,14340,15301,14916,15515,1600,1600,1500,0,1000,11666,12740,13801,14916,14515,0
Female,University,Single,32,110000,2015,1403,2684,1149,715,1174,1403,2684,4,715,1174,0,0,1145,0,0,0
Female,University,Single,24,90000,76453,49430,50169,49661,42831,27495,2500,2000,2000,3551,1500,46930,48169,47661,39280,25995,0
Female,Graduate,Single,24,180000,64800,66747,67227,68398,70409,71408,4000,2600,2000,3000,2025,62747,64627,66398,67409,69383,0
Female,University,Single,28,50000,43747,44488,47342,46326,46358,45283,1746,3600,0,1666,1559,42742,43742,46326,44692,43724,0
Male,University,Married,36,200000,-1,-1,296,299,278,4575,0,297,303,279,4597,-1,-1,-4,-1,-22,0
Female,Graduate,Married,32,20000,11337,14372,11411,11653,7833,7945,6000,0,744,0,620,8372,11411,10909,7833,7325,1
Male,Graduate,Single,44,50000,51671,50272,49293,47154,50069,50442,1928,1595,1526,13000,1569,48344,47698,45628,37069,48873,0
Female,University,Married,39,170000,114007,117677,124636,121232,124199,129346,7000,10500,0,5000,11000,110677,114136,121232,119199,118346,1
Male,Graduate,Married,48,380000,356375,347165,318600,284972,285249,266406,40000,20000,20000,20000,10000,307165,298600,264972,265249,256406,0
Male,University,Single,39,30000,1623,2441,3244,4034,4812,6210,1000,1000,1000,1000,1500,1441,2244,3034,3812,4710,1
Female,University,Single,23,30000,19594,20619,21631,22062,22707,23312,1346,1358,789,1000,981,19273,20273,21273,21707,22331,0
Male,High School,Married,36,160000,4030,6720,0,8484,2060,0,6720,0,8484,2064,0,0,0,0,-4,0,0
Female,High School,Married,39,60000,29565,31123,34134,23552,24020,26615,3000,3638,0,1000,3000,28123,30496,23552,23020,23615,1
Female,Graduate,Single,31,450000,1638,54490,112841,112603,90202,39564,54490,62841,2000,0,1000,0,50000,110603,90202,38564,0
Female,University,Married,43,80000,398,379,298,-300,-300,-300,381,607,0,0,0,-2,-309,-300,-300,-300,1
Female,Graduate,Single,26,90000,23812,15616,11988,32658,30885,26639,0,1525,35011,3000,0,15616,10463,-2353,27885,26639,0
Male,University,Married,33,30000,0,0,0,0,0,0,0,0,0,0,0,0,0,0,0,0,1
Male,University,Single,25,50000,48885,49133,48468,42840,30378,29706,2200,2500,2070,1266,2000,46933,45968,40770,29112,27706,1
Male,High School,Married,49,30000,26343,27127,26393,29646,30390,29755,1500,0,3712,1363,0,25627,26393,25934,29027,29755,0
Male,High School,Married,52,50000,32119,29498,26196,23806,16818,14438,0,6900,0,0,0,29498,19296,23806,16818,14438,1
Female,Graduate,Married,34,320000,7417,7488,24003,10208,22215,7332,8000,25000,0,22500,32516,-512,-997,10208,-285,-25184,0
Female,University,Married,43,300000,1314,0,0,0,0,0,0,0,0,0,0,0,0,0,0,0,0
Female,Graduate,Single,43,390000,90294,87292,88335,89396,90769,91825,3200,3200,3200,3500,3300,84092,85135,86196,87269,88525,0
Female,University,Single,23,50000,47662,41023,42162,6765,19286,9558,2000,2102,255,3000,191,39023,40060,6510,16286,9367,0
Male,University,Married,26,20000,1050,1050,1050,1050,1050,1050,0,0,0,0,0,1050,1050,1050,1050,1050,1
Male,University,Single,52,90000,87186,87526,88924,88735,87521,85699,3505,3962,2909,3107,3127,84021,84962,85826,84414,82572,0
Male,High School,Single,51,300000,18341,19847,6246,3872,11875,5290,19854,6279,3883,11883,5305,-7,-33,-11,-8,-15,0
Female,Other,Single,32,300000,54053,65235,64747,65150,-450,700,15235,1491,1303,0,2000,50000,63256,63847,-450,-1300,0
Male,Graduate,Married,34,200000,5392,1938,4819,13074,2070,0,1938,4819,13074,0,0,0,0,0,2070,0,0
Male,University,Single,24,50000,33715,22824,17144,18104,19205,19014,6600,1900,1500,1500,1500,16224,15244,16604,17705,17514,0
Male,University,Single,24,20000,390,780,390,780,780,0,780,0,780,0,0,0,390,0,780,0,1
Male,Graduate,Single,35,390000,30356,32910,78686,63021,41653,24679,33074,78772,1371,919,13770,-164,-86,61650,40734,10909,0
Male,University,Single,41,70000,69866,63679,54762,38750,39924,37757,10000,5090,2000,2000,4000,53679,49672,36750,37924,33757,0
Male,High School,Single,43,300000,158741,155438,146043,142726,138849,137499,5823,5310,5302,5035,5118,149615,140733,137424,133814,132381,0
Female,High School,Married,50,140000,139153,141383,140700,137365,137209,138934,6006,5000,5000,5120,5200,135377,135700,132365,132089,133734,0
Female,Graduate,Married,37,200000,97821,97934,44716,42073,42867,33876,4220,2029,2073,2867,3876,93714,42687,40000,40000,30000,0
Female,High School,Single,28,80000,2147,612,2110,2298,1196,390,612,2110,2298,1196,390,0,0,0,0,0,0
Female,High School,Married,45,80000,80250,0,0,0,0,0,0,0,0,0,0,0,0,0,0,0,0
Female,Graduate,Married,36,170000,1218,2434,1537,2156,1898,2656,2434,1537,2156,1898,2656,0,0,0,0,0,0
Female,Graduate,Single,29,50000,50187,51318,47091,41660,47368,49317,3000,23000,1120,6000,2675,48318,24091,40540,41368,46642,0
Male,University,Single,27,100000,82609,81989,82466,78234,75615,76849,3106,3000,2805,2739,3085,78883,79466,75429,72876,73764,0
Female,University,Single,22,30000,1924,7096,2982,1732,3836,2461,7096,0,1732,3836,2461,0,2982,0,0,0,0
Female,Other,Married,49,30000,26305,27307,13294,14069,14518,15025,1500,1500,1000,676,900,25807,11794,13069,13842,14125,0
Female,University,Married,36,320000,73024,66537,58762,43112,67290,62132,2904,2973,1579,40020,3127,63633,55789,41533,27270,59005,0
Female,University,Single,25,70000,41511,44525,43514,44489,45617,46702,4000,0,2000,2000,2000,40525,43514,42489,43617,44702,1
Female,University,Married,24,50000,49387,50284,50639,48563,49628,48293,2000,1727,1846,1777,1665,48284,48912,46717,47851,46628,0
Male,High School,Married,48,130000,68629,57168,58103,58595,59822,55572,2187,2000,2000,2053,1964,54981,56103,56595,57769,53608,0
Female,University,Single,27,50000,8951,8862,10061,9751,11585,11250,200,1500,0,2000,0,8662,8561,9751,9585,11250,1
Male,University,Married,33,50000,16149,13662,14675,14967,15282,15585,1223,1236,528,548,550,12439,13439,14439,14734,15035,0
Male,University,Single,30,50000,2496,4533,4279,4592,0,0,2254,0,313,0,0,2279,4279,4279,0,0,0
Male,High School,Married,30,160000,102867,82729,72583,60565,54651,48468,31,2609,2037,2010,2017,82698,69974,58528,52641,46451,0
Male,University,Married,46,450000,130,1926,15671,18552,24222,32867,1926,15671,18574,24231,32885,0,0,-22,-9,-18,0
Female,Graduate,Married,33,380000,112926,108573,216399,213259,203377,185056,4677,130533,7609,12000,7000,103896,85866,205650,191377,178056,0
Female,Graduate,Single,29,30000,12517,13027,12421,6105,5083,0,1006,0,0,0,0,12021,12421,6105,5083,0,1
Male,University,Single,24,50000,47530,46155,28650,19659,19802,19699,1537,1679,688,713,858,44618,26971,18971,19089,18841,0
Male,University,Single,30,220000,776,1552,776,221876,223986,204957,1552,0,221876,7500,4,0,776,0,216486,204953,1
Female,University,Married,32,50000,390,390,390,390,930,390,390,390,390,930,0,0,0,0,0,390,1
Female,Graduate,Single,27,90000,0,0,0,0,0,0,0,0,0,0,0,0,0,0,0,0,0
Male,University,Married,26,80000,67692,63789,65771,28690,29137,29569,2763,3500,900,700,700,61026,62271,27790,28437,28869,0
Male,Graduate,Married,44,390000,4197,4688,63661,60616,61357,2798,4711,63701,1214,1241,2812,-23,-40,59402,60116,-14,0
Male,University,Single,43,140000,128947,106671,101362,87420,88774,81869,4039,7010,2359,7617,2760,102632,94352,85061,81157,79109,0
Female,University,Married,32,360000,101403,2389,11996,0,67372,66666,2389,11996,0,67372,66666,0,0,0,0,0,0
Male,High School,Single,26,50000,50951,49139,46802,47622,48686,47459,2500,2100,1900,2000,1746,46639,44702,45722,46686,45713,1
Male,Graduate,Married,37,260000,244736,249018,253704,255353,175022,130299,10000,10000,5000,5000,5000,239018,243704,250353,170022,125299,1
Female,High School,Married,43,180000,1207,60267,61424,61039,64260,64618,60267,3000,2154,5000,3000,0,58424,58885,59260,61618,1
Male,Graduate,Single,26,360000,-1917,-1917,-1917,-1917,-1917,18083,0,0,0,0,20000,-1917,-1917,-1917,-1917,-1917,0
Female,Graduate,Single,35,230000,2630,0,0,0,0,0,0,0,0,0,0,0,0,0,0,0,1
Male,Graduate,Single,25,130000,13350,6123,2565,8975,43663,23566,6141,2572,9010,42739,5583,-18,-7,-35,924,17983,0
Female,High School,Married,42,20000,17775,18974,18586,18957,19374,19583,1500,1285,656,699,2000,17474,17301,18301,18675,17583,0
Female,High School,Married,41,200000,-140,-70,-70,13968,6652,9696,0,0,14038,6684,9744,-70,-70,-70,-32,-48,0
Female,University,Married,35,220000,100252,102510,107102,27361,29340,33933,3500,6000,3000,2340,5000,99010,101102,24361,27000,28933,0
Male,Graduate,Single,25,20000,8226,9281,10325,10378,7085,6542,1349,1393,446,390,422,7932,8932,9932,6695,6120,0
Male,University,Single,24,20000,17697,18445,19382,18440,18826,17311,1634,1571,629,652,618,16811,17811,17811,18174,16693,0
Female,High School,Single,40,240000,227819,222299,227281,195027,199186,203475,8200,8800,7000,7200,7500,214099,218481,188027,191986,195975,1
Female,Graduate,Married,50,480000,14638,11940,12318,6295,5284,6220,11956,12331,6295,5284,6220,-16,-13,0,0,0,0
Female,University,Married,29,50000,26052,27631,29128,29707,28825,29022,2000,2000,2500,1033,1053,25631,27128,27207,27792,27969,0
Male,University,Married,40,100000,37596,23808,0,0,0,0,1000,0,0,0,0,22808,0,0,0,0,0
Female,Graduate,Single,34,120000,105356,107588,115372,112027,119702,121650,3931,9600,0,9500,4100,103657,105772,112027,110202,117550,1
Female,Graduate,Married,27,230000,104001,106155,111244,116300,121346,130318,4000,6000,6000,6000,10000,102155,105244,110300,115346,120318,0
Male,University,Married,32,20000,16849,17618,18194,17759,18759,5340,1434,1400,355,1000,126,16184,16794,17404,17759,5214,0
Male,University,Single,27,50000,25140,23936,11107,1210,0,0,1252,1093,1210,0,0,22684,10014,0,0,0,0
Female,Graduate,Married,32,130000,114227,115922,117545,114168,121621,124168,5000,5000,0,9500,4700,110922,112545,114168,112121,119468,0
Female,Graduate,Married,38,150000,1736,0,0,0,0,0,0,0,0,0,0,0,0,0,0,0,0
Female,Graduate,Single,30,60000,41259,40715,43153,43845,44795,45710,400,3406,1700,1800,1800,40315,39747,42145,42995,43910,0
Male,University,Single,44,260000,36048,37157,38040,33882,34589,35397,1688,1571,1213,1253,1381,35469,36469,32669,33336,34016,0
Male,University,Married,40,500000,30415,31645,32556,36642,-8,-8,2006,3000,5080,8,0,29639,29556,31562,-16,-8,0
Female,University,Married,34,270000,74813,75221,73293,72213,74734,76089,3000,4000,4000,5000,4000,72221,69293,68213,69734,72089,0
Female,Graduate,Single,34,410000,0,13621,0,0,0,666,13621,0,0,0,666,0,0,0,0,0,1
Female,University,Single,29,60000,2469,59068,61284,58698,58033,57539,59068,4898,0,2300,2200,0,56386,58698,55733,55339,0
Female,Graduate,Married,31,200000,261,6229,5815,851,2029,1997,6229,5815,854,2029,1997,0,0,-3,0,0,0
Male,High School,Other,45,50000,780,0,390,2300,1910,780,0,390,4300,0,0,0,0,-2000,1910,780,0
Female,Graduate,Single,35,500000,-73,-73,-73,-73,-73,-73,0,0,0,0,0,-73,-73,-73,-73,-73,1
Female,Graduate,Married,35,150000,329,-31,3189,0,150,880,0,3220,0,150,880,-31,-31,0,0,0,0
Male,High School,Married,44,170000,0,0,0,0,0,0,0,0,0,0,0,0,0,0,0,0,0
Female,University,Single,25,50000,51461,51179,50628,50154,53936,51459,2000,1771,1770,6038,0,49179,48857,48384,47898,51459,0
Male,University,Married,42,130000,1048,1048,1048,1048,390,390,1048,1048,1048,390,390,0,0,0,0,0,0
Male,High School,Married,30,120000,122246,124010,120459,121749,81046,79608,6000,0,5020,6100,0,118010,120459,116729,74946,79608,0
Male,Graduate,Single,28,70000,9214,10560,12071,12866,14644,16230,1500,2000,1000,2000,2000,9060,10071,11866,12644,14230,0
Female,University,Married,44,320000,3493,12444,46163,1373,6064,2145,12498,46185,1387,6094,2155,-54,-22,-14,-30,-10,0
Female,University,Married,37,110000,79646,110818,107558,80437,79727,81001,50000,3500,10000,3000,3000,60818,104058,70437,76727,78001,0
Female,Graduate,Single,30,420000,34567,36416,7406,0,12150,150,10000,2056,0,12150,150,26416,5350,0,0,0,0
Female,University,Married,49,240000,18045,17401,47608,12279,75882,90611,17409,47622,12279,75882,90611,-8,-14,0,0,0,0
Male,Graduate,Single,33,380000,70591,76715,80080,81162,89571,96627,10000,5000,5000,10000,10000,66715,75080,76162,79571,86627,0
Female,University,Single,22,20000,17356,18205,10140,10345,7552,8001,1274,1119,324,278,579,16931,9021,10021,7274,7422,0
Female,Graduate,Single,42,50000,35539,38246,37332,39702,38932,41770,3600,0,3000,0,3500,34646,37332,36702,38932,38270,1
Male,High School,Single,23,20000,780,390,380,390,0,780,0,380,400,0,780,390,0,-10,0,0,0
Female,University,Single,31,20000,16659,17688,18788,19177,21109,20474,1600,1700,1000,2400,0,16088,17088,18177,18709,20474,0
Female,Graduate,Single,28,240000,237633,200572,189615,197092,201528,197155,7065,6002,10002,7030,6275,193507,183613,187090,194498,190880,0
Female,University,Married,57,340000,-8,-8,-8,-8,1595,-5,0,0,0,1603,0,-8,-8,-8,-8,-5,1
Female,University,Single,23,90000,18168,17593,19492,18884,21410,21841,0,2500,0,3000,930,17593,16992,18884,18410,20911,1
Female,University,Married,56,50000,31276,29179,26482,16770,15529,16266,1556,1247,1770,700,1000,27623,25235,15000,14829,15266,0
Female,University,Married,33,210000,137009,121126,101951,96329,84224,81570,20000,15011,10000,10000,5000,101126,86940,86329,74224,76570,0
Female,University,Single,25,60000,44331,48590,59129,57663,56225,54759,5000,12000,0,0,0,43590,47129,57663,56225,54759,0
Male,University,Married,53,50000,12291,14295,9714,9047,8983,9289,3300,1000,0,1000,1000,10995,8714,9047,7983,8289,0
Female,Graduate,Single,26,50000,0,1950,2576,12576,22397,15944,1950,2576,10000,10000,685,0,0,2576,12397,15259,0
Female,University,Single,26,90000,21854,23036,24100,25000,25000,26254,1536,1600,1500,0,1254,21500,22500,23500,25000,25000,0
Male,Graduate,Married,31,250000,3759,17694,14505,4757,11357,6679,8873,14548,4771,11491,6896,8821,-43,-14,-134,-217,0
Male,High School,Married,47,290000,255412,217382,250549,31370,-4020,107239,5130,4647,949,4391,146216,212252,245902,30421,-8411,-38977,1
Male,University,Single,35,240000,8602,18703,643,11455,1326,663,18718,646,11478,1329,3,-15,-3,-23,-3,660,0
Male,Graduate,Single,29,360000,1360,7995,-7,3651,2085,1102,8035,0,3658,10,1107,-40,-7,-7,2075,-5,0
Male,Graduate,Single,36,340000,11951,16332,20391,22104,26361,34333,5000,5012,5000,5006,10010,11332,15379,17104,21355,24323,0
Female,Graduate,Single,48,290000,74864,36317,34491,29657,9134,2383,1411,1200,593,200,5637,34906,33291,29064,8934,-3254,0
Female,University,Single,25,50000,48690,49347,16002,6120,3910,299,1692,1033,122,78,299,47655,14969,5998,3832,0,0
Female,University,Married,41,310000,530,7233,4158,8408,542,2314,7233,4318,8408,542,2314,0,-160,0,0,0,0
Male,University,Single,22,10000,9358,7926,9310,9500,9700,10000,1216,2800,190,200,300,6710,6510,9310,9500,9700,0
Female,Graduate,Single,31,260000,181679,187642,190152,186696,188632,190948,8900,7200,6800,7100,7200,178742,182952,179896,181532,183748,0
Female,High School,Single,26,180000,71702,66234,57253,53736,46213,39701,2950,2200,2000,5000,2000,63284,55053,51736,41213,37701,1
Male,High School,Single,26,20000,96,780,0,0,0,0,1560,0,0,0,0,-780,0,0,0,0,0
Female,Graduate,Single,28,360000,2400,2500,0,0,0,0,2500,0,0,0,0,0,0,0,0,0,0
Female,Graduate,Married,30,80000,65622,67265,67382,51958,55196,54235,3300,2100,2000,4000,0,63965,65282,49958,51196,54235,0
Female,University,Married,44,450000,10716,12254,12815,17782,9074,8490,8000,5000,7000,3000,2000,4254,7815,10782,6074,6490,0
Female,University,Single,22,30000,30190,28985,28724,29357,30188,26316,1532,2169,1000,1200,2000,27453,26555,28357,28988,24316,1
Male,Graduate,Married,39,500000,26501,21340,11003,1848,1116,927,1261,5901,46,1121,947,20079,5102,1802,-5,-20,0
Female,Graduate,Married,34,210000,146756,150057,153238,156384,160056,163188,5500,5510,5500,6000,6000,144557,147728,150884,154056,157188,0
Male,High School,Single,64,300000,1068,1168,1005,1372,1610,1355,1168,1005,1372,1610,1355,0,0,0,0,0,0
Male,Other,Married,52,100000,90939,83090,63145,56962,52385,22543,3467,2000,1476,4992,808,79623,61145,55486,47393,21735,1
Male,Graduate,Married,47,240000,138103,134976,137251,144457,147604,145071,500,6000,11000,5600,0,134476,131251,133457,142004,145071,1
Female,University,Single,56,50000,30121,31295,19100,18900,0,3900,2295,19100,0,0,3900,29000,0,18900,0,0,0
Male,University,Single,22,20000,17710,17137,19830,19240,18419,20126,0,3000,0,0,2000,17137,16830,19240,18419,18126,1
Female,University,Single,23,110000,1877,2507,1320,1270,63697,51866,1000,1000,100,63697,2427,1507,320,1170,0,49439,1
Male,Graduate,Other,43,200000,9873,-709,10291,0,582,291,0,11000,0,873,0,-709,-709,0,-291,291,0
Male,High School,Single,33,220000,-117,487,2879,4483,6087,-273,1000,3000,2000,2000,0,-513,-121,2483,4087,-273,0
Female,University,Single,43,50000,9784,11578,7384,13479,6734,6801,2303,2095,500,1000,500,9275,5289,12979,5734,6301,1
Male,University,Single,26,60000,40171,37274,30203,30809,33323,33190,1491,2000,1092,3000,1353,35783,28203,29717,30323,31837,0
Female,Graduate,Single,23,20000,9736,12759,12459,12957,13104,12744,3500,200,1000,500,0,9259,12259,11957,12604,12744,1
Male,University,Single,39,170000,2429,8054,4380,316,6131,5612,8077,4380,0,6131,0,-23,0,316,0,5612,1
Female,Graduate,Single,29,30000,2030,1533,3897,6978,4081,3686,1533,3897,4081,0,155,0,0,2897,4081,3531,0
Female,Graduate,Married,29,160000,1778,0,0,150,150,989,0,0,150,150,989,0,0,0,0,0,1
Male,Graduate,Married,35,200000,199891,198608,115177,116226,139737,187728,8500,6000,4000,25000,50000,190108,109177,112226,114737,137728,1
Male,High School,Single,25,120000,81129,72699,39909,18334,7382,19801,7504,29,10004,6,19824,65195,39880,8330,7376,-23,0
Female,Graduate,Married,38,230000,12907,316,1156,316,316,316,316,1156,316,316,316,0,0,0,0,0,0
Female,High School,Married,42,20000,10665,637,11869,7312,1868,1470,637,11869,7314,2274,1470,0,0,-2,-406,0,0
Male,High School,Single,46,10000,1050,1050,1050,1050,1050,1050,0,0,0,0,0,1050,1050,1050,1050,1050,1
Female,High School,Single,24,100000,0,0,0,0,2483,0,0,0,0,2483,0,0,0,0,0,0,0
Female,University,Single,24,130000,0,0,0,0,0,0,0,0,0,0,0,0,0,0,0,0,0
Male,University,Single,47,50000,91481,47099,47486,24769,23029,23495,3956,1365,848,1000,1000,43143,46121,23921,22029,22495,0
Female,High School,Single,31,140000,92636,94641,96667,98883,79972,81642,3500,3600,3900,3000,3000,91141,93067,94983,76972,78642,0
Male,University,Single,49,50000,47864,99572,50396,9430,9638,9801,3473,2294,328,350,323,96099,48102,9102,9288,9478,0
Male,Graduate,Single,29,360000,3206,2347,3770,3466,1630,2931,2358,3788,3483,1638,2946,-11,-18,-17,-8,-15,0
Female,University,Single,22,20000,19529,18937,18335,19530,19076,20444,0,0,1500,0,1700,18937,18335,18030,19076,18744,1
Female,University,Single,33,110000,107028,106818,108730,112035,48492,43413,4000,3783,6488,4850,2000,102818,104947,105547,43642,41413,0
Male,University,Single,33,100000,90822,88562,86256,87150,85636,91007,0,0,3200,0,6803,88562,86256,83950,85636,84204,1
Female,Graduate,Married,39,260000,256557,188370,186778,184132,189947,89016,6726,6637,7784,10000,3500,181644,180141,176348,179947,85516,0
Female,Graduate,Single,23,50000,46750,45985,26675,16948,16303,18019,1505,2000,592,604,2000,44480,24675,16356,15699,16019,0
Female,University,Married,39,360000,0,0,0,0,0,0,0,0,0,0,0,0,0,0,0,0,1
Female,University,Married,27,30000,27896,26835,28690,27633,29184,28776,0,2659,0,2309,1087,26835,26031,27633,26875,27689,1
Male,University,Single,23,50000,49798,50795,50150,9658,10011,9345,2193,2040,330,492,332,48602,48110,9328,9519,9013,0
Female,University,Single,31,270000,0,0,0,0,0,0,0,0,0,0,0,0,0,0,0,0,0
Female,Graduate,Married,44,250000,4976,5417,7948,1797,1580,12573,5417,7948,1797,1580,12573,0,0,0,0,0,0
Male,Graduate,Single,48,250000,5241,2738,2360,6976,3701,2872,2754,2377,7006,11,2981,-16,-17,-30,3690,-109,0
Female,University,Married,24,120000,0,0,0,0,4629,5551,0,0,0,4629,1000,0,0,0,0,4551,0
Female,High School,Single,36,250000,44242,58876,73068,102311,75543,88283,25000,24000,30000,25000,30000,33876,49068,72311,50543,58283,0
Female,University,Single,29,260000,1267,553,0,202,11990,3359,553,0,202,11990,3359,0,0,0,0,0,0
Male,University,Married,39,240000,234661,234364,235982,239281,244329,249130,10200,10200,8725,9068,9068,224164,225782,230556,235261,240062,0
Female,University,Single,27,60000,18224,19928,20939,21291,21734,22184,2000,1648,1000,936,962,17928,19291,20291,20798,21222,0
Female,Graduate,Married,40,250000,326,326,652,326,326,326,326,652,0,326,326,0,0,326,0,0,1
Female,University,Single,26,100000,98542,82569,87486,84536,76008,69865,3326,8003,2745,2689,2896,79243,79483,81791,73319,66969,0
Female,Graduate,Single,35,150000,0,1070,-240,-240,-240,390,1070,0,0,0,1170,0,-240,-240,-240,-780,0
Female,Graduate,Married,45,170000,165243,156688,151405,127090,126388,126399,7067,6443,4617,4711,4673,149621,144962,122473,121677,121726,0
Female,Graduate,Single,32,710000,28585,31719,34854,35774,35524,35047,3561,3696,1616,3024,5011,28158,31158,34158,32500,30036,0
Male,University,Married,50,20000,6620,7556,8570,10020,9715,10153,1200,1300,1600,0,600,6356,7270,8420,9715,9553,0
Female,University,Single,36,360000,83412,77205,16250,13600,12640,0,3700,1123,500,640,0,73505,15127,13100,12000,0,0
Female,High School,Married,60,150000,0,0,0,0,0,0,0,0,0,0,0,0,0,0,0,0,1
Female,High School,Married,49,150000,3114,23946,7838,7642,8009,10800,23979,7838,7642,367,10800,-33,0,0,7642,0,0
Male,High School,Single,58,50000,7556,7312,6959,5813,3985,3169,1140,1048,163,135,151,6172,5911,5650,3850,3018,0
Female,High School,Married,38,140000,122283,118913,120435,139795,142950,140505,0,5000,21500,5500,0,118913,115435,118295,137450,140505,0
Male,Graduate,Married,42,250000,-8,-8,1632,-88,17451,43978,0,1640,0,17539,44197,-8,-8,-88,-88,-219,0
Male,University,Single,36,20000,11423,13976,13455,15227,14699,14313,2749,0,2000,0,0,11227,13455,13227,14699,14313,0
Female,University,Married,42,360000,2333,6295,0,0,1070,0,6295,0,0,1070,0,0,0,0,0,0,0
Female,University,Married,34,160000,2734,0,625,406,338,0,0,625,406,338,0,0,0,0,0,0,1
Female,University,Married,30,180000,27225,28245,26743,28943,30943,0,1765,1000,2200,2000,0,26480,25743,26743,28943,0,0
Male,University,Single,23,50000,28569,27693,20401,17510,18038,16145,1400,1600,600,771,1000,26293,18801,16910,17267,15145,0
Male,University,Single,45,50000,19834,19387,22574,20483,20121,20191,1340,5000,0,729,793,18047,17574,20483,19392,19398,0
Female,Graduate,Married,60,220000,19024,20424,19798,21468,20986,22469,2000,0,2000,0,2000,18424,19798,19468,20986,20469,1
Male,University,Married,39,150000,76415,78836,87265,85084,93323,91783,4150,10575,0,9717,0,74686,76690,85084,83606,91783,1
Male,University,Married,40,160000,1672,2927,0,0,0,0,2941,0,0,0,0,-14,0,0,0,0,0
Female,High School,Single,30,160000,1055,2579,1155,3334,1055,8824,2579,1155,3334,0,8824,0,0,0,1055,0,0
Female,University,Married,29,200000,73700,73624,73928,72060,72393,72969,3304,3815,3004,3006,4012,70320,70113,69056,69387,68957,0
Male,Graduate,Single,32,190000,5484,6192,4988,3440,3341,3228,2450,0,200,1000,1000,3742,4988,3240,2341,2228,0
Female,University,Married,32,50000,47445,37395,9858,8536,9674,9591,1697,1118,285,299,1110,35698,8740,8251,9375,8481,1
Male,University,Single,24,50000,390,390,390,780,390,390,390,390,780,0,390,0,0,0,390,0,0
Female,University,Single,35,140000,88394,90252,92775,93606,95301,96653,3280,4270,3500,3606,3500,86972,88505,90106,91695,93153,0
Female,University,Single,26,60000,48867,49979,51316,54046,55036,53985,2200,2470,4200,2000,0,47779,48846,49846,53036,53985,0
Female,High School,Married,24,10000,8283,8754,9436,5856,6059,5999,1500,1246,210,298,120,7254,8190,5646,5761,5879,0
Male,Graduate,Single,28,400000,-1320,5773,3944,87146,90818,96316,9952,10,87170,10013,10008,-4179,3934,-24,80805,86308,0
Female,Graduate,Single,44,500000,380502,295489,206296,354521,358009,394932,10481,12042,160042,46043,53181,285008,194254,194479,311966,341751,0
Female,University,Single,24,320000,44500,51257,54659,35196,71244,35299,51334,54726,103,71404,35448,-77,-67,35093,-160,-149,0
Male,Graduate,Married,50,240000,2115,0,0,0,0,0,0,0,0,0,0,0,0,0,0,0,0
Female,High School,Married,44,110000,128341,131227,133490,135888,137708,78581,4861,4300,3500,3500,2564,126366,129190,132388,134208,76017,0
Male,Graduate,Single,29,240000,0,0,0,0,0,0,0,0,0,0,0,0,0,0,0,0,1
Female,High School,Single,31,50000,26411,28902,28139,28697,35084,29983,3231,0,1026,1063,1397,25671,28139,27671,34021,28586,1
Female,High School,Single,46,100000,216,964,964,365,0,0,964,0,0,0,0,0,964,365,0,0,0
Male,Graduate,Single,25,50000,25045,15180,6964,7604,2173,6586,15522,6964,7604,2173,6586,-342,0,0,0,0,0
Male,High School,Single,24,50000,25437,25873,0,100,0,0,2000,0,100,0,0,23873,0,0,0,0,1
Male,University,Married,43,50000,1040,4254,6955,9486,9191,12524,4254,2962,5191,0,3500,0,3993,4295,9191,9024,1
Female,University,Single,30,150000,63150,68125,66432,73312,72015,76521,6000,0,8023,0,5700,62125,66432,65289,72015,70821,0
Female,University,Married,37,200000,4157,601,432,1602,3017,937,606,432,1602,3017,937,-5,0,0,0,0,0
Female,University,Single,28,80000,47234,48147,45958,43437,41444,35501,3000,2007,1361,1512,2000,45147,43951,42076,39932,33501,0
Male,Graduate,Married,35,360000,11936,21865,3366,5210,13308,7089,21983,4567,5236,13373,7123,-118,-1201,-26,-65,-34,0
Male,University,Single,49,120000,38878,39917,32048,29131,30288,30192,2000,2000,2000,3000,3000,37917,30048,27131,27288,27192,0
Male,Graduate,Single,28,230000,70966,70366,66633,56055,22935,17354,5606,1050,1634,3000,3203,64760,65583,54421,19935,14151,0
Female,University,Married,34,60000,54316,55575,15158,15450,15933,16095,2770,1275,544,3923,575,52805,13883,14906,12010,15520,1
Male,University,Married,37,90000,9549,9257,11983,12065,11731,11809,0,3200,572,0,422,9257,8783,11493,11731,11387,0
Male,University,Single,29,50000,49747,51075,43662,18115,17300,17947,2500,14,2000,1000,1500,48575,43648,16115,16300,16447,1
Male,University,Married,31,240000,1051,475,1051,671,291,671,475,1051,671,291,671,0,0,0,0,0,0
Female,University,Married,42,230000,6946,120,8794,2095,129,303,500,16000,9100,7400,7500,-380,-7206,-7005,-7271,-7197,0
Female,Graduate,Single,23,80000,23998,17442,15948,17118,9883,8689,3150,2000,6000,500,304,14292,13948,11118,9383,8385,0
Female,Graduate,Single,28,400000,3299,6930,2375,1211,6661,517,6978,2387,1127,6694,519,-48,-12,84,-33,-2,0
Male,Graduate,Married,45,120000,117775,117106,118207,116885,123040,120546,5700,6000,5000,10000,0,111406,112207,111885,113040,120546,0
Male,Graduate,Married,39,250000,0,93,5354,167,908,0,93,5354,167,908,0,0,0,0,0,0,0
Female,Graduate,Single,24,30000,29846,28941,18643,19005,12751,10891,0,4000,600,0,2500,28941,14643,18405,12751,8391,0
Female,Graduate,Married,54,150000,152059,150510,152228,141778,142694,145622,7100,5800,5300,5200,5300,143410,146428,136478,137494,140322,0
Male,High School,Single,37,310000,207995,211176,214160,220579,227036,321979,8000,8000,10000,10000,100000,203176,206160,210579,217036,221979,0
Male,University,Single,34,150000,135587,138473,141297,144605,148420,150500,4000,4000,4500,5000,3500,134473,137297,140105,143420,147000,0
Female,Graduate,Single,29,80000,11040,5830,4136,0,0,150,1500,2000,0,0,150,4330,2136,0,0,0,0
Female,Graduate,Married,37,200000,0,0,0,0,0,0,0,0,0,0,0,0,0,0,0,0,1
Male,University,Single,24,50000,35166,29045,15188,7582,7741,7958,1300,1106,1500,281,346,27745,14082,6082,7460,7612,0
Male,University,Married,23,190000,223483,183900,182911,156432,152708,133584,11837,6070,5136,5183,5237,172063,176841,151296,147525,128347,1
Male,University,Single,33,50000,30773,33275,41329,5392,5722,4501,4000,9000,0,1000,0,29275,32329,5392,4722,4501,0
Male,University,Single,31,100000,24377,25167,24541,27304,26669,26172,1400,0,3100,0,0,23767,24541,24204,26669,26172,1
Male,Graduate,Married,33,150000,144761,146271,128105,130555,133985,136151,6005,5005,5005,6005,5005,140266,123100,125550,127980,131146,0
Male,University,Single,43,80000,19260,16902,15173,10493,10313,6687,1270,1874,0,3313,0,15632,13299,10493,7000,6687,0
Male,University,Married,30,200000,736,736,736,736,736,316,736,736,736,736,316,0,0,0,0,0,0
Female,High School,Single,46,120000,116697,108828,101417,89852,91503,89571,4200,4715,3200,3010,3772,104628,96702,86652,88493,85799,0
Female,University,Married,49,60000,61093,57227,32091,32792,31277,29512,1739,1791,2378,0,1092,55488,30300,30414,31277,28420,1
Female,Other,Married,51,450000,144396,150396,396,396,396,546,6396,396,396,396,546,144000,0,0,0,0,0
Male,Graduate,Single,32,120000,890,390,390,1480,0,6477,390,390,1480,0,6477,0,0,0,0,0,1
Male,University,Married,43,130000,0,0,0,96963,99004,101833,0,0,96963,3554,4435,0,0,0,95450,97398,0
Female,Graduate,Single,36,240000,5367,6959,6649,5149,13750,5777,6959,15,0,7013,0,0,6634,5149,6737,5777,1
Female,University,Single,26,90000,11181,11237,9442,5318,11928,15558,3194,8823,0,7000,6660,8043,619,5318,4928,8898,0
Male,University,Single,25,210000,7474,8625,3511,4950,4727,5494,1500,1500,1500,0,1000,7125,2011,3450,4727,4494,1
Female,University,Single,23,90000,803,16983,18644,12718,12984,13247,16983,2000,500,424,431,0,16644,12218,12560,12816,0
Female,Graduate,Married,40,420000,1794,7748,2950,17827,23711,63784,7786,2965,18048,23831,64101,-38,-15,-221,-120,-317,0
Male,Graduate,Married,63,290000,183800,187658,193030,195356,207180,211614,6820,8500,7020,15000,8000,180838,184530,188336,192180,203614,1
Male,Graduate,Single,29,390000,43062,47142,46088,47016,48332,62205,5100,0,2000,2071,15000,42042,46088,45016,46261,47205,0
Male,Graduate,Single,32,230000,489,0,1257,0,1169,641,0,1257,0,1169,641,0,0,0,0,0,0
Female,University,Married,29,90000,13770,14024,9232,4173,4408,5846,1522,3010,1500,1500,1500,12502,6222,2673,2908,4346,0
Female,University,Married,45,280000,0,0,3288,0,0,0,0,3288,0,0,0,0,0,0,0,0,0
Female,Graduate,Single,28,280000,21670,15767,15288,4923,19616,5191,15846,15364,9948,19693,5216,-79,-76,-5025,-77,-25,0
Female,High School,Married,25,30000,0,20249,3765,29393,26408,27653,20657,1000,26408,0,1653,-408,2765,2985,26408,26000,0
Male,University,Married,38,20000,18596,19245,19744,14999,15121,19283,1342,1231,524,741,5000,17903,18513,14475,14380,14283,0
Female,Graduate,Married,43,180000,36484,24049,89271,1946,11859,506,24049,91272,162,11859,506,0,-2001,1784,0,0,0
Female,High School,Single,26,70000,7139,8361,10030,11578,13408,12302,1500,2000,2000,2000,1000,6861,8030,9578,11408,11302,1
Female,University,Married,34,230000,2007,3220,6163,2765,2050,1197,3229,6191,2782,2055,1200,-9,-28,-17,-5,-3,0
Male,University,Single,36,50000,17003,18157,17301,16486,17681,17825,3000,1000,1000,2000,1000,15157,16301,15486,15681,16825,0
Male,University,Married,47,250000,10735,19147,4192,5947,5453,0,19269,4192,5966,5453,0,-122,0,-19,0,0,0
Male,Graduate,Married,47,140000,109259,108015,107209,106353,100653,99546,5400,5211,4000,4000,4000,102615,101998,102353,96653,95546,0
Female,University,Married,41,140000,43616,44710,45661,50880,49934,51106,2100,2000,6000,0,2000,42610,43661,44880,49934,49106,0
Female,Graduate,Single,25,130000,1088,1521,6042,1085,947,495,1521,6044,1619,947,495,0,-2,-534,0,0,0
Female,University,Married,40,120000,73900,0,0,3663,3663,0,0,0,3663,0,0,0,0,0,3663,0,0
Female,University,Single,43,60000,44193,43205,47476,54735,53584,54703,0,5000,8100,0,2150,43205,42476,46635,53584,52553,1
Female,High School,Single,32,80000,77385,79038,80899,79387,81593,80254,2900,3200,3000,3500,3100,76138,77699,76387,78093,77154,0
Female,Graduate,Married,41,240000,4420,16829,4745,2430,7792,33196,16920,4774,2442,7829,33361,-91,-29,-12,-37,-165,0
Male,High School,Married,32,50000,46727,47973,48990,49261,0,0,2000,2005,1745,0,0,45973,46985,47516,0,0,1
Female,Graduate,Single,33,270000,12091,0,6743,338,0,432,0,6743,338,0,432,0,0,0,0,0,0
Female,Graduate,Married,52,170000,2939,5447,416,7509,6387,1516,3000,5,7509,6387,1666,2447,411,0,0,-150,0
Male,University,Married,51,50000,42462,43684,42256,6501,6638,7027,1928,1200,300,242,500,41756,41056,6201,6396,6527,1
Female,Other,Married,29,230000,123436,127873,129832,133273,139818,65649,7000,6000,6000,10000,30000,120873,123832,127273,129818,35649,0
Female,Graduate,Single,26,390000,5044,1248,199466,200701,210885,213137,1248,201925,6195,30000,8000,0,-2459,194506,180885,205137,0
Female,University,Married,39,200000,151955,158956,149765,131741,134488,137240,9201,5000,4500,4600,4700,149755,144765,127241,129888,132540,1
Female,University,Married,27,500000,174725,178556,182274,185523,183530,187150,6630,6831,6500,6500,6500,171926,175443,179023,177030,180650,0
Female,Graduate,Single,25,30000,14190,12900,11006,5584,5268,4112,0,2046,0,0,0,12900,8960,5584,5268,4112,1
Female,Graduate,Single,33,450000,30627,3693,6696,2461,4192,4378,4008,6696,5000,4192,4378,-315,0,-2539,0,0,0
Male,University,Single,25,50000,11014,11092,692,1184,24119,24027,1402,694,1186,34029,1002,9690,-2,-2,-9910,23025,0
Female,Graduate,Single,26,50000,48150,47684,47528,48525,45790,46764,1797,2113,2500,1742,1817,45887,45415,46025,44048,44947,0
Male,Graduate,Single,48,220000,115294,117945,130365,126780,129570,133553,6000,16000,0,5000,6300,111945,114365,126780,124570,127253,0
Female,University,Single,33,30000,29965,28048,29775,27736,26956,28142,2000,3000,3000,2000,2000,26048,26775,24736,24956,26142,0
Female,High School,Married,42,50000,34542,30557,29577,29529,28276,28768,1000,1000,1000,1000,1000,29557,28577,28529,27276,27768,0
Male,University,Married,31,50000,48469,48872,49429,49144,50032,50519,2138,2095,1711,1771,1900,46734,47334,47433,48261,48619,0
Female,University,Single,24,30000,28510,28481,28045,27259,0,0,2000,1200,0,0,0,26481,26845,27259,0,0,1
Female,Graduate,Single,42,200000,660,1320,660,1320,1320,1710,1320,0,1320,1320,1710,0,660,0,0,0,1
Female,University,Married,46,50000,43244,42276,45235,45816,44970,47649,0,4000,1600,0,3400,42276,41235,44216,44970,44249,1
Female,University,Single,26,80000,47788,45221,46830,48429,52142,56060,4000,3000,3000,5000,5000,41221,43830,45429,47142,51060,0
Male,High School,Married,26,20000,10135,11926,11448,10970,11636,12442,2100,0,0,1000,1000,9826,11448,10970,10636,11442,1
Female,University,Married,44,70000,68687,69531,71271,70712,50793,50605,2545,2918,6329,1996,1977,66986,68353,64383,48797,48628,0
Male,High School,Married,44,130000,15722,0,0,0,0,0,0,0,0,0,0,0,0,0,0,0,0
Male,High School,Married,34,200000,192910,199344,186878,140743,129806,121623,10000,10000,6000,10000,10000,189344,176878,134743,119806,111623,0
Female,Graduate,Married,34,320000,11317,2612,1265,3031,13001,8807,2617,1265,3031,13001,8807,-5,0,0,0,0,0
Female,Graduate,Single,27,170000,61785,17848,14000,124208,122955,116191,3848,4000,124208,5000,5000,14000,10000,0,117955,111191,0
Female,Graduate,Single,30,280000,8527,13219,10132,29142,20644,1647,13244,10157,29187,20669,3003,-25,-25,-45,-25,-1356,0
Female,University,Single,34,10000,8014,9170,9180,8300,0,0,1300,1000,1166,0,0,7870,8180,7134,0,0,0
Male,Graduate,Married,35,200000,204441,198879,202466,168015,169799,171981,0,8555,10000,6500,7103,198879,193911,158015,163299,164878,0
Male,University,Single,27,70000,63298,65785,65353,84184,47686,49276,4100,2400,2500,1800,2400,61685,62953,81684,45886,46876,0
Female,Graduate,Single,45,230000,204625,205816,205294,194263,212257,206084,15006,15026,15000,20000,15030,190810,190268,179263,192257,191054,0
Female,Graduate,Single,40,150000,800,2400,0,0,1000,0,2400,0,0,1000,0,0,0,0,0,0,0
Female,Graduate,Married,29,320000,95322,98787,97996,27996,1712,-216,5000,2000,2000,2000,0,93787,95996,25996,-288,-216,0
Male,Graduate,Single,25,50000,35906,37038,38151,37264,36396,35659,2000,2000,0,0,0,35038,36151,37264,36396,35659,0
Female,University,Married,44,200000,2667,2478,6406,6216,5258,7002,0,4000,14,2000,2000,2478,2406,6202,3258,5002,1
Male,University,Married,39,200000,326,326,326,326,326,326,326,326,326,326,326,0,0,0,0,0,1
Female,University,Single,29,160000,2248,-2,4903,5525,-10,-10,0,4905,5525,10,0,-2,-2,0,-20,-10,0
Male,Graduate,Single,42,380000,1837,4791,6697,2700,1218,1533,3000,2000,0,1218,700,1791,4697,2700,0,833,0
Male,University,Married,51,50000,11583,16051,25725,25017,34385,33248,5000,10000,0,10000,0,11051,15725,25017,24385,33248,1
Female,University,Married,51,500000,8864,1462,18653,45391,1460,580,1462,18661,45402,1460,580,0,-8,-11,0,0,0
Male,High School,Married,34,150000,38808,39879,40589,41551,42420,43105,2000,1674,1636,1690,1544,37879,38915,39915,40730,41561,0
Male,University,Single,33,90000,56291,58385,60412,61710,63020,64274,3000,3000,2300,2300,2300,55385,57412,59410,60720,61974,1
Male,University,Other,46,60000,24677,26963,28210,27473,29176,28242,3000,2000,0,2289,0,23963,26210,27473,26887,28242,1
Male,Graduate,Single,27,140000,13497,15680,3400,3218,16478,4078,15688,4000,3218,17000,4500,-8,-600,0,-522,-422,0
Female,Graduate,Single,40,220000,13654,12312,23031,7229,3942,2132,12312,23031,7234,3942,2132,0,0,-5,0,0,0
Male,High School,Single,41,450000,262138,242290,221480,201670,181345,160000,10027,8517,7020,6821,6027,232263,212963,194650,174524,153973,0
Male,University,Married,48,200000,205150,0,0,0,0,0,0,0,0,0,0,0,0,0,0,0,0
Female,Graduate,Single,34,140000,30996,33690,33430,32768,29701,24377,3200,1500,1800,2000,2000,30490,31930,30968,27701,22377,1
Female,Graduate,Married,46,290000,6615,8494,10336,15127,19685,29275,2000,2000,5000,5000,10000,6494,8336,10127,14685,19275,1
Male,Graduate,Single,34,260000,87281,96870,115398,146597,159844,145729,15000,20084,50029,20139,15147,81870,95314,96568,139705,130582,0
Female,Graduate,Single,27,60000,61015,58160,51237,29999,28972,29444,3016,5011,1005,1000,14000,55144,46226,28994,27972,15444,0
Male,Graduate,Single,31,280000,12740,17239,14496,16185,8962,8756,17352,14575,16266,9007,8800,-113,-79,-81,-45,-44,0
Female,High School,Married,40,310000,69569,71437,71464,72299,50967,51153,3366,2400,2212,1985,2422,68071,69064,70087,48982,48731,0
Female,High School,Married,50,80000,6627,9503,11966,14493,20328,23506,3000,3000,3000,8000,3506,6503,8966,11493,12328,20000,0
Female,Graduate,Single,33,150000,74033,237,1420,1141,1067,1128,237,1426,1141,1067,1200,0,-6,0,0,-72,0
Male,University,Single,28,80000,49302,35916,25528,26034,26615,28173,1412,1425,931,1000,2000,34504,24103,25103,25615,26173,0
Female,University,Married,45,480000,1223,22308,6070,5924,547,1308,22313,6083,5924,547,1308,-5,-13,0,0,0,1
Female,University,Married,34,350000,23589,22585,23263,23755,23900,25016,0,1700,1500,1000,2000,22585,21563,22255,22900,23016,0
Male,Graduate,Single,30,230000,0,0,0,0,625,514,0,0,0,625,514,0,0,0,0,0,0
Male,High School,Single,46,180000,109114,71952,16765,14611,16209,25653,2835,1500,1000,2000,10000,69117,15265,13611,14209,15653,0
Male,University,Married,32,50000,50764,50428,49564,21002,20230,19462,2200,1500,1500,2000,1700,48228,48064,19502,18230,17762,1
Female,University,Married,43,310000,266629,270414,264482,280240,285805,272059,9500,0,20000,10000,0,260914,264482,260240,275805,272059,1
Male,Graduate,Married,41,10000,6859,9751,9451,9169,10056,8559,3000,0,0,1002,0,6751,9451,9169,9054,8559,0
Male,Graduate,Single,25,280000,9895,7402,7701,8951,6916,8790,3011,3007,3019,2004,3044,4391,4694,5932,4912,5746,0
Male,University,Single,52,50000,50557,49214,50156,20186,17966,19659,2283,2225,1008,757,2601,46931,47931,19178,17209,17058,1
Female,University,Single,51,50000,10728,11751,13247,12737,13732,13362,1504,2000,0,1200,0,10247,11247,12737,12532,13362,1
Female,Graduate,Single,22,10000,8352,8078,7800,8672,8388,9248,0,0,1000,0,1000,8078,7800,7672,8388,8248,0
Male,Graduate,Married,43,290000,294475,295310,290951,237255,241778,236917,12021,11212,8503,9047,9003,283289,279739,228752,232731,227914,0
Male,Graduate,Single,33,240000,0,0,0,0,0,41300,0,0,0,0,41300,0,0,0,0,0,0
Female,University,Single,26,100000,48006,46561,46764,48298,49137,49576,0,2200,3000,2000,1800,46561,44564,45298,47137,47776,1
Female,University,Single,25,160000,21570,7501,10703,12448,2129,24461,7545,10841,12448,2141,24603,-44,-138,0,-12,-142,0
Male,University,Married,46,230000,170354,131022,108061,87461,69221,57462,7200,3348,2510,5000,3500,123822,104713,84951,64221,53962,0
Female,University,Married,46,230000,0,0,0,0,0,0,0,0,0,0,0,0,0,0,0,0,0
Female,High School,Married,41,300000,0,1018,685,1144,0,67,1018,687,1144,0,67,0,-2,0,0,0,0
Male,High School,Single,32,500000,211508,183713,158759,119566,123098,132355,10070,3066,13366,20898,20155,173643,155693,106200,102200,112200,0
Male,Graduate,Single,29,200000,1124,1206,1292,1778,2064,1000,1000,1000,1400,1200,0,206,292,378,864,1000,0
Female,Graduate,Single,44,210000,125615,77485,79668,92326,30500,25265,5000,4000,3402,2013,1026,72485,75668,88924,28487,24239,0
Female,University,Single,23,50000,373,-17,4230,1243,1904,0,0,4247,1243,1094,0,-17,-17,0,810,0,0
Male,University,Single,25,130000,112561,119435,105382,49643,46812,45914,12421,0,7000,0,2000,107014,105382,42643,46812,43914,0
Female,University,Married,37,90000,2522,0,1261,1261,1261,1261,0,1261,1261,1261,1261,0,0,0,0,0,0
Female,High School,Married,36,80000,5587,6906,1470,1720,2890,7678,6906,1470,1720,2890,7678,0,0,0,0,0,0
Male,High School,Single,23,30000,10732,20501,20831,21231,20589,31018,10000,1000,1000,0,13000,10501,19831,20231,20589,18018,0
Female,University,Single,30,480000,0,0,0,0,330982,355339,0,0,0,330982,30000,0,0,0,0,325339,0
Female,High School,Married,41,80000,54074,50967,29143,33520,19060,14275,10000,10000,5000,3000,3000,40967,19143,28520,16060,11275,0
Female,University,Single,24,90000,36179,36137,28400,28982,29782,24389,1953,2000,29982,800,1516,34184,26400,-1000,28982,22873,0
Male,University,Married,31,70000,32945,32133,35089,34225,36663,35921,0,3500,0,3000,0,32133,31589,34225,33663,35921,0
Male,High School,Single,31,50000,5458,7208,17221,16738,17106,15415,2000,10600,0,700,3000,5208,6621,16738,16406,12415,0
Female,High School,Married,39,110000,73064,70373,71730,73208,75095,72530,3900,3200,2600,3000,3100,66473,68530,70608,72095,69430,0
Male,University,Single,30,120000,100802,104378,106651,108362,96168,99399,5200,5500,5000,5000,5000,99178,101151,103362,91168,94399,0
Male,University,Single,24,180000,2294,1290,2109,600,476,326,1296,2120,901,476,0,-6,-11,-301,0,326,0
Male,University,Single,33,50000,40159,41323,40364,42781,41966,48865,2100,0,3400,0,7800,39223,40364,39381,41966,41065,1
Female,Graduate,Married,29,150000,2565,3648,5586,5586,3672,1160,3648,5586,0,426,4040,0,0,5586,3246,-2880,0
Female,Graduate,Single,30,340000,0,0,0,0,0,0,0,0,0,0,0,0,0,0,0,0,0
Female,University,Single,33,300000,351232,298709,268531,157953,161183,163942,9198,7668,4429,4821,4684,289511,260863,153524,156362,159258,0
Female,Graduate,Married,36,150000,123160,134948,130982,125296,122664,112055,20000,6100,4000,5500,3002,114948,124882,121296,117164,109053,1
Male,Graduate,Single,38,30000,69707,71904,62630,57406,46231,73262,4000,5000,8000,1460,40000,67904,57630,49406,44771,33262,0
Male,University,Single,52,50000,47595,28491,3642,12291,16674,17331,8080,15012,10000,8000,2000,20411,-11370,2291,8674,15331,0
Male,Graduate,Married,42,100000,2206,1016,452,1016,1096,2202,0,452,1580,1096,2122,1016,0,-564,0,80,1
Female,University,Married,35,270000,165,165,165,165,0,601,165,165,165,0,601,0,0,0,0,0,0
Male,Graduate,Married,43,320000,3274,86251,14857,12157,8690,4166,86682,14871,260,43,4186,-431,-14,11897,8647,-20,1
Male,University,Single,26,160000,1236,1234,4888,4187,8995,9731,1234,4890,1010,8998,2005,0,-2,3177,-3,7726,0
Female,Graduate,Single,26,300000,10545,10421,15196,19406,23260,15423,3000,5000,5000,4000,5000,7421,10196,14406,19260,10423,0
Female,University,Married,49,30000,2273,2127,2552,1992,1583,1320,2000,1300,0,0,150,127,1252,1992,1583,1170,1
Male,High School,Married,41,290000,-4,-4,798,-2,494,-6,0,802,0,496,0,-4,-4,-2,-2,-6,0
Female,University,Married,49,180000,106,3166,106,59,-47,347,3166,106,59,47,570,0,0,0,-94,-223,0
Male,Graduate,Married,57,150000,153664,137074,86466,2120,143701,146318,22000,2509,2120,143701,6000,115074,83957,0,0,140318,0
Female,University,Married,30,60000,54379,55029,54422,19843,19095,19495,2269,1385,1000,693,717,52760,53037,18843,18402,18778,0
Female,Graduate,Single,33,260000,6475,2500,500,210,210,-90,2500,500,210,0,0,0,0,0,210,-90,0
Male,University,Married,32,150000,143706,140120,138520,139329,142149,111435,6010,5007,5016,10101,5006,134110,133513,134313,132048,106429,1
Male,High School,Married,55,230000,214423,214585,170063,176893,183699,188700,10000,10000,10000,10000,10000,204585,160063,166893,173699,178700,0
Female,Graduate,Single,29,250000,0,0,0,0,0,0,0,0,0,0,0,0,0,0,0,0,0
Female,University,Married,29,70000,1929,2948,3960,4038,4123,4264,1054,1066,144,150,210,1894,2894,3894,3973,4054,0
Male,High School,Married,44,360000,1982,-18,3746,-4,906,850,0,3764,0,910,854,-18,-18,-4,-4,-4,1
Male,Graduate,Married,34,200000,5879,5884,5171,4598,-95,-2175,5884,5171,4598,0,0,0,0,0,-95,-2175,0
Female,Graduate,Single,30,30000,27851,29490,29200,29400,50000,0,2100,1500,600,600,0,27390,27700,28800,49400,0,0
Male,University,Married,30,20000,1473,1473,390,390,390,0,1473,390,390,390,0,0,0,0,0,0,0
Male,High School,Single,66,80000,58592,52465,16937,15159,12195,0,2912,3000,3000,3000,0,49553,13937,12159,9195,0,0
Female,Graduate,Single,32,260000,-34,6846,1479,173,6326,369,6880,1486,174,6357,370,-34,-7,-1,-31,-1,0
Female,University,Married,35,210000,64740,66692,68579,70036,71706,73162,3000,3000,2600,2800,2800,63692,65579,67436,68906,70362,0
Male,High School,Married,35,50000,35214,37305,34789,8671,9550,8741,3900,2,500,1000,0,33405,34787,8171,8550,8741,0
Male,Graduate,Single,26,140000,66526,65667,67571,26968,-4082,-4082,3990,4000,2000,0,0,61677,63571,24968,-4082,-4082,0
Male,High School,Married,42,90000,48674,49895,52570,53614,54534,53374,2300,4116,2500,2052,0,47595,48454,51114,52482,53374,0
Male,University,Married,31,20000,35651,20160,20080,19680,19680,0,4960,1400,0,0,0,15200,18680,19680,19680,0,0
Male,Graduate,Married,44,360000,165,165,165,165,165,165,165,165,165,165,165,0,0,0,0,0,0
Female,University,Married,57,580000,20498,2290,4968,4481,5574,14240,2290,4968,4485,5583,14242,0,0,-4,-9,-2,0
Male,University,Single,39,180000,29478,32342,31523,32989,33679,34350,3353,0,2000,1222,1231,28989,31523,30989,32457,33119,0
Male,University,Married,51,60000,60557,58563,27436,29752,30351,28871,3040,3000,3000,4000,2000,55523,24436,26752,26351,26871,0
Female,University,Married,25,60000,39831,33147,32239,30110,30465,30510,4500,4500,2000,1301,1128,28647,27739,28110,29164,29382,0
Male,University,Single,30,50000,50995,50882,32777,32081,29598,29648,2500,1500,1226,1059,2000,48382,31277,30855,28539,27648,0
Female,University,Married,39,100000,200,200,200,2795,94722,96638,200,200,2795,92485,2519,0,0,0,2237,94119,0
Male,Graduate,Married,46,380000,141102,84229,28749,14258,7594,190628,5034,2071,29,72,190710,79195,26678,14229,7522,-82,0
Female,Graduate,Married,37,310000,325,4373,26863,7443,4221,8172,4373,26863,7443,0,8172,0,0,0,4221,0,0
Male,University,Single,37,50000,28731,27985,29000,29731,30400,33427,0,1482,1213,1300,3703,27985,27518,28518,29100,29724,1
Male,University,Single,33,20000,16128,17441,18589,18607,19892,24338,2000,2000,2001,2001,100,15441,16589,16606,17891,24238,0
Female,University,Single,50,30000,27284,29001,28201,28763,29383,28987,4664,0,994,1047,1412,24337,28201,27769,28336,27575,0
Female,University,Single,32,50000,32814,32004,33017,33868,38151,37253,0,1550,1400,5000,0,32004,31467,32468,33151,37253,1
Female,High School,Other,52,30000,10033,6486,7064,2890,2500,3280,0,3192,0,2500,3280,6486,3872,2890,0,0,1
Male,Graduate,Married,42,490000,497657,498379,498646,436116,438700,436436,18260,18529,15000,15500,15620,480119,480117,421116,423200,420816,0
Female,Graduate,Single,34,500000,218570,218978,218778,236377,225650,15233,18978,18778,36377,10650,15233,200000,200000,200000,215000,0,0
Male,High School,Single,27,80000,13165,2100,0,0,0,0,2100,0,0,0,0,0,0,0,0,0,0
Male,University,Married,33,200000,205150,0,0,0,0,0,0,0,0,0,0,0,0,0,0,0,0
Male,Graduate,Single,29,360000,205119,209680,213527,174907,126309,97746,8270,8423,6753,5139,5000,201410,205104,168154,121170,92746,0
Male,University,Married,39,30000,29493,30346,28777,27962,26306,28994,2006,1500,3000,3000,9000,28340,27277,24962,23306,19994,1
Female,Graduate,Married,36,170000,46113,48241,50255,51410,52429,53554,3182,3000,1990,2000,2000,45059,47255,49420,50429,51554,0
Male,University,Single,21,10000,6703,8422,9205,9393,4176,0,2000,1000,188,2538,0,6422,8205,9205,1638,0,0
Female,University,Married,52,230000,0,0,0,0,0,0,0,0,0,0,0,0,0,0,0,0,0
Male,Graduate,Married,49,200000,416,416,0,832,416,416,416,0,1248,0,416,0,0,-416,416,0,1
Female,Graduate,Single,35,160000,61089,53073,46508,42835,46169,40482,1965,1972,1509,4000,3000,51108,44536,41326,42169,37482,0
Male,University,Married,34,270000,275572,277585,232661,150298,134808,129645,10332,10000,18021,8026,6011,267253,222661,132277,126782,123634,1
Male,University,Single,28,80000,57798,50910,49940,49460,50687,50288,2050,1780,1800,2000,2000,48860,48160,47660,48687,48288,0
Female,Graduate,Single,29,360000,1146,2500,0,0,0,0,2500,0,0,0,0,0,0,0,0,0,1
Female,University,Single,27,140000,111820,104189,100638,93092,94663,96257,3817,4500,3500,3600,3700,100372,96138,89592,91063,92557,0
Female,High School,Single,43,80000,76594,78254,78401,49496,50562,45682,3100,3100,1669,1759,1700,75154,75301,47827,48803,43982,0
Female,Graduate,Single,25,200000,1698,2751,3665,4665,6665,150,1086,1000,1000,2000,150,1665,2665,3665,4665,0,0
Female,Graduate,Single,25,80000,390,390,390,390,390,390,390,390,390,390,390,0,0,0,0,0,0
Male,Graduate,Married,35,390000,28804,43996,47532,49414,51380,50661,20000,5006,5006,5008,3004,23996,42526,44408,46372,47657,0
Female,University,Single,31,80000,1019,8479,9947,10671,11923,12050,8479,2000,2000,2000,2000,0,7947,8671,9923,10050,1
Female,High School,Married,44,80000,40821,42443,42573,43386,13513,13781,2281,1411,1224,491,493,40162,41162,42162,13022,13288,1
Male,University,Married,31,20000,21635,19749,19469,19856,19147,20369,0,1303,690,851,1700,19749,18166,19166,18296,18669,1
Female,High School,Single,22,30000,28579,26683,25591,16337,19690,19986,2006,2041,2001,4004,2006,24677,23550,14336,15686,17980,0
Male,Other,Single,23,60000,5363,262,-144,450,202,196,1000,0,1000,0,400,-738,-144,-550,202,-204,0
Female,University,Single,25,100000,59219,60464,61956,63228,64561,66025,2197,2500,2300,2350,2540,58267,59456,60928,62211,63485,0
Male,University,Married,52,100000,81382,72937,65480,66777,68176,69547,4611,4000,2387,2472,2502,68326,61480,64390,65704,67045,0
Female,High School,Married,48,40000,69282,36108,37112,37695,38580,0,3500,1750,1300,1409,0,32608,35362,36395,37171,0,0
Female,Graduate,Single,30,120000,316,316,316,316,316,7516,316,316,316,316,7516,0,0,0,0,0,0
Female,High School,Married,56,20000,12685,13634,12115,12356,12623,13905,1188,1201,442,466,1500,12446,10914,11914,12157,12405,0
Female,University,Single,26,310000,87717,93707,83632,81133,75499,73540,9156,2782,4013,2688,2651,84551,80850,77120,72811,70889,0
Male,University,Single,23,50000,19203,17242,18245,18454,18685,19271,0,1299,807,678,897,17242,16946,17647,18007,18374,1
Male,University,Married,49,500000,9502,9206,11000,13000,0,0,0,2000,2000,0,0,9206,9000,11000,0,0,0
Male,High School,Married,40,290000,151996,155371,157605,133904,128276,130419,7800,7549,10000,15000,5000,147571,150056,123904,113276,125419,0
Male,University,Single,34,30000,19101,17444,12676,9171,5928,7746,1653,1110,0,109,7849,15791,11566,9171,5819,-103,0
Female,Graduate,Single,23,100000,850,0,8472,8472,1768,0,0,8472,0,0,0,0,0,8472,1768,0,0
Female,Graduate,Single,31,360000,8288,21865,44440,3904,0,0,21888,44640,3904,0,0,-23,-200,0,0,0,0
Male,High School,Married,51,20000,2300,0,0,0,0,0,0,0,0,0,0,0,0,0,0,0,1
Female,University,Married,37,150000,108784,110405,106317,30906,31457,32134,4800,0,1240,1200,1200,105605,106317,29666,30257,30934,1
Female,Graduate,Married,31,360000,3680,9995,3225,4230,6113,8745,13517,0,4230,6113,8745,-3522,3225,0,0,0,0
Female,University,Married,30,490000,26088,24092,24488,16995,-1527,62491,2003,2041,1092,4,64895,22089,22447,15903,-1531,-2404,0
Female,University,Married,44,40000,11770,4719,922,4665,4059,5588,4740,922,4665,4059,5588,-21,0,0,0,0,0
Female,High School,Married,36,100000,1490,0,210,0,90,90,0,210,0,90,0,0,0,0,0,90,0
Female,University,Single,24,20000,14367,16130,18136,18258,19478,19866,2001,2600,701,1500,705,14129,15536,17557,17978,19161,0
Female,University,Married,32,500000,37664,9689,9487,12641,14778,10665,3000,1000,6000,4000,3000,6689,8487,6641,10778,7665,0
Male,University,Single,28,50000,49703,50237,26924,27458,28036,28772,1761,1448,982,1020,1200,48476,25476,26476,27016,27572,0
Male,Graduate,Single,34,260000,324,826,326,326,326,476,828,326,326,326,476,-2,0,0,0,0,0
Female,University,Married,49,140000,2457,0,0,0,0,579,0,0,0,0,579,0,0,0,0,0,0
Male,Graduate,Single,49,260000,316,316,4866,316,316,4843,316,4866,316,316,4843,0,0,0,0,0,0
Female,Graduate,Single,32,200000,3450,12113,16152,19443,19189,13947,12174,16239,19446,529,400,-61,-87,-3,18660,13547,0
Female,University,Single,28,50000,47132,22104,983,23594,7428,29039,1651,984,23001,5001,30001,20453,-1,593,2427,-962,0
Female,Graduate,Single,32,200000,0,2300,15093,0,0,0,2300,15093,0,0,0,0,0,0,0,0,0
Female,University,Single,26,20000,6690,8628,8515,6584,3403,3748,2600,1500,1500,1000,402,6028,7015,5084,2403,3346,0
Male,High School,Single,24,10000,4050,5426,6743,8544,9858,1303,2000,2000,2000,2000,1000,3426,4743,6544,7858,303,0
Male,University,Single,34,30000,28014,29248,29254,19837,14793,404,1694,1200,8697,2000,1000,27554,28054,11140,12793,-596,0
Female,High School,Married,40,170000,73784,73815,53032,29086,93786,92728,3663,3426,1317,93276,3197,70152,49606,27769,510,89531,0
Female,High School,Married,45,50000,4410,4055,0,0,6553,19653,4050,0,0,6553,13100,5,0,0,0,6553,0
Female,Graduate,Single,34,420000,13207,6184,6692,1039,1039,1503,6222,9723,1045,1042,1509,-38,-3031,-6,-3,-6,1
Female,University,Married,30,70000,8432,9596,10637,11965,12178,13962,1300,1200,1507,1000,2000,8296,9437,10458,11178,11962,0
Female,University,Married,31,300000,316,316,17597,15257,9482,10716,316,17597,2000,2690,2000,0,0,13257,6792,8716,0
Male,University,Single,31,500000,533142,504834,413844,305875,46420,14540,3089,14000,14000,1500,14000,501745,399844,291875,44920,540,0
Female,University,Single,49,20000,15945,16971,19796,19188,18740,20219,1288,3113,0,0,1800,15683,16683,19188,18740,18419,0
Female,Graduate,Single,30,280000,161001,136271,131048,119654,115808,115116,5000,6000,4000,4000,5000,131271,125048,115654,111808,110116,0
Male,Graduate,Married,41,150000,390,390,390,15080,780,0,390,390,15080,0,0,0,0,0,780,0,0
Male,University,Married,35,180000,1099,1099,1099,1099,0,1099,1099,1099,1099,0,1099,0,0,0,0,0,0
Male,Graduate,Single,25,50000,50401,46275,0,0,0,0,5000,0,0,0,0,41275,0,0,0,0,0
Female,University,Single,24,150000,0,0,3230,1085,10000,0,0,3230,1085,10000,0,0,0,0,0,0,0
Male,University,Single,26,30000,24386,23744,23090,22436,26886,30858,0,0,0,5000,5000,23744,23090,22436,21886,25858,0
Male,Graduate,Married,37,250000,-207,-207,-207,-207,11361,700,0,0,0,11568,700,-207,-207,-207,-207,0,0
Female,High School,Married,39,300000,37672,40743,41226,40263,42788,41947,4000,1446,0,3179,0,36743,39780,40263,39609,41947,0
Male,University,Married,30,80000,110692,105273,103223,97871,38640,14734,3500,4000,2600,3000,19707,101773,99223,95271,35640,-4973,0
Female,High School,Married,58,50000,50019,18458,19318,15949,14986,19401,1400,1229,687,2000,5000,17058,18089,15262,12986,14401,0
Male,High School,Married,36,120000,326,326,326,326,652,326,326,326,326,652,0,0,0,0,0,326,0
Female,University,Married,39,330000,377779,372355,365250,358145,352121,346216,0,0,0,0,0,372355,365250,358145,352121,346216,1
Female,University,Other,30,140000,107060,104629,98453,96149,96500,96550,4598,4333,3381,3637,3645,100031,94120,92768,92863,92905,0
Female,University,Married,50,150000,3227,3029,3964,0,0,2322,0,1000,0,0,2322,3029,2964,0,0,0,0
Male,Graduate,Married,57,330000,3166,-206,3429,0,0,749,552,5726,0,0,749,-758,-2297,0,0,0,0
Female,Graduate,Married,34,380000,322199,331518,337703,343612,351089,358401,16001,13150,13000,13150,13300,315517,324553,330612,337939,345101,0
Male,University,Married,32,50000,46253,46117,46919,17459,17825,18193,1998,3000,625,647,664,44119,43919,16834,17178,17529,0
Female,Graduate,Single,26,120000,104546,105326,111987,112652,114337,115105,4000,10000,4000,5000,4200,101326,101987,108652,109337,110905,0
Female,University,Married,37,150000,135211,142398,121570,130780,130780,0,10109,10000,10000,10000,20000,132289,111570,120780,120780,-20000,0
Female,University,Married,38,130000,127626,128136,88423,90235,92154,85510,5400,3100,3100,3200,3000,122736,85323,87135,88954,82510,0
Female,University,Single,27,160000,78592,80240,39835,41150,0,0,3700,1700,2000,0,0,76540,38135,39150,0,0,0
Female,High School,Married,44,30000,1072,5122,4440,4050,3660,3660,4440,0,0,0,0,682,4440,4050,3660,3660,0
Male,University,Married,33,370000,0,0,0,361,211,3659,0,0,422,0,3448,0,0,-61,211,211,0
Female,Graduate,Married,51,180000,513,396,396,396,396,396,396,396,396,396,396,0,0,0,0,0,0
Male,University,Married,54,50000,48580,47112,30246,26953,27249,27521,0,1500,1000,986,986,47112,28746,25953,26263,26535,0
Female,Graduate,Single,34,170000,326,326,326,326,476,476,326,326,326,476,476,0,0,0,0,0,1
Female,University,Married,25,60000,34733,37460,36558,37945,38782,39582,3600,0,2000,1600,1600,33860,36558,35945,37182,37982,1
Male,University,Single,34,20000,13936,8643,1973,17711,13747,13901,8735,1973,17711,2000,5000,-92,0,0,11747,8901,0
Male,University,Single,23,20000,16332,18111,18325,18391,14235,18955,2500,1000,600,0,5000,15611,17325,17791,14235,13955,1
Female,Graduate,Single,25,50000,35427,36307,36989,38559,39958,38313,2000,2000,3000,3000,0,34307,34989,35559,36958,38313,0
Female,High School,Single,52,150000,5678,3608,694,-6,2266,1601,1010,696,0,2272,1605,2598,-2,-6,-6,-4,0
Female,University,Married,34,170000,166851,107434,99487,49017,48812,0,5000,5000,3000,3000,0,102434,94487,46017,45812,0,0
Female,University,Married,43,30000,27862,29106,29784,29884,27833,29459,2000,1500,2000,0,3000,27106,28284,27884,27833,26459,0
Female,Graduate,Single,25,50000,0,0,0,0,0,550,0,0,0,0,550,0,0,0,0,0,1
Male,University,Single,25,100000,416,416,0,416,416,1850,416,0,832,416,1850,0,0,-416,0,0,0
Male,Graduate,Married,53,500000,107782,10961,11525,3228,9146,2430,11016,11602,3244,9191,2442,-55,-77,-16,-45,-12,0
Male,Graduate,Single,35,180000,326,326,10726,24104,326,326,326,10726,24104,326,326,0,0,0,0,0,0
Male,Graduate,Single,33,280000,640,-160,32060,3901,1276,-2,0,32220,3920,1282,2,-160,-160,-19,-6,-4,0
Female,University,Single,27,50000,1500,0,0,0,1075,4249,0,0,0,1075,4307,0,0,0,0,-58,0
Female,University,Married,49,360000,338321,329178,320709,310208,289883,279709,12323,22023,12023,10023,10823,316855,298686,298185,279860,268886,0
Male,Graduate,Married,44,170000,6569,29039,1716,2442,14605,2895,29069,1721,2442,14605,2895,-30,-5,0,0,0,0
Male,University,Married,36,90000,62737,61413,59823,29526,25903,26563,0,0,1300,1000,1000,61413,59823,28226,24903,25563,1
Female,University,Married,25,50000,49772,50261,50630,30192,30297,28541,2082,1726,1013,1061,1135,48179,48904,29179,29236,27406,0
Male,Graduate,Married,24,20000,625,702,316,316,316,316,709,316,316,316,316,-7,0,0,0,0,1
Female,University,Married,34,220000,109815,91363,93091,91706,91748,93261,3634,3566,3394,3659,3700,87729,89525,88312,88089,89561,0
Female,Other,Single,25,200000,2017,0,381,1060,429,0,0,381,1060,429,0,0,0,0,0,0,0
Female,Graduate,Single,29,70000,66648,66638,57404,33045,30137,21832,3000,5137,968,2500,6000,63638,52267,32077,27637,15832,0
Female,Graduate,Married,28,400000,181178,86663,62200,38000,150,193,4000,2000,1000,150,193,82663,60200,37000,0,0,1
Female,Graduate,Married,36,90000,9999,0,0,0,0,1980,0,0,0,0,1980,0,0,0,0,0,0
Female,High School,Single,54,50000,51300,50222,49097,50036,49145,47639,0,0,2000,0,1900,50222,49097,48036,49145,45739,1
Male,High School,Married,31,60000,69311,60059,54851,38863,39135,39049,0,2293,1367,1407,1410,60059,52558,37496,37728,37639,1
Female,High School,Married,47,50000,0,0,0,0,0,0,0,0,0,0,0,0,0,0,0,0,0
Male,Graduate,Married,52,100000,21509,20877,24122,23440,28843,31353,0,3600,0,6000,3000,20877,20522,23440,22843,28353,1
Female,University,Married,34,180000,95008,97088,98093,99578,101828,103986,4500,3500,4000,4000,4000,92588,94593,95578,97828,99986,1
Female,Graduate,Married,42,210000,0,0,0,0,0,0,0,0,0,0,0,0,0,0,0,0,0
Female,Graduate,Married,35,430000,3642,492,0,925,12151,39673,492,0,925,12151,29000,0,0,0,0,10673,0
Female,University,Married,41,20000,2468,1077,1140,0,7014,7696,1087,1140,0,7014,800,-10,0,0,0,6896,0
Female,University,Married,51,40000,144397,147924,26974,22710,37977,39347,3988,2014,799,32001,2000,143936,24960,21911,5976,37347,1
Female,Graduate,Single,27,180000,12275,6491,37424,0,5758,18091,6491,37433,0,5758,18000,0,-9,0,0,91,0
Female,Graduate,Single,28,140000,13159,39243,41831,45893,10186,4887,30000,7000,8000,5000,0,9243,34831,37893,5186,4887,0
Female,High School,Single,45,30000,28611,23312,19590,18447,15525,0,1352,1290,4150,15525,0,21960,18300,14297,0,0,0
Male,Graduate,Married,36,210000,102245,103640,792,396,0,546,5000,792,396,0,546,98640,0,0,0,0,0
Male,University,Married,35,90000,112662,111077,108539,106001,103816,101878,0,0,0,0,0,111077,108539,106001,103816,101878,1
Female,Graduate,Married,29,160000,50989,25227,26666,839,26516,-150,1695,28800,839,26500,0,23532,-2134,0,16,-150,0
Female,University,Single,27,130000,-191,191,2898,4728,5149,5561,382,2898,1900,500,500,-191,0,2828,4649,5061,0
Female,University,Single,21,10000,8660,9756,8560,780,0,0,1800,1300,800,0,1900,7956,7260,-20,0,-1900,1
Male,University,Married,39,170000,143339,125864,112300,110371,113685,98489,20000,6000,5000,5000,3000,105864,106300,105371,108685,95489,0
Male,University,Single,29,20000,15760,17092,17781,17289,17710,18217,1593,1282,700,700,800,15499,16499,16589,17010,17417,0
Female,Graduate,Single,29,50000,38242,28797,16068,16387,16882,17350,1799,2000,582,754,893,26998,14068,15805,16128,16457,0
Male,Graduate,Married,59,360000,17154,4536,4500,71028,5019,28028,5095,5048,72133,25,28168,-559,-548,-1105,4994,-140,0
Female,Graduate,Single,23,50000,1413,-60,550,390,0,780,0,1000,230,0,780,-60,-450,160,0,0,0
Female,Graduate,Single,25,80000,390,5640,390,780,390,390,5250,0,780,0,390,390,390,0,390,0,0
Male,Graduate,Single,32,160000,5315,8145,2480,1920,2192,8187,8300,2480,1920,2192,8187,-155,0,0,0,0,0
Male,Graduate,Married,37,380000,173252,113001,74275,47723,67463,36751,10069,12712,10000,20000,16751,102932,61563,37723,47463,20000,0
Female,Graduate,Single,32,220000,33710,33702,31682,33407,35128,37826,8959,1300,2000,2000,3000,24743,30382,31407,33128,34826,0
Male,High School,Single,54,50000,0,0,0,0,0,0,0,0,0,0,0,0,0,0,0,0,0
Female,University,Single,50,140000,95310,97902,100214,102496,108405,106649,4000,3800,3800,7600,0,93902,96414,98696,100805,106649,0
Male,Graduate,Single,48,270000,56376,56911,56758,26872,23660,12053,2680,1420,15,42,2476,54231,55338,26857,23618,9577,0
Male,University,Single,26,50000,51212,50165,19814,20210,20125,19010,2000,1296,692,709,698,48165,18518,19518,19416,18312,0
Female,University,Single,25,100000,53111,55650,59730,61693,59186,57949,4000,5600,3500,0,0,51650,54130,58193,59186,57949,1
Male,University,Single,28,360000,9780,6672,11201,9718,8781,11846,6712,11244,9747,8806,11872,-40,-43,-29,-25,-26,0
Male,University,Single,39,20000,19592,19401,19979,20107,19472,19719,1334,1302,694,707,835,18067,18677,19413,18765,18884,0
Male,University,Single,27,50000,50902,50716,49179,19747,19726,20140,2128,2300,1004,730,700,48588,46879,18743,18996,19440,0
Female,University,Single,46,360000,361863,343268,285707,271529,276759,279953,0,11426,9781,10370,13899,343268,274281,261748,266389,266054,0
Female,University,Married,50,20000,-5,4995,2197,3047,4262,7163,5000,2200,6050,5000,3000,-5,-3,-3003,-738,4163,0
Male,High School,Single,42,100000,70542,72400,74192,75660,77444,79154,3000,3000,2703,2998,3000,69400,71192,72957,74446,76154,0
Male,Graduate,Single,27,80000,76817,74554,43727,16307,1755,470,3000,1400,326,1755,0,71554,42327,15981,0,470,0
Male,High School,Married,39,140000,136918,128636,127237,94159,95794,89345,5000,5900,4000,3000,5000,123636,121337,90159,92794,84345,0
Female,Graduate,Married,28,390000,64440,67503,68566,65411,66597,57361,5000,5007,5000,5000,5000,62503,63559,60411,61597,52361,0
Male,Graduate,Married,39,350000,325,2770,2247,1930,80392,78638,2770,0,8,80408,3142,0,2247,1922,-16,75496,0
Male,University,Married,48,170000,390,390,780,780,0,0,390,780,0,0,0,0,0,780,0,0,0
Female,High School,Married,37,270000,265044,60052,68660,77184,85591,101945,73000,10000,10000,10000,20000,-12948,58660,67184,75591,81945,0
Female,High School,Married,42,460000,43792,35047,35415,0,1619,3795,1600,1000,0,1619,3795,33447,34415,0,0,0,0
Female,High School,Single,37,200000,3938,8556,4846,807,2183,210,8576,4850,1047,2183,210,-20,-4,-240,0,0,0
Female,Graduate,Single,28,450000,108,-58,14276,1346,1448,4005,0,14500,1346,1448,4005,-58,-224,0,0,0,0
Male,Graduate,Married,47,240000,207,99,0,0,0,0,99,0,0,0,0,0,0,0,0,0,0
Female,Graduate,Single,29,260000,1476,1476,1476,1476,20976,1476,1476,1476,1476,20976,1476,0,0,0,0,0,0
Female,University,Married,34,110000,24147,25750,27012,27762,32126,37779,2000,2000,1500,5000,6400,23750,25012,26262,27126,31379,0
Male,University,Married,51,50000,38434,39492,39394,33490,27316,0,1681,1583,1347,1183,0,37811,37811,32143,26133,0,0
Female,High School,Other,49,250000,260260,262132,240448,186817,185488,184091,13000,0,6672,7000,7000,249132,240448,180145,178488,177091,0
Male,Graduate,Married,41,380000,3907,13253,-4,-4,-4,-4,13345,0,0,0,0,-92,-4,-4,-4,-4,1
Female,University,Married,28,110000,41799,43152,44625,45579,46843,48062,2027,2500,2000,2000,2000,41125,42125,43579,44843,46062,0
Female,Graduate,Married,44,200000,26814,367,0,0,561,3854,368,0,0,561,3878,-1,0,0,0,-24,0
Female,Graduate,Single,41,500000,10386,34000,28854,92952,50089,2165,28854,0,70000,32000,2165,5146,28854,22952,18089,0,0
Female,University,Married,35,260000,70098,70972,77604,82681,81244,83268,2598,7835,6386,0,3795,68374,69769,76295,81244,79473,0
Female,University,Married,38,270000,60654,59464,54715,51796,53256,59733,3000,3019,5000,5000,10000,56464,51696,46796,48256,49733,0
Male,University,Single,29,150000,15453,18925,23590,27810,38000,0,4000,5003,5000,10190,0,14925,18587,22810,27810,0,0
Female,High School,Other,42,30000,27669,26955,27425,28179,28545,27942,0,1200,1500,1100,0,26955,26225,26679,27445,27942,0
Female,Graduate,Single,46,290000,289002,1332,21429,2228,156721,157203,1343,21542,2239,156733,7219,-11,-113,-11,-12,149984,0
Male,University,Single,30,200000,326,326,326,326,326,802,326,326,326,326,802,0,0,0,0,0,0
Female,Graduate,Single,35,210000,552,-18,-18,-18,-18,-18,0,0,0,0,0,-18,-18,-18,-18,-18,0
Female,University,Married,49,100000,0,0,0,0,0,0,0,0,0,0,0,0,0,0,0,0,0
Female,University,Married,45,50000,45390,46210,46549,20084,20264,19064,2321,1660,3000,1004,1003,43889,44889,17084,19260,18061,0
Female,High School,Single,56,210000,27316,15316,15316,15623,11090,15316,15316,15316,15623,11090,10000,0,0,0,0,5316,0
Male,University,Married,44,240000,-9095,-30000,-10608,2657,4245,3392,10000,13000,13265,3392,1000,-40000,-23608,-10608,853,2392,0
Female,University,Single,25,140000,33740,34154,21945,23581,23066,23531,1363,1952,2000,0,1000,32791,19993,21581,23066,22531,0
Male,University,Married,49,50000,35623,12601,10527,10679,10734,11550,1168,1500,1000,1000,1000,11433,9027,9679,9734,10550,0
Female,Graduate,Married,27,360000,0,0,0,0,0,0,0,0,0,0,0,0,0,0,0,0,1
Male,University,Married,47,180000,84973,89989,94895,98738,127382,155470,6000,6000,5000,30000,30000,83989,88895,93738,97382,125470,0
Male,University,Single,36,100000,110072,108478,105931,104554,102360,100413,0,0,1170,0,0,108478,105931,103384,102360,100413,0
Female,University,Married,29,90000,5618,6645,7635,8020,8403,9504,1125,1115,500,500,1252,5520,6520,7520,7903,8252,0
Female,Graduate,Married,37,90000,1243,0,2366,-1438,-1438,66129,0,2366,1068,0,67567,0,0,-2506,-1438,-1438,0
Male,University,Married,52,90000,90603,92152,86671,91280,85868,91047,3900,0,6800,0,6500,88252,86671,84480,85868,84547,0
Male,High School,Single,25,30000,780,0,390,749,390,0,0,390,749,390,0,0,0,0,0,0,1
Male,University,Single,29,300000,49833,49831,51818,50244,49484,53472,5000,5000,5000,5000,5000,44831,46818,45244,44484,48472,0
Male,High School,Married,36,20000,18839,19919,20042,20204,19662,14218,1690,1203,755,701,600,18229,18839,19449,18961,13618,0
Female,Graduate,Single,25,30000,8341,10039,11560,16611,18179,19712,2000,2000,5611,2000,2000,8039,9560,11000,16179,17712,1
Female,Graduate,Single,27,50000,12814,15588,17321,19026,20714,22210,3000,2000,2000,2000,2000,12588,15321,17026,18714,20210,0
Male,High School,Married,45,50000,1189,0,0,0,0,0,300,0,0,0,0,-300,0,0,0,0,0
Female,Graduate,Single,22,30000,8679,9570,11238,9453,9022,8237,1190,1858,800,0,0,8380,9380,8653,9022,8237,1
Female,Graduate,Single,28,60000,47262,46226,47557,48464,49532,50552,0,2100,2000,2000,2000,46226,45457,46464,47532,48552,0
Female,Graduate,Single,25,200000,0,0,0,0,0,476,0,0,0,0,476,0,0,0,0,0,1
Female,University,Married,39,450000,810,1810,0,0,0,0,1000,0,0,0,0,810,0,0,0,0,0
Female,University,Married,32,140000,129653,116582,112170,102931,100179,102417,5820,4920,3600,3700,3900,110762,107250,99331,96479,98517,0
Female,University,Married,47,120000,112448,115646,115767,38070,39306,39200,6500,4300,1175,1658,784,109146,111467,36895,37648,38416,0
Female,University,Single,45,270000,7088,8139,8966,8294,3902,468,1173,1000,8294,3902,468,6966,7966,0,0,0,0
Male,Graduate,Single,46,130000,110766,114977,120976,40177,41529,43734,6000,9000,2000,2000,3000,108977,111976,38177,39529,40734,1
Male,University,Married,27,50000,9837,3898,21682,20833,20289,19380,1010,21282,694,1000,700,2888,400,20139,19289,18680,0
Female,University,Married,52,220000,20208,5183,3627,2963,2256,-119,5209,3649,2977,2267,0,-26,-22,-14,-11,-119,0
Male,University,Married,26,50000,28440,23228,21482,18029,18705,18698,1436,1162,2184,871,500,21792,20320,15845,17834,18198,0
Male,University,Single,36,20000,19597,35869,9066,309,3019,16496,1503,2036,309,3100,16890,34366,7030,0,-81,-394,0
Male,High School,Married,54,110000,105449,107957,82407,70562,70982,71609,4500,3786,2666,2900,3100,103457,78621,67896,68082,68509,0
Female,Graduate,Single,36,70000,75021,71101,73831,46898,48686,47171,2893,4231,8000,2500,1675,68208,69600,38898,46186,45496,0
Female,High School,Married,38,380000,380781,389354,373512,304594,305275,303402,16750,14100,11000,11000,11100,372604,359412,293594,294275,292302,0
Male,Other,Single,26,160000,2810,16175,8632,25234,21234,567,16261,8641,20012,62,1,-86,-9,5222,21172,566,0
Male,High School,Other,35,70000,47702,48839,49636,50517,51658,52758,2200,1900,2000,2100,2100,46639,47736,48517,49558,50658,0
Female,University,Single,29,90000,18858,11056,3909,3506,4128,4254,11056,3916,3506,4128,4254,0,-7,0,0,0,0
Male,High School,Other,52,130000,106140,69025,58860,45207,41556,42455,3003,2000,2000,2000,1590,66022,56860,43207,39556,40865,1
Female,Graduate,Single,26,240000,-11,3919,-23,-23,7859,-2,3930,0,0,7882,0,-11,-23,-23,-23,-2,0
Male,High School,Married,32,120000,67502,68842,69825,70891,72213,73786,3000,2700,2800,2600,2900,65842,67125,68091,69613,70886,0
Female,Graduate,Married,44,240000,188307,179988,184976,188934,196884,199267,6600,8000,7000,11000,7181,173388,176976,181934,185884,192086,0
Male,Graduate,Single,45,300000,62296,64460,56439,53637,55981,58270,3000,3000,3000,3000,3000,61460,53439,50637,52981,55270,0
Female,University,Married,40,100000,26702,26616,26704,27640,30035,33697,2008,2000,2000,3000,5000,24608,24704,25640,27035,28697,0
Female,Graduate,Single,25,200000,6096,2886,8264,7776,2814,2610,2886,9288,0,2814,2610,0,-1024,7776,0,0,0
Male,University,Married,39,50000,39323,45625,38157,15966,15733,17703,7031,2013,3005,2007,5007,38594,36144,12961,13726,12696,0
Female,Graduate,Married,40,100000,-166,-482,-1114,880,414,1098,0,0,1994,0,1000,-482,-1114,-1114,414,98,0
Male,Graduate,Single,39,500000,83528,-24702,23804,92715,6655,3966,472,113935,108041,33,3984,-25174,-90131,-15326,6622,-18,0
Male,Other,Single,50,20000,19062,19242,14725,780,0,0,1333,1000,780,0,0,17909,13725,0,0,0,0
Female,Graduate,Single,39,280000,1726,325,2001,1364,1313,1242,350,2001,1400,1320,1300,-25,0,-36,-7,-58,0
Female,Graduate,Single,23,160000,151246,155926,113767,50531,-10,-5,10517,20258,20157,0,0,145409,93509,30374,-10,-5,0
Male,University,Single,21,30000,26587,25917,17072,15994,12017,5614,1385,1270,367,336,112,24532,15802,15627,11681,5502,0
Male,Graduate,Other,45,50000,20408,16422,14388,18804,23460,27870,6000,5000,5000,5000,5000,10422,9388,13804,18460,22870,0
Male,Graduate,Single,24,20000,3808,4470,8176,7909,2948,1220,4515,8186,7913,3049,1624,-45,-10,-4,-101,-404,0
Male,Graduate,Single,32,140000,50890,59395,73225,56999,61050,67086,9395,15000,0,5000,7086,50000,58225,56999,56050,60000,0
Male,High School,Single,27,130000,89956,61868,63766,65839,67908,63530,2317,3000,3000,3000,5000,59551,60766,62839,64908,58530,0
Female,University,Single,23,100000,13530,14564,15561,18306,20594,26368,1258,1255,3000,3000,7000,13306,14306,15306,17594,19368,0
Male,University,Single,25,100000,86098,85014,86735,87321,82289,83850,3200,3155,3504,3001,3301,81814,83580,83817,79288,80549,0
Male,University,Single,26,50000,32976,34154,33311,35246,34548,36910,2000,0,2800,0,3100,32154,33311,32446,34548,33810,1
Male,Graduate,Single,31,360000,0,0,1650,0,0,1650,0,1650,0,0,1650,0,0,0,0,0,0
Male,High School,Other,42,10000,5674,5440,7968,8829,9685,9384,0,2800,1000,1000,0,5440,5168,7829,8685,9384,1
Male,High School,Married,65,50000,48341,47465,47942,48418,49530,28085,2068,1545,1171,1658,1321,45397,46397,47247,47872,26764,0
Male,University,Single,24,10000,223,3035,4810,7546,9260,10000,3000,2000,3000,2000,1000,35,2810,4546,7260,9000,0
Male,Graduate,Married,38,210000,-9,-9,1739,1739,475,475,0,1748,0,800,475,-9,-9,1739,-325,0,1
Male,University,Married,31,320000,6927,10063,1876,396,11256,546,10063,1876,396,11256,546,0,0,0,0,0,0
Female,University,Single,23,70000,39935,40973,41989,42823,43718,45203,1683,1699,1533,1585,2210,39290,40290,41290,42133,42993,0
Female,University,Single,24,160000,52373,51839,39847,39114,39935,41269,1676,1940,1400,1451,2000,50163,37907,37714,38484,39269,1
Male,University,Married,36,180000,4524,6435,6894,8292,21866,0,2000,1200,2000,21866,0,4435,5694,6292,0,0,1
Female,University,Married,27,70000,71570,68138,67682,50256,43353,44219,0,2705,2115,1583,1597,68138,64977,48141,41770,42622,1
Female,University,Single,30,280000,1373,207,3516,2769,0,0,207,3516,0,0,0,0,0,2769,0,0,0
Male,Graduate,Single,29,40000,0,0,0,0,0,0,0,0,0,0,0,0,0,0,0,0,0
Female,High School,Single,51,50000,33384,34554,35690,34817,36252,37645,2000,2000,0,2000,2000,32554,33690,34817,34252,35645,0
Female,Other,Married,25,80000,75296,74792,75825,77454,78862,73442,4000,3400,4000,3349,2784,70792,72425,73454,75513,70658,0
Male,High School,Single,42,30000,32755,31973,30937,29999,29214,29846,0,0,6,1054,1111,31973,30937,29993,28160,28735,1
Female,University,Married,24,20000,750,0,0,0,0,0,165,0,0,528,0,-165,0,0,-528,0,0
Female,University,Single,42,130000,119378,121993,123503,124578,127434,130285,6000,5000,4600,5000,5100,115993,118503,119978,122434,125185,0
Male,University,Single,25,10000,1261,1261,390,390,390,0,1261,390,390,390,0,0,0,0,0,0,0
Female,Graduate,Single,25,70000,68839,64027,61580,29435,26341,26949,3213,1659,2000,1107,1200,60814,59921,27435,25234,25749,0
Male,Graduate,Single,34,280000,212093,220586,214180,226277,216716,232367,18685,15038,23084,11001,20000,201901,199142,203193,205715,212367,0
Male,Graduate,Married,34,300000,66176,68108,70306,99217,142188,145013,3000,3500,30049,50000,5200,65108,66806,69168,92188,139813,0
Female,University,Married,40,50000,47374,47517,42672,23665,20085,20263,2200,2500,5946,3000,7000,45317,40172,17719,17085,13263,1
Male,University,Married,29,230000,113736,99346,83649,46513,35306,36217,4028,3000,2000,2000,1500,95318,80649,44513,33306,34717,0
Female,University,Married,39,80000,63368,67331,75973,70283,73491,66976,5000,10000,2550,5100,0,62331,65973,67733,68391,66976,0
Male,Graduate,Single,38,50000,390,390,390,390,390,5010,390,390,390,390,5010,0,0,0,0,0,1
Female,University,Single,40,470000,277185,282983,290274,294508,300646,306652,10257,11982,10536,10879,10971,272726,278292,283972,289767,295681,0
Male,University,Single,39,210000,33459,35911,40288,42605,43870,13750,3000,5000,3000,2000,1000,32911,35288,39605,41870,12750,0
Female,Graduate,Single,32,200000,146,-3,670,0,0,868,0,673,0,0,868,-3,-3,0,0,0,0
Male,University,Married,46,50000,49566,49483,48495,28641,28846,29024,1968,1644,1013,1044,1045,47515,46851,27628,27802,27979,0
Female,University,Married,37,300000,51893,53056,54176,60363,59973,60399,2000,2000,7100,0,2000,51056,52176,53263,59973,58399,0
Female,Graduate,Married,33,500000,1110,1110,1416,1416,1416,1416,1110,1416,1416,1416,1416,0,0,0,0,0,0
Female,University,Married,36,150000,48020,50048,88831,1931,26265,0,8000,40146,1941,26396,0,42048,48685,-10,-131,0,0
Male,University,Single,25,50000,11391,8081,16297,1000,0,0,1286,10048,1003,0,0,6795,6249,-3,0,0,0
Male,Graduate,Married,37,270000,156346,159223,165480,76144,77944,76577,7000,9000,5000,3000,3000,152223,156480,71144,74944,73577,1
Female,University,Single,27,60000,49099,49817,50406,47771,48803,52190,1800,1710,0,1800,4200,48017,48696,47771,47003,47990,1
Female,High School,Single,31,200000,167358,175635,174261,179026,181658,185523,11000,3000,7001,5000,6200,164635,171261,172025,176658,179323,0
Female,University,Single,23,50000,32822,20669,4510,2893,2000,2800,1150,1000,300,400,800,19519,3510,2593,1600,2000,0
Female,Graduate,Single,31,140000,15953,24916,12174,3961,3070,2306,25148,12174,3961,3070,2306,-232,0,0,0,0,1
Female,University,Single,25,120000,5259,4290,5192,380,441,425,1290,1261,300,441,425,3000,3931,80,0,0,0
Male,University,Married,29,20000,14275,15335,16223,15594,15920,15338,1297,1185,492,510,557,14038,15038,15102,15410,14781,0
Female,Graduate,Single,30,210000,23375,21829,11057,26520,27894,18772,20000,12000,27000,30000,10000,1829,-943,-480,-2106,8772,0
Female,High School,Single,27,70000,57879,54856,55972,56543,60179,59058,2600,2618,2100,4550,0,52256,53354,54443,55629,59058,0
Male,University,Single,37,230000,0,0,0,0,0,0,0,0,0,0,0,0,0,0,0,0,1
Female,University,Married,33,270000,2323,5430,1152,56891,4866,9334,5434,1152,56891,4866,9533,-4,0,0,0,-199,0
Male,Graduate,Single,56,20000,0,0,17901,18217,20269,11180,0,17901,519,2210,0,0,0,17698,18059,11180,0
Female,Graduate,Single,30,120000,326,326,326,326,326,326,326,326,326,326,326,0,0,0,0,0,0
Female,Graduate,Single,24,140000,4679,3146,0,2000,4716,7485,1000,0,2000,4716,7485,2146,0,0,0,0,0
Female,University,Single,33,180000,153833,153648,145440,140057,132260,110427,7107,5002,4470,4620,4346,146541,140438,135587,127640,106081,0
Male,Graduate,Married,36,190000,1779,1288,1655,1213,344,221,1288,1655,1213,344,221,0,0,0,0,0,0
Female,University,Single,29,100000,80234,80369,83130,83961,85574,84039,2000,5001,3100,3100,0,78369,78129,80861,82474,84039,0
Female,Graduate,Single,26,50000,42207,42226,38859,39475,40187,40992,2200,1962,1562,1500,1474,40026,36897,37913,38687,39518,0
Male,High School,Married,44,150000,146277,127679,73323,74783,76360,77868,3952,2614,2631,2735,2740,123727,70709,72152,73625,75128,0
Female,University,Married,38,250000,255571,250002,253610,234205,238892,252563,10605,9327,8362,9000,18244,239397,244283,225843,229892,234319,0
Female,Graduate,Married,24,220000,184761,178939,183158,183890,179764,181627,0,10000,6300,0,6118,178939,173158,177590,179764,175509,1
Male,High School,Single,28,200000,54663,46147,44095,25454,17651,18994,11000,3000,3000,2000,3000,35147,41095,22454,15651,15994,0
Female,University,Married,44,250000,47463,41059,35722,29492,23522,16815,3000,4000,3000,3000,2000,38059,31722,26492,20522,14815,0
Female,Graduate,Single,32,280000,202506,197855,239059,282518,248238,210267,10547,80004,68410,7767,6308,187308,159055,214108,240471,203959,0
Male,High School,Married,64,30000,13594,14078,14547,15304,16056,20196,1000,1000,1000,1000,4600,13078,13547,14304,15056,15596,1
Female,University,Single,29,80000,89061,31367,34848,69990,36711,38103,4000,4000,2000,4000,2000,27367,30848,67990,32711,36103,0
Female,University,Single,31,380000,381530,385605,257188,145505,142529,229320,32640,18077,12005,10028,28888,352965,239111,133500,132501,200432,0
Female,University,Married,32,350000,19637,239770,8111,198877,191248,183157,242247,8111,198748,7000,6509,-2477,0,129,184248,176648,0
Male,Graduate,Single,48,160000,23037,22260,0,0,0,0,0,0,0,0,0,22260,0,0,0,0,1
Male,High School,Married,45,70000,67505,61595,46920,47184,48058,48888,2600,2056,1700,2000,2000,58995,44864,45484,46058,46888,1
Male,Graduate,Married,33,150000,0,0,0,0,0,0,0,0,0,0,0,0,0,0,0,0,0
Female,Graduate,Married,39,160000,43583,50028,48928,49812,50855,52354,7500,0,2000,2000,2500,42528,48928,47812,48855,49854,0
Male,University,Single,27,40000,26663,31589,31772,32146,33128,33923,5700,1000,1200,1500,1500,25889,30772,30946,31628,32423,1
Female,University,Single,30,350000,245211,255975,269446,219615,217851,222158,15000,20000,0,10000,8352,240975,249446,219615,207851,213806,0
Male,High School,Single,27,50000,50577,46529,46791,47922,49482,0,2138,1400,3000,5000,0,44391,45391,44922,44482,0,1
Female,Graduate,Married,38,220000,4438,7211,9948,10528,12412,13745,3000,3000,1000,2000,1500,4211,6948,9528,10412,12245,0
Female,Graduate,Married,26,200000,6666,6666,6666,6666,11862,12501,6666,6666,6666,11862,7501,0,0,0,0,5000,0
Male,Graduate,Married,41,390000,7445,14439,7391,948,4592,2777,10038,1036,952,4601,13,4401,6355,-4,-9,2764,0
Male,Graduate,Single,32,330000,28106,1323,-363,137,4094,607,2701,363,513,4107,607,-1378,-726,-376,-13,0,0
Male,Graduate,Married,60,100000,101761,101801,101863,101729,98103,99521,3856,3919,3986,3865,3760,97945,97944,97743,94238,95761,1
Female,University,Married,58,70000,138681,70341,23755,23835,25221,25780,3500,1508,588,1500,700,66841,22247,23247,23721,25080,0
Female,Graduate,Married,41,240000,126395,129371,132218,136003,139798,142574,5000,5000,6000,6000,5098,124371,127218,130003,133798,137476,0
Male,University,Single,23,30000,27275,26948,28183,25484,27062,28703,2000,2000,1400,2000,2100,24948,26183,24084,25062,26603,0
Female,University,Married,43,30000,15246,17838,17272,18131,17711,19007,3141,0,1434,0,1581,14697,17272,16697,17711,17426,1
Male,University,Single,29,160000,163982,161499,154469,121367,119910,117993,6150,5540,4205,4300,4500,155349,148929,117162,115610,113493,0
Female,University,Married,40,120000,22462,15692,19312,13262,16923,16903,5000,10000,5000,7000,5000,10692,9312,8262,9923,11903,0
Female,University,Married,55,10000,5358,6339,6111,7031,6780,7676,1200,0,1000,0,1000,5139,6111,6031,6780,6676,1
Male,Graduate,Single,33,470000,72083,68136,69036,71466,67538,70400,5031,5500,5000,5000,4000,63105,63536,66466,62538,66400,0
Female,University,Single,26,200000,3374,4053,2337,1904,548,1403,4053,0,1904,0,1403,0,2337,0,548,0,1
Male,Other,Single,22,50000,6514,7513,9981,10442,10496,10933,1500,3000,1000,600,1000,6013,6981,9442,9896,9933,0
Female,Graduate,Single,29,90000,0,194,0,0,0,0,194,0,0,0,0,0,0,0,0,0,0
Female,Graduate,Married,35,220000,288,392,-4,392,396,396,500,0,792,400,396,-108,-4,-400,-4,0,0
Female,University,Single,23,40000,652,326,326,26370,24572,24918,0,326,26370,886,1075,326,0,0,23686,23843,1
Male,High School,Married,50,200000,177088,172365,175766,171377,163943,162195,0,6998,4558,5921,4526,172365,168768,166819,158022,157669,1
Male,University,Married,43,120000,33131,33121,32222,32877,30587,25938,2000,1500,1000,1000,2000,31121,30722,31877,29587,23938,0
Male,Graduate,Married,43,210000,880,724,844,-36,-916,1030,724,1000,0,0,3000,0,-156,-36,-916,-1970,1
Female,University,Single,22,30000,31176,30408,29205,29090,30121,28013,0,0,1013,2400,0,30408,29205,28077,27721,28013,0
Male,University,Married,54,110000,56839,58039,58792,59620,60819,62069,2700,2300,2400,2300,2400,55339,56492,57220,58519,59669,1
Male,University,Married,35,280000,278948,278433,277620,275495,270350,260554,10609,10470,10002,9948,9475,267824,267150,265493,260402,251079,0
Female,Graduate,Married,31,150000,0,0,0,0,0,0,0,0,0,0,0,0,0,0,0,0,0
Male,High School,Single,49,20000,15237,16030,17948,18647,19193,19721,1600,2500,1000,846,1000,14430,15448,17647,18347,18721,0
Male,University,Single,25,80000,29820,24513,19664,19258,20842,16386,2306,2000,1000,2000,1500,22207,17664,18258,18842,14886,0
Male,University,Married,43,50000,30106,30566,30699,30038,29224,29346,1878,1641,1000,934,1109,28688,29058,29038,28290,28237,1
Male,Graduate,Single,36,170000,92480,94089,97286,97196,97227,101272,4000,5000,3000,4000,8000,90089,92286,94196,93227,93272,0
Male,Graduate,Married,45,200000,0,479,0,0,0,0,479,0,0,0,0,0,0,0,0,0,1
Male,Graduate,Single,38,300000,390,390,390,374,284,1064,390,390,374,300,1170,0,0,0,-16,-106,0
Male,University,Married,46,100000,17497,18219,17629,18036,18446,18840,1300,0,700,700,700,16919,17629,17336,17746,18140,1
Male,Graduate,Single,28,80000,5431,1961,1646,3266,380,1951,0,1700,2000,380,1951,1961,-54,1266,0,0,0
Male,Graduate,Married,32,30000,28401,31065,30031,29838,29651,1567,3434,0,597,593,31,27631,30031,29241,29058,1536,1
Female,Graduate,Married,35,80000,27560,22441,19960,6199,5623,6880,1701,2000,2000,1000,2000,20740,17960,4199,4623,4880,0
Male,Graduate,Single,30,60000,264,264,264,264,264,264,264,264,264,264,264,0,0,0,0,0,1
Female,University,Single,24,110000,94597,96263,61195,28154,24773,21620,4260,2310,1010,980,900,92003,58885,27144,23793,20720,0
Female,University,Married,46,10000,9841,9628,4060,4530,2140,1875,121,4060,4530,2140,1875,9507,0,0,0,0,1
Female,High School,Single,32,290000,21981,24610,27009,26671,24826,22287,3000,3000,3000,3000,3000,21610,24009,23671,21826,19287,0
Male,Graduate,Single,26,30000,27172,27000,780,0,30525,0,1000,780,0,30525,0,26000,0,0,0,0,0
Male,University,Single,45,60000,59475,60423,59674,29411,27730,26638,2500,1509,1000,1000,2000,57923,58165,28411,26730,24638,0
Male,High School,Married,49,150000,4029,4048,2842,3910,4697,1719,4054,2866,4082,4697,1735,-6,-24,-172,0,-16,0
Female,High School,Married,40,750000,16372,15344,3329,38488,9777,66692,15420,3691,38679,9825,67024,-76,-362,-191,-48,-332,0
Male,University,Married,29,30000,10721,25066,13817,14983,15525,0,2000,1500,1400,1000,0,23066,12317,13583,14525,0,0
Female,University,Single,51,160000,6136,5932,4353,3746,5487,2702,5932,4353,3835,6934,3370,0,0,-89,-1447,-668,0
Female,University,Married,31,50000,50628,48748,46368,2443,6251,357,2350,3000,1000,6000,400,46398,43368,1443,251,-43,1
Female,Graduate,Single,42,50000,1310,37073,7700,42038,42610,42096,37073,7700,42038,42096,587,0,0,0,514,41509,0
Male,University,Single,30,160000,75406,76907,78047,79362,81089,82796,3300,3000,3200,3152,3200,73607,75047,76162,77937,79596,0
Female,Graduate,Single,23,150000,151669,152794,147323,112904,77642,78542,5900,5598,4440,2800,3000,146894,141725,108464,74842,75542,0
Female,University,Married,42,30000,27276,30470,27699,28257,30695,30059,3671,1500,1018,2900,0,26799,26199,27239,27795,30059,0
Male,Graduate,Married,35,350000,19734,5338,3042,2418,2233,7176,3000,0,2500,0,5000,2338,3042,-82,2233,2176,0
Female,Graduate,Single,24,20000,18821,18714,18942,20179,20204,20239,2000,1300,1500,2500,1000,16714,17642,18679,17704,19239,0
Male,University,Single,39,50000,47206,8464,9799,10054,9736,9955,1500,1500,400,344,371,6964,8299,9654,9392,9584,0
Male,High School,Married,27,180000,12303,11757,11695,5891,753,21753,2000,1700,300,0,21000,9757,9995,5591,753,753,1
Male,High School,Single,23,30000,29144,30419,30097,25887,25707,0,2033,1420,0,92,0,28386,28677,25887,25615,0,1
Male,University,Married,52,100000,55120,56636,58215,16809,24482,21849,2403,2875,1010,10844,1074,54233,55340,15799,13638,20775,0
Male,University,Single,24,20000,11893,12906,12902,12398,13297,12934,1500,500,0,1100,0,11406,12402,12398,12197,12934,0
Male,Graduate,Single,29,80000,73722,75323,64277,45455,42231,42804,3300,2500,1556,1600,1600,72023,61777,43899,40631,41204,0
Male,University,Married,43,150000,89488,89951,86961,79284,74531,78359,5016,5050,3026,5000,5012,84935,81911,76258,69531,73347,0
Female,Graduate,Single,30,230000,754,-441,4410,0,711,5650,0,4851,0,711,5650,-441,-441,0,0,0,0
Male,Graduate,Married,25,50000,5472,5891,6595,8400,4041,4815,1500,1000,2000,1000,1000,4391,5595,6400,3041,3815,0
Female,Graduate,Single,39,210000,3962,1772,3608,1918,1429,2381,1777,3613,5,1433,2387,-5,-5,1913,-4,-6,0
Male,University,Other,41,50000,52260,40893,81308,41463,40045,40845,1679,1640,1449,1454,1466,39214,79668,40014,38591,39379,0
Female,University,Married,37,240000,1854,1346,3195,1932,7363,1546,1346,3195,0,7383,1546,0,0,1932,-20,0,0
Female,High School,Single,40,500000,264961,237006,139311,128095,181304,219929,20078,30141,30000,60000,50000,216928,109170,98095,121304,169929,0
Male,University,Single,28,210000,5373,6200,0,0,0,0,1000,0,0,0,0,5200,0,0,0,0,0
Female,University,Married,40,160000,0,0,0,0,0,0,0,0,0,0,0,0,0,0,0,0,0
Female,Graduate,Single,48,250000,0,0,0,0,0,0,0,0,0,0,0,0,0,0,0,0,1
Female,Graduate,Single,46,500000,20614,18050,15341,15985,1147,5492,5001,3007,8000,1147,5492,13049,12334,7985,0,0,0
Male,University,Married,35,100000,59121,57604,62635,64994,63827,67839,0,6000,4000,0,5100,57604,56635,60994,63827,62739,1
Female,University,Single,26,20000,16385,17518,19302,18818,19052,9097,1700,2484,1000,475,363,15818,16818,17818,18577,8734,0
Female,University,Married,30,30000,14451,15525,0,0,0,0,1525,0,0,0,0,14000,0,0,0,0,0
Female,Graduate,Single,27,50000,13301,1400,780,390,42958,44849,1400,780,390,42958,3500,0,0,0,0,41349,0
Male,University,Single,27,160000,109405,118110,119697,116284,119248,122228,12000,5000,0,5000,4958,106110,114697,116284,114248,117270,0
Male,High School,Single,28,50000,-9802,99,103,249,386,11504,10000,103,245,386,11504,-9901,0,4,0,0,0
Female,High School,Married,25,90000,3363,174,1473,390,390,780,174,1473,780,0,780,0,0,-390,390,0,1
Male,University,Single,28,20000,11449,12811,11779,12379,12879,14879,1582,1400,1000,500,2000,11229,10379,11379,12379,12879,0
Male,Graduate,Married,44,50000,35145,36275,37150,0,0,0,2000,1871,0,0,0,34275,35279,0,0,0,0
Female,High School,Single,39,230000,11391,10923,13554,12134,0,0,0,3200,0,0,0,10923,10354,12134,0,0,0
Male,University,Single,31,150000,76113,77728,75888,77017,77706,79274,3400,0,2960,3100,3000,74328,75888,74057,74606,76274,0
Male,Graduate,Single,45,50000,48719,49966,32538,20270,19992,20054,2212,2503,693,1000,1000,47754,30035,19577,18992,19054,0
Female,Graduate,Single,36,280000,27290,0,720,0,0,0,0,720,0,0,0,0,0,0,0,0,0
Female,Graduate,Married,37,500000,315816,267100,277636,287998,298343,308378,10000,15000,15000,15000,15000,257100,262636,272998,283343,293378,0
Female,University,Married,47,90000,1887,43542,12148,880,10880,880,43542,12148,880,10880,880,0,0,0,0,0,0
Male,Graduate,Single,29,360000,64606,44466,40165,20733,12525,7482,5135,20856,103,12587,7518,39331,19309,20630,-62,-36,0
Male,University,Single,50,140000,98668,88727,27203,27209,-20006,-30177,4410,1804,14000,10968,0,84317,25399,13209,-30974,-30177,0
Male,Graduate,Single,44,140000,5287,5717,7146,5930,5280,5930,5717,7146,5930,5280,5930,0,0,0,0,0,0
Female,Graduate,Single,44,230000,0,0,0,0,0,0,0,0,0,0,0,0,0,0,0,0,1
Female,University,Single,25,50000,39033,37002,21933,16137,16030,15373,6455,0,1500,3000,5000,30547,21933,14637,13030,10373,0
Female,University,Married,50,130000,1504,1027,2172,836,836,0,1027,2172,836,836,0,0,0,0,0,0,0
Female,Graduate,Single,44,330000,243621,259517,253863,257535,262753,268145,21400,0,9400,9542,9766,238117,253863,248135,253211,258379,1
Male,Graduate,Single,30,210000,4830,0,1000,15385,20302,25112,0,1000,15385,5302,5112,0,0,0,15000,20000,0
Female,Graduate,Married,27,10000,4920,5937,6945,7088,8108,8264,1256,1264,407,1291,435,4681,5681,6681,6817,7829,0
Female,University,Married,54,50000,49320,49724,50218,18983,17435,17057,1925,2152,800,610,620,47799,48066,18183,16825,16437,0
Female,Graduate,Married,46,100000,39245,41602,47885,46817,48400,51588,3000,7000,0,2500,4000,38602,40885,46817,45900,47588,0
Female,High School,Married,26,70000,65763,38209,27874,28439,26590,29043,3000,2000,955,3000,3000,35209,25874,27484,23590,26043,0
Female,University,Married,45,50000,40650,42718,45047,45632,46535,47351,2850,3160,1740,1748,1650,39868,41887,43892,44787,45701,0
Female,Graduate,Married,28,170000,20302,14653,7234,9908,3205,60,3000,1000,5000,3205,60,11653,6234,4908,0,0,0
Female,University,Married,50,100000,44078,45077,47837,48678,48420,48888,2000,3841,1900,1900,1800,43077,43996,46778,46520,47088,1
Male,Graduate,Married,36,80000,60110,51784,50071,47099,41063,6408,2186,1491,1099,1243,6408,49598,48580,46000,39820,0,0
Male,High School,Single,27,150000,77298,69832,66692,67518,64210,60747,3029,4000,2258,2500,2500,66803,62692,65260,61710,58247,0
Female,High School,Single,23,50000,26956,27596,28192,28356,28554,28718,1462,1448,1002,1032,1024,26134,26744,27354,27522,27694,0
Male,University,Married,34,80000,0,0,862,41300,0,0,0,862,41300,0,0,0,0,0,0,0,0
Female,Graduate,Single,24,120000,78304,79348,81881,82628,84404,86096,2900,3850,3000,3100,3088,76448,78031,79628,81304,83008,0
Male,High School,Married,47,470000,163529,129341,106390,82181,79402,72121,4700,30002,20000,40000,35000,124641,76388,62181,39402,37121,0
Female,High School,Married,52,80000,18100,6826,7582,8082,8082,8082,1244,1000,500,0,0,5582,6582,7582,8082,8082,0
Male,Graduate,Single,30,60000,46307,51232,50109,50979,52998,54264,6000,0,2000,3000,2300,45232,50109,48979,49998,51964,0
Male,University,Single,42,80000,75264,75919,78078,28868,29174,29444,3200,4613,1100,1500,1500,72719,73465,27768,27674,27944,0
Male,University,Married,57,50000,25551,22957,18027,13836,14966,13220,2733,759,500,6326,3259,20224,17268,13336,8640,9961,1
Male,Graduate,Married,43,500000,403800,404640,412082,417759,428608,421871,17000,16500,15000,19000,18032,387640,395582,402759,409608,403839,1
Male,University,Single,26,110000,49732,46766,41796,44251,42921,37748,2300,2000,3000,3000,2000,44466,39796,41251,39921,35748,0
Female,University,Married,44,80000,40769,41150,0,0,0,0,2150,0,0,0,0,39000,0,0,0,0,0
Male,University,Single,27,50000,48655,45570,44015,36724,45751,46497,460,5021,0,10000,2005,45110,38994,36724,35751,44492,1
Female,Graduate,Married,44,400000,278863,275153,269528,269278,269278,1976,0,0,150,0,3355,275153,269528,269128,269278,-1379,1
Female,Graduate,Single,29,90000,90749,90595,89059,88822,90978,89363,3481,5167,3300,3615,3217,87114,83892,85522,87363,86146,0
Female,Other,Married,53,150000,135903,137719,144913,135063,134417,134490,7474,14004,4876,4750,5090,130245,130909,130187,129667,129400,0
Female,Graduate,Married,35,360000,10621,0,0,0,150,137,0,0,0,150,137,0,0,0,0,0,0
Male,High School,Married,29,170000,165027,168990,172307,35234,32869,33862,7200,7500,1200,1200,1500,161790,164807,34034,31669,32362,0
Male,High School,Single,37,110000,103356,85352,55489,49958,50524,50361,2700,1827,5400,1473,2100,82652,53662,44558,49051,48261,1
Female,Graduate,Single,29,220000,224852,224416,173565,176156,175745,160362,10235,8000,7000,7000,7000,214181,165565,169156,168745,153362,0
Female,University,Married,36,200000,198807,200616,202228,198794,203070,161002,10700,8000,7500,8200,10000,189916,194228,191294,194870,151002,0
Female,Graduate,Single,47,500000,0,3270,30760,143791,-200,-200,3270,30760,143791,0,0,0,0,0,-200,-200,0
Male,Graduate,Married,48,340000,321046,329563,335012,197797,201935,140812,13690,12693,6100,6300,5100,315873,322319,191697,195635,135712,0
Female,University,Single,32,180000,0,0,0,0,0,0,0,0,0,0,0,0,0,0,0,0,0
Male,Graduate,Single,44,490000,2920,4040,3649,8343,6641,5779,4060,3659,8357,6660,5796,-20,-10,-14,-19,-17,0
Female,University,Single,26,60000,56146,56929,55009,30181,41528,21069,2314,1459,914,1900,800,54615,53550,29267,39628,20269,0
Male,Graduate,Single,30,250000,2729,2538,6244,1297,1763,1907,2543,6247,1300,1766,1912,-5,-3,-3,-3,-5,0
Female,University,Single,30,20000,15997,17336,18345,18643,19094,19224,1600,1602,900,900,636,15736,16743,17743,18194,18588,1
Male,High School,Married,39,170000,171062,166870,165156,161137,164501,166064,0,13000,0,6000,12400,166870,152156,161137,158501,153664,0
Female,High School,Single,37,160000,16626,16075,17490,20724,23952,23859,0,2000,3539,3566,446,16075,15490,17185,20386,23413,1
Female,Graduate,Single,25,80000,1672,0,0,0,0,0,0,0,0,0,0,0,0,0,0,0,0
Female,Graduate,Married,36,380000,8183,10554,5453,739,-8632,-11922,10617,5478,784,14,380,-63,-25,-45,-8646,-12302,0
Female,High School,Married,33,70000,71230,65305,50178,29969,30081,29380,2500,3108,2000,1048,1095,62805,47070,27969,29033,28285,1
Male,Graduate,Single,29,80000,78038,79183,81356,63039,64371,65650,3000,3500,3500,2500,2351,76183,77856,59539,61871,63299,0
Male,University,Married,58,380000,369699,331755,303016,290019,294689,301491,12172,11095,11007,11000,12006,319583,291921,279012,283689,289485,0
Female,Graduate,Single,24,230000,14979,2480,1434,1420,9225,19013,2480,1434,1420,9225,10000,0,0,0,0,9013,0
Male,University,Single,28,130000,134505,135624,129959,93360,90040,89873,6200,0,3500,3238,3216,129424,129959,89860,86802,86657,1
Female,Graduate,Married,35,160000,2851,0,0,0,0,0,0,0,0,0,0,0,0,0,0,0,0
Female,High School,Married,42,50000,44332,25913,19057,18788,18108,15256,8802,1500,2000,1000,2000,17111,17557,16788,17108,13256,0
Male,Graduate,Married,45,180000,106462,113728,98314,94552,92422,63022,10000,0,10000,3000,5000,103728,98314,84552,89422,58022,0
Female,University,Single,31,220000,75451,78094,80680,81944,83963,85930,4000,4000,3000,3000,3000,74094,76680,78944,80963,82930,0
Female,High School,Married,41,200000,0,340,0,148,148,198,340,0,148,0,198,0,0,0,148,0,1
Male,High School,Married,41,520000,435924,366194,330211,251920,256512,262474,0,12620,8758,9047,9959,366194,317591,243162,247465,252515,1
Male,University,Single,46,30000,12485,13119,13716,13598,16256,16442,1221,1208,480,3650,600,11898,12508,13118,12606,15842,1
Female,University,Other,41,150000,0,0,0,3355,962,821,0,0,4026,962,821,0,0,-671,0,0,0
Female,University,Married,32,210000,733,737,737,407,737,407,737,737,407,737,407,0,0,0,0,0,0
Female,University,Single,36,50000,42380,40288,32631,29968,29092,29977,1901,1744,1027,1033,1345,38387,30887,28941,28059,28632,1
Female,University,Married,37,20000,17843,18833,17830,18184,18565,19076,1280,1276,630,653,798,17553,16554,17554,17912,18278,0
Male,Graduate,Married,44,290000,19213,33274,17495,1528,4176,189,33548,17732,1862,4188,189,-274,-237,-334,-12,0,0
Female,University,Single,32,50000,30382,45888,48599,-250,12122,3685,54608,7060,112,32132,11304,-8720,41539,-362,-20010,-7619,0
Female,High School,Married,42,130000,127524,127839,128380,97713,96245,95779,5051,5101,3600,3501,3800,122788,123279,94113,92744,91979,0
Male,University,Single,24,60000,54809,-827,1188,792,0,27248,0,2188,0,0,27248,-827,-1000,792,0,0,0
Male,Graduate,Single,25,20000,11394,14367,13844,14614,14733,14823,3600,0,1300,500,505,10767,13844,13314,14233,14318,0
Female,University,Single,35,160000,124459,130916,132179,135030,135656,135448,10000,5000,4854,10000,6000,120916,127179,130176,125656,129448,0
Female,High School,Married,39,250000,5086,14180,49453,10989,2975,4099,14180,49453,0,2975,4099,0,0,10989,0,0,0
Male,High School,Married,38,80000,19277,20060,20977,20695,18587,20767,1400,1306,1019,685,2500,18660,19671,19676,17902,18267,0
Female,University,Married,33,60000,54660,49907,44057,27510,28086,29119,1879,1500,1000,1019,1500,48028,42557,26510,27067,27619,0
Male,University,Single,30,80000,13793,67840,61546,55294,40868,33420,63023,3010,3053,2013,2015,4817,58536,52241,38855,31405,1
Male,University,Single,25,60000,60323,60729,56473,28603,22191,20750,2000,0,1135,1822,1500,58729,56473,27468,20369,19250,0
Male,Graduate,Married,38,410000,10867,2719,0,11900,478,387,2719,0,11900,478,387,0,0,0,0,0,0
Female,Graduate,Single,34,240000,14038,25558,26526,28082,29695,31223,12000,1500,1800,1860,1800,13558,25026,26282,27835,29423,0
Male,High School,Single,46,30000,13784,13277,13984,14350,14650,15156,0,1234,600,532,750,13277,12750,13750,14118,14406,1
Female,University,Single,31,200000,8350,4750,5134,245,56,167,2001,1001,501,201,501,2749,4133,-256,-145,-334,0
Female,University,Married,46,180000,35916,30711,27555,26574,23123,30680,1711,1300,7504,1123,13000,29000,26255,19070,22000,17680,0
Male,University,Single,32,100000,88550,91724,94799,97861,104634,92537,5000,5000,5000,9000,10000,86724,89799,92861,95634,82537,0
Female,Other,Single,42,50000,50806,48798,29003,28911,28601,29215,1545,1454,1019,1039,1091,47253,27549,27892,27562,28124,1
Female,High School,Single,45,60000,1876,1876,1876,1876,1876,1876,1876,1876,1876,1876,1876,0,0,0,0,0,1
Female,Graduate,Single,26,50000,5800,8189,7909,9767,9466,11300,2500,0,2000,0,2000,5689,7909,7767,9466,9300,1
Female,Graduate,Married,34,240000,597,6449,626,626,626,626,6507,626,626,626,626,-58,0,0,0,0,0
Female,Graduate,Single,29,220000,47944,44914,46446,37604,15540,20330,5000,5008,7000,4000,5000,39914,41438,30604,11540,15330,0
Male,High School,Single,42,40000,1978,1415,1748,832,416,1851,3,1749,0,0,1851,1412,-1,832,416,0,0
Female,Graduate,Single,23,80000,71487,55641,24987,-600,-600,-600,2157,1500,0,0,0,53484,23487,-600,-600,-600,0
Male,University,Single,52,320000,1122,5000,396,1176,396,396,5000,792,1176,396,396,0,-396,0,0,0,0
Male,University,Married,43,420000,44670,60376,30099,66049,61043,62054,30253,20016,40015,30004,3000,30123,10083,26034,31039,59054,0
Male,University,Married,48,500000,28352,35294,74846,37985,33050,22185,35465,75212,38169,33209,22289,-171,-366,-184,-159,-104,0
Female,University,Single,24,290000,145341,136849,122627,115857,101472,98069,7000,6000,5024,5000,5000,129849,116627,110833,96472,93069,0
Male,Graduate,Married,45,190000,181814,172493,166982,155621,142439,133742,7035,6000,6000,10000,5000,165458,160982,149621,132439,128742,0
Male,Graduate,Single,33,100000,101329,103532,100485,101552,100752,100652,3900,6000,3900,4100,17000,99632,94485,97652,96652,83652,1
Female,University,Single,26,230000,0,0,0,0,0,0,0,0,0,0,0,0,0,0,0,0,0
Male,University,Married,36,50000,19606,19017,18409,18823,20379,18720,0,0,1000,2000,0,19017,18409,17823,18379,18720,0
Male,University,Married,43,210000,47025,45456,44048,15398,8657,3180,2300,1326,400,230,100,43156,42722,14998,8427,3080,0
Female,University,Single,24,90000,0,0,0,0,0,0,0,0,0,0,0,0,0,0,0,0,1
Male,High School,Married,56,480000,103497,105310,107013,106039,108188,109691,5300,5300,4000,5000,4000,100010,101713,102039,103188,105691,0
Male,Graduate,Single,41,120000,-8,-208,-408,57392,58805,60200,0,0,58000,2000,2000,-208,-408,-608,56805,58200,0
Male,University,Single,28,160000,162761,164692,159948,161469,162129,154704,6000,14,12000,6000,0,158692,159934,149469,156129,154704,0
Male,University,Married,27,110000,46657,48615,49519,48421,50644,51662,3000,2000,0,3000,2000,45615,47519,48421,47644,49662,0
Female,University,Married,60,260000,-20,-20,2000,0,0,0,0,2020,0,0,0,-20,-20,0,0,0,0
Male,Graduate,Single,24,80000,2130,3100,173,173,3435,11962,1010,173,0,3438,10004,2090,0,173,-3,1958,0
Male,University,Married,58,50000,1956,2060,4904,2056,2515,1464,2060,4904,2056,2515,1464,0,0,0,0,0,0
Female,University,Married,45,50000,35116,26171,25088,21090,21749,22386,1441,1500,756,1000,1000,24730,23588,20334,20749,21386,1
Female,University,Single,29,100000,75012,77784,73535,72067,59495,56850,4000,3105,4069,3000,2500,73784,70430,67998,56495,54350,0
Male,High School,Married,56,20000,8766,8481,13318,15096,14717,16159,0,5000,2000,0,2000,8481,8318,13096,14717,14159,1
Female,Graduate,Married,44,260000,0,6500,0,0,2223,2056,6500,0,0,2223,0,0,0,0,0,2056,0
Female,Graduate,Married,42,680000,189514,188883,190076,181957,182226,177731,8000,9000,7000,7000,7000,180883,181076,174957,175226,170731,0
Male,University,Single,25,50000,1789,50005,48731,46882,500,0,48731,0,2102,0,0,1274,48731,44780,500,0,0
Female,Graduate,Single,27,170000,118801,108980,112125,109579,107030,101130,4000,5300,3800,3880,3500,104980,106825,105779,103150,97630,0
Female,University,Married,37,210000,326,326,978,652,326,0,326,978,0,0,0,0,0,652,326,0,1
Male,Graduate,Married,51,500000,10063,10166,11579,68712,26476,8974,10395,11888,88612,26476,8974,-229,-309,-19900,0,0,0
Female,Graduate,Married,45,180000,18472,20546,24956,24262,24782,26208,2690,5100,0,1058,2000,17856,19856,24262,23724,24208,0
Female,University,Married,37,340000,-653,2094,1256,845,2149,696,3254,1256,845,2000,696,-1160,0,0,149,0,0
Male,High School,Single,30,160000,160388,175167,127848,96066,93974,40170,142159,3592,7317,2312,1637,33008,124256,88749,91662,38533,0
Female,University,Married,22,30000,26846,27718,28067,28334,28984,14769,2000,1500,1000,800,728,25718,26567,27334,28184,14041,1
Female,University,Married,44,230000,205938,209941,173679,92937,94552,76849,8476,6593,2966,3135,2956,201465,167086,89971,91417,73893,0
Male,High School,Single,22,30000,28328,29505,25362,19493,5765,0,1704,1250,390,115,0,27801,24112,19103,5650,0,0
Male,University,Single,33,480000,57732,55379,71063,60155,66078,64958,55614,47003,30171,40282,115224,-235,24060,29984,25796,-50266,0
Male,Graduate,Married,44,360000,16731,4840,-16,-16,3267,3438,4864,0,0,3283,3455,-24,-16,-16,-16,-17,0
Male,Graduate,Married,50,500000,74850,76463,77611,78735,80430,82068,3400,3000,3000,3100,3110,73063,74611,75735,77330,78958,1
Male,Graduate,Married,37,220000,17039,7113,9574,1727,4201,622,7540,9571,1739,4918,0,-427,3,-12,-717,622,0
Female,Graduate,Single,29,100000,87791,85548,85391,50605,49666,50689,0,2500,5864,0,2000,85548,82891,44741,49666,48689,1
Female,University,Single,31,200000,0,0,0,1500,0,0,0,0,1500,0,0,0,0,0,0,0,0
Male,Graduate,Single,40,200000,193048,193926,198233,200350,200390,19959,6410,6342,4007,4008,19959,187516,191891,196343,196382,0,0
Female,University,Single,23,90000,91653,88619,90298,91343,90887,90858,4200,4100,3307,3405,3311,84419,86198,88036,87482,87547,0
Male,University,Single,24,50000,27963,28715,29381,29140,25022,29608,2001,2001,1014,1006,7004,26714,27380,28126,24016,22604,0
Female,University,Married,42,80000,45691,46662,47595,48312,49392,50426,2000,2000,1800,2000,2000,44662,45595,46512,47392,48426,1
Female,Graduate,Married,48,260000,8339,8333,0,0,0,0,5000,0,0,0,0,3333,0,0,0,0,0
Female,High School,Married,25,80000,61943,61458,57045,50652,48476,49815,2215,1900,1800,1920,2300,59243,55145,48852,46556,47515,0
Male,Graduate,Single,23,20000,-348,-738,-738,-1518,-1518,-1518,0,0,0,0,0,-738,-738,-1518,-1518,-1518,1
Male,University,Single,53,50000,0,3333,0,8796,6346,3600,3333,0,8796,1000,4000,0,0,0,5346,-400,0
Female,Graduate,Single,29,90000,92464,91709,92412,91297,91790,91377,3600,4331,3218,3613,3300,88109,88081,88079,88177,88077,0
Male,University,Married,30,290000,351890,254163,250180,236027,221443,198031,11000,8607,8000,8525,8476,243163,241573,228027,212918,189555,0
Female,High School,Married,30,20000,18920,20030,21408,21974,22391,27189,1700,2000,1200,1000,12000,18330,19408,20774,21391,15189,0
Female,Graduate,Single,36,230000,0,0,0,0,0,0,0,0,0,0,0,0,0,0,0,0,0
Female,University,Single,34,360000,0,1680,0,5950,6352,6563,1680,0,5950,500,317,0,0,0,5852,6246,0
Male,University,Single,40,50000,48331,49163,49754,19169,19480,19569,2300,2200,1000,1000,800,46863,47554,18169,18480,18769,1
Male,University,Single,36,80000,59223,26241,10387,74864,74305,0,1141,10725,74864,1486,0,25100,-338,0,72819,0,0
Female,University,Single,56,100000,97549,102864,98969,70352,68186,68538,9300,0,2500,2700,2700,93564,98969,67852,65486,65838,1
Female,Graduate,Single,28,390000,286888,291645,277888,175268,167781,147878,11000,11000,5600,5700,5600,280645,266888,169668,162081,142278,0
Male,University,Married,52,120000,107269,106791,105262,46605,45590,46204,4449,2731,3000,5000,3000,102342,102531,43605,40590,43204,0
Female,University,Single,35,20000,20971,20360,19583,19575,16624,0,0,0,392,332,0,20360,19583,19183,16292,0,0
Female,University,Single,24,150000,63486,66741,744,5714,809,2315,4330,3,5762,813,2318,62411,741,-48,-4,-3,1
Male,University,Married,38,20000,16828,20192,19414,19606,0,0,20192,0,392,0,0,0,19414,19214,0,0,1
Male,Graduate,Married,44,20000,17974,32768,16057,14189,13265,12214,2000,1506,1000,800,1000,30768,14551,13189,12465,11214,0
Male,Graduate,Single,44,250000,98727,102134,106434,107673,109780,113961,5000,6000,4500,4000,6000,97134,100434,103173,105780,107961,0
Female,University,Single,25,230000,19225,16375,11864,10004,62349,52791,2000,2000,5000,65349,2000,14375,9864,5004,-3000,50791,0
Male,High School,Married,40,20000,20167,37198,17858,16400,14711,18691,1308,2466,555,583,4275,35890,15392,15845,14128,14416,0
Female,University,Married,41,80000,21709,22432,23693,24089,24832,25269,1378,1639,1089,1132,1000,21054,22054,23000,23700,24269,0
Female,University,Single,32,310000,51007,50644,50109,49339,49177,48754,2200,2100,1700,2000,1800,48444,48009,47639,47177,46954,0
Male,Graduate,Single,49,480000,456668,424843,325772,320760,325841,331602,14706,15377,10481,11003,11303,410137,310395,310279,314838,320299,0
Female,Graduate,Single,24,20000,16199,0,187,-18,-18,-18,0,187,0,0,0,0,0,-18,-18,-18,0
Male,High School,Married,22,50000,46450,47599,48456,44546,43256,13342,2200,2016,2009,2092,1020,45399,46440,42537,41164,12322,0
Male,University,Married,35,190000,254951,237094,218603,202639,199480,188113,0,0,0,0,142000,237094,218603,202639,199480,46113,1
Male,University,Single,41,50000,45284,43951,47169,19096,19652,18889,1844,4562,667,847,700,42107,42607,18429,18805,18189,0
Female,University,Single,29,50000,8281,8998,9695,11521,12331,13125,1000,1000,2000,1000,1000,7998,8695,9521,11331,12125,1
Male,University,Married,38,50000,22619,19055,20161,20553,18933,18855,2000,2000,1000,1000,1000,17055,18161,19553,17933,17855,0
Female,University,Married,45,300000,41051,70951,18911,15982,2665,57096,71277,19003,16050,2659,54394,-326,-92,-68,6,2702,0
Male,University,Married,33,60000,42246,38923,32532,27780,29280,39976,2008,3004,3003,2000,1064,36915,29528,24777,27280,38912,0
Male,Graduate,Single,28,260000,-1197,37785,3780,3202,3754,848,40000,3780,3202,4000,848,-2215,0,0,-246,0,0
Male,Graduate,Single,27,190000,-4370,82387,83701,85035,86482,88164,87998,3017,3029,3127,3433,-5611,80684,82006,83355,84731,0
Male,High School,Other,53,500000,415022,421996,426103,125218,126650,114473,12602,11000,4711,6000,11000,409394,415103,120507,120650,103473,0
Female,Graduate,Single,31,300000,60700,33843,5045,10288,12565,6947,5000,5045,10288,5000,5000,28843,0,0,7565,1947,0
Male,University,Single,43,50000,50665,50854,47862,20246,20321,20387,1940,1407,704,730,796,48914,46455,19542,19591,19591,1
Female,High School,Married,27,50000,29321,30048,31396,35045,34203,34743,1503,1851,4500,0,1250,28545,29545,30545,34203,33493,1
Female,University,Married,42,130000,24565,22446,23245,27410,12085,9535,5000,2000,5000,3000,6000,17446,21245,22410,9085,3535,0
Male,Graduate,Married,38,80000,604,0,0,0,0,0,0,0,0,0,0,0,0,0,0,0,0
Male,University,Other,37,50000,44828,43746,43122,43803,41425,42536,2005,2056,1737,1501,1797,41741,41066,42066,39924,40739,0
Female,University,Single,31,50000,40019,20394,19597,17830,18397,19064,2006,1519,1000,1000,1000,18388,18078,16830,17397,18064,0
Female,Graduate,Single,27,120000,70835,59986,60779,62958,57763,53004,3000,2500,3000,2000,2000,56986,58279,59958,55763,51004,0
Female,Graduate,Single,33,220000,3217,11428,16838,22237,10684,4262,11435,16876,22237,10684,4262,-7,-38,0,0,0,0
Female,Graduate,Single,35,50000,51505,50581,48280,46978,46657,48233,2500,2200,2000,2000,5000,48081,46080,44978,44657,43233,0
Female,Graduate,Single,29,90000,88254,89080,89613,89532,90362,94337,4200,4000,3307,3453,6730,84880,85613,86225,86909,87607,0
Female,University,Single,43,360000,0,0,0,0,0,0,0,0,0,0,0,0,0,0,0,0,0
Female,University,Married,49,280000,20650,0,0,4533,5533,65607,0,0,4533,1000,65607,0,0,0,4533,0,0
Female,Graduate,Married,57,270000,13559,736,316,5116,15884,10606,736,316,5116,15884,10606,0,0,0,0,0,0
Male,Graduate,Married,31,200000,160292,119080,113723,109447,75423,22919,6036,4002,4005,3002,1002,113044,109721,105442,72421,21917,0
Male,High School,Single,25,80000,80493,78736,71663,57571,58485,59655,3035,3021,2300,2500,2300,75701,68642,55271,55985,57355,0
Female,Graduate,Single,34,60000,0,0,15798,0,0,11688,0,15798,0,0,11688,0,0,0,0,0,0
Female,University,Single,31,60000,58173,59626,55775,28187,28978,27119,3400,2300,1200,1200,1500,56226,53475,26987,27778,25619,0
Female,Graduate,Single,28,90000,23940,92233,91308,53991,56032,51010,75000,5000,4300,2800,2800,17233,86308,49691,53232,48210,0
Female,High School,Other,48,10000,7065,8148,9199,9558,9136,9392,1200,1200,500,500,500,6948,7999,9058,8636,8892,0
Male,University,Single,36,140000,94586,92692,87696,80284,80086,81759,3519,3027,2905,3000,3000,89173,84669,77379,77086,78759,0
Male,Graduate,Married,42,280000,173092,160948,146106,97334,91671,81030,5853,4422,3138,2817,2927,155095,141684,94196,88854,78103,1
Female,University,Married,24,140000,121241,67929,65536,67645,62839,53457,4000,4000,8000,0,5000,63929,61536,59645,62839,48457,0
Male,High School,Married,52,110000,13962,15219,15424,15479,15989,16276,1500,1545,600,750,700,13719,13879,14879,15239,15576,0
Female,High School,Single,26,120000,22492,-2018,-718,1282,81988,83665,1534,1300,2000,81899,3200,-3552,-2018,-718,89,80465,0
Female,University,Married,39,130000,131657,129859,128714,128962,131873,131482,5000,6208,4700,5000,5000,124859,122506,124262,126873,126482,0
Male,University,Married,48,290000,224662,216134,163926,97524,35353,24481,10160,7147,5041,1581,3020,205974,156779,92483,33772,21461,0
Male,University,Married,33,80000,22064,22338,23352,23301,23900,24965,1700,1700,1000,1500,2000,20638,21652,22301,22400,22965,0
Female,University,Single,22,50000,15006,14475,16227,16662,16253,17982,0,2000,1000,0,2000,14475,14227,15662,16253,15982,1
Female,University,Married,33,450000,318,316,326,4007,0,0,316,326,4007,0,0,0,0,0,0,0,0
Male,High School,Married,37,50000,30411,31130,30308,28902,29215,28963,1500,0,1016,1046,1129,29630,30308,27886,28169,27834,1
Female,Graduate,Single,27,170000,154189,149826,113019,60868,19458,90,5926,2672,10,0,90,143900,110347,60858,19458,0,0
Male,University,Single,30,210000,38967,48465,57928,60359,69782,83991,10000,10000,3000,10000,15000,38465,47928,57359,59782,68991,0
Female,University,Single,23,30000,21684,23018,24630,24813,25333,25911,2000,2000,888,920,1000,21018,22630,23925,24413,24911,0
Male,Graduate,Single,33,230000,57171,56150,57074,50670,50652,51267,2100,2300,2000,2000,2000,54050,54774,48670,48652,49267,0
Male,University,Single,34,170000,2806,326,676,326,326,326,652,676,326,326,326,-326,0,0,0,0,1
Female,University,Single,22,20000,17958,18499,19762,19807,19830,20347,1329,1592,637,700,827,17170,18170,19170,19130,19520,0
Male,High School,Married,54,50000,49271,24982,25142,15498,16613,16197,1000,1000,1000,1366,0,23982,24142,14498,15247,16197,0
Female,University,Married,42,100000,65917,67673,66292,67793,67182,66132,4000,3000,2500,3000,2500,63673,63292,65293,64182,63632,0
Female,Graduate,Single,27,140000,390,0,0,0,0,0,0,0,0,0,0,0,0,0,0,0,0
Female,Graduate,Single,30,100000,90375,81572,71451,68530,66844,65820,3007,3200,3000,3500,2600,78565,68251,65530,63344,63220,0
Female,Graduate,Married,37,150000,0,1505,1333,0,0,1930,1505,0,0,0,1930,0,1333,0,0,0,1
Female,High School,Single,23,60000,28831,28024,24215,6000,7568,7568,0,1050,0,1568,0,28024,23165,6000,6000,7568,1
Male,High School,Married,33,200000,199343,200070,200852,197426,196341,197787,10021,10036,7126,6508,6011,190049,190816,190300,189833,191776,1
Female,Graduate,Single,27,200000,11912,19196,11938,15972,17952,5925,14443,4938,5972,7952,2925,4753,7000,10000,10000,3000,0
Female,Graduate,Single,35,50000,48585,49134,50203,10042,20085,9578,2220,2289,483,350,334,46914,47914,9559,19735,9244,1
Male,University,Single,32,60000,51934,40855,37742,29450,8850,0,2000,2000,1400,200,600,38855,35742,28050,8650,-600,0
Female,High School,Married,32,50000,45652,44646,47619,46455,47432,48442,0,4000,0,1432,3100,44646,43619,46455,46000,45342,1
Female,University,Married,55,140000,22662,23306,21048,22332,30228,316,2500,2500,2000,12988,2168,20806,18548,20332,17240,-1852,0
Female,Graduate,Single,41,640000,55645,56656,60185,59218,58963,58992,3000,5000,2300,2128,2125,53656,55185,56918,56835,56867,0
Male,University,Married,41,210000,87705,90376,90687,91888,93852,95734,4800,2500,3900,3400,3400,85576,88187,87988,90452,92334,1
Female,University,Married,27,60000,43757,29772,30710,28914,29823,28916,2000,2000,1500,1500,1500,27772,28710,27414,28323,27416,0
Female,University,Married,32,80000,72385,72643,73462,71681,73375,74794,2000,2600,0,2850,2800,70643,70862,71681,70525,71994,1
Female,Graduate,Married,37,290000,3486,550,1922,550,550,3810,550,1922,550,550,3810,0,0,0,0,0,1
Female,Graduate,Single,28,150000,0,0,0,0,0,0,0,0,0,0,0,0,0,0,0,0,0
Female,University,Single,40,200000,99729,139201,155871,193666,216666,18871,59201,35000,54461,46666,18871,80000,120871,139205,170000,0,0
Female,University,Single,29,130000,2880,4446,4833,4236,5178,4182,2000,1000,0,1000,0,2446,3833,4236,4178,4182,1
Male,University,Single,34,490000,0,0,244033,224216,212123,214715,0,244033,15011,9003,9019,0,0,209205,203120,205696,0
Male,University,Married,40,200000,9759,-241,-241,-241,-241,7817,0,0,0,0,8058,-241,-241,-241,-241,-241,1
Female,Graduate,Married,54,210000,7771,7078,838,20372,36489,90261,7078,1295,20000,16489,60000,0,-457,372,20000,30261,0
Female,Graduate,Single,29,260000,3735,-8,4865,507,3787,1443,0,4873,507,3787,1443,-8,-8,0,0,0,1
Male,University,Married,42,80000,48237,48594,49432,49043,47805,45626,2200,2005,2000,2000,2000,46394,47427,47043,45805,43626,0
Male,High School,Married,53,50000,41674,40012,31089,14638,13577,16333,1660,1612,652,1300,3000,38352,29477,13986,12277,13333,0
Female,University,Single,30,210000,77637,80205,82549,89170,56683,10496,4400,4600,9086,0,1000,75805,77949,80084,56683,9496,0
Female,University,Other,52,210000,815,815,815,910,58095,37684,815,815,910,58000,1500,0,0,0,95,36184,0
Female,High School,Married,41,40000,20057,20931,21780,23114,22606,22903,1500,1500,2000,0,822,19431,20280,21114,22606,22081,0
Female,University,Married,33,110000,184406,169795,154733,138071,126242,123449,7400,6700,4700,7800,0,162395,148033,133371,118442,123449,0
Male,Graduate,Single,49,50000,25277,27209,23740,19448,19594,19762,3000,3014,684,1000,713,24209,20726,18764,18594,19049,0
Female,Graduate,Single,27,80000,3199,1205,917,917,702,3099,1325,917,0,702,3099,-120,0,917,0,0,0
Female,Graduate,Single,37,80000,6734,1990,4500,4640,3966,3410,1990,4500,4640,3966,3410,0,0,0,0,0,1
Female,Graduate,Single,43,250000,93163,96024,90901,69927,71403,69948,4409,3023,2600,2700,2801,91615,87878,67327,68703,67147,0
Female,Graduate,Single,27,100000,75296,76672,78343,79111,79993,81279,3000,3400,3000,3000,3000,73672,74943,76111,76993,78279,0
Male,University,Single,29,50000,43205,46516,45468,48703,50774,49514,4000,0,4000,3000,0,42516,45468,44703,47774,49514,1
Female,Graduate,Single,32,150000,120800,123379,122881,123954,131543,134319,6000,3000,4600,9800,5100,117379,119881,119354,121743,129219,1
Male,University,Single,30,70000,17526,20235,19612,22170,22612,22101,3000,0,2900,942,0,17235,19612,19270,21670,22101,1
Male,Graduate,Single,29,150000,249,0,0,12877,1558,225,0,0,12877,1558,225,0,0,0,0,0,0
Female,Graduate,Single,31,360000,1483,9386,2635,-227,-1763,-4303,9386,2643,227,1536,12975,0,-8,-454,-3299,-17278,0
Male,University,Single,29,90000,51864,53135,53759,56397,87349,55700,2098,1680,20000,5000,4833,51037,52079,36397,82349,50867,0
Female,University,Married,28,160000,6031,7057,7912,8080,8250,8565,1280,1132,300,300,452,5777,6780,7780,7950,8113,0
Female,University,Single,36,70000,67864,59165,29314,28844,29443,30101,2044,1773,1181,1215,1297,57121,27541,27663,28228,28804,0
Female,University,Married,33,360000,325839,300726,252603,253759,255424,253826,11083,8948,8727,9118,9026,289643,243655,245032,246306,244800,0
Female,Graduate,Single,33,420000,25718,0,0,0,1643,6800,0,0,0,1643,3400,0,0,0,0,3400,0
Female,University,Married,47,50000,48888,47988,9757,8941,9893,6181,1900,1139,2000,1000,300,46088,8618,6941,8893,5881,0
Female,University,Single,28,160000,110819,107629,113902,115543,118353,116298,0,9600,5000,4800,0,107629,104302,110543,113553,116298,1
Female,University,Married,38,100000,0,199,0,0,0,150,199,0,0,0,150,0,0,0,0,0,0
Female,High School,Married,41,240000,3973,3724,7448,3724,5814,10942,3724,7448,0,5814,8852,0,0,3724,0,2090,0
Female,Graduate,Single,42,390000,98262,94122,89672,83663,84449,75445,5003,5000,3200,9000,0,89119,84672,80463,75449,75445,0
Female,University,Married,37,80000,57830,55107,51616,47843,48427,49101,2103,2023,1850,1800,1806,53004,49593,45993,46627,47295,0
Female,Graduate,Single,29,360000,25633,26897,26439,25932,28396,28611,2000,1289,1000,4000,2000,24897,25150,24932,24396,26611,1
Female,University,Married,34,210000,3402,4774,375,3498,3517,4567,4774,375,3498,3517,4567,0,0,0,0,0,0
Female,Graduate,Single,28,320000,0,0,1200,0,600,5937,0,1200,0,600,5937,0,0,0,0,0,1
Female,High School,Married,50,20000,8612,8862,8992,9452,10520,11320,2202,500,1000,2000,800,6660,8492,8452,8520,10520,0
Female,University,Married,27,180000,186895,167768,125879,119283,117515,109499,0,6000,3663,3700,3400,167768,119879,115620,113815,106099,1
Male,University,Married,50,490000,205873,210880,215628,217883,223541,224889,10000,10000,10000,10000,8000,200880,205628,207883,213541,216889,0
Female,University,Single,22,30000,25536,26635,27383,29061,28492,29850,1800,1500,2100,0,1800,24835,25883,26961,28492,28050,0
Female,Graduate,Married,34,290000,111,0,904,904,0,0,0,904,0,0,0,0,0,904,0,0,0
Female,University,Married,46,340000,0,0,0,0,0,0,0,0,0,0,0,0,0,0,0,0,0
Female,University,Married,43,40000,220,960,960,960,1383,960,960,960,960,1383,960,0,0,0,0,0,0
Male,University,Single,23,50000,-29,9881,10188,2277,18488,10263,9910,10294,2284,18546,11294,-29,-106,-7,-58,-1031,0
Male,University,Single,30,30000,21326,20425,20135,19529,17428,25227,1400,1700,1679,0,10000,19025,18435,17850,17428,15227,1
Female,Graduate,Single,34,60000,493,240,823,683,240,998,240,823,0,240,998,0,0,683,0,0,0
Male,Other,Single,29,180000,92245,64364,5527,1600,2600,390,11400,1000,340,1000,390,52964,4527,1260,1600,0,0
Male,High School,Married,57,160000,390,390,390,390,390,390,390,390,390,390,390,0,0,0,0,0,0
Male,Graduate,Married,33,170000,9020,326,7788,104556,141077,138790,0,7788,100000,41077,5200,326,0,4556,100000,133590,0
Male,University,Married,42,50000,12664,42985,15085,17245,17316,17297,2000,2000,17000,1000,1000,40985,13085,245,16316,16297,0
Male,University,Married,45,50000,8558,9886,10593,11358,11033,11402,1471,1178,943,0,553,8415,9415,10415,11033,10849,0
Female,Graduate,Married,32,360000,0,0,0,0,0,0,0,0,0,0,0,0,0,0,0,0,0
Female,University,Married,35,160000,131104,133828,135146,136520,139432,141971,6300,5000,5100,5252,5000,127528,130146,131420,134180,136971,1
Female,Graduate,Single,39,260000,107801,122955,117089,95975,62817,61221,30054,20057,5113,3040,20000,92901,97032,90862,59777,41221,0
Female,Graduate,Single,31,350000,20042,108444,280478,143142,160442,98479,100000,200000,0,135000,0,8444,80478,143142,25442,98479,0
Female,University,Single,26,30000,27376,27639,27788,25484,25707,25797,1500,3608,0,1000,1100,26139,24180,25484,24707,24697,0
Female,University,Single,27,180000,17207,16647,17657,17705,19043,18589,0,1590,638,1628,0,16647,16067,17067,17415,18589,0
Female,Graduate,Single,30,230000,1219,283,1906,501,283,423,283,1906,501,283,423,0,0,0,0,0,0
Female,Graduate,Single,29,50000,0,0,0,0,0,0,0,0,0,0,0,0,0,0,0,0,0
Male,University,Married,38,370000,376014,377594,355120,315740,322540,319195,16000,13217,12000,12000,12000,361594,341903,303740,310540,307195,1
Male,University,Married,42,30000,24317,28401,30910,30155,30389,30418,4491,3000,0,1068,2257,23910,27910,30155,29321,28161,0
Male,Graduate,Single,31,280000,0,3405,2973,0,962,3481,3405,0,0,962,3481,0,2973,0,0,0,0
Female,University,Single,53,210000,390,390,390,390,390,390,390,390,390,390,390,0,0,0,0,0,1
Female,Graduate,Married,49,150000,416,797,381,-35,1015,33,797,0,0,1050,0,0,381,-35,-35,33,0
Female,Graduate,Single,30,170000,8404,16835,2200,7510,12510,19720,16835,2200,5510,5000,8100,0,0,2000,7510,11620,0
Male,University,Single,28,80000,73233,74853,76408,77435,79187,79696,3400,3400,2900,3045,6000,71453,73008,74535,76142,73696,0
Female,University,Married,29,30000,16609,16057,18089,17504,18727,18279,0,2300,0,1500,0,16057,15789,17504,17227,18279,1
Male,University,Single,38,50000,51047,49761,50712,50441,50919,50604,1849,1800,1788,1993,2069,47912,48912,48653,48926,48535,0
Female,University,Single,24,140000,38483,43627,35893,40883,16256,14354,10169,20000,15000,628,1392,33458,15893,25883,15628,12962,0
Female,Graduate,Married,22,30000,26505,25799,26762,24956,25654,26177,0,1710,1000,1100,1100,25799,25052,23956,24554,25077,0
Male,University,Married,45,50000,42614,38426,38318,17331,14916,18459,10016,20070,3006,6002,5000,28410,18248,14325,8914,13459,0
Male,Graduate,Single,24,20000,390,390,390,780,0,0,390,390,780,0,0,0,0,0,0,0,0
Male,Graduate,Married,37,180000,15288,16534,18100,19900,-100,-100,1500,2000,2000,0,0,15034,16100,17900,-100,-100,0
Male,University,Single,46,30000,24794,25017,24117,23917,0,0,2000,1500,0,0,0,23017,22617,23917,0,0,0
Male,University,Single,26,210000,92083,88001,90533,93027,96524,100765,4000,4000,4000,5000,6000,84001,86533,89027,91524,94765,0
Male,University,Single,35,30000,20180,21827,20723,19523,4294,3974,2000,2032,0,1000,3000,19827,18691,19523,3294,974,0
Female,University,Single,31,50000,20451,20426,19894,20294,20145,20175,1600,1600,1000,900,1000,18826,18294,19294,19245,19175,0
Female,Graduate,Single,31,270000,973,417,1593,913,1471,1302,592,1593,913,1471,1302,-175,0,0,0,0,0
Female,University,Single,25,70000,22935,23963,24979,25665,26357,26768,1398,1414,1100,1104,1000,22565,23565,24565,25253,25768,0
Male,University,Single,32,110000,2308,101780,50815,46147,39769,9353,101780,1501,1100,1000,2000,0,49314,45047,38769,7353,0
Female,Graduate,Single,24,20000,3305,2296,14059,9140,1073,500,2296,14777,9140,1073,500,0,-718,0,0,0,1
Male,University,Married,37,150000,147891,149402,148152,150781,146446,149658,5004,4957,4208,4201,4837,144398,143195,146573,142245,144821,1
Male,Graduate,Married,59,420000,175795,160687,139704,100178,62967,49259,5300,4976,4899,3074,2023,155387,134728,95279,59893,47236,0
Male,Graduate,Single,24,20000,299,-1,-1,494,2284,490,0,0,495,2290,491,-1,-1,-1,-6,-1,0
Male,University,Single,51,50000,50383,49073,31036,20061,19710,19687,2304,2224,19691,1000,725,46769,28812,370,18710,18962,0
Male,Graduate,Single,51,170000,195038,189067,180389,137030,129222,122229,7509,5573,4309,4239,5142,181558,174816,132721,124983,117087,0
Male,High School,Married,35,20000,24122,23089,22422,20794,19914,7476,1300,1481,503,2019,233,21789,20941,20291,17895,7243,0
Female,High School,Single,36,360000,2473,-27,-27,-27,-27,-27,0,0,0,0,0,-27,-27,-27,-27,-27,1
Female,Graduate,Single,34,280000,8719,844,0,0,1000,0,0,0,0,1000,0,844,0,0,0,0,0
Male,Graduate,Single,35,340000,842,2865,-22,7569,797,1211,2873,0,7591,799,1214,-8,-22,-22,-2,-3,0
Male,Graduate,Married,46,180000,160580,171644,184650,0,0,0,13714,16500,0,0,0,157930,168150,0,0,0,1
Male,Graduate,Single,33,280000,8814,151643,153190,147589,149291,151357,151650,5546,6007,5507,6007,-7,147644,141582,143784,145350,1
Male,Graduate,Single,27,60000,14853,19589,27176,29712,29099,31601,5000,8000,3000,0,3000,14589,19176,26712,29099,28601,1
Male,Graduate,Married,56,150000,116928,87215,43045,40813,42164,43465,5006,3000,1452,5000,5000,82209,40045,39361,37164,38465,1
Female,Graduate,Single,24,300000,35040,35167,31333,35906,38963,40283,1518,1507,5406,3963,2283,33649,29826,30500,35000,38000,0
Female,Graduate,Married,34,210000,200239,195025,165356,116351,95854,91173,9510,7000,10079,4500,3532,185515,158356,106272,91354,87641,0
Male,Graduate,Single,29,50000,27878,28908,29922,30517,31164,32677,1484,1498,1093,1139,2039,27424,28424,29424,30025,30638,0
Female,Graduate,Single,30,140000,282,282,282,282,454,610,282,282,282,454,610,0,0,0,0,0,0
Female,Graduate,Single,42,180000,4314,5495,54903,56458,58616,55032,2500,50000,3000,3000,2000,2995,4903,53458,55616,53032,0
Male,High School,Married,44,380000,40352,41385,42397,43243,45716,46629,1523,1535,1381,3000,1494,39862,40862,41862,42716,45135,0
Female,University,Single,22,10000,7418,8080,780,780,0,0,1000,780,0,600,0,7080,0,780,-600,0,0
Male,High School,Married,45,50000,45982,41372,18059,18020,18028,17744,1421,1500,629,672,626,39951,16559,17391,17356,17118,0
Female,University,Single,22,50000,50186,49061,43528,29606,30305,28895,1994,1500,1009,1124,1100,47067,42028,28597,29181,27795,1
Female,Graduate,Single,25,50000,8540,9875,11396,13190,14967,16551,1479,2000,2000,2000,2000,8396,9396,11190,12967,14551,0
Female,University,Married,37,140000,10025,9787,8127,8850,9262,5789,2000,1000,2000,2000,1000,7787,7127,6850,7262,4789,0
Male,University,Single,36,110000,109345,111980,111563,106625,48631,49724,4400,4200,4406,1800,1900,107580,107363,102219,46831,47824,0
Male,University,Married,63,260000,3382,2403,1161,772,383,1661,2519,1201,1,1,1668,-116,-40,771,382,-7,0
Female,University,Single,26,50000,49722,49052,49243,8760,8796,9176,2200,1325,490,300,500,46852,47918,8270,8496,8676,0
Female,Graduate,Single,30,180000,1782,192,1291,1891,3914,26414,0,1291,600,2023,22500,192,0,1291,1891,3914,0
Female,University,Single,26,150000,56956,58756,59945,60751,62120,63315,2716,2761,2400,2500,2400,56040,57184,58351,59620,60915,0
Female,Graduate,Married,39,80000,36444,33840,31768,28223,25557,18220,3015,4012,1013,2010,655,30825,27756,27210,23547,17565,0
Female,Graduate,Single,31,210000,0,0,0,0,0,0,0,0,0,0,0,0,0,0,0,0,0
Male,Graduate,Married,44,320000,7500,8500,7500,7500,7500,7500,8500,7500,7500,7500,7500,0,0,0,0,0,0
Female,University,Married,36,100000,92688,94925,96865,99196,101000,0,3000,2746,3156,3000,0,91925,94119,96040,98000,0,0
Female,Graduate,Married,35,100000,52708,15075,20035,4116,-110,3512,9967,20195,4228,0,3622,5108,-160,-112,-110,-110,0
Male,Graduate,Single,24,50000,16277,14875,19195,13134,13398,13549,4006,6200,3000,2000,2000,10869,12995,10134,11398,11549,0
Male,High School,Married,43,240000,2690,2500,2500,2500,2500,0,2500,0,0,0,0,0,2500,2500,2500,0,1
Female,Graduate,Single,33,300000,0,0,12351,6417,5245,12082,0,12351,0,5245,7000,0,0,6417,0,5082,0
Female,Graduate,Single,30,200000,199229,132458,59153,0,0,0,6101,3500,0,0,0,126357,55653,0,0,0,1
Female,Graduate,Married,31,270000,86716,88329,91247,91823,93164,95211,6000,6005,4000,4000,4000,82329,85242,87823,89164,91211,0
Female,Graduate,Single,26,150000,75373,76865,78214,76363,79893,48052,3300,3200,0,5137,0,73565,75014,76363,74756,48052,1
Female,University,Single,29,260000,-5,-5,9571,7235,0,197,0,9576,29,0,197,-5,-5,7206,0,0,0
Female,University,Single,24,50000,26239,17824,17615,17956,18091,18259,1300,5869,1000,795,1000,16524,11746,16956,17296,17259,0
Female,University,Married,32,130000,51559,50465,51531,52076,55432,56571,0,2500,2000,4200,2200,50465,49031,50076,51232,54371,1
Female,Graduate,Single,28,80000,57776,7561,7793,7433,5962,4960,1200,1306,512,1000,0,6361,6487,6921,4962,4960,0
Male,Graduate,Single,32,20000,11777,14851,17575,17063,15711,28600,3276,3000,3,7,2058,11575,14575,17060,15704,26542,0
Female,University,Married,50,410000,246659,248934,246011,240845,213767,214410,11000,10000,7500,8000,8000,237934,236011,233345,205767,206410,0
Male,University,Married,36,80000,77054,81697,79347,81325,76550,78715,6900,0,5800,0,4000,74797,79347,75525,76550,74715,1
Female,High School,Married,58,160000,2034,68942,40194,942,942,942,68942,40194,942,942,942,0,0,0,0,0,0
Female,Graduate,Single,40,500000,15929,18155,-131,10527,61751,2926,18222,0,10658,61751,2926,-67,-131,-131,0,0,0
Female,University,Married,36,20000,16320,18044,19003,19224,19050,19353,2000,1283,1003,1000,1002,16044,17720,18221,18050,18351,0
Female,Other,Married,34,180000,6892,6892,6892,6282,8282,0,6892,6892,6282,2000,0,0,0,0,6282,0,0
Female,University,Married,45,200000,193641,121830,122181,121888,66771,65495,4543,5000,4500,3100,3000,117287,117181,117388,63671,62495,1
Male,High School,Married,44,310000,238739,244629,250277,265764,271231,277427,10000,10000,20000,10000,11000,234629,240277,245764,261231,266427,0
Male,Graduate,Single,40,160000,1430,0,715,715,715,865,0,715,715,715,865,0,0,0,0,0,0
Female,High School,Married,61,170000,0,0,0,0,200,0,0,0,0,200,0,0,0,0,0,0,0
Male,Graduate,Married,45,500000,5307,6583,5650,4472,67798,65653,6616,5678,4495,67969,65814,-33,-28,-23,-171,-161,1
Female,Graduate,Single,28,140000,0,330,330,69,-261,-591,330,330,69,0,0,0,0,0,-261,-591,0
Female,High School,Married,48,80000,44508,43709,52660,48532,44469,45068,1785,10000,1541,1610,1604,41924,42660,46991,42859,43464,0
Female,University,Single,28,420000,27186,27759,21103,22217,23440,61084,5009,5006,5000,5000,61084,22750,16097,17217,18440,0,0
Female,High School,Other,24,90000,3700,20833,23968,13574,6800,1830,20108,4000,13574,14,5,725,19968,0,6786,1825,0
Female,Graduate,Single,31,280000,326,326,0,326,652,0,326,0,326,652,0,0,0,0,0,0,0
Male,High School,Married,44,20000,11007,15010,15767,15223,14837,16083,4525,1300,0,0,1495,10485,14467,15223,14837,14588,0
Female,University,Married,31,170000,63948,62090,63000,0,0,3300,5000,4000,0,0,3300,57090,59000,0,0,0,0
Female,University,Single,26,30000,12479,10100,10923,10549,4747,4864,1233,1056,500,500,1000,8867,9867,10049,4247,3864,0
Male,High School,Single,26,20000,16320,0,0,0,0,0,0,0,0,0,0,0,0,0,0,0,0
Female,Graduate,Married,49,280000,4378,-324,-324,-324,-324,88036,2,322,0,0,88360,-326,-646,-324,-324,-324,1
Female,High School,Single,40,30000,53720,52268,49338,44430,40875,40272,0,3000,1000,2000,5000,52268,46338,43430,38875,35272,0
Female,Graduate,Married,38,170000,5556,0,0,0,0,0,0,0,0,0,0,0,0,0,0,0,0
Female,Graduate,Married,38,290000,0,7023,9680,7860,7860,8142,7023,5000,3000,0,8142,0,4680,4860,7860,0,0
Female,Graduate,Single,24,290000,0,0,0,2700,1350,1350,0,0,2700,0,1350,0,0,0,1350,0,0
Female,University,Single,33,360000,5344,9852,5137,4912,1150,0,9860,8537,4912,0,0,-8,-3400,0,1150,0,0
Female,University,Married,34,190000,86730,93705,91317,96079,94428,100618,9310,0,7200,0,8000,84395,91317,88879,94428,92618,0
Male,University,Single,26,90000,70182,-18,-18,-18,-18,-18,0,0,0,0,0,-18,-18,-18,-18,-18,0
Male,High School,Single,48,20000,16434,17452,16879,17059,17263,17675,1577,0,757,628,700,15875,16879,16302,16635,16975,0
Female,University,Married,42,290000,154753,122241,113434,115273,97040,89942,7000,6000,5000,5000,4000,115241,107434,110273,92040,85942,0
Female,Graduate,Single,38,460000,296815,283744,273414,250033,238734,226905,10279,10084,9025,9036,8526,273465,263330,241008,229698,218379,0
Female,Graduate,Single,26,230000,-10,1732,476,3157,340,769,2122,0,3157,0,769,-390,476,0,340,0,0
Male,University,Married,37,170000,326,326,326,326,326,324,326,326,326,326,324,0,0,0,0,0,0
Female,Graduate,Married,40,180000,4236,6614,6216,3622,4095,6596,3016,3000,1622,4095,3000,3598,3216,2000,0,3596,0
Male,University,Single,27,20000,19331,18225,18418,19297,19000,19683,1209,19330,2303,1000,1000,17016,-912,16994,18000,18683,0
Male,University,Married,25,50000,48213,47750,46153,45572,45412,44985,1800,1700,1585,2000,2000,45950,44453,43987,43412,42985,0
Male,Graduate,Single,30,200000,0,0,0,0,0,0,0,0,0,0,0,0,0,0,0,0,0
Female,High School,Married,53,80000,0,0,0,0,0,0,0,0,0,0,0,0,0,0,0,0,0
Male,Graduate,Married,53,380000,4901,22010,2302,20798,16394,26002,22000,2300,9947,16400,18000,10,2,10851,-6,8002,0
Male,Graduate,Married,40,500000,11640,12831,11520,12486,11609,12660,12836,11525,12489,11614,12665,-5,-5,-3,-5,-5,1
Male,University,Married,49,170000,26991,30090,18104,19050,18783,8042,4019,0,1060,0,807,26071,18104,17990,18783,7235,1
Female,Graduate,Single,23,20000,14605,14532,15700,16346,16837,18298,2000,2000,1000,1000,2000,12532,13700,15346,15837,16298,0
Female,University,Married,32,320000,160832,164750,168370,169371,172868,150827,8000,8000,5500,6100,6000,156750,160370,163871,166768,144827,0
Female,Graduate,Single,23,50000,48064,49362,48038,8760,9646,7747,2091,1310,1000,1000,277,47271,46728,7760,8646,7470,1
Male,University,Married,45,400000,337135,373869,366338,374255,409777,527566,44000,0,14000,42000,126000,329869,366338,360255,367777,401566,0
Female,Graduate,Single,33,320000,368,10038,8434,7061,1289,365,10550,0,0,0,365,-512,8434,7061,1289,0,0
Male,Graduate,Single,28,200000,220343,214375,201917,161221,162438,157415,7000,8016,5000,12000,6000,207375,193901,156221,150438,151415,0
Male,Graduate,Single,28,20000,7381,2769,3503,4809,5732,8632,3000,3010,6000,1000,3000,-231,493,-1191,4732,5632,1
Female,High School,Single,42,230000,0,0,324,0,2600,3007,0,324,0,2600,3407,0,0,0,0,-400,1
Female,Graduate,Single,29,130000,280,1954,304,978,652,326,2038,311,1000,0,0,-84,-7,-22,652,326,1
Male,Graduate,Single,28,310000,272588,169978,156699,131276,118837,119402,9978,6699,11276,9695,19402,160000,150000,120000,109142,100000,1
Female,High School,Single,58,50000,24885,26250,26955,27647,28149,28940,1772,1447,1139,1100,1262,24478,25508,26508,27049,27678,0
Male,High School,Single,45,90000,86519,88925,56116,48430,49585,50443,4100,2500,52285,2000,2100,84825,53616,-3855,47585,48343,0
Female,High School,Married,42,260000,56437,57929,59369,63215,64087,130579,3000,3000,5400,5000,2222,54929,56369,57815,59087,128357,0
Male,Graduate,Single,36,270000,78630,68921,46512,40335,37165,22156,10076,4018,14,2051,2000,58845,42494,40321,35114,20156,0
Female,Graduate,Single,30,210000,52771,64767,57527,56655,50745,53269,44767,10000,2655,5745,3269,20000,47527,54000,45000,50000,0
Female,University,Single,52,220000,127624,125718,125917,124683,127890,131520,6046,5600,5000,8000,6000,119672,120317,119683,119890,125520,0
Male,University,Single,30,80000,72183,81844,78743,79176,81574,78445,10895,0,2900,6355,0,70949,78743,76276,75219,78445,1
Female,High School,Single,61,50000,36205,38609,42996,43992,43155,44436,3000,5064,2000,0,2000,35609,37932,41992,43155,42436,0
Female,University,Married,39,20000,45629,46661,47594,49281,18714,19162,2500,2400,2000,900,800,44161,45194,47281,17814,18362,0
Female,Graduate,Single,23,20000,11967,5252,-340,-780,-780,780,1031,650,0,0,1560,4221,-990,-780,-780,-780,0
Female,Graduate,Single,25,100000,16659,13585,7886,5578,8608,11756,10000,4000,5578,11756,10000,3585,3886,0,-3148,1756,0
Male,University,Single,32,320000,75122,70308,51223,52371,54518,56601,4000,3000,2000,3000,3000,66308,48223,50371,51518,53601,0
Female,University,Single,31,200000,0,0,6372,1957,0,596,0,6372,1957,0,596,0,0,0,0,0,0
Female,Graduate,Single,25,80000,232,815,631,1237,1529,357,815,631,1237,1529,357,0,0,0,0,0,0
Female,University,Married,34,120000,64139,65430,63937,67290,68565,69784,2900,150,5000,2500,2500,62530,63787,62290,66065,67284,1
Male,University,Single,43,20000,19197,19997,20060,18780,19580,0,1500,1500,1000,800,0,18497,18560,17780,18780,0,0
Female,Graduate,Married,35,200000,10118,2105,483,5452,389,389,2106,486,6175,1,390,-1,-3,-723,388,-1,0
Female,University,Married,24,140000,696,696,696,696,696,696,696,696,696,696,696,0,0,0,0,0,0
Male,University,Married,52,50000,27548,28578,29660,30600,-300,9037,1478,1560,1500,0,9337,27100,28100,29100,-300,-300,1
Male,University,Single,25,60000,61514,61748,58583,28301,29301,14400,1800,0,600,1000,300,59948,58583,27701,28301,14100,0
Male,University,Single,30,50000,47110,48447,48345,20079,20656,19818,2401,1735,700,876,711,46046,46610,19379,19780,19107,0
Female,University,Single,33,200000,189740,194328,196018,189865,193703,199154,6450,6600,5350,5500,7100,187878,189418,184515,188203,192054,0
Male,University,Married,53,20000,16039,19752,19112,20223,18806,20001,4000,0,1382,0,3000,15752,19112,18841,18806,17001,1
Female,Graduate,Married,32,200000,0,0,0,0,0,900,0,0,0,0,900,0,0,0,0,0,0
Female,High School,Married,49,350000,10658,8598,3816,4223,1414,5941,9004,0,4223,1414,5941,-406,3816,0,0,0,0
Female,High School,Married,40,50000,20831,21592,22571,23024,25567,24463,1400,1360,810,2900,0,20192,21211,22214,22667,24463,1
Male,University,Married,44,120000,4936,2476,5696,1762,1381,1061,0,5696,0,1381,1061,2476,0,1762,0,0,1
Male,University,Married,35,150000,4030,592,2483,4556,1606,2047,593,2490,4573,1610,2053,-1,-7,-17,-4,-6,0
Female,University,Married,48,180000,11054,11272,26680,27988,1480,22133,11272,26703,27988,1480,22133,0,-23,0,0,0,0
Female,University,Single,27,120000,0,0,0,0,940,170,0,0,0,940,170,0,0,0,0,0,1
Female,Graduate,Married,55,130000,126205,128064,131524,46445,44973,45578,4998,5946,1620,1623,1659,123066,125578,44825,43350,43919,0
Female,University,Married,41,80000,7274,6280,21016,14422,5157,6579,6280,21115,14422,5157,6579,0,-99,0,0,0,0
Female,University,Married,49,390000,7383,5731,3386,3134,259,578,1066,1000,63,259,578,4665,2386,3071,0,0,0
Female,Graduate,Single,27,50000,21824,21187,23815,26418,25859,29745,0,3000,3000,0,4500,21187,20815,23418,25859,25245,1
Male,University,Single,31,50000,25859,26937,27687,28424,29311,30169,1800,1500,1500,1500,1500,25137,26187,26924,27811,28669,0
Female,University,Married,29,320000,3196,7655,204787,122501,63816,17257,7655,205211,6100,5000,2000,0,-424,116401,58816,15257,1
Female,University,Other,48,50000,18460,20942,18942,18811,18183,18561,2813,1289,658,659,679,18129,17653,18153,17524,17882,1
Female,University,Married,43,200000,171647,167478,178983,180784,184201,187467,0,14500,6400,7000,7000,167478,164483,174384,177201,180467,0
Male,High School,Single,59,30000,13486,12984,13991,14114,14406,14692,0,1528,651,668,674,12984,12463,13463,13738,14018,1
Female,University,Married,36,290000,754,-98,-309,63,227,946,0,0,500,590,1045,-98,-309,-437,-363,-99,0
Female,High School,Married,57,50000,3964,1690,3780,1468,1468,1644,1690,3780,1468,1468,1644,0,0,0,0,0,0
Female,University,Married,52,50000,600,972,0,0,0,6500,972,0,0,0,6500,0,0,0,0,0,0
Male,High School,Married,45,140000,134073,130521,137328,136280,136247,134089,0,10707,5014,5091,4608,130521,126621,131266,131156,129481,1
Male,University,Married,43,50000,15941,14154,15109,14125,14034,14946,1255,1210,487,508,1534,12899,13899,13638,13526,13412,1
Female,University,Single,23,80000,4125,10174,6160,9020,4670,6124,6174,3160,5020,1670,6124,4000,3000,4000,3000,0,0
Female,Graduate,Single,31,50000,30291,31498,32205,32846,33535,34201,2000,1534,1175,1218,1224,29498,30671,31671,32317,32977,0
Female,University,Single,28,280000,17795,4117,1199,247,0,1896,4125,1201,249,0,1896,-8,-2,-2,0,0,0
Female,University,Married,53,80000,37242,37634,38281,38993,39268,39620,2000,2000,2000,2000,1408,35634,36281,36993,37268,38212,0
Female,University,Married,29,60000,62325,59359,30604,22204,19895,19199,2864,1300,1000,803,1107,56495,29304,21204,19092,18092,0
Female,Graduate,Single,26,360000,1374,12920,0,0,0,0,12534,0,0,0,0,386,0,0,0,0,0
Male,University,Single,32,520000,17718,12490,7894,6426,4045,1806,1222,1200,505,502,100,11268,6694,5921,3543,1706,0
Female,University,Married,43,210000,0,0,0,0,0,0,0,0,0,0,0,0,0,0,0,0,1
Male,Graduate,Single,26,360000,11910,1356,4073,17812,2981,1936,1500,5000,15000,3000,2000,-144,-927,2812,-19,-64,0
Male,Graduate,Single,27,100000,99777,99479,94028,14578,33254,16723,4252,2620,408,26130,653,95227,91408,14170,7124,16070,0
Female,High School,Married,45,50000,47639,35495,16246,14987,15298,15447,1271,1242,683,702,553,34224,15004,14304,14596,14894,1
Female,University,Married,31,280000,127609,76057,75377,68277,72042,65921,6000,6000,0,4800,0,70057,69377,68277,67242,65921,0
Male,Graduate,Single,26,120000,19544,24230,28022,29249,29926,35357,5000,4200,2000,1300,6000,19230,23822,27249,28626,29357,0
Male,Graduate,Single,29,50000,45728,48772,50614,49009,45856,47891,3800,3000,5,1800,3600,44972,47614,49004,44056,44291,1
Female,Graduate,Married,48,360000,2119,-3,-3,-3,711,875,3,0,0,714,879,-6,-3,-3,-3,-4,0
Female,University,Married,35,140000,4694,4340,4332,4058,2929,4345,4340,4332,4172,5544,4345,0,0,-114,-2615,0,1
Male,Graduate,Single,25,130000,0,0,0,0,0,0,0,0,0,0,0,0,0,0,0,0,0
Female,Graduate,Married,33,240000,9187,4740,5240,7795,3771,1891,5005,5240,4101,3771,1891,-265,0,3694,0,0,0
Female,High School,Single,40,70000,60525,60932,60190,25126,24718,27726,14011,14494,6019,7010,8007,46921,45696,19107,17708,19719,0
Male,University,Other,45,80000,28219,29276,30210,30505,31184,28641,1816,1750,1045,1123,1038,27460,28460,29460,30061,27603,0
Female,Other,Other,35,20000,17962,17858,17972,16592,15369,16247,1336,1211,1500,1300,1500,16522,16761,15092,14069,14747,0
Female,University,Single,29,180000,172271,179760,180488,142201,141826,125974,11600,9635,0,5245,5172,168160,170853,142201,136581,120802,1
Male,University,Single,25,80000,63771,62642,60005,53384,55060,54583,2500,2500,1900,2500,2500,60142,57505,51484,52560,52083,0
Female,University,Single,39,300000,8386,341,341,341,341,343,341,341,341,341,343,0,0,0,0,0,0
Male,University,Single,31,70000,62737,40745,1880,0,0,0,4030,2500,0,0,0,36715,-620,0,0,0,0
Female,Graduate,Married,30,180000,0,0,0,0,0,0,0,0,0,0,0,0,0,0,0,0,1
Male,University,Married,33,150000,87721,87396,79424,76350,79721,77028,7200,3000,0,6000,0,80196,76424,76350,73721,77028,0
Female,High School,Single,36,30000,25437,26734,26011,27353,26776,28620,2000,0,2078,0,2291,24734,26011,25275,26776,26329,1
Female,Graduate,Single,24,180000,130780,121531,112378,93411,95559,94356,4700,4500,3300,3600,3900,116831,107878,90111,91959,90456,0
Male,University,Single,31,20000,21763,21145,20930,20182,19836,11998,0,549,0,0,0,21145,20381,20182,19836,11998,0
Male,University,Single,29,30000,20501,25151,24453,24849,25399,27020,5000,0,1100,1100,2200,20151,24453,23749,24299,24820,0
Male,Graduate,Single,38,500000,0,2326,1164,0,0,0,2326,1164,0,0,0,0,0,0,0,0,1
Female,Graduate,Single,29,290000,62029,46716,39340,22587,24219,26647,3000,2000,2000,2000,3000,43716,37340,20587,22219,23647,0
Female,University,Married,47,500000,182516,104838,112662,66679,70090,73728,5000,10000,5000,5000,5000,99838,102662,61679,65090,68728,0
Male,University,Single,37,150000,69012,63265,64131,64942,61803,58987,2500,2500,3780,2200,2000,60765,61631,61162,59603,56987,0
Male,Graduate,Married,37,200000,446,123,123,200,123,280,0,123,200,123,280,123,0,0,0,0,1
Female,University,Single,23,50000,20821,11864,13094,12434,12429,12505,1190,2000,0,600,594,10674,11094,12434,11829,11911,0
Female,Graduate,Married,47,180000,-12,-12,3300,0,0,0,0,3312,0,0,0,-12,-12,0,0,0,1
Female,Graduate,Married,40,150000,-15,17671,14517,1870,3495,0,17686,14517,0,3495,0,-15,0,1870,0,0,0
Female,University,Single,34,210000,0,1075,229,799,0,0,1075,229,799,0,0,0,0,0,0,0,1
Female,Other,Single,23,30000,2826,2068,16952,15336,24336,436,0,16952,16104,14000,486,2068,0,-768,10336,-50,0
Male,High School,Married,51,360000,3019,2438,1008,1250,0,860,2444,1008,1250,0,860,-6,0,0,0,0,0
Female,University,Married,38,60000,22212,21568,24209,23524,24491,25033,0,3000,0,1500,1100,21568,21209,23524,22991,23933,0
Female,University,Single,25,230000,2045,44711,45742,38502,30581,32738,44711,4000,4000,3000,3000,0,41742,34502,27581,29738,0
Male,High School,Married,39,260000,3518,0,2551,-139,2311,47,0,2551,0,2450,0,0,0,-139,-139,47,0
Female,University,Single,34,210000,8547,2987,4571,3265,8623,5907,2996,4584,3274,8648,5924,-9,-13,-9,-25,-17,0
Female,Graduate,Single,42,200000,4359,3814,4604,3350,0,0,3841,4644,3350,0,0,-27,-40,0,0,0,0
Male,University,Married,37,20000,16436,17584,18166,8190,8190,0,1418,1000,3144,0,0,16166,17166,5046,8190,0,0
Male,High School,Single,53,30000,28033,28675,28997,29214,28933,29134,1788,1500,1173,1100,1100,26887,27497,28041,27833,28034,0
Female,Graduate,Single,32,180000,73618,76990,78181,82645,84739,83282,4500,3000,5700,3500,0,72490,75181,76945,81239,83282,1
Male,University,Married,28,50000,42435,44030,43979,31508,16519,19231,3000,2000,2000,2000,3000,41030,41979,29508,14519,16231,1
Male,High School,Married,43,200000,146206,150404,154977,157166,160870,164101,5404,5854,5000,5000,4600,145000,149123,152166,155870,159501,0
Female,Graduate,Single,27,140000,16437,18848,21209,25503,27918,37186,3000,3000,5000,3000,10000,15848,18209,20503,24918,27186,0
Female,Graduate,Single,42,250000,4673,16014,4063,5589,15895,9948,17381,4063,6018,15895,1000,-1367,0,-429,0,8948,0
Male,Graduate,Married,43,200000,202225,-4359,190829,96686,100131,102467,1029,200000,10000,5000,4000,-5388,-9171,86686,95131,98467,0
Female,Graduate,Single,30,80000,44999,45843,46879,47799,48876,49909,2100,2100,2000,2000,2000,43743,44779,45799,46876,47909,0
Female,High School,Married,48,60000,62652,57562,51278,46685,31584,26482,2300,2200,1900,1191,1219,55262,49078,44785,30393,25263,0
Female,Graduate,Single,29,360000,780,390,390,540,540,390,0,390,540,390,390,390,0,0,150,0,0
Male,Graduate,Single,23,50000,3063,3625,0,0,0,0,3625,0,0,0,0,0,0,0,0,0,1
Female,High School,Single,36,240000,-28,-28,-28,-28,1522,6820,0,0,0,1550,6900,-28,-28,-28,-28,-80,0
Female,University,Single,30,330000,13204,12500,865,15387,5945,896,12500,865,15500,6000,896,0,0,-113,-55,0,1
Female,University,Single,25,50000,13750,15224,14687,16135,15737,17316,2000,0,2000,0,2000,13224,14687,14135,15737,15316,1
Male,High School,Single,33,110000,7128,1852,2625,2625,0,0,0,1000,0,0,0,1852,1625,2625,0,0,1
Male,High School,Single,29,30000,0,0,0,0,0,7035,0,0,0,0,7035,0,0,0,0,0,1
Male,University,Married,36,20000,5566,6527,6274,6470,7366,8044,1200,0,300,1000,800,5327,6274,6170,6366,7244,1
Male,Graduate,Single,43,20000,13361,18302,13348,512,18141,11575,6020,141,1048,23261,134,12282,13207,-536,-5120,11441,1
Male,Graduate,Single,31,160000,136809,77080,160336,92820,91449,89559,6000,5000,15000,5000,7000,71080,155336,77820,86449,82559,0
Male,University,Single,24,80000,79047,81120,69986,46965,46518,47330,3837,2800,2008,1700,2000,77283,67186,44957,44818,45330,0
Female,Graduate,Married,47,180000,8059,11622,16379,9795,8414,6557,11680,16466,9844,8456,6589,-58,-87,-49,-42,-32,0
Male,University,Single,27,80000,390,390,390,1080,540,390,390,390,1080,0,390,0,0,0,540,0,0
Male,Graduate,Single,30,150000,4785,2087,1200,4100,0,0,2087,1212,4100,0,0,0,-12,0,0,0,0
Male,Graduate,Single,29,130000,81907,83620,85327,87021,88843,90618,3034,3096,3112,3222,3250,80586,82231,83909,85621,87368,1
Male,High School,Single,32,240000,4717,11980,0,473,11483,11886,11980,0,473,11483,11886,0,0,0,0,0,0
Female,Graduate,Single,28,400000,1416,1548,22085,21021,19761,12613,1052,22085,420,56,687,496,0,20601,19705,11926,0
Male,University,Single,32,500000,10339,6405,-4617,16879,5195,290,6405,99,22480,0,580,0,-4716,-5601,5195,-290,0
Male,Graduate,Single,22,20000,18523,17889,16473,19004,19254,16287,3500,0,3000,574,539,14389,16473,16004,18680,15748,1
Male,Graduate,Single,35,240000,446,2852,-348,152,272,5291,2852,0,500,500,5291,0,-348,-348,-228,0,0
Female,University,Married,26,110000,85814,91999,91803,94376,96409,98072,8500,2200,5000,3700,3400,83499,89603,89376,92709,94672,1
Female,University,Single,26,80000,56373,57301,58017,56556,57890,58657,2129,2014,1985,3000,3001,55172,56003,54571,54890,55656,0
Male,High School,Married,58,50000,4025,5318,4151,4186,3545,2659,5318,4151,4186,3545,2860,0,0,0,0,-201,0
Male,Graduate,Married,37,330000,8447,-1,176,0,0,0,0,177,0,0,0,-1,-1,0,0,0,0
Male,High School,Married,40,200000,187431,192558,196537,76167,76810,72039,8124,8339,5004,2961,2579,184434,188198,71163,73849,69460,0
Female,Other,Married,32,230000,11000,0,8100,-2900,-2900,-2900,0,8100,0,0,0,0,0,-2900,-2900,-2900,0
Female,University,Single,26,140000,28282,148806,139462,125046,46364,83460,125000,6,4578,1427,87179,23806,139456,120468,44937,-3719,1
Male,University,Married,34,360000,-62,-31,-31,-31,-31,-31,0,0,0,0,0,-31,-31,-31,-31,-31,0
Male,High School,Married,46,70000,29258,31137,32855,33316,34137,33439,2352,2531,1300,1500,0,28785,30324,32016,32637,33439,1
Female,University,Married,40,360000,-242,-3748,5512,4102,1756,4400,649,10000,0,1756,4400,-4397,-4488,4102,0,0,0
Female,Graduate,Single,27,260000,0,0,0,0,0,0,0,0,0,0,0,0,0,0,0,0,0
Female,High School,Other,29,80000,76121,70109,58186,56234,53229,45519,2456,2053,1812,1819,1686,67653,56133,54422,51410,43833,0
Female,University,Single,48,180000,10000,10000,10000,10000,20000,10338,10000,10000,10000,20000,10338,0,0,0,0,0,0
Female,Graduate,Single,30,190000,6544,18191,18205,14442,31465,2589,19699,18295,9900,31465,2589,-1508,-90,4542,0,0,0
Male,Graduate,Married,50,190000,69518,71443,72413,73366,74830,76237,3500,2600,2600,2650,2650,67943,69813,70766,72180,73587,1
Male,Graduate,Married,39,260000,259394,264334,263431,253596,258387,259118,9876,10020,9900,9331,9307,254458,253411,243696,249056,249811,0
Male,University,Single,27,200000,233637,175918,181089,183180,192223,189681,7000,8100,6600,12000,0,168918,172989,176580,180223,189681,1
Female,Graduate,Single,47,340000,326065,339260,332032,280450,282510,281197,20070,12747,9582,20070,18092,319190,319285,270868,262440,263105,1
Female,University,Married,47,200000,528,13921,14943,14692,14733,14820,13921,1528,500,528,655,0,13415,14192,14205,14165,0
Female,Graduate,Married,36,150000,13447,17877,25172,4694,6292,13943,17914,25349,4694,6324,14433,-37,-177,0,-32,-490,0
Male,University,Married,40,100000,99958,76554,58610,9779,12273,2701,2975,2789,9779,12273,3105,73579,55821,0,0,-404,0
Female,University,Married,45,100000,87590,103301,100818,75860,77656,78274,17200,247,3000,3000,3000,86101,100571,72860,74656,75274,1
Female,Other,Single,34,200000,13943,8943,1662,2553,1977,3175,8964,1662,2553,1977,3175,-21,0,0,0,0,0
Male,Graduate,Single,39,230000,38395,39943,20650,0,0,0,2500,2000,0,0,0,37443,18650,0,0,0,0
Male,Graduate,Married,40,200000,-7,1765,5074,19268,5606,2534,1772,5099,19364,5634,2547,-7,-25,-96,-28,-13,0
Male,Graduate,Single,28,140000,113780,115297,114448,114653,115720,116690,5800,3500,4500,4000,4000,109497,110948,110153,111720,112690,0
Male,University,Single,24,30000,26931,27791,28792,29121,29368,13174,1598,1599,928,600,627,26193,27193,28193,28768,12547,0
Female,University,Single,30,100000,0,0,0,1378,1209,3174,0,0,1378,0,2000,0,0,0,1209,1174,0
Male,University,Married,41,50000,390,390,780,390,390,390,390,780,0,390,390,0,0,390,0,0,1
Female,Graduate,Married,41,330000,4122,0,0,0,0,0,0,0,0,0,0,0,0,0,0,0,0
Female,Graduate,Married,36,500000,197231,175599,176947,178647,176380,172666,8500,8341,6600,6925,7225,167099,168606,172047,169455,165441,1
Female,University,Single,31,500000,4543,8723,17058,19858,19974,22774,9001,10000,3000,10000,6000,-278,7058,16858,9974,16774,0
Female,University,Single,28,50000,47605,47553,47205,45686,43629,46909,2300,2000,2000,2000,4000,45253,45205,43686,41629,42909,0
Female,Graduate,Single,25,50000,16762,19126,13918,8239,6376,10077,4029,4031,3000,6376,5000,15097,9887,5239,0,5077,0
Female,University,Married,42,50000,47971,47627,47750,48194,48111,48664,2087,2100,1900,1900,1900,45540,45650,46294,46211,46764,0
Male,University,Married,51,20000,16849,18686,18877,19252,19415,19954,2116,800,682,701,858,16570,18077,18570,18714,19096,0
Female,High School,Single,24,70000,69346,70864,68645,28929,28597,28237,3200,13,1008,1103,1100,67664,68632,27921,27494,27137,0
Female,Graduate,Single,34,60000,55447,48270,41087,25518,26276,27012,2178,1511,1200,1300,1300,46092,39576,24318,24976,25712,1
Male,Graduate,Single,36,230000,218637,223208,159930,141834,213408,222681,10034,5600,10753,100000,12823,213174,154330,131081,113408,209858,0
Male,High School,Married,58,60000,22658,22703,23495,24349,23960,24530,700,1546,1400,0,900,22003,21949,22949,23960,23630,0
Male,University,Married,43,330000,13200,9843,15440,45033,64723,3784,9863,15440,35033,30000,3874,-20,0,10000,34723,-90,0
Female,Graduate,Married,35,500000,2153,9869,4055,3000,3000,8063,9869,4065,3000,3000,8063,0,-10,0,0,0,0
Female,High School,Married,45,30000,0,1930,1930,2072,4072,0,1930,1930,2072,4072,0,0,0,0,0,0,0
Female,Graduate,Married,53,160000,52607,53548,56214,57246,58443,59883,2834,3500,2500,2207,2500,50714,52714,54746,56236,57383,0
Male,University,Single,40,110000,109191,110937,108869,43207,42954,43839,5000,3814,2000,1600,1600,105937,105055,41207,41354,42239,0
Female,Graduate,Single,35,50000,30716,29768,31155,30124,29984,29629,1600,4300,0,1100,1500,28168,26855,30124,28884,28129,0
Female,University,Married,43,50000,560,1121,195,197,197,197,1121,195,197,197,197,0,0,0,0,0,0
Male,Graduate,Single,25,20000,0,0,0,0,0,0,0,0,0,0,0,0,0,0,0,0,1
Male,University,Single,23,50000,49365,48927,49543,19649,20064,19691,1200,50189,682,710,690,47727,-646,18967,19354,19001,0
Male,Graduate,Single,28,210000,0,0,0,0,0,8270,0,0,0,0,8270,0,0,0,0,0,0
Female,University,Married,30,500000,344,5757,1820,2308,807,4966,5757,1820,2308,807,4966,0,0,0,0,0,0
Male,High School,Married,50,320000,29943,32751,18262,18157,19043,17759,4300,0,1000,2000,0,28451,18262,17157,17043,17759,0
Female,Graduate,Single,32,350000,10830,2749,3229,3096,6373,10531,2749,3229,3500,4000,5000,0,0,-404,2373,5531,0
Male,High School,Single,27,50000,45557,46763,43000,29241,29115,28804,2300,1803,1200,1400,1500,44463,41197,28041,27715,27304,0
Female,University,Married,34,50000,10745,8473,4390,19206,20486,15252,1200,1000,19206,1500,0,7273,3390,0,18986,15252,0
Female,University,Married,33,20000,18075,19075,19106,18467,19018,19383,1600,1601,810,1000,692,17475,17505,17657,18018,18691,1
Female,University,Married,47,80000,77714,79049,79206,78031,78293,78870,5000,3000,3000,3000,3000,74049,76206,75031,75293,75870,1
Male,Graduate,Single,35,170000,169282,173226,134832,70479,0,0,10126,5667,9223,0,0,163100,129165,61256,0,0,0
Female,University,Married,24,50000,48928,32646,31428,24880,26098,26886,2000,3505,2000,8000,4000,30646,27923,22880,18098,22886,1
Male,High School,Single,49,400000,36560,0,0,0,1757,21667,0,0,0,1757,20000,0,0,0,0,1667,0
Female,University,Single,48,90000,87673,94448,91211,38041,42605,41396,9100,0,1170,5000,18000,85348,91211,36871,37605,23396,1
Male,University,Single,22,50000,50262,51040,35046,28893,28772,27521,2009,5,1200,2000,1100,49031,35041,27693,26772,26421,0
Female,Graduate,Single,24,60000,57693,55760,59007,56492,57565,56569,2700,4800,0,2100,2200,53060,54207,56492,55465,54369,0
Female,University,Single,50,50000,20800,0,0,0,0,0,0,0,0,0,0,0,0,0,0,0,0
Female,Graduate,Married,45,250000,214000,90010,78886,79845,79323,77788,3188,3282,2698,2752,2843,86822,75604,77147,76571,74945,0
Female,High School,Single,53,320000,3479,3479,3479,12610,23942,34183,3479,3479,12610,15000,14184,0,0,0,8942,19999,1
Female,Graduate,Single,27,260000,15178,23360,22099,18985,19662,22274,12007,8000,1000,1000,5000,11353,14099,17985,18662,17274,0
Male,University,Single,24,20000,19102,18054,19026,19406,18258,18694,1318,1290,670,663,740,16736,17736,18736,17595,17954,0
Male,Graduate,Single,25,50000,18595,18326,18814,19189,19233,19108,1310,1297,672,837,836,17016,17517,18517,18396,18272,0
Male,University,Married,35,50000,29273,29504,32007,34474,37905,38131,1000,3000,3000,4000,1000,28504,29007,31474,33905,37131,0
Male,Graduate,Single,35,50000,39437,38525,40809,33021,35479,36238,0,3000,2000,3000,1500,38525,37809,31021,32479,34738,0
Female,Graduate,Single,27,150000,7310,4756,1919,8144,2969,8642,4756,1919,8144,2969,8642,0,0,0,0,0,0
Female,University,Single,21,20000,21003,20260,9686,0,6884,0,39,0,5000,13749,0,20221,9686,-5000,-6865,0,1
Female,Graduate,Married,39,190000,171462,163148,165281,173231,132145,146854,0,10000,15000,10091,20000,163148,155281,158231,122054,126854,1
Male,Graduate,Married,46,250000,5379,992,12738,2310,0,0,0,12738,2310,0,0,992,0,0,0,0,0
Male,Graduate,Married,32,380000,53369,73954,35199,31136,28839,14584,30307,5044,5036,5081,2022,43647,30155,26100,23758,12562,0
Female,University,Single,28,330000,255834,258822,254855,258220,256058,256840,9425,9000,9174,9590,9500,249397,245855,249046,246468,247340,0
Female,University,Single,31,50000,45861,47667,48119,8257,8037,9470,3687,5000,1000,309,2000,43980,43119,7257,7728,7470,0
Female,Graduate,Single,31,140000,41314,42377,43923,43051,44109,43253,1732,2278,3000,1892,0,40645,41645,40051,42217,43253,0
Female,University,Single,50,20000,5065,4840,6100,5856,6432,6182,0,1500,0,822,0,4840,4600,5856,5610,6182,1
Female,Graduate,Single,28,70000,53690,54374,47762,44487,45618,46706,2208,1800,2000,2000,2000,52166,45962,42487,43618,44706,0
Female,Graduate,Single,31,160000,160843,153543,157871,143690,134386,138038,6000,7225,5000,5000,5900,147543,150646,138690,129386,132138,0
Female,University,Married,34,240000,6170,0,0,0,0,0,0,0,0,0,0,0,0,0,0,0,0
Female,Graduate,Single,27,300000,3102,1499,318,2488,187,607,1506,319,2488,187,607,-7,-1,0,0,0,0
Male,University,Single,28,70000,24510,25807,26578,27826,29712,30563,2000,1500,2000,2500,1500,23807,25078,25826,27212,29063,0
Female,University,Married,28,30000,11692,14505,17262,16690,17763,18960,3000,3000,0,1500,1500,11505,14262,16690,16263,17460,1
Female,Graduate,Single,32,390000,22008,23645,24947,26223,27643,29025,2000,2000,2000,2000,2000,21645,22947,24223,25643,27025,0
Female,University,Single,40,20000,6689,7723,8730,8936,8994,9244,1300,1294,500,350,400,6423,7436,8436,8644,8844,0
Female,Graduate,Married,44,330000,234447,202747,180566,182604,186415,190303,8903,7903,6418,6633,6852,193844,172663,176186,179782,183451,0
Female,Graduate,Single,29,420000,4406,4595,-13,2666,1614,6066,4205,5000,2679,1622,6080,390,-5013,-13,-8,-14,0
Male,Graduate,Married,63,200000,316,316,316,316,316,316,316,316,316,316,316,0,0,0,0,0,0
Male,University,Single,29,70000,61762,70242,68107,42630,12927,27184,9500,0,0,1570,15184,60742,68107,42630,11357,12000,1
Female,University,Married,40,180000,20831,1537,-43,-43,-43,-43,1000,0,0,0,0,537,-43,-43,-43,-43,0
Female,High School,Other,55,260000,185441,190942,194161,197287,172561,165409,10000,8000,7150,7057,7396,180942,186161,190137,165504,158013,0
Female,High School,Single,25,80000,571,3948,4695,390,1289,935,3952,4695,390,1289,935,-4,0,0,0,0,0
Female,Graduate,Single,32,250000,165,165,165,165,165,315,165,165,165,165,315,0,0,0,0,0,0
Male,Graduate,Single,29,140000,137708,140804,137635,97928,99634,101020,5730,5200,3100,3200,3400,135074,132435,94828,96434,97620,0
Female,University,Single,24,40000,36890,36023,36993,38427,39875,39272,0,1989,2423,2000,0,36023,35004,36004,37875,39272,1
Female,University,Married,36,50000,27433,12916,6509,4417,0,4331,1161,1000,5254,4166,8497,11755,5509,-837,-4166,-4166,0
Female,University,Married,37,210000,162518,138078,134428,129871,131091,118405,8006,7009,5000,5000,17137,130072,127419,124871,126091,101268,0
Female,University,Married,33,180000,30781,31202,31188,32979,22526,13338,2000,1408,2979,2526,13338,29202,29780,30000,20000,0,0
Male,University,Single,45,50000,46090,48343,50157,18675,18542,17129,3000,3000,1008,1000,1000,45343,47157,17667,17542,16129,0
Female,University,Single,54,320000,156238,156087,153054,79107,70043,71724,10000,10000,10000,2500,3000,146087,143054,69107,67543,68724,0
Male,Graduate,Married,41,230000,9360,9650,0,0,0,0,9650,0,0,0,0,0,0,0,0,0,0
Female,University,Married,40,160000,671,671,671,671,671,1492,671,671,671,671,1492,0,0,0,0,0,0
Male,University,Single,25,110000,99353,90517,78484,74652,75251,75643,3500,3500,3000,3000,2870,87017,74984,71652,72251,72773,0
Female,High School,Married,39,250000,18376,20070,21428,22757,24382,28768,2000,2000,2000,2000,5000,18070,19428,20757,22382,23768,0
Female,Other,Single,37,20000,6725,7843,10600,18660,7060,0,2000,3000,8060,0,0,5843,7600,10600,7060,0,0
Female,Graduate,Single,28,170000,12324,13467,14394,15249,15999,16753,1350,1158,1100,1000,1025,12117,13236,14149,14999,15728,0
Male,High School,Married,32,140000,140456,125288,117263,77496,79815,77911,5200,5006,5000,5000,3000,120088,112257,72496,74815,74911,0
Female,University,Married,42,60000,56166,58022,61331,55566,59331,60569,2760,4941,0,4675,2361,55262,56390,55566,54656,58208,1
Male,Graduate,Single,24,20000,10283,0,750,0,0,0,0,750,0,0,0,0,0,0,0,0,1
Male,University,Married,53,80000,66484,59837,53367,48154,43214,44229,2731,2058,1700,1565,1730,57106,51309,46454,41649,42499,0
Male,High School,Single,34,60000,58501,59225,59592,58654,58664,59323,2300,2578,2039,2088,2767,56925,57014,56615,56576,56556,0
Female,Other,Married,35,210000,84018,23953,0,0,0,239,2000,0,0,0,239,21953,0,0,0,0,0
Male,University,Single,27,320000,319069,323319,298072,180882,175560,131390,12661,11157,5730,5904,5890,310658,286915,175152,169656,125500,0
Female,High School,Married,55,50000,37234,37942,38003,11625,18442,9743,1963,2025,562,339,1200,35979,35978,11063,18103,8543,0
Male,University,Other,37,10000,8634,3192,1352,13352,0,0,1000,676,6000,120,0,2192,676,7352,-120,0,0
Male,University,Single,51,50000,48726,49050,49584,19791,18518,19078,2100,1600,700,670,866,46950,47984,19091,17848,18212,1
Female,University,Married,33,140000,133094,132777,131672,133496,128509,124035,5005,4603,5002,4505,4400,127772,127069,128494,124004,119635,0
Female,University,Married,38,50000,588,588,926,643,643,643,588,926,643,643,643,0,0,0,0,0,0
Male,University,Married,36,80000,600,600,600,600,300,150,0,0,0,0,0,600,600,600,300,150,1
Female,Graduate,Married,36,300000,272899,254078,252427,254160,250645,245851,9251,10505,9157,9319,9600,244827,241922,245003,241326,236251,0
Female,Graduate,Single,33,520000,485298,499489,413019,168770,168964,191188,22000,18300,26500,30000,27000,477489,394719,142270,138964,164188,1
Female,University,Other,57,200000,79761,79515,80592,86216,88071,90842,3500,3000,7000,3400,4400,76015,77592,79216,84671,86442,0
Female,University,Married,35,200000,0,0,5825,0,3217,8273,0,5825,0,3217,8273,0,0,0,0,0,0
Female,University,Married,44,60000,56970,58848,20641,22229,24708,27255,3000,2000,2229,3000,3000,55848,18641,20000,21708,24255,0
Female,University,Married,42,180000,102449,104807,111048,107782,110879,113666,5500,9500,0,5000,5000,99307,101548,107782,105879,108666,0
Female,University,Single,24,120000,32317,33496,34481,30102,30220,33523,2000,2000,2000,3000,6000,31496,32481,28102,27220,27523,0
Male,University,Married,47,50000,49032,48764,49521,48830,49728,50146,2599,2556,1665,1600,1800,46165,46965,47165,48128,48346,0
Male,Graduate,Single,33,20000,17593,38478,19703,19697,17303,1554,1472,1400,394,346,31,37006,18303,19303,16957,1523,0
Male,University,Single,27,10000,16944,8261,9252,9590,10129,8932,2296,1139,477,830,0,5965,8113,9113,9299,8932,1
Male,Graduate,Single,34,520000,9568,8211,6850,13178,17059,17528,5014,5010,13009,10035,10007,3197,1840,169,7024,7521,0
Female,Graduate,Married,33,500000,125,-18088,1664089,121757,97115,377217,4366,1684259,121831,97670,379267,-22454,-20170,-74,-555,-2050,0
Male,University,Single,24,50000,50244,17987,18973,19369,19769,19385,1400,1301,700,700,700,16587,17672,18669,19069,18685,0
Female,University,Married,29,200000,61518,66541,53862,37056,19790,20842,25138,2569,793,49,15085,41403,51293,36263,19741,5757,0
Female,Graduate,Single,36,360000,-8,2379,0,11850,150,459,2387,0,11850,300,459,-8,0,0,-150,0,0
Female,Graduate,Married,48,400000,5880,18368,591,13654,45363,2640,18368,591,13662,45363,2640,0,0,-8,0,0,0
Male,University,Single,30,90000,370,370,922,552,182,312,370,922,0,0,500,0,0,552,182,-188,0
Female,University,Single,29,90000,917,2917,0,3708,3503,9097,2000,0,3708,0,5693,917,0,0,3503,3404,0
Female,Graduate,Single,29,200000,61099,64160,76593,93988,50292,10510,4160,14593,20150,0,5739,60000,62000,73838,50292,4771,0
Female,Graduate,Married,38,150000,110,564,13347,13155,10610,8394,567,13504,13221,10663,8436,-3,-157,-66,-53,-42,1
Male,University,Single,31,350000,360347,357139,272072,267277,255680,261573,13100,10000,10000,8200,9000,344039,262072,257277,247480,252573,0
Male,University,Married,31,500000,378886,382234,274586,273718,168418,167635,15057,11035,11035,7029,8035,367177,263551,262683,161389,159600,0
Female,University,Single,24,160000,13038,158725,155808,98160,99057,100984,155000,5000,5000,3537,5000,3725,150808,93160,95520,95984,0
Male,Graduate,Single,35,80000,52065,55205,55900,55622,56295,61598,5000,2606,2200,2100,6679,50205,53294,53422,54195,54919,0
Male,University,Single,38,130000,133400,0,0,0,0,0,0,0,0,0,0,0,0,0,0,0,0
Female,High School,Single,31,100000,85030,49489,50424,51563,780,0,1820,2308,3000,780,0,47669,48116,48563,0,0,0
Male,University,Married,46,80000,30773,38879,26128,29137,30283,30523,10036,15,5003,3003,2007,28843,26113,24134,27280,28516,0
Female,University,Single,24,50000,18201,26525,12969,13758,14390,16571,14813,1000,1000,1000,3000,11712,11969,12758,13390,13571,0
Female,Graduate,Married,50,80000,0,0,0,0,0,0,0,0,0,0,0,0,0,0,0,0,0
Male,Graduate,Single,27,200000,0,0,0,0,1202,84482,0,0,0,1202,84482,0,0,0,0,0,0
Female,University,Single,28,330000,37637,38676,40786,41767,42501,43359,1500,2600,1500,1400,1400,37176,38186,40267,41101,41959,0
Female,Graduate,Single,26,50000,10622,11642,12635,15403,16657,16240,1500,1500,3000,1500,0,10142,11135,12403,15157,16240,1
Female,University,Single,23,80000,309,-77,-77,-270,-463,-656,0,0,0,0,0,-77,-77,-270,-463,-656,1
Female,University,Married,33,270000,11489,8874,3567,1556,7952,10794,8874,3567,1556,7952,4000,0,0,0,0,6794,0
Female,High School,Married,60,30000,11575,12351,13505,12677,12995,13443,1600,2000,0,1000,1000,10751,11505,12677,11995,12443,0
Male,University,Single,30,500000,869,2496,1924,976,986,1200,2507,1933,980,990,1206,-11,-9,-4,-4,-6,0
Female,Graduate,Single,26,60000,3437,16932,2301,6220,2227,10416,16960,0,6227,0,10416,-28,2301,-7,2227,0,0
Female,University,Married,34,20000,17151,16887,17302,18029,18362,18669,300,1000,1000,1000,1000,16587,16302,17029,17362,17669,0
Female,University,Single,28,180000,0,0,0,0,0,0,0,0,0,0,0,0,0,0,0,0,0
Female,University,Married,38,30000,3656,0,0,0,0,0,0,0,0,0,0,0,0,0,0,0,0
Male,Graduate,Married,45,200000,577,0,2470,0,1350,1006,0,2470,0,1350,1006,0,0,0,0,0,0
Female,Graduate,Single,32,320000,3916,2872,4704,3382,2575,8097,2886,4732,3398,2588,8137,-14,-28,-16,-13,-40,0
Female,High School,Married,28,210000,37608,39001,40053,41084,42416,43707,2000,2000,2000,2000,2000,37001,38053,39084,40416,41707,0
Female,Graduate,Single,30,200000,665,2618,963,1459,1028,878,2618,963,1459,1028,878,0,0,0,0,0,0
Male,University,Single,41,170000,6175,7404,7829,2218,3972,3643,7417,7862,2218,4866,3643,-13,-33,0,-894,0,0
Male,High School,Married,42,50000,47838,49246,50376,9408,9605,9806,2180,2310,336,348,360,47066,48066,9072,9257,9446,0
Female,University,Other,52,20000,8586,10041,10571,10995,11169,11979,1600,1000,600,500,1000,8441,9571,10395,10669,10979,0
Female,University,Married,22,20000,18475,18993,19973,20081,20292,20289,1400,1300,700,800,1000,17593,18673,19381,19492,19289,0
Female,Graduate,Married,31,580000,484798,475282,485511,488800,500723,511905,19000,20036,20000,20000,20056,456282,465475,468800,480723,491849,0
Female,High School,Single,25,80000,80012,78748,76722,70370,64510,51695,3010,2700,2300,2500,2000,75738,74022,68070,62010,49695,0
Female,Graduate,Married,38,50000,19926,21658,3445,99,949,137,4158,3500,1000,1000,200,17500,-55,-901,-51,-63,1
Male,University,Single,31,30000,26788,28352,86253,28351,28571,23400,2001,1600,600,1000,468,26351,84653,27751,27571,22932,0
Female,University,Married,31,50000,45614,44187,29253,14199,14965,15712,2450,2100,1000,1000,1000,41737,27153,13199,13965,14712,1
Male,High School,Single,25,20000,1650,1650,1650,1650,1650,1650,0,0,0,0,0,1650,1650,1650,1650,1650,1
Female,University,Married,41,100000,71978,73715,74621,72567,77231,78780,3500,2800,3000,6000,3000,70215,71821,69567,71231,75780,0
Male,High School,Single,48,80000,80002,80433,80081,29437,29195,28675,3500,3500,1205,1200,1100,76933,76581,28232,27995,27575,0
Female,High School,Married,48,40000,780,0,390,540,1080,540,0,390,540,1080,0,0,0,0,0,540,0
Female,High School,Married,27,80000,79108,78637,75688,46378,46175,41118,3200,0,1806,2124,1599,75437,75688,44572,44051,39519,0
Male,High School,Single,31,10000,10119,10188,9089,9271,9618,8516,3000,0,295,459,1500,7188,9089,8976,9159,7016,0
Female,Graduate,Married,41,200000,10529,1936,25483,16767,19941,19665,1940,25513,4767,7541,19665,-4,-30,12000,12400,0,0
Female,University,Other,28,50000,51068,46027,45769,46677,47668,50764,0,3154,1669,1741,3900,46027,42615,45008,45927,46864,0
Female,High School,Single,23,140000,100448,103990,104462,43810,44434,45251,5450,4200,1810,1765,2000,98540,100262,42000,42669,43251,0
Female,Graduate,Married,34,340000,76786,57803,68670,20299,27816,43637,39749,15000,12000,10000,20000,18054,53670,8299,17816,23637,0
Male,Graduate,Single,28,220000,205130,212060,225462,116915,116021,114001,9975,19254,0,8500,0,202085,206208,116915,107521,114001,1
Female,Graduate,Single,23,80000,80461,78259,66068,50748,51490,50626,37,2122,3600,1600,18,78222,63946,47148,49890,50608,1
Male,High School,Single,24,20000,12188,12904,14217,14360,16140,16287,1220,1533,676,2177,559,11684,12684,13684,13963,15728,1
Male,Graduate,Married,36,500000,25334,6834,2914,-341,38853,0,6867,2929,0,39194,0,-33,-15,-341,-341,0,0
Female,University,Married,48,100000,7828,7260,430,0,860,430,430,0,0,860,430,6830,430,0,0,0,0
Male,University,Married,39,150000,-7,4422,367,3287,0,0,4429,367,3691,0,0,-7,0,-404,0,0,0
Male,University,Single,27,360000,160317,163699,167112,170691,174289,178008,4700,4800,5000,5000,5200,158999,162312,165691,169289,172808,0
Female,University,Married,37,60000,57694,58656,59750,60602,53838,54609,2800,3000,2800,2100,2123,55856,56750,57802,51738,52486,0
Male,Graduate,Married,34,500000,1895,1086,740,0,1868,1883,1086,740,0,1868,1883,0,0,0,0,0,0
Female,Graduate,Single,27,270000,2016,1183,1307,800,4098,1181,2000,2500,0,4100,1200,-817,-1193,800,-2,-19,0
Female,University,Single,30,230000,74664,63540,66131,58430,72617,66787,3000,10000,10000,20145,11745,60540,56131,48430,52472,55042,0
Female,University,Single,33,160000,140225,140745,139923,140815,139935,138912,5211,5000,5000,5000,5000,135534,134923,135815,134935,133912,0
Male,Graduate,Single,26,20000,14554,15273,16616,16643,17372,18070,1260,1600,600,1000,1000,14013,15016,16043,16372,17070,0
Male,University,Married,34,230000,131887,133440,134272,136281,138687,118873,5005,5007,5000,5008,5000,128435,129265,131281,133679,113873,0
Female,High School,Single,23,50000,33239,33199,33757,23332,23782,16816,6010,5008,3013,5035,5001,27189,28749,20319,18747,11815,0
Female,University,Married,52,500000,7593,8660,0,30498,1174,0,8677,0,30498,1174,0,-17,0,0,0,0,0
Female,High School,Single,30,80000,71165,72123,76696,79659,80079,79657,2700,5800,4800,1800,1000,69423,70896,74859,78279,78657,0
Male,High School,Other,55,50000,45555,41372,41544,13007,16233,14952,1968,1843,434,5000,582,39404,39701,12573,11233,14370,1
Male,University,Single,29,20000,20832,20203,19946,19037,19233,14764,0,1289,491,2586,5000,20203,18657,18546,16647,9764,0
Female,Graduate,Married,40,200000,6549,9389,18475,1016,4934,7749,9421,14068,3,4948,7770,-32,4407,1013,-14,-21,0
Female,University,Married,44,100000,39000,40123,41217,42193,44722,44024,1900,1900,1800,3200,0,38223,39317,40393,41522,44024,0
Female,University,Married,44,390000,169658,173758,177722,180132,184420,188329,8000,8000,6500,7000,7200,165758,169722,173632,177420,181129,0
Male,University,Married,44,450000,3004,5938,3700,14327,14890,6687,5971,3712,14347,14903,6707,-33,-12,-20,-13,-20,0
Male,High School,Married,40,10000,7229,6968,8881,8594,8312,9241,0,2035,0,0,1069,6968,6846,8594,8312,8172,1
Male,University,Single,29,270000,18465,20987,17555,17803,1852,2044,3022,1000,2054,1857,2069,17965,16555,15749,-5,-25,0
Male,Graduate,Single,33,190000,137502,127014,120826,112211,110396,113386,6112,4202,4200,4200,5000,120902,116624,108011,106196,108386,0
Female,Graduate,Single,30,30000,32751,33804,31336,32389,33142,33999,1600,2000,1500,1200,1330,32204,29336,30889,31942,32669,0
Female,Graduate,Single,28,360000,23088,11628,8556,4578,4784,11938,12000,8598,4601,4808,11997,-372,-42,-23,-24,-59,0
Female,University,Single,28,50000,19969,27267,19833,24014,27429,29189,8000,3302,5000,6500,10000,19267,16531,19014,20929,19189,0
Female,Graduate,Married,41,240000,10839,16665,13039,9439,11378,13046,10000,3500,0,5000,5000,6665,9539,9439,6378,8046,0
Male,University,Single,26,150000,144614,146446,122634,74711,76532,76452,6700,3764,2700,3000,3000,139746,118870,72011,73532,73452,0
Male,University,Single,44,150000,143650,0,0,0,1000,0,0,0,0,1000,0,0,0,0,0,0,0
Male,University,Single,23,20000,17682,18595,19447,19312,17987,17822,1500,1500,1000,1000,1000,17095,17947,18312,16987,16822,0
Male,Graduate,Single,24,50000,390,0,672,-108,2830,0,0,672,0,2938,0,0,0,-108,-108,0,1
Female,University,Married,38,40000,38491,36881,37968,36155,36933,37666,3000,2000,1500,1500,1500,33881,35968,34655,35433,36166,0
Male,Graduate,Single,25,20000,16688,18427,17843,17259,17781,18034,2300,0,0,800,700,16127,17843,17259,16981,17334,1
Female,Graduate,Single,29,150000,0,0,0,0,0,0,0,0,0,0,0,0,0,0,0,0,0
Female,University,Married,48,50000,1079,7179,6478,7527,3060,1490,7651,0,7535,3060,1490,-472,6478,-8,0,0,0
Female,High School,Married,44,50000,-42,26267,26372,7490,5155,0,26309,26479,7490,5155,0,-42,-107,0,0,0,1
Male,University,Single,23,50000,2165,14796,20816,11804,1420,0,15000,20300,9500,1420,0,-204,516,2304,0,0,1
Male,High School,Single,24,50000,7198,8421,9202,9800,1000,0,1500,1000,598,1000,0,6921,8202,9202,0,0,1
Female,Graduate,Single,35,200000,75203,77949,74865,72766,70444,69003,4000,4000,5012,4000,3000,73949,70865,67754,66444,66003,0
Male,Graduate,Single,37,200000,157131,166590,168386,164182,169029,172084,13500,6000,0,7500,6000,153090,162386,164182,161529,166084,1
Female,High School,Married,38,120000,117738,120127,119719,118042,120682,120491,5820,5670,4250,4450,4470,114307,114049,113792,116232,116021,0
Male,University,Single,28,90000,18978,20675,23329,24940,24404,27227,2000,3000,2000,0,3400,18675,20329,22940,24404,23827,1
Female,Graduate,Single,24,30000,784,390,7480,0,1803,1023,390,7480,0,1803,0,0,0,0,0,1023,0
Male,Graduate,Single,29,70000,2343,14336,13155,3929,1953,967,15000,4000,4000,0,1000,-664,9155,-71,1953,-33,0
Female,University,Married,52,490000,2779,22595,755,7000,0,4341,22595,762,7000,0,4341,0,-7,0,0,0,0
Male,High School,Married,39,50000,2522,0,2866,1961,1261,2681,13196,2866,1961,1261,2681,-13196,0,0,0,0,0
Male,University,Married,55,320000,235477,216433,203354,117272,38591,28400,11000,8600,5000,1900,960,205433,194754,112272,36691,27440,0
Female,Graduate,Single,27,50000,12884,14382,13859,14032,14852,14464,2000,0,700,1200,0,12382,13859,13332,13652,14464,1
Female,Graduate,Single,25,140000,2229,15985,0,0,0,0,15980,0,0,0,0,5,0,0,0,0,1
Female,University,Single,49,500000,27891,8970,385228,391047,0,150,8982,385228,7821,0,150,-12,0,383226,0,0,0
Male,Graduate,Married,58,500000,7285,28390,13138,6653,7081,4651,28730,14587,28,7114,4672,-340,-1449,6625,-33,-21,0
Male,Graduate,Single,34,50000,48559,47008,15435,10235,9119,8237,2573,2000,500,459,500,44435,13435,9735,8660,7737,0
Male,High School,Married,31,170000,3062,112762,112880,111210,111525,112360,112000,6000,4500,4500,5000,762,106880,106710,107025,107360,0
Female,High School,Married,36,130000,23997,26733,26942,26210,27982,27383,3440,941,0,2197,0,23293,26001,26210,25785,27383,1
Female,High School,Single,27,150000,3081,7997,8710,9559,10401,11069,5000,1000,1000,1000,1000,2997,7710,8559,9401,10069,0
Female,Graduate,Single,25,50000,43875,45052,44938,40655,40930,40146,2200,2000,2000,2000,3000,42852,42938,38655,38930,37146,0
Male,Graduate,Married,48,410000,231152,238985,243779,250399,5194,-376,12000,10000,7250,5225,0,226985,233779,243149,-31,-376,0
Female,Other,Single,33,60000,52176,39107,39547,39555,40216,41039,2000,2000,1500,2000,2200,37107,37547,38055,38216,38839,0
Male,High School,Married,45,150000,29169,15000,15000,0,15000,0,1000,15000,0,15000,0,14000,0,0,0,0,0
Female,University,Married,43,260000,690,2500,0,0,0,0,2500,0,0,0,0,0,0,0,0,0,0
Male,Graduate,Married,40,230000,0,0,0,0,0,0,0,0,0,0,0,0,0,0,0,0,0
Male,University,Other,49,50000,24282,23470,23297,22546,19563,20227,1500,1500,2150,0,1000,21970,21797,20396,19563,19227,0
Female,Graduate,Single,23,230000,61580,62272,1462,622,1083,622,2862,1462,622,1083,622,59410,0,0,0,0,0
Female,Graduate,Married,44,280000,235635,197003,198808,187425,177340,180506,7665,6497,5555,5027,5065,189338,192311,181870,172313,175441,0
Male,University,Single,67,500000,4410,2662,2533,1821,2498,3622,2681,2547,1826,2505,3630,-19,-14,-5,-7,-8,0
Male,University,Married,38,30000,29723,30428,26558,27265,27953,28456,2000,2000,1500,1500,1500,28428,24558,25765,26453,26956,0
Female,University,Married,31,330000,298644,297005,303257,302905,304151,299959,13000,13000,11000,11100,11000,284005,290257,291905,293051,288959,0
Male,Graduate,Married,50,180000,181624,182765,180769,141352,142078,141695,9021,6126,4856,4990,5133,173744,174643,136496,137088,136562,0
Male,University,Single,47,30000,29774,30797,29216,29681,29321,28068,1800,0,1200,1000,1046,28997,29216,28481,28321,27022,1
Male,Graduate,Single,36,200000,1801,9483,60571,57990,9568,82,9556,60025,5032,5054,5000,-73,546,52958,4514,-4918,0
Female,High School,Married,41,80000,52456,20925,15115,12465,6925,6049,11500,3000,4000,1260,6100,9425,12115,8465,5665,-51,0
Male,University,Single,25,80000,31780,33261,34703,36125,38374,39382,2000,2000,2000,3000,1800,31261,32703,34125,35374,37582,1
Female,Graduate,Single,27,100000,3904,398,931,5983,2010,1413,400,931,5983,2010,1413,-2,0,0,0,0,0
Male,Graduate,Married,54,300000,0,0,0,0,0,0,0,0,0,0,0,0,0,0,0,0,0
Female,Graduate,Married,58,240000,0,222,1900,0,0,5435,222,1900,0,0,5435,0,0,0,0,0,1
Female,University,Married,49,50000,12515,9115,1198,198,1198,11198,9115,1198,198,1198,11198,0,0,0,0,0,1
Female,High School,Married,50,50000,35415,38940,36319,22538,23013,23465,6960,0,1000,1000,1000,31980,36319,21538,22013,22465,0
Male,University,Married,42,100000,17565,19700,18306,18239,17053,16753,3183,0,1274,0,754,16517,18306,16965,17053,15999,0
Male,High School,Single,40,110000,84965,85007,84965,79625,79370,81134,3280,2913,2790,2851,3053,81727,82052,76835,76519,78081,0
Female,University,Married,40,180000,23820,22749,21221,18190,17919,18402,2005,2000,2004,2500,3000,20744,19221,16186,15419,15402,0
Female,University,Single,26,140000,140881,136889,140615,78486,48476,50509,8140,8000,4000,1917,3000,128749,132615,74486,46559,47509,0
Male,University,Single,28,80000,77701,19577,22033,57522,58939,60790,2000,2800,36000,2500,3000,17577,19233,21522,56439,57790,0
Female,Graduate,Single,26,90000,17018,3692,5037,5899,4129,17246,3692,5037,5899,4129,17246,0,0,0,0,0,0
Male,High School,Married,45,90000,37681,27664,18037,1696,-4,2889,1519,5035,6700,0,2893,26145,13002,-5004,-4,-4,1
Female,University,Single,41,240000,188983,190556,189914,190434,179424,183299,7106,12014,6075,5900,5900,183450,177900,184359,173524,177399,0
Male,Graduate,Married,41,150000,-200,-200,1600,5431,0,0,0,1800,5431,0,0,-200,-200,0,0,0,0
Female,Graduate,Single,33,240000,153062,156122,159998,161434,163403,167230,7000,8000,7000,6000,8000,149122,151998,154434,157403,159230,0
Male,High School,Single,34,80000,78562,56877,57761,58707,56220,60463,2100,2100,2100,2100,5500,54777,55661,56607,54120,54963,0
Female,University,Married,42,110000,28383,27653,29003,29447,27701,28285,0,2000,1000,0,1000,27653,27003,28447,27701,27285,0
Female,University,Single,39,120000,22033,24067,24372,24670,25617,26535,2400,1000,1000,1500,1500,21667,23372,23670,24117,25035,0
Female,University,Married,42,360000,18186,7954,11609,10070,5079,4086,9548,11624,10070,5079,4086,-1594,-15,0,0,0,0
Male,Other,Single,30,150000,175348,153679,110237,46972,29045,20105,9304,2921,15000,1137,600,144375,107316,31972,27908,19505,0
Male,Graduate,Married,53,80000,2783,1108,21400,21000,21000,0,1200,21000,0,0,0,-92,400,21000,21000,0,0
Male,University,Married,47,140000,192182,187720,189659,185477,189351,193122,0,6500,0,6497,6536,187720,183159,185477,182854,186586,1
Male,University,Married,40,50000,15090,16421,17144,17636,17850,18212,1577,1300,777,647,658,14844,15844,16859,17203,17554,0
Female,High School,Married,36,20000,17216,17541,18300,19100,2200,0,900,1200,1000,100,0,16641,17100,18100,2100,0,0
Female,Graduate,Married,29,240000,21409,17833,194043,194991,192800,178318,1000,194043,6530,7000,7000,16833,0,188461,185800,171318,0
Male,Graduate,Single,49,50000,47754,48648,8868,9044,9234,9418,2280,1500,323,335,337,46368,7368,8721,8899,9081,0
Male,Graduate,Married,57,380000,319243,357782,374313,371566,362232,352161,150039,30031,27403,15168,35235,207743,344282,344163,347064,316926,0
Male,University,Single,49,30000,1659,1473,390,390,390,1320,1473,390,390,390,1320,0,0,0,0,0,0
Female,University,Married,31,50000,23781,24900,25098,24396,25310,25740,1800,900,0,1310,1000,23100,24198,24396,24000,24740,0
Female,University,Married,36,160000,2511,2242,6109,2500,2689,0,2242,6745,2500,2689,0,0,-636,0,0,0,1
Male,University,Other,53,50000,49170,49446,36445,24788,24967,28652,2009,2500,1000,1500,28939,47437,33945,23788,23467,-287,0
Female,High School,Single,31,80000,34620,35759,40020,40766,39982,44621,2000,5200,1700,0,5500,33759,34820,39066,39982,39121,0
Female,University,Single,28,70000,70736,72014,72215,70779,62525,71427,3000,2200,0,3000,10000,69014,70015,70779,59525,61427,1
Male,Graduate,Single,29,200000,187889,190967,195622,126281,128702,131001,8000,8000,5000,5000,5000,182967,187622,121281,123702,126001,0
Female,High School,Married,28,100000,110946,106423,101256,48876,28468,3875,0,0,0,1603,3875,106423,101256,48876,26865,0,1
Male,University,Single,38,180000,21564,20939,22182,12382,-18,-18,0,2100,200,0,0,20939,20082,12182,-18,-18,1
Male,High School,Married,53,360000,45421,68526,47416,48811,193712,80601,68536,47427,48846,193712,80601,-10,-11,-35,0,0,0
Male,Graduate,Single,39,230000,834,-150,517,53,603,10141,0,667,0,700,10200,-150,-150,53,-97,-59,0
Female,University,Married,48,190000,210612,206806,203803,167103,163528,162555,7496,9144,5972,5858,6174,199310,194659,161131,157670,156381,0
Male,Graduate,Single,32,260000,122423,123006,122956,123709,120603,122674,5940,6000,4500,4500,4546,117066,116956,119209,116103,118128,0
Female,University,Single,25,30000,4471,5747,5509,6260,7654,8522,1500,0,1000,1500,1000,4247,5509,5260,6154,7522,0
Female,High School,Single,25,150000,0,0,0,900,0,583,0,0,900,0,583,0,0,0,0,0,0
Female,University,Single,34,80000,0,7400,-600,-600,-600,-600,7400,0,0,0,0,0,-600,-600,-600,-600,0
Male,University,Married,37,80000,81562,56352,29582,28852,29464,28688,11,3500,0,1033,1502,56341,26082,28852,28431,27186,1
Female,High School,Married,43,180000,1242,0,0,0,0,0,0,0,0,0,0,0,0,0,0,0,0
Female,Graduate,Single,33,350000,-2,-2,-2,-2,-2,-2,0,0,0,0,0,-2,-2,-2,-2,-2,0
Female,High School,Married,30,200000,1120,1100,740,740,890,740,1100,0,740,890,740,0,740,0,0,0,0
Male,University,Single,27,140000,24050,68059,62503,61129,59089,58160,50000,3000,4000,5000,4000,18059,59503,57129,54089,54160,0
Male,Graduate,Single,25,20000,2652,3127,1500,0,0,0,1200,1500,0,0,0,1927,0,0,0,0,1
Female,High School,Other,55,20000,18558,20358,19743,19128,20560,20082,2400,0,0,1744,0,17958,19743,19128,18816,20082,1
Male,Graduate,Single,37,220000,34339,35075,32355,31573,51279,53590,1294,2000,2000,30000,3000,33781,30355,29573,21279,50590,0
Female,Graduate,Single,36,290000,170422,173840,169476,177186,161057,163338,7594,0,12000,0,6818,166246,169476,165186,161057,156520,1
Female,High School,Married,40,80000,29676,30707,31721,32350,33031,33926,1513,1527,1156,1200,1445,29194,30194,31194,31831,32481,0
Female,University,Married,48,16000,4577,4358,5366,5473,5750,6995,0,1089,196,365,1500,4358,4277,5277,5385,5495,0
Female,University,Married,33,100000,82308,83994,85688,86643,88280,90054,3261,3307,2581,2502,2525,80733,82381,84062,85778,87529,0
Female,University,Married,37,390000,200612,202794,191419,81360,66864,66729,8315,6839,3000,2348,2401,194479,184580,78360,64516,64328,0
Female,Graduate,Single,35,550000,83707,49676,49196,37784,35317,7433,3023,5070,3017,7148,2037,46653,44126,34767,28169,5396,0
Female,University,Single,31,80000,81358,69913,71541,72541,54061,55136,3126,3391,3000,2000,1974,66787,68150,69541,52061,53162,0
Female,University,Married,39,150000,12365,58266,40921,24053,25856,77913,53444,20144,14182,16819,78287,4822,20777,9871,9037,-374,0
Female,University,Married,27,20000,7286,2160,780,0,0,0,1006,780,0,0,0,1154,0,0,0,0,0
Female,University,Single,21,20000,20000,1685,0,0,0,0,1685,0,0,0,0,0,0,0,0,0,0
Female,High School,Single,29,100000,2038,11383,1661,1891,3681,870,11386,1665,1894,3689,870,-3,-4,-3,-8,0,0
Male,High School,Single,28,30000,300,300,300,300,1300,1150,0,0,0,1000,150,300,300,300,300,1000,1
Female,High School,Married,47,80000,33590,34524,34038,33231,33440,5513,2079,1200,0,816,365,32445,32838,33231,32624,5148,0
Male,Graduate,Single,33,30000,27274,25744,27504,26987,26927,25553,0,3000,1000,1300,0,25744,24504,25987,25627,25553,1
Male,High School,Single,23,140000,390,390,390,1434,1309,540,390,390,1434,1309,540,0,0,0,0,0,0
Male,University,Single,32,200000,180461,171839,173325,153953,144206,143178,8300,10000,6000,6000,6000,163539,163325,147953,138206,137178,0
Male,Graduate,Single,41,290000,255049,247090,242309,238609,238712,237847,9006,8507,10902,8600,8671,238084,233802,227707,230112,229176,0
Male,University,Single,23,50000,96234,44882,1270,880,390,390,1052,1270,0,0,390,43830,0,880,390,0,0
Female,Graduate,Single,28,260000,0,0,355,2165,2165,0,0,355,2835,335,335,0,0,-670,1830,-335,0
Male,University,Married,24,60000,24608,18686,18571,18118,16179,12919,1400,1500,1295,3655,330,17286,17071,16823,12524,12589,0
Male,Graduate,Married,34,280000,212968,312960,373419,232919,228387,235187,237000,150000,10000,150000,10572,75960,223419,222919,78387,224615,0
Female,Graduate,Single,36,100000,10672,11025,5791,3623,5554,5309,2355,0,500,2000,0,8670,5791,3123,3554,5309,0
Female,High School,Married,48,290000,284990,274764,225000,16635,15000,47143,10000,25000,16635,15000,47143,264764,200000,0,0,0,0
Male,High School,Married,49,50000,10644,12163,14147,13626,15194,16929,2000,2500,0,2000,2000,10163,11647,13626,13194,14929,0
Male,Graduate,Single,66,150000,131027,135519,147692,149166,151934,137885,6600,16200,5200,5110,0,128919,131492,143966,146824,137885,0
Female,Graduate,Married,39,390000,48417,15530,112316,114797,131601,130295,2000,97472,4000,20000,31667,13530,14844,110797,111601,98628,0
Female,University,Married,44,180000,161186,167080,170788,174764,162667,166953,10000,8000,7000,6000,7000,157080,162788,167764,156667,159953,0
Female,University,Married,55,290000,0,166,2462,-150,1134,777,166,2462,150,1833,0,0,0,-300,-699,777,1
Male,University,Single,34,180000,22387,23453,20171,20245,20769,23770,1500,1500,1000,1000,3490,21953,18671,19245,19769,20280,0
Female,Graduate,Single,31,80000,14401,4374,15020,4233,5934,158,4374,15037,4233,6092,0,0,-17,0,-158,158,0
Female,Graduate,Married,42,450000,72517,0,6281,3446,6157,0,0,6281,3446,6157,0,0,0,0,0,0,0
Male,University,Single,37,20000,20009,20602,21255,19105,19609,19283,1700,1600,1200,1000,900,18902,19655,17905,18609,18383,0
Male,Graduate,Single,25,80000,31443,26358,20050,10850,4204,0,1800,1621,0,0,0,24558,18429,10850,4204,0,0
Female,University,Single,36,100000,87656,90341,92244,93316,95158,97776,5000,4300,3500,3500,4200,85341,87944,89816,91658,93576,0
Male,High School,Married,39,70000,58665,55845,55362,39615,40477,43295,6852,2010,1500,1500,3500,48993,53352,38115,38977,39795,0
Male,High School,Married,49,330000,217148,218414,216225,181352,181172,179835,7849,7919,6198,6525,6523,210565,208306,175154,174647,173312,0
Male,Graduate,Single,30,200000,1488,2493,5261,993,2494,3890,2505,5268,996,2501,3896,-12,-7,-3,-7,-6,0
Male,Graduate,Single,36,30000,27748,24640,51026,27400,26823,28621,1500,1500,4200,0,2252,23140,49526,23200,26823,26369,0
Female,High School,Married,69,200000,2500,2500,2500,2500,0,0,0,0,0,0,0,2500,2500,2500,0,0,1
Female,Graduate,Single,27,80000,5060,0,3885,0,0,0,0,3885,0,0,0,0,0,0,0,0,0
Female,Graduate,Single,40,340000,68616,6691,10961,8722,4776,2812,7355,10012,8740,4776,0,-664,949,-18,0,2812,0
Female,University,Single,56,20000,17091,17596,15524,14807,13667,16271,3000,3006,3506,3500,7011,14596,12518,11301,10167,9260,1
Female,Graduate,Single,29,130000,126509,109944,105049,68154,67397,61764,6000,6000,5000,2500,3000,103944,99049,63154,64897,58764,0
Male,Graduate,Single,31,400000,115506,123607,140859,157131,126146,115529,10000,20009,20146,68,5109,113607,120850,136985,126078,110420,0
Female,University,Married,29,200000,34391,26945,26349,26925,27841,29368,1507,1427,1003,2000,2000,25438,24922,25922,25841,27368,0
Female,University,Married,47,80000,4762,3235,1970,0,0,0,1000,1970,0,0,0,2235,0,0,0,0,0
Male,High School,Married,39,50000,26979,21029,18765,19145,19229,19026,1328,1298,678,687,691,19701,17467,18467,18542,18335,0
Female,Graduate,Single,25,30000,19783,20959,22269,22601,23085,23646,1500,1668,1000,1000,944,19459,20601,21601,22085,22702,0
Female,University,Single,22,70000,31377,31420,30940,24765,25942,27073,6000,1125,1300,3000,2500,25420,29815,23465,22942,24573,0
Male,Graduate,Single,33,500000,3933,5924,39167,4683,7222,35746,5954,39373,4706,7259,35924,-30,-206,-23,-37,-178,0
Male,Graduate,Single,27,80000,6544,4924,1990,0,0,4350,4924,1990,0,0,4350,0,0,0,0,0,0
Male,University,Married,40,120000,94166,73086,62511,36996,30311,26414,3500,2347,5000,3000,2000,69586,60164,31996,27311,24414,0
Male,Graduate,Married,33,390000,17794,23518,28139,32711,36215,40650,6000,5000,5000,4000,5000,17518,23139,27711,32215,35650,0
Male,High School,Married,52,30000,28889,30050,29797,18464,12235,0,2002,1025,1230,1042,0,28048,28772,17234,11193,0,0
Female,Graduate,Single,30,70000,6749,64626,47161,27534,26660,27022,64626,3000,0,946,1424,0,44161,27534,25714,25598,0
Male,High School,Single,39,140000,115940,100572,10776,10776,1059,0,10000,1000,0,1059,0,90572,9776,10776,0,0,0
Female,University,Married,27,30000,52636,27761,28791,29078,30125,8941,3164,1615,902,1374,767,24597,27176,28176,28751,8174,0
Female,University,Single,25,190000,0,0,2251,2251,497,7681,0,2251,0,600,9289,0,0,2251,-103,-1608,0
Male,Graduate,Single,33,270000,117705,123812,125284,126708,134352,108585,8000,5000,5000,10000,5000,115812,120284,121708,124352,103585,0
Male,Graduate,Single,35,290000,184910,118701,97606,76053,53994,31812,4166,3400,2588,1696,1113,114535,94206,73465,52298,30699,1
Male,University,Single,29,50000,1972,2524,0,0,0,0,2500,0,0,0,0,24,0,0,0,0,1
Female,Graduate,Married,41,200000,30689,31895,32808,28298,26538,24645,5003,5000,5000,2000,5000,26892,27808,23298,24538,19645,0
Female,University,Single,24,30000,5807,7153,7877,8591,10302,10006,1600,1000,1000,2000,0,5553,6877,7591,8302,10006,0
Male,University,Married,29,150000,46625,66174,81085,75300,77276,64065,30151,40104,10013,5083,1819,36023,40981,65287,72193,62246,0
Female,High School,Single,48,30000,2946,0,390,390,390,0,0,390,390,390,0,0,0,0,0,0,1
Male,Graduate,Married,34,500000,33348,90852,42389,19238,34750,21464,90889,42398,19244,34750,21464,-37,-9,-6,0,0,0
Female,Graduate,Single,23,20000,17229,17591,17750,17175,18716,18782,1300,2180,0,1818,1000,16291,15570,17175,16898,17782,0
Male,High School,Married,29,50000,22446,21799,23130,24432,26862,29244,0,1698,2000,3000,3000,21799,21432,22432,23862,26244,0
Male,University,Single,30,280000,110550,113877,115223,116930,112607,95949,6600,4700,5100,0,4200,107277,110523,111830,112607,91749,0
Male,High School,Single,24,80000,0,832,416,416,416,416,1248,416,416,416,416,-416,0,0,0,0,0
Male,Graduate,Single,27,200000,0,0,6331,6460,630,500,0,6331,129,630,500,0,0,6331,0,0,0
Female,High School,Married,60,30000,27331,27171,28491,28091,28664,0,2000,2000,0,573,0,25171,26491,28091,28091,0,0
Female,University,Married,24,30000,22280,23671,24233,22893,3332,3400,1748,1310,490,67,68,21923,22923,22403,3265,3332,0
Female,University,Married,35,380000,2661,2022,1823,1823,1823,1198,2022,1823,1823,1823,1198,0,0,0,0,0,0
Female,University,Single,26,260000,164351,164244,158124,62373,746,-45734,7000,5115,2000,746,5025,157244,153009,60373,0,-50759,0
Male,University,Single,22,50000,50043,98450,48689,19773,19931,19237,1000,2000,900,900,1000,97450,46689,18873,19031,18237,0
Male,High School,Married,53,90000,99905,87296,90388,56087,27055,22320,3763,5150,1100,977,1202,83533,85238,54987,26078,21118,0
Male,University,Married,40,20000,15919,16939,16374,16604,16837,17357,1570,0,800,650,800,15369,16374,15804,16187,16557,0
Male,University,Single,27,10000,-2000,2475,4428,6368,9046,10000,4475,2000,2000,2780,2000,-2000,2428,4368,6266,8000,0
Female,University,Married,44,400000,0,0,1228,3405,961,-251,0,1228,3405,961,0,0,0,0,0,-251,0
Female,Graduate,Single,32,300000,2081,1925,1656,1756,1776,3414,1925,1656,1756,1776,3414,0,0,0,0,0,0
Female,Other,Married,25,150000,1072,963,3271,16741,8230,6517,1321,3271,16741,0,3885,-358,0,0,8230,2632,0
Female,University,Single,33,50000,51444,52607,48083,30205,29747,30042,2000,1500,1690,1200,1200,50607,46583,28515,28547,28842,0
Female,University,Single,25,100000,101827,99365,100349,72391,72396,72668,0,3927,2700,2800,3000,99365,96422,69691,69596,69668,1
Female,University,Married,38,150000,0,0,0,0,0,150,0,0,0,0,150,0,0,0,0,0,1
Male,University,Single,34,110000,111576,102942,99241,73151,64731,66025,4100,3680,2511,2350,2370,98842,95561,70640,62381,63655,0
Female,University,Single,28,100000,106750,76374,68584,66901,63261,64409,3004,47000,2540,3000,3000,73370,21584,64361,60261,61409,0
Male,University,Married,33,50000,21460,12570,13530,14876,14157,18888,1300,1200,5000,1000,5000,11270,12330,9876,13157,13888,1
Male,Graduate,Single,29,80000,6228,589,390,390,390,383,589,390,390,390,383,0,0,0,0,0,0
Female,Graduate,Single,25,210000,4576,1837,141555,140550,153587,153278,1837,141555,4272,20150,6000,0,0,136278,133437,147278,0
Female,High School,Married,60,140000,137730,137498,137187,136807,136631,136080,4990,4975,4897,5029,4792,132508,132212,131910,131602,131288,1
Female,Graduate,Married,43,240000,8862,3220,0,0,0,0,3220,0,0,0,0,0,0,0,0,0,0
Female,University,Single,36,110000,48120,44723,37745,34519,29541,42400,5000,2000,2000,2000,16468,39723,35745,32519,27541,25932,0
Female,High School,Single,48,100000,2422,894,0,0,1639,923,894,0,0,1639,923,0,0,0,0,0,0
Male,University,Married,24,50000,17961,18689,19284,19517,19193,18848,1700,1600,1200,1000,1000,16989,17684,18317,18193,17848,0
Female,University,Married,35,90000,82164,77060,76589,62892,58326,59491,2926,3571,2381,2083,2100,74134,73018,60511,56243,57391,0
Male,Graduate,Single,33,150000,26739,32939,34300,35100,-1200,-1200,7000,2500,1000,0,0,25939,31800,34100,-1200,-1200,0
Female,University,Married,30,100000,29778,30678,31154,31625,31059,33123,1600,1200,1200,0,2500,29078,29954,30425,31059,30623,1
Female,University,Married,62,140000,142250,142172,141738,141524,141845,142150,5200,5100,5000,5200,5100,136972,136638,136524,136645,137050,0
Female,Graduate,Single,33,230000,172567,174987,133263,114889,117139,120252,7000,6000,4500,4000,5000,167987,127263,110389,113139,115252,0
Female,University,Single,25,20000,19223,18206,19195,38040,20009,20138,1293,1397,836,1653,565,16913,17798,37204,18356,19573,1
Female,High School,Single,38,230000,14887,23751,52698,101007,103598,150430,10000,30000,50000,4691,50000,13751,22698,51007,98907,100430,0
Male,University,Single,26,150000,3627,0,0,0,0,0,0,0,0,0,0,0,0,0,0,0,1
Male,University,Single,24,20000,10534,8864,6741,3820,16945,17509,1300,1305,500,13500,1000,7564,5436,3320,3445,16509,0
Female,High School,Married,35,120000,27666,28036,29555,28458,29129,29700,1500,2000,1000,1500,1500,26536,27555,27458,27629,28200,0
Female,High School,Married,58,30000,24921,26225,25502,28588,27616,27903,2000,0,3509,0,1128,24225,25502,25079,27616,26775,1
Male,Graduate,Married,42,220000,59932,57477,54788,54468,51920,49016,0,2421,1964,2000,2000,57477,52367,52504,49920,47016,0
Male,Graduate,Married,41,250000,9146,10906,4614,28790,4418,10676,10957,4614,28796,4418,10676,-51,0,-6,0,0,0
Male,University,Married,34,80000,11460,16000,0,0,0,0,5000,0,0,0,0,11000,0,0,0,0,0
Male,Graduate,Single,22,60000,57392,60254,58971,29137,29900,30069,4400,304,1100,1216,1300,55854,58667,28037,28684,28769,0
Female,University,Married,37,130000,0,0,306,3670,1473,5555,0,306,3670,1473,5555,0,0,0,0,0,0
Male,High School,Married,43,400000,145801,134269,100229,57583,8556,316,6100,26621,6600,406,316,128169,73608,50983,8150,0,0
Female,University,Single,28,150000,103227,105462,109160,109859,112314,114614,3900,5450,4000,4227,4321,101562,103710,105859,108087,110293,0
Female,High School,Married,58,230000,316,316,2310,316,316,316,316,2310,316,316,316,0,0,0,0,0,1
Female,High School,Single,24,70000,75894,70947,59783,18965,15936,1518,10004,3012,1000,1000,1518,60943,56771,17965,14936,0,0
Female,University,Married,39,50000,47407,37716,30873,24659,15849,8540,2039,1400,1612,0,0,35677,29473,23047,15849,8540,0
Female,Graduate,Married,38,90000,380,2132,0,1066,1752,569,2132,0,1066,1752,569,0,0,0,0,0,0
Female,High School,Single,49,30000,27838,30715,29322,28015,28610,28884,3330,0,1148,1195,910,27385,29322,26867,27415,27974,0
Male,University,Married,49,30000,26319,27404,27769,28227,28642,28042,1800,1100,1200,1000,0,25604,26669,27027,27642,28042,0
Female,Graduate,Single,26,250000,1245,712,0,0,0,0,712,0,0,0,0,0,0,0,0,0,0
Female,University,Single,23,30000,-1,604,0,0,0,359,605,0,0,0,359,-1,0,0,0,0,0
Female,University,Married,27,150000,929,0,0,0,0,0,0,0,0,0,0,0,0,0,0,0,0
Female,Graduate,Single,48,400000,24478,10841,53336,25017,16039,38994,10846,53383,16044,0,39727,-5,-47,8973,16039,-733,0
Female,University,Married,52,30000,20533,20819,21990,15525,25242,0,2000,2000,5000,25242,0,18819,19990,10525,0,0,1
Female,Graduate,Single,50,270000,3095,2340,0,1250,2250,178,2340,0,1250,1000,178,0,0,0,1250,0,0
Male,High School,Married,37,360000,303,0,0,0,0,860,0,0,0,0,860,0,0,0,0,0,0
Female,University,Married,23,80000,82628,134880,67325,68652,70388,76743,2500,2404,3000,2800,7700,132380,64921,65652,67588,69043,1
Female,University,Single,33,70000,14320,15383,16318,17048,18772,18320,1600,1500,1000,2000,0,13783,14818,16048,16772,18320,0
Female,Graduate,Single,29,50000,41897,17304,16544,14787,15975,17098,4000,2000,3000,3000,3000,13304,14544,11787,12975,14098,0
Female,University,Single,38,220000,142846,146533,151098,153094,156295,151840,6000,7000,6000,6000,10000,140533,144098,147094,150295,141840,0
Male,University,Single,29,70000,56626,58512,61926,60332,61658,65561,2800,5000,0,2300,4950,55712,56926,60332,59358,60611,1
Female,Graduate,Married,39,340000,250571,251917,256908,260462,265927,271766,9125,11750,9325,9665,10274,242792,245158,251137,256262,261492,0
Female,High School,Married,43,20000,390,0,780,390,390,0,0,1170,0,390,0,0,-390,390,0,0,0
Female,University,Single,32,300000,139578,123041,110751,99222,83859,72220,6000,4500,3500,3000,3000,117041,106251,95722,80859,69220,0
Female,Graduate,Single,29,180000,0,0,432,0,0,0,0,432,0,0,0,0,0,0,0,0,0
Male,University,Single,33,60000,-64,-64,-64,-64,-64,16759,0,0,0,0,17000,-64,-64,-64,-64,-241,0
Female,University,Single,27,160000,157818,161308,162923,161481,155819,168283,7500,5800,5700,0,18100,153808,157123,155781,155819,150183,1
Male,University,Single,37,50000,50148,50522,50073,49130,48658,0,2064,2005,1367,1700,0,48458,48068,47763,46958,0,0
Female,Graduate,Married,38,100000,1669,710,1824,1968,0,640,710,1824,1968,0,640,0,0,0,0,0,0
Female,High School,Married,48,60000,2970,430,430,717,430,4171,430,430,717,430,4171,0,0,0,0,0,0
Male,University,Single,23,30000,26725,28289,29489,30237,30504,29771,2000,2000,1502,1112,1100,26289,27489,28735,29392,28671,0
Female,University,Single,33,500000,13284,17262,81198,40049,54258,59569,17311,81938,40060,30000,20000,-49,-740,-11,24258,39569,0
Female,University,Married,35,20000,18126,19174,20095,18583,19313,36046,1347,1268,1000,1000,1000,17827,18827,17583,18313,35046,0
Female,University,Single,23,50000,35131,6559,836,836,836,3300,5582,836,836,836,3300,977,0,0,0,0,0
Female,University,Married,35,180000,174635,173281,175102,134494,135881,124651,8155,8199,4960,5404,4686,165126,166903,129534,130477,119965,0
Female,University,Single,23,90000,19204,12681,14155,14916,15673,17404,2000,2000,1000,1000,2000,10681,12155,13916,14673,15404,0
Female,University,Married,33,150000,37794,39240,40653,41249,42356,43278,2000,2000,1500,1700,1700,37240,38653,39749,40656,41578,0
Male,University,Married,44,30000,30003,30470,30147,26030,0,0,1643,1420,913,700,0,28827,28727,25117,-700,0,0
Male,High School,Single,45,130000,13513,11800,2522,1261,390,390,1000,2522,0,390,390,10800,0,1261,0,0,0
Female,High School,Married,39,80000,0,0,0,0,0,0,0,0,0,0,0,0,0,0,0,0,0
Female,University,Married,33,210000,206409,198390,200035,96882,99087,101427,8546,7542,11538,3735,4129,189844,192493,85344,95352,97298,0
Female,Graduate,Single,39,530000,439330,407763,364298,345867,346676,352736,17045,14089,11962,11763,12557,390718,350209,333905,334913,340179,0
Male,University,Married,51,360000,3551,3348,2504,1878,1252,626,0,0,0,0,0,3348,2504,1878,1252,626,1
Female,University,Single,36,140000,134183,136457,97395,99249,77188,71675,8144,6812,5036,3000,15000,128313,90583,94213,74188,56675,0
Female,University,Married,24,20000,19618,17576,18266,18637,19028,14924,1451,1141,512,533,1000,16125,17125,18125,18495,13924,0
Female,Graduate,Married,40,200000,316,316,316,316,316,316,316,316,316,316,316,0,0,0,0,0,0
Female,University,Single,25,40000,39092,39816,40817,39082,38091,40159,1967,3300,0,1400,3100,37849,37517,39082,36691,37059,1
Male,High School,Single,27,200000,60225,61040,32298,31046,21581,16001,4119,5000,3037,3025,3035,56921,27298,28009,18556,12966,0
Male,Other,Single,34,90000,101023,97045,102372,100794,98277,96735,3580,13000,7000,6000,7000,93465,89372,93794,92277,89735,0
Male,University,Married,45,410000,278405,285415,279484,274639,281158,288051,13000,10515,9884,11000,11425,272415,268969,264755,270158,276626,0
Female,High School,Single,42,170000,77795,66420,83733,89389,97696,101063,5000,20000,8000,10000,5000,61420,63733,81389,87696,96063,0
Female,Graduate,Married,37,230000,89299,90714,86954,76098,76501,64763,5000,5000,3000,4000,5000,85714,81954,73098,72501,59763,0
Female,University,Single,42,210000,1631,1024,1520,916,586,1466,1024,1520,0,586,1466,0,0,916,0,0,0
Male,University,Single,29,200000,7468,34399,36792,49648,33498,30895,30035,10008,15011,5010,153,4364,26784,34637,28488,30742,0
Female,Graduate,Single,25,50000,43099,42133,43127,44210,45844,49869,0,2000,1800,2500,5500,42133,41127,42410,43344,44369,0
Male,University,Single,42,130000,83521,84373,86004,87718,90720,87851,3087,3059,3080,4355,3323,81286,82945,84638,86365,84528,0
Male,University,Single,34,210000,24708,21544,41616,34833,17628,2400,1995,21067,14492,17680,2407,19549,20549,20341,-52,-7,0
Female,University,Single,42,130000,42946,43969,44975,45723,46515,47450,1676,1682,1430,1318,1331,42293,43293,44293,45197,46119,0
Female,University,Single,41,80000,66053,67397,68193,69465,70545,72233,3000,2500,3000,2500,3000,64397,65693,66465,68045,69233,0
Female,University,Married,49,360000,15000,0,0,0,0,0,0,0,0,0,0,0,0,0,0,0,0
Male,Graduate,Married,42,500000,9615,9996,177741,163299,159110,135658,1054,177080,4425,5666,4825,8942,661,158874,153444,130833,0
Female,University,Married,53,60000,390,390,390,390,540,390,390,390,390,540,390,0,0,0,0,0,1
Female,University,Single,26,160000,8218,4450,3291,1623,905,0,1216,1000,32,905,0,3234,2291,1591,0,0,0
Female,University,Single,22,50000,47076,48628,48524,8411,8587,8758,2617,2463,350,311,313,46011,46061,8061,8276,8445,1
Male,High School,Married,33,50000,19374,17772,20090,19052,19601,16460,1346,2664,1261,782,606,16426,17426,17791,18819,15854,0
Male,Graduate,Single,36,360000,256324,246283,211725,49064,19272,18609,12009,9530,2116,9291,18718,234274,202195,46948,9981,-109,0
Female,University,Single,38,30000,0,0,0,239,89,589,0,0,239,0,500,0,0,0,89,89,0
Female,University,Single,27,20000,226,226,4294,2863,1583,1320,0,4294,0,0,150,226,0,2863,1583,1170,0
Female,Graduate,Married,32,360000,37736,28746,19783,17738,1262,382,1174,1100,396,1266,9,27572,18683,17342,-4,373,1
Female,Graduate,Single,28,50000,6608,4571,6260,6760,4762,5684,2000,2000,500,2000,2000,2571,4260,6260,2762,3684,0
Female,Graduate,Married,43,460000,7677,21748,4032,23724,12972,11111,21958,4052,23862,13036,11167,-210,-20,-138,-64,-56,0
Male,University,Single,24,20000,19318,18735,20905,20270,19409,19954,0,2480,0,1000,1035,18735,18425,20270,18409,18919,0
Male,University,Married,39,330000,-208,208,125755,128671,132598,136229,416,125755,5000,6000,6000,-208,0,123671,126598,130229,0
Female,High School,Married,29,200000,0,0,1000,34614,749,0,0,1000,34614,749,0,0,0,0,0,0,0
Female,University,Married,38,50000,50965,50956,50603,49788,37353,0,1101,1500,39,1280,0,49855,49103,49749,36073,0,1
Female,University,Married,24,50000,7052,2105,7358,2912,2881,553,2003,7000,2900,2500,400,102,358,12,381,153,0
Male,University,Single,24,50000,-22,834,-639,1559,-205,613,3000,0,3000,0,2000,-2166,-639,-1441,-205,-1387,0
Female,University,Married,42,270000,1138,11899,5794,19857,3681,3188,11921,329,20218,3699,3204,-22,5465,-361,-18,-16,0
Female,University,Married,33,200000,7770,3266,200,15845,15845,-39,5846,200,15845,0,0,-2580,0,0,15845,-39,0
Female,University,Single,28,300000,199801,121321,94524,86637,78939,70689,5017,3200,3500,3000,3000,116304,91324,83137,75939,67689,0
Female,Graduate,Single,26,50000,-1,-1,-1,-1,349,350,0,0,0,350,351,-1,-1,-1,-1,-1,0
Female,High School,Married,55,250000,296963,237684,178151,180993,155516,125063,8000,7400,9700,5100,4500,229684,170751,171293,150416,120563,1
Male,Graduate,Single,33,400000,201800,205150,0,0,0,91057,9150,0,0,0,91057,196000,0,0,0,0,0
Female,Graduate,Single,27,360000,119138,100553,96679,79703,71682,24230,20006,25006,20200,40000,0,80547,71673,59503,31682,24230,0
Female,University,Married,29,120000,122842,123704,123291,121242,121403,121863,6500,6100,4603,4774,9000,117204,117191,116639,116629,112863,1
Female,University,Married,49,50000,19169,20195,21207,21628,22233,22519,1341,1353,774,953,805,18854,19854,20854,21280,21714,1
Female,University,Married,40,340000,0,0,0,0,0,0,0,0,0,0,0,0,0,0,0,0,0
Male,University,Single,29,180000,98535,99196,98905,75576,59889,51422,3977,6516,1611,3000,7080,95219,92389,73965,56889,44342,0
Female,Graduate,Single,23,50000,-1971,50265,45397,45256,28355,16624,53267,1835,3039,0,7000,-3002,43562,42217,28355,9624,0
Male,University,Single,37,150000,111880,106841,102490,103711,104153,103240,4000,3700,3700,3756,3800,102841,98790,100011,100397,99440,0
Female,University,Married,41,100000,97031,96919,93277,97576,94742,95578,3500,0,7000,0,3600,93419,93277,90576,94742,91978,1
Female,University,Single,28,200000,0,1732,828,0,497,1809,1732,828,0,497,1809,0,0,0,0,0,0
Male,University,Single,43,160000,8460,0,0,0,0,0,0,0,0,0,0,0,0,0,0,0,0
Male,High School,Married,55,50000,44258,28040,27935,51904,24147,24425,2489,1384,841,1013,819,25551,26551,51063,23134,23606,0
Female,University,Married,40,150000,40548,41597,42405,43498,44596,45700,2000,1800,1800,1800,2000,39597,40605,41698,42796,43700,0
Female,High School,Married,52,50000,0,0,0,0,0,0,0,0,0,0,0,0,0,0,0,0,0
Female,University,Single,36,220000,126695,106534,109884,106114,108202,110938,4000,5500,3775,4100,5000,102534,104384,102339,104102,105938,0
Female,University,Married,23,30000,11851,14416,13887,14564,15183,14790,2762,0,910,1000,0,11654,13887,13654,14183,14790,1
Female,University,Married,26,30000,25369,23073,21520,18669,15710,15308,1700,1600,700,1401,0,21373,19920,17969,14309,15308,1
Female,High School,Single,57,50000,18599,18598,18835,18475,18135,17777,1321,1278,638,654,659,17277,17557,17837,17481,17118,0
Female,University,Single,35,160000,25590,29169,28406,28836,30208,30853,4000,0,1200,2000,1300,25169,28406,27636,28208,29553,0
Male,Graduate,Single,31,180000,0,48544,17700,4270,0,19331,48544,17700,4270,0,19331,0,0,0,0,0,0
Male,Graduate,Married,31,190000,158416,124910,95406,95313,48731,87197,6004,5148,5313,3000,40000,118906,90258,90000,45731,47197,0
Female,Graduate,Married,39,480000,106660,400000,66270,80274,82160,110773,302000,66270,15000,3044,30042,98000,0,65274,79116,80731,0
Female,Graduate,Single,32,270000,25343,40414,39956,39827,9456,386,20000,5000,5000,1000,386,20414,34956,34827,8456,0,0
Male,University,Single,37,200000,162,536,0,495,0,0,536,0,495,0,0,0,0,0,0,0,0
Male,Graduate,Single,38,80000,780,259,7544,390,390,332,259,7544,0,390,332,0,0,390,0,0,1
Male,University,Married,36,410000,3827,9921,28961,2954,9942,2628,10534,29750,3483,10470,2636,-613,-789,-529,-528,-8,0
Female,Graduate,Single,25,50000,2823,1760,2640,1760,880,1910,0,1760,0,0,1910,1760,880,1760,880,0,1
Female,High School,Single,42,50000,2389,3405,4414,4653,4596,4688,1064,1073,312,166,168,2341,3341,4341,4430,4520,0
Male,Graduate,Married,39,210000,980,0,650,3446,0,0,0,650,3446,0,0,0,0,0,0,0,1
Male,Graduate,Single,28,20000,16196,17232,18339,18734,19281,19413,1600,1700,1000,1000,556,15632,16639,17734,18281,18857,0
Female,Graduate,Single,28,150000,109835,110255,110247,110955,105145,105377,5500,5300,3853,4000,4000,104755,104947,107102,101145,101377,0
Female,Graduate,Single,25,130000,2576,2356,5978,2750,3641,1735,0,6000,2750,3641,1735,2356,-22,0,0,0,1
Female,Graduate,Single,26,200000,121830,91216,93099,94949,96929,98909,3311,3400,3400,3512,3586,87905,89699,91549,93417,95323,0
Female,University,Single,23,110000,106963,101958,85914,73638,72119,73764,5023,3900,2600,5000,3000,96935,82014,71038,67119,70764,0
Female,Graduate,Married,30,180000,2743,0,0,0,0,0,0,0,0,0,0,0,0,0,0,0,1
Female,Graduate,Married,40,300000,10920,3939,10184,115184,63758,19813,3939,11082,115184,19800,0,0,-898,0,43958,19813,0
Male,Graduate,Single,32,360000,27,185,0,617,617,0,185,0,617,0,0,0,0,0,617,0,0
Female,University,Married,30,380000,3745,738,1175,576,576,-2,745,1180,578,578,0,-7,-5,-2,-2,-2,0
Female,Graduate,Single,29,360000,2868,0,0,0,0,629,0,0,0,0,629,0,0,0,0,0,1
Male,Graduate,Single,28,80000,8598,9467,-270,3697,9455,4144,9467,0,3967,9455,5000,0,-270,-270,0,-856,1
Female,Graduate,Other,48,350000,181212,6021,154505,19653,26963,55533,6046,157181,19751,27070,55613,-25,-2676,-98,-107,-80,0
Female,Other,Married,28,20000,21501,21415,21529,19542,18547,17519,1674,2200,0,686,705,19741,19329,19542,17861,16814,0
Female,Graduate,Single,35,320000,227927,218565,223284,98028,102498,80469,10000,10000,5000,6000,5000,208565,213284,93028,96498,75469,0
Male,High School,Married,62,90000,86200,81995,16985,12985,285,-4715,2500,1000,1000,500,0,79495,15985,11985,-215,-4715,0
Female,Graduate,Single,27,40000,32540,14163,30107,31567,32583,31309,14163,20000,3000,3000,31749,0,10107,28567,29583,-440,1
Female,University,Married,40,50000,46616,44515,48510,35774,18261,16644,2005,5000,610,631,634,42510,43510,35164,17630,16010,0
Female,Graduate,Single,24,210000,4055,113782,59367,29583,26756,29553,114482,20176,6793,20112,29676,-700,39191,22790,6644,-123,0
Female,University,Single,22,30000,30078,28639,26017,27790,27209,30508,87,2002,3200,0,3926,28552,24015,24590,27209,26582,0
Female,Graduate,Single,27,310000,0,113,0,0,6960,6008,113,200,0,6960,6008,0,-200,0,0,0,1
Female,University,Single,35,280000,1616,1198,494,698,1233,5080,1198,494,698,1233,5080,0,0,0,0,0,0
Female,Graduate,Married,41,280000,99755,81244,81193,82470,49630,46517,3000,3007,5000,2000,1700,78244,78186,77470,47630,44817,0
Female,Graduate,Single,33,260000,1381,491,491,1132,1711,1070,493,493,1134,1072,2,-2,-2,-2,639,1068,0
Male,University,Married,41,90000,-1750,76674,77974,80064,81747,86611,79786,2836,3657,2972,6228,-3112,75138,76407,78775,80383,0
Male,Graduate,Married,49,280000,11797,6163,-54,-54,-54,-54,6231,0,0,0,0,-68,-54,-54,-54,-54,0
Female,High School,Single,34,360000,2500,2500,0,0,0,0,0,0,0,0,0,2500,0,0,0,0,0
Female,High School,Single,27,30000,13257,14046,13523,14498,14123,15184,1300,0,1200,0,1300,12746,13523,13298,14123,13884,1
Male,University,Married,48,380000,379080,294675,226959,219918,203575,188774,13000,9500,8000,7200,6700,281675,217459,211918,196375,182074,0
Female,University,Single,22,80000,42080,41131,42281,42605,47544,33115,0,2200,1500,5600,0,41131,40081,41105,41944,33115,0
Female,Graduate,Single,25,50000,45708,48862,47748,50799,49904,49978,3900,0,3800,0,4000,44962,47748,46999,49904,45978,1
Female,Graduate,Married,37,280000,449,12487,-10,3090,240,2010,12611,0,3100,240,2010,-124,-10,-10,0,0,0
Female,University,Other,37,120000,26446,27719,27570,28318,29217,28598,2000,600,1500,1500,0,25719,26970,26818,27717,28598,1
Male,Graduate,Married,49,180000,63444,65420,67722,70970,72670,76444,3000,4000,5000,3000,5000,62420,63722,65970,69670,71444,0
Male,High School,Single,33,380000,2989,3731,3003,69127,33815,115854,3742,3012,69294,33827,115860,-11,-9,-167,-12,-6,0
Female,Graduate,Single,27,110000,30961,31860,35254,30250,21436,25325,1700,4000,0,1000,5000,30160,31254,30250,20436,20325,0
Female,University,Other,37,50000,1149,1420,1253,190,13390,9902,1424,1256,190,13400,30,-4,-3,0,-10,9872,0
Female,Graduate,Single,48,200000,0,0,0,5000,5000,0,0,0,5000,0,0,0,0,0,5000,0,0
Male,Graduate,Married,44,200000,25929,1582,21133,2941,8191,22842,1582,21133,2941,8191,22842,0,0,0,0,0,0
Female,Graduate,Married,35,150000,27329,42144,35757,33789,33219,5621,20228,10036,18002,10000,5621,21916,25721,15787,23219,0,0
Male,University,Married,40,60000,58078,58139,59461,37170,18464,15822,2354,2538,1000,2000,1000,55785,56923,36170,16464,14822,1
Female,University,Single,30,200000,155768,156041,157356,123271,123831,124070,7325,7470,4460,4583,4376,148716,149886,118811,119248,119694,0
Female,University,Married,35,90000,63426,57922,55010,52540,56236,40922,2700,2500,1900,4600,0,55222,52510,50640,51636,40922,1
Female,Graduate,Single,32,150000,1758,468,2988,2232,4535,0,468,2988,2232,4535,0,0,0,0,0,0,0
Male,High School,Single,23,20000,9126,8835,11088,10618,10304,11232,0,2400,0,0,1100,8835,8688,10618,10304,10132,1
Female,High School,Married,34,150000,112391,98583,95810,87216,88201,87483,5000,4000,4000,3290,3200,93583,91810,83216,84911,84283,0
Male,Graduate,Single,34,180000,16953,15884,11153,3889,800,0,1000,11153,3924,800,0,14884,0,-35,0,0,0
Male,University,Single,34,470000,23747,23305,0,1632,141186,143916,1116,0,1632,141190,6000,22189,0,0,-4,137916,0
Female,High School,Single,59,30000,21767,24764,24031,25001,24531,21743,3363,0,1600,0,2000,21401,24031,23401,24531,19743,1
Female,Graduate,Single,22,20000,8266,10377,5529,4482,0,2030,2313,0,0,1449,2030,8064,5529,4482,-1449,0,0
Female,Graduate,Married,36,400000,14421,8392,13025,2816,6856,11069,8911,13025,2816,6856,11069,-519,0,0,0,0,0
Female,Graduate,Single,27,210000,15663,8513,8607,9137,10637,3443,1500,1006,1500,1500,2600,7013,7601,7637,9137,843,0
Male,High School,Married,38,120000,77468,78642,79757,80853,82715,84805,3000,3000,3000,3300,3600,75642,76757,77853,79415,81205,1
Female,Other,Married,42,160000,-1582,3097,0,2039,1033,0,5624,0,2039,0,0,-2527,0,0,1033,0,0
Female,Graduate,Single,26,200000,6242,1776,3587,0,2160,900,1776,3598,0,2160,900,0,-11,0,0,0,0
Female,Graduate,Single,30,160000,9640,0,0,2804,403,253,0,0,2804,403,0,0,0,0,0,253,0
Female,University,Single,37,160000,147333,143786,151842,147962,156921,159416,200,12000,0,11500,5811,143586,139842,147962,145421,153605,1
Male,High School,Married,51,250000,179,1533,364,381,3987,7135,1540,387,381,3985,7161,-7,-23,0,2,-26,0
Male,High School,Married,56,140000,7272,7906,8717,9046,9369,10165,1299,1500,1000,1000,1500,6607,7217,8046,8369,8665,0
Female,University,Single,30,330000,0,0,0,0,0,0,0,0,0,0,0,0,0,0,0,0,1
Female,Graduate,Single,24,220000,161081,158578,161256,157028,159971,168805,7100,7200,5800,5900,12000,151478,154056,151228,154071,156805,1
Female,High School,Married,29,30000,13164,12668,15038,14502,15501,15105,0,2905,0,1386,0,12668,12133,14502,14115,15105,0
Male,Graduate,Single,35,260000,149124,145333,148332,160810,155683,158771,0,6910,16502,0,5847,145333,141422,144308,155683,152924,1
Female,University,Married,30,380000,295543,299922,307166,311716,306830,303453,11000,12602,11500,10500,11000,288922,294564,300216,296330,292453,0
Female,University,Single,33,10000,15004,8663,9437,9630,8399,1697,2452,1000,193,168,1734,6211,8437,9437,8231,-37,1
Female,Graduate,Single,44,190000,181045,184249,158883,99255,80219,81912,8000,7000,4000,3000,3000,176249,151883,95255,77219,78912,0
Female,University,Married,38,30000,23819,15367,10159,9859,8360,4101,1553,1033,381,384,404,13814,9126,9478,7976,3697,0
Female,Graduate,Married,39,300000,6077,5806,2994,5338,4714,2362,29,3009,5364,4714,2362,5777,-15,-26,0,0,0
Male,University,Married,27,20000,17062,19248,18181,18156,19102,17363,2850,0,514,2000,1000,16398,18181,17642,17102,16363,0
Male,University,Married,35,20000,17584,19819,11280,3680,4480,1650,3013,1005,1000,3000,1650,16806,10275,2680,1480,0,0
Female,High School,Single,22,80000,37990,39400,15674,-1,-1,-1,2400,15674,0,0,0,37000,0,-1,-1,-1,0
Male,University,Married,33,240000,225312,229394,232686,195509,198861,202057,8000,7400,6500,7000,7000,221394,225286,189009,191861,195057,0
Female,High School,Single,26,90000,14692,15722,16733,17453,17970,18175,1269,1280,1000,950,652,14453,15453,16453,17020,17523,0
Female,University,Married,43,100000,98944,75296,78049,48644,54963,57269,4000,5000,3000,9000,4000,71296,73049,45644,45963,53269,0
Male,Graduate,Other,32,320000,802,4929,2064,4365,1183,3287,4929,2064,4365,1183,3287,0,0,0,0,0,0
Male,University,Married,45,360000,2500,0,0,0,0,0,0,0,0,0,0,0,0,0,0,0,0
Male,University,Married,38,180000,2826,4612,4571,5071,5195,0,2000,200,500,124,0,2612,4371,4571,5071,0,1
Male,University,Married,40,300000,15876,4347,0,2208,2475,7580,4347,0,2208,2475,7580,0,0,0,0,0,0
Female,Graduate,Single,22,20000,-9,-9,904,304,0,302,0,913,304,0,302,-9,-9,0,0,0,0
Female,University,Single,26,270000,29951,12211,13533,14391,15255,16273,1300,1533,1391,1255,1273,10911,12000,13000,14000,15000,0
Female,High School,Single,49,20000,19437,20154,18957,19334,19373,19460,1337,2000,666,714,810,18817,16957,18668,18659,18650,0
Female,University,Married,35,360000,39685,32219,34541,22420,16253,15773,1600,3019,900,600,369,30619,31522,21520,15653,15404,0
Male,University,Married,38,120000,50441,41960,34024,30564,22702,23175,2000,1361,1000,824,851,39960,32663,29564,21878,22324,0
Female,High School,Single,27,130000,129150,105529,107691,108418,115638,117958,5300,5400,4000,9000,4400,100229,102291,104418,106638,113558,0
Female,High School,Single,45,60000,54920,39886,40056,39996,40261,32644,1726,1502,1287,1322,1179,38160,38554,38709,38939,31465,0
Male,University,Married,36,60000,46064,47320,48337,49332,50536,51694,2000,1805,1800,2000,2000,45320,46532,47532,48536,49694,0
Female,High School,Single,31,120000,1769,390,390,390,390,390,390,390,390,390,390,0,0,0,0,0,0
Male,High School,Single,33,130000,92457,95365,98095,100796,102504,104089,6000,5000,5000,4000,4000,89365,93095,95796,98504,100089,0
Female,Graduate,Married,31,360000,460,460,460,399,0,0,460,460,399,0,0,0,0,0,0,0,0
Male,High School,Single,24,10000,6217,5082,5400,5012,1740,390,5112,5400,2,4,0,-30,0,5010,1736,390,0
Female,Graduate,Single,24,120000,600,0,0,0,0,0,0,0,0,0,0,0,0,0,0,0,0
Male,University,Single,26,60000,61103,61380,62158,120142,60428,58192,3000,2746,0,2297,1875,58380,59412,120142,58131,56317,1
Female,Graduate,Married,40,240000,2500,2500,2500,0,0,0,0,0,0,0,0,2500,2500,0,0,0,1
Female,University,Married,40,160000,137695,146193,139323,140719,143638,144482,12121,0,5100,10251,5205,134072,139323,135619,133387,139277,0
Female,University,Married,44,200000,0,138,0,0,1675,69,138,0,0,1675,69,0,0,0,0,0,0
Male,Graduate,Single,29,300000,0,0,150,3550,0,0,0,150,3550,0,0,0,0,0,0,0,0
Female,University,Single,26,100000,780,0,390,390,390,380,0,390,390,390,380,0,0,0,0,0,0
Female,Graduate,Married,30,280000,217773,215017,209089,167458,137312,109980,8155,10048,6011,6010,6514,206862,199041,161447,131302,103466,0
Female,University,Single,26,190000,11613,10000,10000,10000,10000,10941,10000,10000,10000,10000,10941,0,0,0,0,0,0
Male,University,Married,48,50000,17613,18334,17742,19273,18826,19213,1298,0,1829,0,849,17036,17742,17444,18826,18364,0
Female,High School,Married,33,210000,31570,32756,33905,35035,37465,36713,2000,2000,2000,3000,0,30756,31905,33035,34465,36713,0
Female,Graduate,Single,26,120000,110934,99271,90066,80165,78108,77588,4432,2988,4492,2797,2991,94839,87078,75673,75311,74597,0
Female,Graduate,Single,33,140000,1825,0,1264,0,0,1980,0,1264,0,0,1980,0,0,0,0,0,0
Female,Graduate,Single,23,50000,807,0,0,0,0,0,0,0,0,0,0,0,0,0,0,0,0
Female,Graduate,Single,31,150000,2005,2869,16719,8568,797,1158,2876,16732,8593,799,1161,-7,-13,-25,-2,-3,0
Male,Graduate,Single,23,50000,27101,26431,14109,9417,9952,9165,88,12,473,825,323,26343,14097,8944,9127,8842,0
Male,Graduate,Married,50,120000,0,-2008,-4016,4016,2008,8299,0,0,10040,0,8299,-2008,-4016,-6024,2008,0,1
Female,Graduate,Single,29,240000,30380,15579,20496,15296,24332,23896,10023,10000,5000,15000,15000,5556,10496,10296,9332,8896,0
Male,Graduate,Single,26,20000,1490,3150,10464,0,1690,18156,3150,10464,0,1690,18156,0,0,0,0,0,0
Female,University,Single,24,80000,78913,78726,70110,62590,54177,60662,2900,2329,2400,2000,7400,75826,67781,60190,52177,53262,0
Female,University,Married,28,140000,99296,89391,79173,43370,28850,17896,3205,2894,2000,1500,1000,86186,76279,41370,27350,16896,0
Female,University,Single,25,50000,28428,27383,12620,6730,6872,7057,2000,1110,240,250,300,25383,11510,6490,6622,6757,0
Female,University,Other,26,150000,4181,25988,3177,49174,11823,669,26034,3182,49174,11823,669,-46,-5,0,0,0,0
Female,High School,Married,53,90000,65237,62521,60363,58142,55896,53525,2255,2200,2100,2014,1876,60266,58163,56042,53882,51649,1
Male,Graduate,Single,36,640000,192325,68891,71564,32968,37541,42064,4000,4000,3000,5000,5000,64891,67564,29968,32541,37064,0
Male,Graduate,Single,31,360000,15285,52698,2875,6918,10014,6478,53751,2879,6918,10014,6478,-1053,-4,0,0,0,0
Female,University,Married,33,130000,2454,1456,382,1043,2835,-184,1500,382,2000,3000,0,-44,0,-957,-165,-184,0
Female,Graduate,Married,34,210000,201324,207222,209189,106090,108300,87404,10646,8601,3601,3719,3300,196576,200588,102489,104581,84104,0
Male,Graduate,Single,36,190000,107689,109678,110887,111871,114223,116577,5200,4500,4300,4300,4400,104478,106387,107571,109923,112177,1
Female,Graduate,Married,44,150000,1365,0,839,693,0,3975,0,839,0,0,3975,0,0,693,0,0,0
Male,High School,Single,25,10000,3161,390,390,390,0,1280,390,390,390,0,1280,0,0,0,0,0,0
Female,Graduate,Married,24,30000,9280,2643,3415,2250,2486,844,2643,3415,2250,2486,844,0,0,0,0,0,1
Male,Graduate,Married,67,200000,0,0,0,0,0,0,0,0,0,0,0,0,0,0,0,0,1
Female,Graduate,Single,25,140000,21593,14021,10084,89223,58280,44593,0,2000,83000,3000,32000,14021,8084,6223,55280,12593,1
Female,University,Single,30,170000,121009,136552,132655,134140,115892,116653,19078,0,5000,5000,4500,117474,132655,129140,110892,112153,0
Female,University,Single,24,20000,6270,8284,8000,0,186,3314,2284,0,0,186,3314,6000,8000,0,0,0,1
Female,University,Married,45,80000,82150,0,0,0,0,0,0,0,0,0,0,0,0,0,0,0,0
Male,University,Married,49,110000,51803,52888,54570,55368,56623,57196,1921,2563,2300,2300,1704,50967,52007,53068,54323,55492,0
Female,Graduate,Single,28,150000,147933,111608,91705,32907,0,0,3202,20088,700,0,0,108406,71617,32207,0,0,0
Female,University,Single,43,50000,26342,27457,27381,17930,18128,18490,1547,1251,1200,600,627,25910,26130,16730,17528,17863,0
Female,High School,Married,70,50000,54084,51564,50733,30363,30444,30482,0,2504,1200,1500,1100,51564,48229,29163,28944,29382,0
Male,High School,Married,50,50000,48607,49540,49583,19695,20004,19904,2100,1500,1000,1000,1000,47440,48083,18695,19004,18904,0
Female,University,Single,22,10000,2274,3297,4730,5649,7304,8252,1067,1500,1000,1751,1073,2230,3230,4649,5553,7179,1
Female,Graduate,Single,38,280000,17878,14011,30079,13139,13989,15559,2000,30000,14000,1000,16000,12011,79,-861,12989,-441,1
Male,University,Single,42,50000,51614,52034,50151,20448,20464,20456,2000,39,718,800,800,50034,50112,19730,19664,19656,0
Female,Graduate,Single,22,10000,9397,9709,10228,10432,9839,9859,1200,1153,357,501,429,8509,9075,10075,9338,9430,0
Female,University,Married,28,140000,131292,134057,135820,84829,86753,88808,7000,5820,3829,3753,3808,127057,130000,81000,83000,85000,0
Male,Graduate,Married,34,140000,104651,105162,104207,100326,102740,103444,5000,3600,0,4000,4000,100162,100607,100326,98740,99444,1
Male,Graduate,Married,45,300000,193462,185703,190060,189912,145909,127078,6835,7542,7930,6534,6153,178868,182518,181982,139375,120925,0
Female,University,Married,26,30000,27330,28090,28827,27299,29110,28492,1500,1517,1000,2255,0,26590,27310,26299,26855,28492,0
Male,High School,Married,47,200000,185272,189657,103861,75480,70042,72157,10000,10000,6000,0,5000,179657,93861,69480,70042,67157,0
Female,University,Single,26,270000,33224,52425,69048,68206,17510,26175,52425,27595,10343,18083,26279,0,41453,57863,-573,-104,1
Female,University,Other,36,90000,91458,91049,70101,28942,27508,28250,3137,5094,1106,1001,1201,87912,65007,27836,26507,27049,0
Male,University,Single,26,10000,2400,2400,2400,2400,2400,2400,0,0,0,0,0,2400,2400,2400,2400,2400,1
Female,High School,Single,22,50000,22719,18408,19330,19561,19815,18574,0,1573,804,675,738,18408,17757,18757,19140,17836,0
Female,Graduate,Single,25,80000,0,0,988,0,0,0,0,988,0,0,0,0,0,0,0,0,0
Female,University,Single,26,110000,65800,67251,70065,72017,77943,79694,2510,4000,3000,7000,3100,64741,66065,69017,70943,76594,0
Male,Graduate,Single,30,370000,6592,3563,184429,180508,178220,72656,4000,192718,5000,5000,3000,-437,-8289,175508,173220,69656,0
Male,University,Single,23,50000,1678,1440,1322,1411,540,540,1200,1322,1500,540,540,240,0,-89,0,0,0
Male,University,Single,37,10000,885,1475,780,390,780,390,1475,780,0,31250,0,0,0,390,-30470,390,0
Female,Graduate,Single,27,180000,99137,119635,115839,105643,119358,116097,22500,121,10000,20000,25000,97135,115718,95643,99358,91097,0
Female,University,Married,59,60000,56998,59111,59595,58079,56892,55826,3601,2000,0,0,0,55510,57595,58079,56892,55826,0
Female,Graduate,Married,43,90000,58043,61485,62540,81123,80073,82472,5003,5000,20000,10,10104,56482,57540,61123,80063,72368,1
Female,Graduate,Married,30,120000,0,0,0,0,0,150,0,0,0,0,150,0,0,0,0,0,0
Male,Graduate,Single,30,110000,110800,112008,96347,49506,49142,49251,4404,2826,1880,1805,2182,107604,93521,47626,47337,47069,0
Female,High School,Married,61,280000,162734,146990,149201,152377,155764,148302,7000,6000,5500,5800,5200,139990,143201,146877,149964,143102,0
Male,Graduate,Single,28,200000,7464,22182,10373,2669,1024,170722,22182,7,0,6177,180722,0,10366,2669,-5153,-10000,0
Male,University,Single,29,130000,62530,62562,62650,63896,65411,64684,2272,2230,2243,2500,3000,60290,60420,61653,62911,61684,0
Female,University,Single,28,200000,61844,60294,63663,67596,66388,71272,0,5000,5000,0,6000,60294,58663,62596,66388,65272,1
Female,University,Single,26,50000,29356,30483,31180,18401,18785,19248,1603,1300,658,680,773,28880,29880,17743,18105,18475,1
Male,High School,Married,53,30000,1596,0,0,0,0,0,0,0,0,0,0,0,0,0,0,0,0
Female,Graduate,Married,30,230000,13995,28064,23326,13684,12883,11068,28097,23352,13684,12883,11068,-33,-26,0,0,0,0
Female,Graduate,Single,31,180000,3920,1020,0,860,13335,15248,1020,0,860,13335,15248,0,0,0,0,0,0
Male,Graduate,Married,40,220000,129597,147323,132188,83844,89299,94777,20000,8000,5000,7000,7000,127323,124188,78844,82299,87777,0
Male,Graduate,Single,46,50000,51400,0,0,0,0,0,0,0,0,0,0,0,0,0,0,0,0
Male,Graduate,Single,27,20000,0,0,0,0,0,0,0,0,0,0,0,0,0,0,0,0,0
Female,University,Single,40,250000,2348,329,-1404,3596,8596,8941,329,5000,5000,5000,4000,0,-6404,-1404,3596,4941,0
Male,High School,Single,41,50000,47384,48814,49771,19375,71,19661,2194,2151,755,71,19837,46620,47620,18620,0,-176,0
Female,University,Single,26,180000,10874,9324,7738,6369,6109,7603,2000,2000,2000,3109,5000,7324,5738,4369,3000,2603,0
Male,University,Single,44,320000,36831,28785,13104,2621,9075,6564,28791,13227,2621,9075,6564,-6,-123,0,0,0,0
Female,High School,Married,41,10000,780,780,780,390,390,780,1473,0,0,390,780,-693,780,390,0,0,1
Female,Graduate,Single,31,320000,1345,5458,9572,3826,737,3865,5458,9579,3826,737,3865,0,-7,0,0,0,0
Male,University,Single,30,250000,170559,173347,177321,177580,170956,158503,6523,7992,6475,6050,6197,166824,169329,171105,164906,152306,0
Male,University,Single,24,30000,20985,20393,20399,19945,19645,11229,0,2403,0,0,2000,20393,17996,19945,19645,9229,0
Male,University,Single,31,260000,326,326,326,326,326,326,652,326,326,326,326,-326,0,0,0,0,0
Female,University,Married,37,130000,122944,121530,107783,84353,169121,87863,6013,5312,3100,3123,6293,115517,102471,81253,165998,81570,0
Female,Graduate,Married,30,180000,149069,152317,156282,161163,172190,148963,7500,8000,9000,14000,0,144817,148282,152163,158190,148963,1
Female,Graduate,Single,27,270000,200750,204418,197854,173743,149095,145068,9500,8929,7265,5400,5300,194918,188925,166478,143695,139768,0
Female,High School,Single,30,80000,36676,38247,39856,28698,29299,30120,2165,2774,30458,1063,1308,36082,37082,-1760,28236,28812,0
Female,Graduate,Single,27,30000,418,1470,2418,2009,3009,7093,1052,1000,500,1000,7093,418,1418,1509,2009,0,0
Male,High School,Married,35,100000,101326,97751,92431,97227,88899,93766,0,3500,7000,0,7000,97751,88931,90227,88899,86766,1
Female,University,Single,33,340000,336190,301626,306575,311784,318320,325028,10300,10302,10365,10750,11150,291326,296273,301419,307570,313878,1
Female,University,Married,26,210000,207033,202432,142119,99699,17718,150758,9000,5500,3600,1000,135000,193432,136619,96099,16718,15758,0
Female,Graduate,Single,27,280000,-5,-5,-5,8164,0,1133,0,0,8169,0,231133,-5,-5,-5,0,-230000,0
Male,University,Single,33,710000,8471,16849,940,6299,4720,3738,17330,944,7586,4739,3754,-481,-4,-1287,-19,-16,0
Female,University,Single,23,50000,42790,39480,36360,29123,28809,29263,1635,1423,1020,1050,1503,37845,34937,28103,27759,27760,0
Male,Graduate,Single,35,190000,24873,23522,22117,23433,22173,22598,1807,2000,2010,1003,2007,21715,20117,21423,21170,20591,0
Female,Graduate,Single,32,400000,48419,51886,53291,57265,61035,64879,5000,3000,5000,5000,5000,46886,50291,52265,56035,59879,0
Female,High School,Married,53,110000,1457,745,0,0,0,0,745,0,0,0,0,0,0,0,0,0,0
Female,University,Married,23,20000,16219,17626,18398,19052,15429,9199,1674,1446,1100,0,379,15952,16952,17952,15429,8820,1
Female,Graduate,Single,25,20000,18446,17859,18718,17009,18721,20209,0,1718,900,2000,1800,17859,17000,16109,16721,18409,1
Female,University,Married,29,20000,12186,11700,13474,13006,13743,11167,0,2000,0,1055,0,11700,11474,13006,12688,11167,0
Male,University,Single,23,20000,4673,6433,6181,6778,6524,8408,2000,0,700,0,2000,4433,6181,6078,6524,6408,0
Female,Graduate,Single,43,230000,39677,39261,38228,36542,35989,34347,5000,5000,3000,3459,4000,34261,33228,33542,32530,30347,0
Male,University,Married,37,180000,14480,33915,5198,13263,6817,4188,34045,5217,13263,6000,1000,-130,-19,0,817,3188,0
Male,University,Married,41,280000,3520,3110,3188,4176,10276,9898,3110,3188,4189,10276,9898,0,0,-13,0,0,0
Female,Graduate,Single,36,510000,234900,214522,217620,218692,191069,195124,9975,8200,7268,7000,7177,204547,209420,211424,184069,187947,0
Male,University,Married,40,150000,141697,144833,137737,140047,144557,133716,7000,7000,6000,7000,5021,137833,130737,134047,137557,128695,0
Male,High School,Single,26,20000,17880,19224,19327,18696,19233,19909,1641,2400,632,800,1000,17583,16927,18064,18433,18909,1
Female,High School,Married,38,110000,100699,88694,74647,49021,34594,23116,3530,3066,2033,2021,1024,85164,71581,46988,32573,22092,0
Female,Graduate,Single,34,230000,907,591,119,699,383,32774,0,1000,1000,0,33500,591,-881,-301,383,-726,1
Female,Graduate,Single,27,180000,124501,126822,129440,128571,128631,129813,5000,6000,5000,5000,5000,121822,123440,123571,123631,124813,0
Female,High School,Single,36,230000,13809,13533,13200,15789,14242,15251,1533,1200,2789,1242,1251,12000,12000,13000,13000,14000,0
Female,Graduate,Single,35,370000,40229,-101,-101,2329,156619,155988,0,0,2430,161450,6035,-101,-101,-101,-4831,149953,0
Female,Graduate,Single,30,500000,1078,5543,500,617,617,617,5562,810,617,0,0,-19,-310,0,617,617,0
Female,University,Married,43,260000,0,-416,-1248,832,416,1398,0,0,2080,0,1398,-416,-1248,-1248,416,0,0
Male,University,Married,53,80000,5800,6666,0,0,0,0,1000,0,0,0,0,5666,0,0,0,0,1
Female,University,Single,27,140000,118013,123630,128308,125776,123659,131290,9044,8200,1000,0,9874,114586,120108,124776,123659,121416,0
Male,Graduate,Single,30,50000,29994,30756,23618,26009,24731,46882,2000,1300,3000,0,25000,28756,22318,23009,24731,21882,0
Female,University,Married,45,50000,26615,22241,23406,15379,16715,11133,2000,2000,0,1500,0,20241,21406,15379,15215,11133,0
Male,Graduate,Single,32,80000,4055,0,0,0,0,0,0,0,0,0,0,0,0,0,0,0,0
Female,University,Single,28,150000,85118,88844,92345,82866,76412,80259,5000,5000,5000,5000,5000,83844,87345,77866,71412,75259,1
Female,University,Married,46,50000,49859,49160,49222,29291,29391,29826,2438,2200,1187,1213,1073,46722,47022,28104,28178,28753,0
Male,University,Other,39,80000,76123,54669,28674,28240,28540,27934,2000,1500,1200,1300,1200,52669,27174,27040,27240,26734,0
Female,Graduate,Married,40,140000,67371,69027,56175,57666,59604,62480,3100,3888,2800,2800,3800,65927,52287,54866,56804,58680,0
Female,Graduate,Single,30,140000,105732,99769,102682,102332,104544,107155,5000,5500,5000,4000,4500,94769,97182,97332,100544,102655,0
Female,University,Single,24,50000,1580,306,995,1055,102,2110,306,995,1055,0,2110,0,0,0,102,0,0
Female,University,Single,24,30000,25111,27558,26552,27703,28128,28859,3551,0,1902,1022,1200,24007,26552,25801,27106,27659,0
Male,University,Single,32,230000,171111,164406,76691,76952,77577,78017,7468,3000,2723,2810,2793,156938,73691,74229,74767,75224,1
Female,University,Single,26,150000,94347,96358,99230,98285,102743,103062,5000,4500,4500,6000,5000,91358,94730,93785,96743,98062,0
Female,University,Married,53,200000,5059,0,16556,0,0,47140,0,16556,0,0,47140,0,0,0,0,0,0
Female,Graduate,Married,41,110000,150,150,150,150,150,150,0,0,0,0,0,150,150,150,150,150,0
Female,University,Married,44,150000,17723,19440,14945,12966,14882,8105,2019,2020,2000,2000,2000,17421,12925,10966,12882,6105,0
Female,High School,Married,46,200000,1207,5590,2500,0,0,0,5590,2500,0,0,0,0,0,0,0,0,1
Female,High School,Single,33,180000,0,199,199,580,0,0,199,0,580,0,0,0,199,0,0,0,0
Female,Graduate,Single,29,90000,6146,6193,0,3199,1888,0,6198,200,3199,0,0,-5,-200,0,1888,0,0
Female,Graduate,Single,30,200000,105,271,588,111,305,432,271,588,111,305,432,0,0,0,0,0,1
Female,University,Married,45,230000,107,107,1741,107,107,0,107,1741,214,0,0,0,0,-107,107,0,0
Male,Graduate,Single,29,80000,17562,17709,15631,13402,13197,11624,3015,2008,1009,2005,507,14694,13623,12393,11192,11117,0
Female,Graduate,Single,33,230000,6283,0,0,0,0,0,0,0,0,0,0,0,0,0,0,0,0
Female,University,Single,31,340000,581775,572677,384060,304508,247178,228349,0,0,1000,4320,287982,572677,384060,303508,242858,-59633,1
Female,University,Married,53,290000,1538,199,1440,1017,3798,4898,199,1440,1017,3798,4898,0,0,0,0,0,0
Female,High School,Married,41,60000,55773,55953,55562,55063,54819,55195,2627,2700,2500,2300,3000,53326,52862,52563,52519,52195,0
Female,Graduate,Single,29,320000,12130,0,0,364,16177,16706,0,0,364,16177,800,0,0,0,0,15906,1
Female,University,Single,25,200000,22701,7940,9855,24091,24583,7354,0,10145,24091,492,7354,7940,-290,0,24091,0,0
Female,High School,Married,54,50000,16648,16200,15622,14277,12930,11657,1588,1483,611,458,403,14612,14139,13666,12472,11254,0
Male,High School,Single,24,50000,27226,26508,26976,27206,26631,27185,0,1200,968,0,998,26508,25776,26238,26631,26187,1
Female,University,Married,43,230000,84821,87055,87601,89762,92735,95768,4293,4162,5000,5000,5000,82762,83439,84762,87735,90768,0
Female,Graduate,Single,29,130000,106271,119728,121140,117767,115640,116062,15107,5000,0,0,4200,104621,116140,117767,115640,111862,0
Female,High School,Married,39,80000,715,2012,3550,7529,0,3228,2012,3550,7529,0,3228,0,0,0,0,0,0
Female,Graduate,Single,31,120000,82683,83075,75735,62511,62179,60981,4445,4020,3000,5700,0,78630,71715,59511,56479,60981,0
Female,University,Married,34,200000,4798,4490,5366,2141,0,0,1125,1000,2141,0,0,3365,4366,0,0,0,0
Male,High School,Single,34,300000,4741,3767,10436,9650,4198,0,3767,10436,9856,4198,0,0,0,-206,0,0,0
Female,University,Married,36,200000,1070,4078,1099,1099,1099,1099,4107,1099,1099,1099,1099,-29,0,0,0,0,0
Female,University,Married,46,80000,34494,35930,37326,38203,39580,40920,2000,2000,1500,2000,2000,33930,35326,36703,37580,38920,0
Female,High School,Single,32,80000,-137,41873,11047,9258,3100,814,42010,11047,9300,0,0,-137,0,-42,3100,814,0
Female,Graduate,Single,25,60000,51907,52997,53559,54716,54533,58085,1935,2000,2000,2000,6000,51062,51559,52716,52533,52085,0
Female,University,Married,30,30000,25156,25949,28478,27754,28186,30240,1500,3000,0,1001,2500,24449,25478,27754,27185,27740,0
Female,University,Married,42,300000,38913,319,8157,21228,326,1518,319,8157,21228,326,1518,0,0,0,0,0,0
Female,Graduate,Married,38,100000,66762,68566,65132,48738,51020,51948,5000,2436,3000,3000,2000,63566,62696,45738,48020,49948,0
Female,Graduate,Single,31,290000,44193,15950,15315,14199,9681,162,1380,1212,284,5000,162,14570,14103,13915,4681,0,0
Male,Other,Single,39,270000,0,10193,69553,18607,0,0,10193,70213,19008,399,0,0,-660,-401,-399,0,0
Female,University,Single,24,70000,7033,1602,28199,28980,29795,27091,1954,28000,1250,1496,29251,-352,199,27730,28299,-2160,1
Female,University,Married,24,90000,91272,91337,88129,76209,65295,27224,5000,3069,2028,2110,2142,86337,85060,74181,63185,25082,0
Female,Graduate,Single,26,170000,108426,109889,84897,82608,84388,86096,3600,3111,3000,3100,3101,106289,81786,79608,81288,82995,0
Female,University,Married,36,80000,69760,60445,50857,39813,40248,40935,2500,2061,1413,1460,1751,57945,48796,38400,38788,39184,1
Female,University,Married,41,100000,95326,97972,99147,74548,76284,77841,4825,4600,3000,2940,3000,93147,94547,71548,73344,74841,0
Male,Graduate,Married,47,240000,5731,0,0,0,0,0,0,0,0,0,0,0,0,0,0,0,0
Female,Graduate,Married,41,290000,11200,0,970,0,0,2184,0,970,0,0,2184,0,0,0,0,0,0
Female,Graduate,Single,27,120000,0,0,0,0,0,0,0,0,0,0,0,0,0,0,0,0,1
Male,University,Single,26,200000,103194,107027,107765,109970,113436,115402,5500,4000,4000,5242,5000,101527,103765,105970,108194,110402,0
Male,University,Single,22,20000,13447,10232,7842,9262,4335,0,2200,2000,2200,1200,0,8032,5842,7062,3135,0,0
Male,Graduate,Married,38,500000,75433,26358,7860,2983,8767,4691,27486,7860,3047,8831,4734,-1128,0,-64,-64,-43,0
Female,University,Single,25,100000,98349,97473,91096,76371,77162,78084,3600,3000,2700,2800,3000,93873,88096,73671,74362,75084,0
Male,Graduate,Married,55,350000,5961,6318,1485,788,15015,666,6326,1485,788,15015,666,-8,0,0,0,0,0
Female,University,Single,24,50000,34069,23196,22883,18069,19273,19929,0,1636,700,1500,1000,23196,21247,17369,17773,18929,0
Female,University,Married,52,340000,331508,319742,255166,197695,201907,195961,12100,10000,7000,7000,7000,307642,245166,190695,194907,188961,0
Female,University,Married,29,180000,26000,26310,26662,26166,26176,25442,1800,1500,1056,950,1000,24510,25162,25110,25226,24442,0
Female,Graduate,Married,54,300000,1080,-18,4190,2539,2590,5440,0,4208,2539,2590,5440,-18,-18,0,0,0,0
Female,Graduate,Married,32,220000,17325,16758,18474,20667,20195,21854,0,2000,2500,0,2000,16758,16474,18167,20195,19854,0
Male,Graduate,Single,26,80000,56417,50855,47656,35351,32895,22755,2600,4000,3000,3500,3500,48255,43656,32351,29395,19255,0
Female,University,Married,32,50000,44751,43952,29136,19048,17946,17340,1500,1239,612,607,2593,42452,27897,18436,17339,14747,0
Male,University,Single,26,100000,60077,62438,49234,50521,51820,53056,4000,3000,2000,2000,2200,58438,46234,48521,49820,50856,0
Male,Graduate,Single,27,200000,58725,76287,22869,30268,54466,37127,30229,22946,30684,54589,37208,46058,-77,-416,-123,-81,0
Female,Graduate,Married,45,480000,17976,10928,650,1597,3750,9429,1008,650,1597,3750,9429,9920,0,0,0,0,0
Female,University,Married,34,170000,35348,34622,31450,28229,26422,15081,1402,1789,652,798,1081,33220,29661,27577,25624,14000,0
Female,Graduate,Single,25,20000,15790,16906,17936,5995,7885,9657,1372,1500,1000,2000,2000,15534,16436,4995,5885,7657,1
Male,University,Married,28,80000,32114,28984,16391,3729,4663,5429,1324,4122,139,1000,1000,27660,12269,3590,3663,4429,1
Male,Graduate,Single,26,80000,79650,80821,65609,49640,49685,46684,3515,2627,1697,2000,1700,77306,62982,47943,47685,44984,1
Male,University,Married,31,300000,250121,221336,159556,32897,20992,12621,10236,7063,1005,1045,1004,211100,152493,31892,19947,11617,0
Male,Graduate,Single,29,150000,1934,12166,15378,6832,10164,0,12170,8200,0,8160,0,-4,7178,6832,2004,0,0
Female,University,Single,24,50000,14814,9631,36631,29150,0,0,10755,36671,583,0,0,-1124,-40,28567,0,0,0
Female,University,Married,26,50000,1902,782,0,4699,0,0,782,0,4699,0,0,0,0,0,0,0,0
Female,High School,Single,28,100000,99627,101079,69971,60824,60969,59650,3796,3041,2500,2600,2171,97283,66930,58324,58369,57479,0
Female,University,Married,45,90000,37453,9009,179,0,0,0,24509,179,0,0,0,-15500,0,0,0,0,0
Female,Graduate,Single,24,70000,15932,16879,16315,17099,16683,18753,1500,0,1355,0,2353,15379,16315,15744,16683,16400,1
Female,Other,Single,23,90000,83176,74918,75422,29364,9571,9665,3504,2942,979,191,193,71414,72480,28385,9380,9472,0
Male,Graduate,Married,42,400000,34084,36916,21089,22943,22994,25172,4085,1539,3013,3003,3003,32831,19550,19930,19991,22169,0
Male,University,Single,36,10000,7393,9400,7226,5733,5755,1600,2329,0,1007,2200,1600,7071,7226,4726,3555,0,1
Male,Graduate,Single,27,80000,72565,63342,51529,41484,34097,29200,10000,4000,2000,3000,2500,53342,47529,39484,31097,26700,0
Male,Graduate,Single,33,70000,63845,65443,65169,64370,15082,0,3224,1680,3000,142,142,62219,63489,61370,14940,-142,0
Male,High School,Married,44,100000,30076,31287,31676,32259,31608,33524,2000,1200,1400,0,2600,29287,30476,30859,31608,30924,0
Female,University,Married,33,210000,1971,748,0,0,0,0,822,0,0,0,0,-74,0,0,0,0,1
Female,High School,Single,39,360000,0,0,0,0,0,0,0,0,0,0,0,0,0,0,0,0,1
Male,Graduate,Married,28,280000,285249,276229,277026,280771,270992,111885,5,10031,10021,7111,34,276224,266995,270750,263881,111851,0
Male,Graduate,Single,32,180000,85040,77213,68131,62704,60133,59335,2937,2226,2271,2108,3012,74276,65905,60433,58025,56323,0
Male,Graduate,Married,45,220000,157122,153320,156996,158717,162122,165399,0,7600,5700,6000,6000,153320,149396,153017,156122,159399,0
Male,Graduate,Single,47,200000,696,696,696,696,846,696,696,696,696,846,696,0,0,0,0,0,0
Female,University,Single,25,130000,52180,49874,52000,53590,54606,51033,0,5000,4000,3000,3500,49874,47000,49590,51606,47533,0
Male,University,Married,47,200000,389,389,389,389,389,389,390,390,390,390,390,-1,-1,-1,-1,-1,0
Female,Graduate,Married,44,170000,29940,15903,5641,2194,18601,2557,15927,5641,2194,18601,2557,-24,0,0,0,0,0
Male,Graduate,Single,30,140000,22778,6405,1683,-885,3019,-177,6500,2515,0,8000,0,-95,-832,-885,-4981,-177,0
Female,High School,Married,54,50000,50318,50579,48491,29157,29097,29039,2008,3537,5700,1102,1200,48571,44954,23457,27995,27839,0
Female,High School,Single,26,200000,22629,24943,27210,36359,39299,40428,3000,3000,10000,3700,2000,21943,24210,26359,35599,38428,0
Male,High School,Single,33,200000,181542,173731,152447,119730,122537,109504,7100,5354,4363,4816,4381,166631,147093,115367,117721,105123,0
Female,High School,Married,36,360000,150527,153900,0,0,0,0,7000,0,0,0,0,146900,0,0,0,0,0
Male,University,Married,33,50000,13538,9199,6879,6753,5440,5440,2000,1284,264,109,390,7199,5595,6489,5331,5050,0
Female,Graduate,Single,37,500000,6364,1625,517,0,1450,2668,1625,517,0,1450,2668,0,0,0,0,0,0
Female,University,Single,30,90000,75382,73980,75036,77094,75708,76610,3350,3300,5500,1600,3950,70630,71736,71594,74108,72660,1
Male,Graduate,Single,36,500000,2450,1038,34741,20409,23804,22697,1100,35157,3000,5000,5000,-62,-416,17409,18804,17697,0
Female,High School,Married,33,80000,78428,76513,74383,48315,48831,48950,3373,7248,2980,2000,1903,73140,67135,45335,46831,47047,0
Male,High School,Married,53,230000,2150,9413,6020,18468,9665,28100,9413,6161,18468,9665,28100,0,-141,0,0,0,0
Female,Graduate,Single,30,120000,416,416,416,0,832,416,416,416,0,832,416,0,0,0,0,0,1
Female,High School,Married,56,190000,67211,63278,57104,57380,58225,58847,2818,2700,2191,2300,2130,60460,54404,55189,55925,56717,0
Male,University,Married,50,500000,265803,246770,223989,223232,219158,212237,16770,13989,33232,29695,32838,230000,210000,190000,189463,179399,0
Female,University,Married,42,80000,0,0,0,0,0,0,0,0,0,0,0,0,0,0,0,0,0
Female,Graduate,Single,35,450000,0,0,3581,3654,0,0,0,3581,73,0,0,0,0,3581,0,0,0
Female,Graduate,Married,30,280000,0,0,0,0,0,0,0,0,0,0,0,0,0,0,0,0,0
Female,High School,Married,47,360000,1458,-4,3994,0,0,7429,0,3998,0,0,7429,-4,-4,0,0,0,1
Female,University,Single,21,30000,28871,28430,29051,29265,28267,28925,1802,1802,1358,1100,1151,26628,27249,27907,27167,27774,0
Female,University,Married,25,50000,35676,34407,30785,31573,35191,34476,3400,0,1300,4300,0,31007,30785,30273,30891,34476,1
Female,University,Married,49,60000,0,0,0,0,0,0,0,0,0,0,0,0,0,0,0,0,1
Female,University,Married,28,30000,8618,9975,4885,1065,-264,942,1700,1020,1000,0,1206,8275,3865,65,-264,-264,0
Male,University,Married,49,20000,16348,10535,10720,10120,0,0,2010,1508,1000,0,0,8525,9212,9120,0,0,1
Male,High School,Other,57,20000,20442,20141,19888,20318,20364,20134,1200,1300,1000,1000,1000,18941,18588,19318,19364,19134,0
Male,Graduate,Married,43,200000,43272,21546,4397,0,0,0,2000,2000,0,0,0,19546,2397,0,0,0,1
Female,Graduate,Single,25,100000,0,0,0,0,0,0,0,0,0,0,0,0,0,0,0,0,0
Female,High School,Married,39,300000,1117,0,0,0,0,0,0,0,0,0,0,0,0,0,0,0,0
Female,Graduate,Single,39,210000,0,0,0,0,0,0,0,0,0,0,0,0,0,0,0,0,0
Female,High School,Married,71,70000,64670,66197,70867,54425,55555,48530,3166,6550,0,2033,1915,63031,64317,54425,53522,46615,0
Female,University,Single,29,210000,1767,-3355,-3987,-1987,1697,4347,0,0,2000,4000,3000,-3355,-3987,-3987,-2303,1347,0
Male,Graduate,Married,31,440000,274263,267233,360999,149363,142757,119034,0,100006,0,6000,4000,267233,260993,149363,136757,115034,1
Male,Graduate,Single,33,410000,4111,874,25014,26184,21515,15656,897,26880,15083,12049,4077,-23,-1866,11101,9466,11579,0
Male,Graduate,Married,36,110000,104498,107819,109836,44356,45932,47473,5000,4823,2000,2000,2000,102819,105013,42356,43932,45473,0
Female,Graduate,Single,36,200000,120869,0,0,0,0,0,0,0,0,0,0,0,0,0,0,0,0
Female,High School,Married,42,180000,2069,2675,448,448,29926,5287,2675,448,0,29926,5287,0,0,448,0,0,1
Female,Graduate,Married,46,150000,21787,22817,24134,24635,29032,29766,1382,1699,1200,5000,1214,21435,22435,23435,24032,28552,0
Female,Graduate,Single,33,330000,-200,-200,-200,150,150,350,0,0,350,0,200,-200,-200,-200,150,150,0
Female,University,Married,41,500000,8938,73679,65181,5466,30177,11602,65215,326,5494,30328,11658,8464,64855,-28,-151,-56,0
Female,University,Married,35,350000,83379,26305,26858,40098,10855,-2,26436,26921,40098,10855,2,-131,-63,0,0,-4,0
Female,University,Married,36,200000,473,4511,5122,1936,1771,0,4528,5122,0,1771,0,-17,0,1936,0,0,1
Male,Graduate,Married,45,280000,2270,1703,-15,30943,15631,17508,1703,0,30958,15631,17508,0,-15,-15,0,0,1
Female,High School,Married,39,80000,5280,5000,5000,0,0,5000,5000,5000,0,5000,5000,0,0,0,-5000,0,0
Female,Graduate,Single,29,280000,4356,12345,2663,867,3060,858,12384,2664,867,3060,858,-39,-1,0,0,0,0
Female,University,Single,23,130000,115978,121386,108759,94692,96419,98233,12073,3400,0,3482,4037,109313,105359,94692,92937,94196,0
Female,University,Married,49,160000,76445,78013,19007,19392,19928,20445,4000,3000,1000,1000,1000,74013,16007,18392,18928,19445,0
Female,University,Single,23,20000,2400,2400,2400,2400,2400,1800,0,0,0,0,0,2400,2400,2400,2400,1800,1
Female,University,Single,32,300000,26575,27062,20111,8738,250,0,1321,9160,1000,250,0,25741,10951,7738,0,0,0
Female,Graduate,Single,32,100000,93724,96017,98111,68668,66845,67452,3800,4000,2500,2500,3000,92217,94111,66168,64345,64452,0
Male,University,Married,38,130000,780,0,11440,3752,1824,390,0,11440,3752,1824,390,0,0,0,0,0,0
Male,Graduate,Married,55,500000,4957,4957,4957,4957,4957,4957,0,0,0,0,0,4957,4957,4957,4957,4957,1
Female,University,Married,27,200000,183994,182427,182657,174547,181454,177141,5200,7000,0,13300,0,177227,175657,174547,168154,177141,1
Female,Graduate,Single,30,360000,70701,74550,78212,69453,73423,72575,10000,10005,10000,10000,10000,64550,68207,59453,63423,62575,0
Female,University,Married,26,20000,0,0,0,0,0,0,0,0,0,0,0,0,0,0,0,0,1
Male,University,Single,29,400000,21092,19756,19058,15146,15064,12774,0,1510,1010,1000,2000,19756,17548,14136,14064,10774,0
Female,High School,Married,52,200000,203385,192055,164665,155614,145920,104728,5891,0,6100,5792,4240,186164,164665,149514,140128,100488,0
Female,Other,Married,60,30000,19282,20364,21638,25392,24428,26410,1700,2617,5710,1000,3342,18664,19021,19682,23428,23068,0
Male,University,Married,58,30000,2450,4765,3767,4151,3940,3697,4777,3770,4151,3940,3697,-12,-3,0,0,0,1
Male,University,Married,55,50000,44306,43321,43454,44254,2150,1689,0,1200,1000,2150,1689,43321,42254,43254,0,0,0
Female,Graduate,Married,51,230000,986,2295,2754,74,3381,2308,2295,2764,74,3381,2308,0,-10,0,0,0,1
Female,Graduate,Married,36,210000,0,799,0,0,4150,0,799,0,0,4150,0,0,0,0,0,0,1
Female,Graduate,Single,49,50000,150,150,150,150,150,150,0,0,0,0,0,150,150,150,150,150,1
Female,Other,Married,33,170000,143737,129898,124370,112589,26958,8535,6247,6375,4468,1000,1306,123651,117995,108121,25958,7229,0
Male,Graduate,Married,44,230000,815,815,815,1630,815,815,815,815,1630,0,815,0,0,0,815,0,0
Female,Graduate,Single,48,230000,161083,164757,168214,159106,162436,165878,7800,7684,5600,5755,6000,156957,160530,153506,156681,159878,0
Female,Graduate,Married,36,350000,352032,353903,351888,351175,352835,354265,13068,14412,12947,13016,12823,340835,337476,338228,339819,341442,0
Female,Graduate,Single,36,170000,248,832,416,2304,323,-1092,1416,0,2304,0,0,-584,416,0,323,-1092,0
Female,University,Married,36,150000,137723,141048,142475,143966,146736,149697,7000,5200,5300,5200,5500,134048,137275,138666,141536,144197,0
Female,University,Married,27,90000,1767,17684,18382,21415,6654,10323,17684,3000,5000,3000,5000,0,15382,16415,3654,5323,0
Female,Graduate,Single,33,320000,-347,-347,-347,-347,-347,13694,0,0,0,0,14041,-347,-347,-347,-347,-347,0
Female,University,Single,45,120000,92000,94000,96000,98000,100000,0,2000,2000,2000,2000,0,92000,94000,96000,98000,0,0
Female,High School,Married,56,20000,12864,14150,15334,16222,17598,9950,1500,1500,1000,1500,1500,12650,13834,15222,16098,8450,0
Female,Graduate,Married,41,280000,280,6852,486,0,0,244,6859,486,0,0,244,-7,0,0,0,0,0
Female,University,Single,28,90000,81553,39759,29601,20650,0,0,2000,1396,1050,0,0,37759,28205,19600,0,0,0
Male,Graduate,Married,30,450000,25244,0,0,0,0,0,0,0,0,0,0,0,0,0,0,0,0
Male,University,Single,27,270000,144376,91373,15016,14092,14315,111458,6000,2000,1000,2000,100000,85373,13016,13092,12315,11458,0
Female,University,Married,41,80000,74228,76138,45441,30526,28356,2661,3500,2000,1400,1600,400,72638,43441,29126,26756,2261,0
Female,University,Married,41,230000,166988,170603,172056,172615,174555,177010,8000,7500,6500,6500,7000,162603,164556,166115,168055,170010,0
Female,University,Married,30,50000,416,832,416,3285,2685,2270,832,0,3285,0,190,0,416,0,2685,2080,1
Male,Graduate,Married,48,250000,205323,5317,4898,19351,4858,6973,10021,5033,19619,4874,7050,-4704,-135,-268,-16,-77,1
Female,Graduate,Single,42,220000,26340,31523,35718,24288,25720,48759,31533,20600,24288,25720,48759,-10,15118,0,0,0,0
Female,Graduate,Married,38,30000,26460,27042,27617,28546,13487,8307,2000,1400,1300,700,1000,25042,26217,27246,12787,7307,0
Male,University,Single,68,120000,125406,123819,122209,122047,122019,130079,4400,4436,4370,4440,12600,119419,117773,117677,117579,117479,1
Female,University,Single,26,100000,22320,15193,13516,1541,8805,11329,1227,1150,1600,8000,5000,13966,12366,-59,805,6329,0
Female,Graduate,Single,25,150000,147260,148157,146844,145037,145349,145506,8100,5202,5300,5300,5300,140057,141642,139737,140049,140206,1
Male,Graduate,Single,28,670000,88612,91137,99314,95292,63782,41114,5000,10000,4500,6000,1300,86137,89314,90792,57782,39814,0
Male,Graduate,Married,36,200000,8065,49307,5679,8855,49572,2684,49362,5679,8855,49572,2684,-55,0,0,0,0,0
Female,High School,Married,47,70000,71392,70757,71451,70654,70965,71373,3200,3400,2900,2750,3152,67557,68051,67754,68215,68221,0
Female,University,Married,41,50000,15910,15370,16490,16962,15446,14739,0,1700,1002,2,684,15370,14790,15960,15444,14055,0
Female,University,Single,64,80000,74037,71892,70762,71296,72832,74138,390,4000,2671,4000,2670,71502,66762,68625,68832,71468,1
Male,Graduate,Single,23,10000,1050,1050,1050,1050,1050,1050,0,0,0,0,0,1050,1050,1050,1050,1050,1
Female,Graduate,Married,37,140000,124375,133384,135691,137675,135371,138455,11000,6000,5700,0,5500,122384,129691,131975,135371,132955,1
Female,University,Single,21,30000,17444,11276,13324,5427,4521,0,2276,2328,1435,90,0,9000,10996,3992,4431,0,0
Male,University,Single,36,200000,99483,97546,98897,94943,96967,99016,4841,4300,3300,3361,3500,92705,94597,91643,93606,95516,1
Female,University,Single,24,90000,26928,29773,30091,30922,34112,34280,3600,1100,1630,4000,1200,26173,28991,29292,30112,33080,1
Female,University,Married,52,130000,112434,98455,103351,100724,97675,102080,0,12700,0,4000,11461,98455,90651,100724,93675,90619,0
Female,University,Single,26,160000,8036,7663,768,10488,4724,104205,7663,768,10488,2049,104205,0,0,0,2675,0,0
Female,High School,Married,58,150000,42218,44828,-7772,-7772,69762,71591,4828,0,0,77534,2991,40000,-7772,-7772,-7772,68600,0
Female,Graduate,Single,34,150000,1198,10848,8830,16864,17199,20025,12003,5000,16864,18000,20025,-1155,3830,0,-801,0,0
Male,Graduate,Single,24,20000,3302,0,679,679,5679,7570,0,679,0,5000,2000,0,0,679,679,5570,0
Female,Graduate,Single,26,80000,666,666,1332,666,666,416,666,1332,0,666,416,0,0,666,0,0,1
Male,University,Married,31,460000,120430,123150,0,6261,0,0,6000,0,6261,0,0,117150,0,0,0,0,0
Female,High School,Married,40,60000,749,44893,34812,15768,25915,25058,60295,3000,3020,25915,1500,-15402,31812,12748,0,23558,1
Male,University,Married,38,50000,49695,49848,49557,49233,49068,48542,2200,2100,2000,2000,1700,47648,47457,47233,47068,46842,1
Female,High School,Married,35,200000,188096,171535,167877,128550,131511,127781,8000,6700,5000,5100,4700,163535,161177,123550,126411,123081,1
Female,University,Married,30,60000,59533,61276,61117,25254,26237,26752,3300,1900,1100,3000,1011,57976,59217,24154,23237,25741,0
Male,Graduate,Married,31,200000,58008,72062,72912,80819,84186,83710,20000,20000,10000,20000,10000,52062,52912,70819,64186,73710,0
Male,Graduate,Married,33,230000,218094,225070,227528,121751,219354,111792,12000,9100,4600,4200,4100,213070,218428,117151,215154,107692,0
Male,University,Married,38,50000,25809,14888,20803,18395,18386,18420,2000,20000,700,665,727,12888,803,17695,17721,17693,0
Female,High School,Single,51,60000,56793,57455,59295,19212,19232,19218,2342,3057,700,700,682,55113,56238,18512,18532,18536,0
Male,University,Married,47,180000,1473,1473,390,390,390,780,1473,390,390,390,780,0,0,0,0,0,1
Female,University,Married,47,50000,50732,50713,45549,40043,39844,39599,2000,2106,1600,1606,1581,48713,43443,38443,38238,38018,0
Male,High School,Married,62,150000,0,0,0,0,0,0,0,0,0,0,0,0,0,0,0,0,0
Female,University,Married,36,140000,326,501,1251,0,2106,652,501,1251,0,2106,652,0,0,0,0,0,1
Male,Graduate,Married,35,120000,114127,117131,114496,120538,115975,116937,7000,1500,9975,0,8000,110131,112996,110563,115975,108937,1
Female,Graduate,Married,39,200000,193162,191772,174199,173102,152178,129082,7294,5443,6000,5500,5000,184478,168756,167102,146678,124082,0
Male,Graduate,Single,31,500000,0,0,399,35528,10389,0,0,399,35129,0,0,0,0,399,10389,0,0
Female,University,Married,36,120000,117922,114621,115581,118481,116444,117283,0,4400,9000,0,9000,114621,111181,109481,116444,108283,1
Male,Graduate,Single,28,500000,17155,0,0,1116,969,6745,0,0,1116,3,6745,0,0,0,966,0,0
Female,High School,Single,23,50000,47333,11354,12367,12612,12875,13131,1193,1206,451,466,469,10161,11161,12161,12409,12662,0
Female,High School,Single,51,30000,17261,20543,18180,7200,18183,8975,5000,8180,2200,18183,8975,15543,10000,5000,0,0,0
Male,Graduate,Married,35,240000,2007,21790,17102,13367,22659,22707,21817,1120,13434,22772,22820,-27,15982,-67,-113,-113,0
Female,University,Married,37,170000,0,0,0,0,0,0,0,0,0,0,0,0,0,0,0,0,0
Male,Graduate,Single,26,80000,74384,0,0,0,0,0,5000,0,0,0,0,-5000,0,0,0,0,0
Male,Graduate,Single,29,360000,2273,1170,0,0,7972,8275,1175,0,0,7972,435,-5,0,0,0,7840,0
Female,University,Single,24,50000,20632,21994,23914,23231,24851,24301,1700,2600,0,2000,0,20294,21314,23231,22851,24301,1
Female,University,Married,27,70000,76062,73367,70935,52943,50971,50681,3000,3500,5450,5900,3100,70367,67435,47493,45071,47581,1
Female,University,Married,29,250000,128413,124320,108995,84196,95286,93613,5300,0,3100,12500,0,119020,108995,81096,82786,93613,1
Female,Graduate,Married,39,150000,80762,77506,75239,71245,69214,24036,0,3700,0,2000,0,77506,71539,71245,67214,24036,1
Female,University,Married,41,100000,390,390,0,944,0,0,780,0,944,0,0,-390,0,0,0,0,0
Male,Graduate,Single,32,360000,0,0,0,0,0,0,0,0,0,0,0,0,0,0,0,0,0
Female,High School,Married,47,30000,6911,10507,4785,4567,11762,4209,10523,4790,4736,55762,4209,-16,-5,-169,-44000,0,0
Male,Graduate,Married,29,490000,115,109,1375,230,115,113,109,1381,230,0,113,0,-6,0,115,0,1
Female,University,Married,60,180000,178854,177159,177477,176197,170173,139649,2600,5022,5000,6000,7000,174559,172455,171197,164173,132649,1
Female,Graduate,Married,36,420000,0,1493,0,11511,14916,15564,0,0,11511,14916,15564,1493,0,0,0,0,0
Male,Graduate,Single,33,20000,16339,20650,0,0,0,0,5000,0,0,0,0,15650,0,0,0,0,1
Male,Graduate,Married,47,480000,69046,70490,71931,73362,74897,76461,2548,2602,2618,2709,2800,67942,69329,70744,72188,73661,0
Male,Graduate,Single,27,350000,21872,68309,162651,13514,36306,14974,137308,164395,49,36491,15049,-68999,-1744,13465,-185,-75,0
Male,University,Married,57,360000,0,0,0,0,0,0,0,0,0,0,0,0,0,0,0,0,1
Female,Graduate,Single,27,240000,3293,9051,2804,3958,12157,3874,9079,2804,3958,12157,3874,-28,0,0,0,0,0
Female,Graduate,Single,30,280000,29989,168,1206,300,460,861,168,1206,300,460,861,0,0,0,0,0,1
Female,University,Married,39,150000,32891,30930,28901,27587,25531,26586,5000,1650,2000,2000,3000,25930,27251,25587,23531,23586,0
Male,University,Single,30,320000,29668,30282,30737,26875,26318,25880,1353,1224,739,742,751,28929,29513,26136,25576,25129,0
Female,University,Single,22,20000,631,1170,780,390,0,780,1800,0,0,0,2000,-630,780,390,0,-1220,1
Female,High School,Married,36,50000,45260,46605,47317,48259,50245,50265,2075,1787,1729,2765,1000,44530,45530,46530,47480,49265,1
Male,Graduate,Single,33,280000,275487,207378,107293,6283,5783,5283,8879,4743,1640,0,0,198499,102550,4643,5783,5283,0
Female,University,Married,53,450000,2542,2545,1158,1103,110,187,2557,1273,1109,0,187,-12,-115,-6,110,0,0
Female,Graduate,Single,53,260000,235073,235704,198181,143561,110982,72514,30000,10087,6030,5001,10002,205704,188094,137531,105981,62512,0
Male,Graduate,Married,56,500000,87161,89009,92651,93725,95517,97581,3248,5140,3510,3461,3646,85761,87511,90215,92056,93935,0
Male,Graduate,Single,35,470000,393780,371511,318025,248281,254175,256613,15107,13111,10000,10014,9598,356404,304914,238281,244161,247015,0
Female,University,Single,23,150000,15952,29836,1860,1535,0,0,20039,1860,0,0,0,9797,0,1535,0,0,0
Female,High School,Married,46,100000,91983,100538,101670,98047,101891,98173,11000,3700,0,7500,0,89538,97970,98047,94391,98173,0
Male,Graduate,Single,38,100000,24796,27085,26352,33871,33192,35637,3000,0,8000,0,3000,24085,26352,25871,33192,32637,0
Male,University,Single,39,220000,3553,15696,17257,21624,26246,30781,15696,5000,5000,5000,5000,0,12257,16624,21246,25781,0
Female,Graduate,Single,37,300000,34085,29305,25945,22318,18636,15374,0,1380,753,630,1000,29305,24565,21565,18006,14374,0
Female,Graduate,Single,31,230000,0,0,196,533,1238,957,0,196,533,1238,957,0,0,0,0,0,0
Female,High School,Single,39,300000,-3928,-5973,4735,6186,116,14429,1720,344467,6822,49,15000,-7693,-339732,-636,67,-571,1
Male,High School,Single,48,50000,79681,79989,76394,24873,-2132,28561,3200,2581,1200,2070,31500,76789,73813,23673,-4202,-2939,0
Male,High School,Married,47,170000,1521,0,0,0,0,0,0,0,0,0,0,0,0,0,0,0,0
Male,Graduate,Married,41,460000,5383,40004,0,650,0,2232,40134,0,650,0,2232,-130,0,0,0,0,1
Female,Graduate,Single,34,30000,24022,24744,24053,25624,25977,25413,1396,0,1967,903,0,23348,24053,23657,25074,25413,1
Female,Graduate,Single,24,30000,165,165,165,323,158,-1027,165,165,323,0,0,0,0,0,158,-1027,1
Male,University,Married,42,20000,21431,19745,19943,19235,19245,13670,1386,1189,570,589,600,18359,18754,18665,18656,13070,1
Male,High School,Married,44,220000,380,380,380,380,56663,57436,380,380,380,56663,2000,0,0,0,0,55436,0
Female,Graduate,Married,62,70000,69926,69474,60975,38546,37843,38632,4000,3000,1341,1359,1403,65474,57975,37205,36484,37229,0
Female,University,Single,40,330000,131096,127564,130167,132754,135691,139646,0,4725,4752,5077,6366,127564,125442,128002,130614,133280,0
Male,Graduate,Married,40,370000,0,0,0,0,0,0,0,0,0,0,0,0,0,0,0,0,1
Male,Graduate,Single,28,230000,23855,18298,1741,16594,18261,18333,18309,1741,33188,20000,19000,-11,0,-16594,-1739,-667,0
Male,High School,Married,49,50000,40281,9630,10614,10478,10490,390,1173,1157,411,608,690,8457,9457,10067,9882,-300,0
Male,University,Single,31,360000,281600,281178,265549,244053,239088,193401,14128,11208,6554,7248,7122,267050,254341,237499,231840,186279,1
Female,University,Single,37,390000,324452,309369,269703,266017,271657,245958,13106,10111,10005,11000,9007,296263,259592,256012,260657,236951,0
Female,University,Other,42,360000,429169,278515,259097,259999,265746,259299,16629,9519,9367,10001,9513,261886,249578,250632,255745,249786,0
Female,University,Married,27,30000,10011,12830,13225,12718,12829,13083,3000,901,0,465,467,9830,12324,12718,12364,12616,1
Male,Graduate,Married,33,500000,2907,-110,-110,-310,82690,84529,9,0,0,83000,3000,-119,-110,-310,-310,81529,0
Female,High School,Single,32,120000,67876,69903,71446,79589,81354,83044,3120,3300,10000,3200,3200,66783,68146,69589,78154,79844,0
Male,Graduate,Single,29,360000,0,0,0,0,0,0,0,0,0,0,0,0,0,0,0,0,1
Female,University,Married,27,20000,19961,16437,16579,17437,18314,19616,1500,2579,1437,1314,1616,14937,14000,16000,17000,18000,0
Female,University,Married,48,50000,5994,1478,2946,1473,1473,1473,1478,4419,0,1473,1473,0,-1473,1473,0,0,0
Female,Graduate,Single,27,230000,0,1988,19690,25681,0,0,1988,19878,25681,0,0,0,-188,0,0,0,0
Female,Graduate,Married,48,160000,0,0,0,0,0,0,0,0,0,0,0,0,0,0,0,0,0
Female,Graduate,Married,32,110000,114430,108202,108657,108668,103867,111842,0,6000,8200,0,9956,108202,102657,100468,103867,101886,1
Male,University,Single,25,50000,32233,31440,33489,18968,15611,19304,0,3041,0,3,5700,31440,30448,18968,15608,13604,0
Male,High School,Single,28,30000,22323,25961,25141,22272,22844,19436,4000,9,1000,1013,1300,21961,25132,21272,21831,18136,1
Male,University,Single,35,50000,57570,54383,49966,7825,3753,34287,2460,1140,226,555,35190,51923,48826,7599,3198,-903,1
Female,High School,Married,37,240000,-3,-3,1130,3525,0,2116,0,1133,3525,0,2116,-3,-3,0,0,0,0
Male,High School,Single,29,90000,83683,65192,46273,46979,48139,44432,4000,3000,1700,2000,1591,61192,43273,45279,46139,42841,0
Female,Graduate,Married,29,150000,598,3188,33850,4625,1035,520,3188,33850,4625,1035,0,0,0,0,0,520,1
Female,University,Married,35,100000,61089,59556,60486,58296,33247,34118,0,2525,0,1206,1423,59556,57961,58296,32041,32695,1
Female,Graduate,Single,24,70000,26410,31128,24486,21879,13127,14149,5190,42,3000,3000,1400,25938,24444,18879,10127,12749,1
Female,University,Single,27,430000,263,263,4119,4390,20952,15562,1764,4120,535,20990,2506,-1501,-1,3855,-38,13056,1
Male,Graduate,Single,31,150000,64378,14054,140230,98674,107664,111561,14127,140951,10000,10000,5219,-73,-721,88674,97664,106342,0
Male,Graduate,Single,48,50000,53540,53321,49263,29063,26644,27201,1066,50045,992,1000,1000,52255,-782,28071,25644,26201,0
Male,Graduate,Single,33,200000,-18,-18,-18,-18,-18,-18,0,0,0,0,0,-18,-18,-18,-18,-18,1
Female,University,Married,28,150000,19946,18646,13086,13086,3555,0,2000,1500,1500,1000,0,16646,11586,11586,2555,0,0
Male,University,Single,25,50000,5832,33559,32774,23113,19852,17308,30074,1800,1000,700,1000,3485,30974,22113,19152,16308,0
Male,Graduate,Single,31,300000,16772,943,38450,29925,33769,21020,934,38500,29700,33769,21020,9,-50,225,0,0,0
Female,University,Married,44,50000,45578,41906,35703,22360,23659,27421,3016,5003,3000,3000,5000,38890,30700,19360,20659,22421,0
Male,Graduate,Single,30,30000,0,0,0,0,0,0,0,0,0,0,0,0,0,0,0,0,1
Male,Graduate,Married,53,380000,0,767,4090,9471,1993,1164,767,4090,9476,1993,1164,0,0,-5,0,0,0
Female,Graduate,Married,45,70000,69794,70756,65348,58253,35943,27930,3000,0,3000,5943,10000,67756,65348,55253,30000,17930,0
Male,University,Single,28,360000,19390,22726,12148,12885,12994,15320,7113,12163,3787,714,5369,15613,-15,9098,12280,9951,0
Male,University,Single,41,50000,41993,43163,36546,6421,5263,-12,1942,1725,1000,400,0,41221,34821,5421,4863,-12,0
Female,Graduate,Single,30,20000,11730,7221,0,3041,3041,1326,1712,0,3041,0,1326,5509,0,0,3041,0,0
Female,University,Single,27,80000,80088,81371,79183,64862,58651,55230,4791,2418,2118,2066,2150,76580,76765,62744,56585,53080,0
Male,University,Married,49,30000,12855,16012,16453,15891,16224,16710,3690,1000,0,589,756,12322,15453,15891,15635,15954,0
Female,High School,Single,55,50000,51682,37869,27114,29625,32788,28668,3960,7232,11000,15788,13668,33909,19882,18625,17000,15000,0
Female,High School,Married,37,30000,26411,27578,29312,29680,29689,31050,1898,2632,1000,1176,830,25680,26680,28680,28513,30220,0
Male,Graduate,Married,38,260000,10448,1199,6675,1175,888,4186,1211,6818,1180,892,4207,-12,-143,-5,-4,-21,1
Female,University,Married,39,210000,44100,0,28428,0,0,12000,0,28428,0,0,12000,0,0,0,0,0,0
Female,Graduate,Single,29,200000,7523,8445,9090,3270,774,0,3000,1000,0,700,0,5445,8090,3270,74,0,0
Male,Graduate,Married,56,50000,5433,12906,7044,6787,6534,6277,1117,1098,231,234,238,11789,5946,6556,6300,6039,1
Male,High School,Married,28,490000,108157,107692,108590,109389,110491,111158,4056,3993,3831,4111,3939,103636,104597,105558,106380,107219,0
Male,Graduate,Married,45,170000,3479,570,0,1546,4981,4769,570,0,1546,4981,4769,0,0,0,0,0,0
Male,Graduate,Single,29,500000,15732,15760,18426,19200,3817,4817,3000,3000,2000,1000,2000,12760,15426,17200,2817,2817,0
Male,University,Married,46,220000,157646,159833,160032,162303,164700,166756,5800,5759,5938,6200,6009,154033,154273,156365,158500,160747,0
Female,Graduate,Single,30,150000,141330,133582,125026,108358,110070,111654,8000,8000,5000,5000,5000,125582,117026,103358,105070,106654,0
Female,University,Married,34,50000,44654,45650,46320,45290,48322,49094,2000,1700,0,3760,1700,43650,44620,45290,44562,47394,0
Male,University,Married,52,50000,46436,41290,40251,15273,14229,15001,2300,2000,1000,1000,1000,38990,38251,14273,13229,14001,0
Female,Graduate,Single,26,100000,91857,78797,70936,68104,68055,68084,3572,2600,5600,2600,2600,75225,68336,62504,65455,65484,0
Female,University,Single,25,310000,28598,22017,14605,15125,18048,16607,8820,1576,1000,3100,2000,13197,13029,14125,14948,14607,0
Female,Graduate,Married,35,510000,62382,55076,113654,104449,95937,96634,5000,70000,3500,4000,3500,50076,43654,100949,91937,93134,0
Male,University,Married,41,200000,11201,1383,976,1126,563,413,980,0,563,0,413,403,976,563,563,0,0
Male,High School,Married,43,50000,7978,11396,8900,8565,8590,19894,3887,0,453,312,1500,7509,8900,8112,8278,18394,0
Female,Graduate,Single,38,300000,10361,9692,3772,1919,316,2360,0,3,0,0,2360,9692,3769,1919,316,0,0
Female,Graduate,Married,40,450000,0,0,0,0,0,0,0,0,0,0,0,0,0,0,0,0,0
Male,University,Single,27,30000,3902,1950,890,0,750,0,1950,2390,0,750,0,0,-1500,0,0,0,0
Female,Graduate,Single,27,60000,836,836,390,150,1320,780,836,390,150,1560,0,0,0,0,-240,780,0
Female,University,Single,23,140000,25621,26805,27763,28342,29123,29930,1600,1500,1000,1200,1250,25205,26263,27342,27923,28680,1
Female,University,Single,32,50000,36211,28530,20084,18088,18476,20168,1709,2004,7497,671,2000,26821,18080,10591,17805,18168,0
Female,High School,Single,28,90000,86493,86960,87187,86669,90391,87207,4200,4000,3200,6700,0,82760,83187,83469,83691,87207,0
Female,University,Married,34,190000,138628,156232,152251,153820,163265,166627,21440,0,5600,11950,6200,134792,152251,148220,151315,160427,0
Female,Graduate,Single,29,150000,147331,146999,146277,147946,145846,143531,6740,6850,5664,5660,5480,140259,139427,142282,140186,138051,0
Female,University,Single,28,390000,19081,1170,6512,14122,7894,3927,1170,6512,14122,0,3927,0,0,0,7894,0,0
Male,High School,Married,47,30000,28923,29803,25373,23231,23913,21120,1586,1365,1663,5106,1050,28217,24008,21568,18807,20070,0
Male,Graduate,Married,60,240000,184427,188583,191992,185383,179565,92788,7001,6180,6000,5951,5285,181582,185812,179383,173614,87503,1
Female,Graduate,Single,29,260000,470,0,0,550,880,1287,0,0,550,880,1287,0,0,0,0,0,1
Male,High School,Single,25,30000,10198,28773,18031,13127,0,0,18808,1200,263,0,0,9965,16831,12864,0,0,0
Female,Graduate,Single,28,500000,58076,59534,51006,44360,34229,37880,2001,6620,6015,10001,4137,57533,44386,38345,24228,33743,0
Female,University,Single,29,60000,41387,42117,41140,42110,42988,43841,1685,0,1655,1707,1718,40432,41140,40455,41281,42123,0
Male,High School,Married,30,200000,144933,148103,148137,151505,154728,157912,7000,4000,4000,4000,4000,141103,144137,147505,150728,153912,0
Male,University,Married,31,80000,70664,62223,26400,27201,27363,-4000,2036,1500,1201,1500,2000,60187,24900,26000,25863,-6000,0
Female,University,Single,30,100000,-4,-4,-4,-4,-4,-4,0,0,0,0,0,-4,-4,-4,-4,-4,0
Male,Graduate,Married,42,380000,4377,-3,3885,0,1140,505,0,3888,0,1140,505,-3,-3,0,0,0,0
Male,University,Married,30,210000,32903,33275,34174,34141,34456,34737,1600,1846,1209,1248,1247,31675,32328,32932,33208,33490,1
Male,University,Single,27,10000,8257,7995,4878,5444,2639,2697,2000,1100,600,300,300,5995,3778,4844,2339,2397,1
Male,University,Married,44,500000,91718,93338,96781,98274,100528,102748,4000,5000,4000,4000,4091,89338,91781,94274,96528,98657,0
Female,Graduate,Married,37,240000,118402,119764,72050,0,0,0,5598,4000,0,0,0,114166,68050,0,0,0,1
Male,Graduate,Single,29,270000,227479,181629,185614,189524,193971,199763,7000,7000,7000,7500,9000,174629,178614,182524,186471,190763,0
Male,University,Single,25,50000,21006,18851,19722,19644,18687,18033,4788,1532,1002,1006,2004,14063,18190,18642,17681,16029,0
Female,Graduate,Single,36,120000,84171,76025,78068,78589,77213,82567,3438,4000,12242,0,6894,72587,74068,66347,77213,75673,0
Male,Graduate,Single,28,280000,281663,211805,96763,67554,-3,1244,80019,5000,439,10603,1247,131786,91763,67115,-10606,-3,0
Female,Graduate,Single,28,260000,126418,129214,131933,134482,135772,138229,6000,5200,5000,5000,5000,123214,126733,129482,130772,133229,0
Male,Graduate,Married,38,360000,7975,4062,1914,4877,2100,3602,4062,1914,4877,2100,3602,0,0,0,0,0,0
Female,Graduate,Single,30,210000,0,795,588,1488,609,768,795,588,1488,609,768,0,0,0,0,0,0
Male,Graduate,Single,29,390000,9918,15918,103169,95669,88080,80576,16008,100000,5000,4000,4000,-90,3169,90669,84080,76576,0
Male,University,Married,36,40000,34871,37999,37089,39464,38698,40051,3700,0,3000,0,2000,34299,37089,36464,38698,38051,0
Female,University,Single,27,10000,6691,7723,17734,9081,8877,9261,1142,1286,500,320,529,6581,16448,8581,8557,8732,0
Female,University,Married,43,120000,0,999,0,0,0,0,999,0,0,0,0,0,0,0,0,0,1
Male,High School,Married,43,200000,1435,1270,3783,2522,1261,1436,1270,4000,0,0,1436,0,-217,2522,1261,0,0
Female,University,Married,37,80000,1480,3832,898,425,0,2791,3832,898,425,0,2791,0,0,0,0,0,0
Female,University,Single,27,60000,12193,13983,15746,17486,17067,17255,2000,2000,2000,0,620,11983,13746,15486,17067,16635,0
Female,University,Single,39,130000,50033,52440,52993,51546,52663,53737,3500,2000,0,2100,2100,48940,50993,51546,50563,51637,1
Female,University,Single,29,100000,17848,19032,19664,16407,15068,40794,1775,1407,328,935,42000,17257,18257,16079,14133,-1206,0
Male,University,Married,45,20000,3213,4308,4093,4866,6781,7668,1300,0,1000,2000,1000,3008,4093,3866,4781,6668,0
Male,Graduate,Single,34,460000,45358,42991,45848,50875,56479,50889,2613,7021,10019,10051,10046,40378,38827,40856,46428,40843,0
Male,University,Single,32,80000,82212,79682,28242,21400,0,0,7,1200,1408,0,0,79675,27042,19992,0,0,0
Male,Graduate,Single,26,80000,74487,76126,69856,48816,48476,48448,7576,3000,1800,1800,2000,68550,66856,47016,46676,46448,0
Female,Graduate,Single,28,240000,209848,214477,218142,195913,197823,189111,10000,9000,7000,7000,6625,204477,209142,188913,190823,182486,0
Female,High School,Married,38,200000,97584,75187,72556,63524,49914,18068,3600,2500,3000,2000,2000,71587,70056,60524,47914,16068,0
Male,University,Single,29,230000,200,840,0,3458,499,5180,840,0,3458,499,5180,0,0,0,0,0,0
Female,Graduate,Married,53,260000,827,827,827,827,755,-72,827,827,827,755,0,0,0,0,0,-72,0
Female,University,Married,38,90000,88758,89680,89876,49922,46302,45430,3900,3487,1629,4000,3000,85780,86389,48293,42302,42430,0
Male,University,Single,29,320000,324693,321110,325024,322246,297637,301575,11650,12500,11900,10503,10886,309460,312524,310346,287134,290689,0
Female,University,Married,47,280000,231181,26610,24910,20133,5821,143866,1610,1910,1133,821,155681,25000,23000,19000,5000,-11815,0
Male,University,Single,29,120000,87376,85135,86024,91380,93263,95079,0,3200,6800,3500,3500,85135,82824,84580,89763,91579,1
Female,Graduate,Single,27,400000,140,140,12527,12640,14805,238,140,12527,253,2305,238,0,0,12387,12500,0,0
Female,Graduate,Married,55,50000,25043,26411,27451,19431,19837,20232,1775,1815,695,719,724,24636,25636,18736,19118,19508,0
Female,Graduate,Single,23,10000,2400,2400,2400,2400,2400,1800,0,0,0,0,0,2400,2400,2400,2400,1800,1
Male,University,Single,26,70000,69900,67591,68338,26916,27480,28043,2506,1925,1000,997,1020,65085,66413,25916,26483,27023,0
Male,Graduate,Married,30,210000,65600,63396,64150,66135,70118,67254,2300,3000,3000,5000,0,61096,61150,63135,65118,67254,0
Female,University,Married,39,140000,1007,3680,4214,3790,3357,3426,3685,4214,76,67,69,-5,0,3714,3290,3357,0
Male,University,Married,50,290000,929,1729,0,0,0,0,1732,0,0,0,0,-3,0,0,0,0,0
Male,High School,Married,32,30000,28292,30494,28317,16454,450,1400,3000,1431,483,0,700,27494,26886,15971,450,700,0
Female,Graduate,Single,32,110000,58679,56871,56279,24271,52040,25453,1210,2056,1200,2300,0,55661,54223,23071,49740,25453,1
Female,High School,Single,54,20000,9777,10140,9360,9833,9153,9116,2000,1000,1000,0,500,8140,8360,8833,9153,8616,0
Female,University,Married,36,220000,136556,139453,142295,145127,148159,151462,5100,5163,5196,5372,5761,134353,137132,139931,142787,145701,0
Female,University,Married,36,180000,682,0,0,1012,0,669,0,0,1012,0,669,0,0,0,0,0,0
Male,Graduate,Single,26,30000,25899,25177,22768,18600,0,0,0,600,800,0,0,25177,22168,17800,0,0,1
Female,University,Single,31,50000,0,0,0,0,0,0,0,0,0,0,0,0,0,0,0,0,0
Male,High School,Married,29,150000,38675,0,0,0,0,0,0,0,0,0,0,0,0,0,0,0,0
Female,Graduate,Single,32,150000,30697,40139,49410,58549,67560,86315,10000,10000,10000,10000,20000,30139,39410,48549,57560,66315,0
Male,High School,Single,30,140000,84014,85107,82532,81236,78306,72173,3300,0,6500,0,3000,81807,82532,74736,78306,69173,0
Female,University,Married,48,80000,79518,77757,32325,25670,30089,29395,2264,1420,1002,6005,2000,75493,30905,24668,24084,27395,0
Female,Graduate,Married,33,200000,105775,88262,69596,32709,31816,33368,3493,2536,1065,10020,6097,84769,67060,31644,21796,27271,0
Male,Graduate,Married,44,400000,4482,-10,1903,850,808,775,0,1913,850,808,775,-10,-10,0,0,0,0
Female,University,Married,28,130000,135805,125973,95602,91328,93099,95825,75,3369,3423,3400,4275,125898,92233,87905,89699,91550,0
Female,University,Single,22,50000,38604,36684,33826,30387,28850,29022,1575,1757,1047,1042,1036,35109,32069,29340,27808,27986,0
Male,University,Married,51,190000,86713,75143,43487,34904,108419,75455,3359,13487,1414,40710,43406,71784,30000,33490,67709,32049,1
Female,Graduate,Single,40,470000,17243,14722,15270,15615,16261,16969,1243,1300,600,900,1000,13479,13970,15015,15361,15969,1
Male,Graduate,Married,55,280000,2326,4917,4906,4707,2254,5375,4917,2453,2254,0,5375,0,2453,2453,2254,0,0
Female,Graduate,Single,26,460000,18738,16345,20246,9936,10833,21169,16447,20373,10018,12387,21865,-102,-127,-82,-1554,-696,0
Female,University,Single,32,340000,169246,100967,102819,105477,107454,110419,6000,4500,5000,4000,5000,94967,98319,100477,103454,105419,0
Male,University,Single,27,110000,103550,105089,107164,105988,108617,103497,6000,6000,4000,5000,4000,99089,101164,101988,103617,99497,0
Female,University,Single,27,440000,25154,27028,29098,21447,13547,16008,10011,5052,3163,5010,5000,17017,24046,18284,8537,11008,0
Female,University,Single,23,90000,3440,6140,5812,13955,22687,15621,6140,5812,13955,22687,15621,0,0,0,0,0,0
Female,University,Single,24,70000,63912,53137,45078,6823,28989,29059,2400,2000,1000,30848,975,50737,43078,5823,-1859,28084,0
Female,University,Single,24,30000,7134,7872,9528,9725,9427,10118,1000,1800,500,0,1000,6872,7728,9225,9427,9118,0
Female,University,Single,49,120000,3903,2246,3040,0,0,0,1300,1000,0,0,0,946,2040,0,0,0,0
Female,University,Single,27,300000,12752,9314,26887,23981,19378,12759,9314,27187,13981,9378,12759,0,-300,10000,10000,0,0
Female,Graduate,Single,25,60000,16313,10253,7735,6923,7035,9175,5000,3000,2000,2000,4000,5253,4735,4923,5035,5175,0
Male,University,Single,36,180000,100,100,109,1863,1763,591,100,109,3626,0,907,0,0,-1763,1763,-316,1
Female,Graduate,Single,43,30000,17775,18688,21488,20847,21162,21809,1500,3433,0,800,1000,17188,18055,20847,20362,20809,1
Male,Graduate,Single,35,360000,15798,16630,15687,38750,15802,15730,16713,15766,38944,15881,15809,-83,-79,-194,-79,-79,0
Male,Graduate,Married,49,150000,15472,14860,19601,13262,14329,34193,14877,19608,13280,14329,34193,-17,-7,-18,0,0,0
Female,Graduate,Single,28,70000,20335,21699,22460,20345,42123,19852,2000,1500,3000,721,1200,19699,20960,17345,41402,18652,0
Female,University,Married,44,150000,61951,55504,22050,17360,17360,12000,15000,1200,0,0,0,40504,20850,17360,17360,12000,0
Female,Graduate,Married,33,440000,0,0,0,0,0,100,0,0,0,0,100,0,0,0,0,0,0
Male,Graduate,Married,52,500000,-5,43528,104315,71776,60753,0,43533,104406,71776,60753,0,-5,-91,0,0,0,0
Male,University,Single,29,260000,263943,258331,261518,194791,198894,197564,0,7700,6000,6130,7500,258331,253818,188791,192764,190064,1
Male,Graduate,Single,29,360000,0,0,0,0,0,0,0,0,0,0,0,0,0,0,0,0,0
Male,Graduate,Single,28,140000,132880,133904,134552,135151,136327,136647,6400,7000,5000,5200,5100,127504,127552,130151,131127,131547,0
Male,Graduate,Single,24,10000,4216,6476,6224,6347,12856,8078,2500,0,227,239,3412,3976,6224,6120,12617,4666,1
Female,Graduate,Single,32,200000,2580,-35,3519,1846,1330,14470,0,3554,1855,1337,14542,-35,-35,-9,-7,-72,0
Male,University,Married,35,210000,128595,131627,136428,54058,55398,56698,4606,6815,1800,2000,2000,127021,129613,52258,53398,54698,0
Male,University,Single,27,20000,13747,15020,16059,16081,17423,17695,1500,1600,580,1600,700,13520,14459,15501,15823,16995,1
Male,Graduate,Married,44,240000,4221,2188,2701,2427,1104,2362,2188,2701,2427,1104,2362,0,0,0,0,0,0
Male,University,Single,51,30000,26551,25855,25146,26549,25849,25285,0,0,2113,0,0,25855,25146,24436,25849,25285,1
Female,University,Married,38,450000,10972,15005,13887,17255,17515,0,15008,1200,5255,4566,0,-3,12687,12000,12949,0,0
Female,High School,Single,40,60000,24496,20329,15219,16158,14295,10930,20391,1200,3658,0,10930,-62,14019,12500,14295,0,0
Female,University,Single,30,100000,58335,56745,56058,51573,47665,43756,2801,2300,1613,1594,1654,53944,53758,49960,46071,42102,0
Male,Graduate,Married,49,500000,12939,28805,41027,36073,46096,103065,28954,41027,36073,46096,103065,-149,0,0,0,0,0
Male,High School,Married,51,50000,636,2228,3287,4843,6379,6878,4600,1500,2000,2000,1000,-2372,1787,2843,4379,5878,0
Female,University,Married,35,80000,997,40297,6597,665,10117,0,40297,6597,3465,10117,0,0,0,-2800,0,0,0
Female,University,Single,22,20000,5743,7487,8114,7835,8605,10948,2000,900,0,900,2500,5487,7214,7835,7705,8448,1
Male,Graduate,Single,43,500000,141323,143548,146487,139155,142337,145411,5000,5015,5000,5000,5000,138548,141472,134155,137337,140411,0
Female,Graduate,Single,31,140000,71066,55271,50706,48847,47437,42576,2042,1958,1501,1619,1514,53229,48748,47346,45818,41062,0
Female,University,Single,29,500000,455042,364288,261185,215575,174736,118438,12564,10000,6476,5489,5000,351724,251185,209099,169247,113438,0
Male,University,Single,24,50000,43247,45036,44384,19524,35268,16099,3000,1300,642,612,1192,42036,43084,18882,34656,14907,1
Male,Graduate,Married,60,170000,170359,178514,98196,100108,95629,89472,11700,3600,3500,3500,3300,166814,94596,96608,92129,86172,1
Female,University,Married,44,220000,136838,142250,149864,155828,178160,175140,10000,10000,10000,25000,0,132250,139864,145828,153160,175140,0
Female,University,Married,33,70000,63963,65350,66279,70580,69180,70392,3000,2600,6000,0,2500,62350,63679,64580,69180,67892,1
Female,University,Single,34,360000,122193,109382,109845,105271,96644,94973,5004,4031,3082,7018,2755,104378,105814,102189,89626,92218,0
Female,Graduate,Single,29,430000,34785,0,18518,16574,12215,6660,0,18518,5,244,1038,0,0,16569,11971,5622,0
Male,High School,Single,26,20000,20155,10356,556,20897,20438,20325,0,600,20900,1,805,10356,-44,-3,20437,19520,0
Female,High School,Single,53,200000,784,1972,2577,2652,-6,1279,1188,2581,1013,0,1285,784,-4,1639,-6,-6,0
Female,University,Other,35,200000,1992,8287,9427,2040,16338,2076,8290,9427,2240,16000,2076,-3,0,-200,338,0,0
Female,University,Single,25,80000,78401,76930,77977,58469,58722,59770,3562,3112,2076,2279,2175,73368,74865,56393,56443,57595,0
Male,Graduate,Married,35,130000,77578,79724,81221,34289,38550,40600,4000,3500,5000,5000,3000,75724,77721,29289,33550,37600,0
Male,Graduate,Married,49,150000,6338,8460,1682,7898,3336,975,8470,1682,7898,3336,975,-10,0,0,0,0,0
Male,High School,Married,53,150000,17790,18209,18608,20294,19828,20396,1000,1000,2000,0,900,17209,17608,18294,19828,19496,1
Female,University,Single,27,190000,4686,5459,6214,7104,8973,10809,1000,1000,1000,2000,2000,4459,5214,6104,6973,8809,1
Female,University,Single,36,450000,0,0,0,0,0,0,0,0,0,0,0,0,0,0,0,0,1
Female,University,Married,31,80000,390,390,390,390,780,390,390,390,390,780,0,0,0,0,0,390,0
Female,University,Single,31,260000,82274,80426,78536,94069,92447,95925,0,0,17000,0,5015,80426,78536,77069,92447,90910,0
Male,Graduate,Single,34,80000,62423,63827,64682,65614,67007,68349,3000,2500,2600,2600,2600,60827,62182,63014,64407,65749,1
Male,Graduate,Married,39,500000,0,0,0,0,0,0,0,0,0,0,0,0,0,0,0,0,0
Male,Graduate,Married,43,260000,76,773,0,1703,329,248,826,0,1703,329,248,-53,0,0,0,0,0
Female,Graduate,Single,30,260000,94114,96689,101023,93738,96218,102547,5000,6000,5000,4000,8000,91689,95023,88738,92218,94547,1
Male,Graduate,Single,33,50000,24947,24529,23840,22790,23001,24557,249,0,0,1500,2100,24280,23840,22790,21501,22457,0
Female,Graduate,Married,46,360000,-8,859,-820,-813,-2292,-2292,867,0,7,0,0,-8,-820,-820,-2292,-2292,0
Female,Graduate,Single,53,170000,-200,-200,-200,0,2769,0,0,0,200,2769,0,-200,-200,-200,0,0,0
Female,University,Married,34,120000,0,0,369,0,7490,941,0,369,55,7490,941,0,0,-55,0,0,0
Female,University,Married,26,50000,5195,15371,14163,15517,14685,14016,15387,1500,2000,1000,2000,-16,12663,13517,13685,12016,0
Female,Graduate,Married,40,50000,465,465,760,1360,518,3518,0,760,600,0,3000,465,0,760,518,518,1
Male,Graduate,Married,48,310000,29662,5384,4488,2630,150,335,1536,4510,2652,150,185,3848,-22,-22,0,150,0
Male,Graduate,Single,27,50000,17541,18716,19098,3291,1855,540,1762,1144,66,37,158,16954,17954,3225,1818,382,0
Female,University,Single,32,140000,121508,99470,83330,57609,59526,31515,5000,4000,3000,3000,2500,94470,79330,54609,56526,29015,0
Female,University,Married,28,100000,73073,74739,70844,63924,57326,59654,3500,3003,1910,2400,3300,71239,67841,62014,54926,56354,1
Male,High School,Single,32,20000,19844,19238,20205,19588,20037,19880,0,1302,685,748,697,19238,18903,18903,19289,19183,0
Female,Graduate,Single,27,120000,11379,9559,10861,10055,11040,10466,1200,1500,0,1100,550,8359,9361,10055,9940,9916,1
Female,High School,Married,59,30000,28170,32597,32289,31276,30428,29371,4946,2000,1220,1232,1052,27651,30289,30056,29196,28319,0
Male,High School,Married,27,20000,20184,20702,20057,19583,19991,20446,2950,2,687,709,965,17752,20055,18896,19282,19481,1
Female,University,Single,27,160000,0,1519,0,0,0,2755,1519,0,0,0,2755,0,0,0,0,0,1
Female,University,Married,37,180000,-1279,-2329,2115,2329,850,0,0,4444,214,0,0,-2329,-2329,2115,850,0,0
Female,Graduate,Single,26,40000,20936,20647,21561,18438,20619,17582,3000,4000,0,5000,0,17647,17561,18438,15619,17582,0
Female,University,Married,34,80000,49005,49551,45930,0,0,0,2141,2150,0,0,0,47410,43780,0,0,0,0
Male,University,Single,31,120000,113722,110525,103632,-36,-18,-18,0,0,0,0,0,110525,103632,-36,-18,-18,0
Female,University,Single,22,20000,2480,179,1669,0,0,0,179,1669,0,0,0,0,0,0,0,0,1
Male,University,Single,33,20000,18271,19857,19090,18500,4860,4080,2967,0,0,0,0,16890,19090,18500,4860,4080,0
Male,Graduate,Married,52,100000,101762,102832,100328,97883,96238,96160,3504,0,0,0,3469,99328,100328,97883,96238,92691,1
Male,Graduate,Single,45,500000,0,0,0,0,1899,1749,0,0,0,1899,0,0,0,0,0,1749,0
Female,University,Married,29,80000,78293,79555,77025,76991,79066,75356,3161,4000,3000,3500,3100,76394,73025,73991,75566,72256,0
Female,Graduate,Single,41,150000,9682,-399,0,0,399,150,399,399,0,399,150,-798,-399,0,0,0,0
Female,High School,Single,26,30000,27594,29717,28812,28762,10404,8578,2595,1200,1020,10404,51000,27122,27612,27742,0,-42422,0
Male,Graduate,Single,34,120000,650,625,300,475,300,325,300,0,500,300,500,325,300,-25,0,-175,1
Female,University,Married,27,70000,25773,28943,28184,28449,30379,30931,3600,0,1030,2400,1200,25343,28184,27419,27979,29731,1
Male,University,Married,32,150000,141346,145483,146410,142858,146007,130721,10000,7000,4000,8071,4000,135483,139410,138858,137936,126721,0
Female,University,Married,42,210000,0,0,0,6622,6506,6511,0,0,6622,298,1000,0,0,0,6208,5511,0
Female,University,Married,30,80000,82891,80997,81380,75374,77158,78710,0,3299,2699,3000,2987,80997,78081,72675,74158,75723,0
Male,University,Single,29,90000,86294,88412,89853,69362,70537,56775,4400,4111,2100,2200,2510,84012,85742,67262,68337,54265,0
Female,University,Single,22,20000,17807,18520,39053,20055,19606,19925,1298,1909,1666,5000,703,17222,37144,18389,14606,19222,0
Female,Graduate,Single,36,240000,0,18000,18485,17406,19345,21134,18000,2000,2000,2000,3000,0,16485,15406,17345,18134,0
Male,University,Single,29,50000,30117,30712,32332,34156,33360,25988,1370,2210,2190,1000,0,29342,30122,31966,32360,25988,1
Female,Graduate,Single,28,250000,273927,211551,132145,88487,66701,52054,21700,11710,6030,9150,11600,189851,120435,82457,57551,40454,0
Female,Graduate,Single,31,280000,0,0,0,0,710,7611,0,0,0,710,7611,0,0,0,0,0,0
Male,High School,Other,40,10000,8286,9395,10000,10000,0,0,1400,1000,0,0,0,7995,9000,10000,0,0,0
Female,University,Single,33,150000,46006,45425,32139,53639,51873,64675,2000,3000,40009,5000,20000,43425,29139,13630,46873,44675,0
Female,University,Married,47,330000,0,0,0,3155,4550,1264,0,0,3155,4550,1264,0,0,0,0,0,0
Male,Graduate,Single,30,240000,5354,4790,900,6849,26249,6633,4790,900,6849,26249,2200,0,0,0,0,4433,1
Female,University,Single,34,130000,42063,0,0,0,150,1000,0,0,0,150,1000,0,0,0,0,0,0
Male,Graduate,Single,37,450000,16259,15026,17363,11708,11329,4749,6000,4000,6000,5000,2000,9026,13363,5708,6329,2749,0
Male,Graduate,Single,26,50000,526,526,526,1913,1226,1752,526,526,1913,0,1052,0,0,0,1226,700,1
Female,High School,Married,24,70000,68083,50822,31179,28686,10806,11673,3012,5000,2000,3000,3000,47810,26179,26686,7806,8673,0
Male,University,Single,26,80000,33490,35908,29995,27297,21524,23005,5000,1318,1200,2000,2000,30908,28677,26097,19524,21005,0
Male,Graduate,Single,24,50000,236,4324,1861,0,1780,2581,4324,1861,0,1780,2581,0,0,0,0,0,0
Male,High School,Married,33,30000,29742,30266,45414,21331,21987,22452,1406,1366,1000,1000,980,28860,44048,20331,20987,21472,1
Male,University,Single,23,50000,48025,47611,44249,29321,29309,29739,2122,1815,1184,1206,1411,45489,42434,28137,28103,28328,0
Male,University,Married,29,70000,68540,64645,66460,46988,43530,44804,3000,3000,2000,2500,2000,61645,63460,44988,41030,42804,0
Female,University,Single,33,50000,14720,15743,16756,17089,17446,17825,1265,1278,611,632,668,14478,15478,16478,16814,17157,1
Female,High School,Single,27,100000,53423,39096,40037,40584,43629,41432,1958,1953,1500,3700,0,37138,38084,39084,39929,41432,1
Female,University,Single,24,200000,39723,40586,44233,45124,46252,47207,1353,4000,1267,1500,1500,39233,40233,43857,44752,45707,0
Male,Graduate,Single,38,180000,3999,2183,5828,0,2165,645,2183,5828,0,2165,645,0,0,0,0,0,0
Female,Graduate,Single,38,240000,6916,2098,9927,3633,3603,926,2106,9951,3633,3603,926,-8,-24,0,0,0,1
Female,High School,Married,35,90000,35077,37557,29355,20046,14905,15075,3407,56,603,553,430,34150,29299,19443,14352,14645,0
Female,University,Single,33,50000,16926,17749,18760,19132,19533,19936,1400,1312,684,709,728,16349,17448,18448,18824,19208,0
Male,University,Single,48,80000,74658,72885,47663,48350,47208,46292,2500,2000,2000,2000,2000,70385,45663,46350,45208,44292,0
Female,Graduate,Married,43,210000,0,981,2148,0,0,0,981,2148,0,0,0,0,0,0,0,0,0
Male,High School,Married,41,350000,349125,338832,296868,237193,233591,237351,12005,10095,8389,8474,7640,326827,286773,228804,225117,229711,0
Male,University,Single,45,160000,131895,132154,129237,90981,92580,77184,5336,4900,2807,2898,2713,126818,124337,88174,89682,74471,1
Male,Graduate,Single,33,70000,66874,132127,52335,27374,27133,10721,2423,4136,1024,1215,435,129704,48199,26350,25918,10286,1
Female,Graduate,Married,33,140000,0,840,0,0,0,0,840,0,0,0,0,0,0,0,0,0,0
Male,University,Married,47,80000,52690,51560,51047,48260,46198,43253,2022,1711,1584,1576,1690,49538,49336,46676,44622,41563,0
Female,University,Married,39,110000,110109,106656,104407,108689,106342,111575,0,5200,7700,0,7800,106656,99207,100989,106342,103775,1
Male,University,Single,25,50000,17355,5934,16637,4000,0,0,1000,24677,0,0,0,4934,-8040,4000,0,0,0
Male,Graduate,Married,38,30000,27429,29085,29282,29270,29078,28652,2403,1200,588,588,574,26682,28082,28682,28490,28078,0
Female,University,Single,27,30000,28392,31439,30394,29994,29834,15960,3500,0,0,0,0,27939,30394,29994,29834,15960,0
Male,University,Single,33,200000,80012,81703,83290,85085,89707,63787,2972,2952,3107,6056,0,78731,80338,81978,83651,63787,1
Female,University,Single,28,290000,133789,137875,124871,118193,121283,124109,6300,6000,5000,5000,5000,131575,118871,113193,116283,119109,0
Male,Graduate,Single,34,220000,29549,28267,29708,25407,25109,23320,2000,3000,800,5000,5000,26267,26708,24607,20109,18320,0
Male,Graduate,Single,28,180000,9853,18399,29973,42347,-53,10653,10732,22119,17012,0,10706,7667,7854,25335,-53,-53,0
Male,High School,Married,38,500000,74223,72419,64537,60228,59038,58738,3338,3022,2502,2250,2350,69081,61515,57726,56788,56388,0
Male,University,Married,39,210000,7128,3605,4308,3713,5133,5749,3623,4315,3713,5133,5749,-18,-7,0,0,0,0
Female,Graduate,Single,24,100000,100016,97562,104365,101783,101603,103457,0,8440,0,3873,7733,97562,95925,101783,97730,95724,1
Female,University,Single,23,100000,8002,7954,9777,10026,9657,9279,2000,2000,1000,504,1000,5954,7777,9026,9153,8279,0
Female,University,Single,25,130000,138910,119948,135259,95956,97770,92206,0,18259,3456,3770,3706,119948,117000,92500,94000,88500,1
Male,University,Single,21,10000,9042,10038,9784,9984,9780,0,1305,1000,200,196,0,8733,8784,9784,9584,0,1
Male,University,Single,35,50000,780,0,390,390,28094,28263,0,390,390,28094,1011,0,0,0,0,27252,0
Male,Graduate,Married,37,240000,191748,169943,137358,132792,135652,139389,7000,4883,4753,5000,6000,162943,132475,128039,130652,133389,0
Female,High School,Married,53,20000,12237,12870,0,0,0,0,1000,0,0,0,0,11870,0,0,0,0,0
Female,Graduate,Married,38,20000,1925,500,0,0,6360,11220,500,0,0,6360,11220,0,0,0,0,0,0
Female,Graduate,Single,39,150000,99,99,0,1980,0,0,0,0,1980,0,0,99,0,0,0,0,0
Male,University,Married,36,230000,3872,5376,3878,4824,2720,1526,2000,397,2720,0,1000,3376,3481,2104,2720,526,0
Male,University,Single,26,50000,49713,50581,46567,27211,28274,29005,2000,2000,1000,1500,1500,48581,44567,26211,26774,27505,0
Female,University,Married,35,300000,10911,18463,16022,10880,2558,2324,12042,6191,10892,2558,2332,6421,9831,-12,0,-8,0
Female,University,Other,54,110000,316,316,632,150,632,166,316,632,150,632,0,0,0,0,0,166,0
Female,Graduate,Single,33,230000,4533,0,510,0,162,0,0,510,0,162,0,0,0,0,0,0,0
Female,University,Single,30,50000,0,10228,49243,49651,22569,15429,10228,40000,993,10100,8926,0,9243,48658,12469,6503,0
Female,University,Single,24,70000,66915,68852,69390,64457,66021,67267,3167,2521,2400,2600,2614,65685,66869,62057,63421,64653,0
Female,Graduate,Married,27,360000,0,0,7365,0,0,0,0,7365,0,0,0,0,0,0,0,0,0
Female,University,Single,32,110000,108159,106812,108464,108829,110557,106082,5400,5400,4100,4100,4100,101412,103064,104729,106457,101982,0
Female,University,Single,48,120000,116183,116394,113245,48888,40241,49923,5078,2657,978,805,52169,111316,110588,47910,39436,-2246,0
Female,Graduate,Married,45,200000,15127,1890,3699,367,-1530,4812,1896,3712,379,1217,9652,-6,-13,-12,-2747,-4840,1
Female,Other,Married,46,260000,9507,4405,0,2776,0,0,4405,0,2776,0,0,0,0,0,0,0,0
Female,Graduate,Married,47,290000,15485,12332,3979,7139,6448,1476,12369,4690,7160,6471,1476,-37,-711,-21,-23,0,0
Female,University,Single,22,20000,17503,12245,12974,14192,14096,7045,1273,1392,2000,389,1000,10972,11582,12192,13707,6045,0
Female,High School,Single,22,50000,46687,47831,48764,47109,39415,39920,1896,1829,1924,1308,1480,45935,46935,45185,38107,38440,1
Female,University,Married,23,50000,33713,34437,28709,28386,28361,28449,5012,3000,3548,2500,2000,29425,25709,24838,25861,26449,0
Female,Graduate,Single,23,60000,3517,3277,11335,9341,6451,3592,1000,10341,0,0,3592,2277,994,9341,6451,0,0
Male,Graduate,Married,46,330000,7401,4567,6242,24353,20219,23163,4567,6443,24353,10219,13163,0,-201,0,10000,10000,0
Female,University,Married,23,60000,58844,43427,30408,30632,30021,30445,2000,4300,1000,0,2000,41427,26108,29632,30021,28445,0
Female,University,Married,25,180000,134733,120775,112784,114794,105248,107130,9148,4030,4211,3798,4000,111627,108754,110583,101450,103130,0
Female,Graduate,Single,28,80000,53541,54694,55297,55788,57146,58351,2600,2100,2000,2400,2300,52094,53197,53788,54746,56051,0
Female,Graduate,Single,32,450000,0,1042,4064,-8,-8,402,1042,3057,0,0,410,0,1007,-8,-8,-8,0
Female,Other,Married,36,150000,5253,0,0,0,0,0,0,0,0,0,0,0,0,0,0,0,0
Female,University,Single,28,280000,0,0,11905,8350,2428,4662,0,11905,200,49,4662,0,0,8150,2379,0,0
Male,High School,Single,47,180000,67011,69935,72031,77597,72079,66310,4000,4000,7501,0,3001,65935,68031,70096,72079,63309,0
Female,High School,Married,54,380000,1630,65757,65201,39281,80561,19302,65757,1628,196,80962,19395,0,63573,39085,-401,-93,0
Male,University,Married,45,150000,390,390,390,390,285,-105,390,390,390,285,0,0,0,0,0,-105,0
Female,Graduate,Single,52,280000,886,0,930,0,0,0,0,930,0,0,0,0,0,0,0,0,0
Female,University,Single,34,160000,18958,11842,7918,13780,12297,12752,24000,8000,13780,12300,12752,-12158,-82,0,-3,0,0
Male,University,Single,29,120000,118277,121004,118774,91369,88015,88087,6513,3740,3215,3300,3405,114491,115034,88154,84715,84682,0
Female,Graduate,Single,34,330000,261974,245882,228275,227974,185431,107493,15000,10008,10000,20000,25000,230882,218267,217974,165431,82493,0
Female,University,Married,49,210000,0,0,0,0,0,0,0,0,0,0,0,0,0,0,0,0,0
Male,Graduate,Single,27,200000,-36,7203,5360,4481,10330,5599,7239,5395,4503,10381,5627,-36,-35,-22,-51,-28,0
Female,Other,Married,27,340000,281544,283173,282231,216946,216403,218209,11000,11031,8000,8000,8300,272173,271200,208946,208403,209909,0
Male,Graduate,Single,34,200000,959,451,-1,605,-5,-5,452,0,606,0,0,-1,-1,-1,-5,-5,0
Female,High School,Married,34,160000,4763,4899,697,-1373,-1773,-1773,3009,0,1373,0,0,1890,697,-2746,-1773,-1773,0
Female,University,Single,48,500000,77461,68781,58436,9536,8302,64460,68781,58436,9536,58302,64460,0,0,0,-50000,0,0
Male,University,Married,43,50000,28287,28924,29521,29876,30201,15611,1485,1472,1217,1347,558,27439,28049,28659,28854,15053,0
Female,University,Single,23,170000,32192,32555,32292,32372,31202,31688,1608,2301,2379,2202,2688,30947,29991,29993,29000,29000,0
Female,Graduate,Single,29,260000,234922,227802,215320,177965,171201,164834,6,6918,5295,4805,5002,227796,208402,172670,166396,159832,0
Male,University,Married,49,360000,0,0,0,0,0,0,0,0,0,0,0,0,0,0,0,0,1
Male,Graduate,Single,29,400000,41057,11150,6298,138307,149548,148632,1300,1001,138307,16996,5010,9850,5297,0,132552,143622,0
Female,Graduate,Single,32,380000,91806,100291,108245,109006,117195,121246,10000,10000,10000,10001,6000,90291,98245,99006,107194,115246,0
Male,High School,Single,29,50000,7334,7344,5420,4104,1596,1594,2500,0,1596,0,1594,4844,5420,2508,1596,0,1
Male,University,Married,40,130000,390,390,390,390,390,390,390,390,390,390,390,0,0,0,0,0,0
Female,University,Married,24,110000,-1256,65064,66102,54275,51791,52928,68500,3114,4016,2000,2000,-3436,62988,50259,49791,50928,0
Male,Graduate,Married,23,50000,0,0,0,0,0,0,0,0,0,0,0,0,0,0,0,0,0
Male,University,Single,26,190000,155260,136185,139013,140035,146365,148961,7416,6900,5100,10000,5500,128769,132113,134935,136365,143461,0
Female,University,Married,46,170000,2741,1848,0,0,1542,3498,1848,0,0,1542,3498,0,0,0,0,0,1
Female,Other,Single,25,210000,179248,21612,5259,-243,-243,-243,3151,2000,0,0,0,18461,3259,-243,-243,-243,0
Male,High School,Single,25,50000,46277,47713,44006,29737,30615,29975,2500,2300,2500,1500,0,45213,41706,27237,29115,29975,0
Female,High School,Married,45,20000,14064,12451,11176,6934,11203,7737,3000,1006,144,10000,308,9451,10170,6790,1203,7429,1
Female,University,Married,26,80000,33319,32066,31875,18686,0,0,1700,1720,1002,0,0,30366,30155,17684,0,0,1
Female,Graduate,Single,39,500000,4417,5642,8689,-131,-131,-131,5467,5026,0,0,0,175,3663,-131,-131,-131,0
Female,University,Single,31,250000,59878,58348,59530,60668,59786,130890,0,2150,2116,65,72460,58348,57380,58552,59721,58430,1
Male,High School,Married,34,50000,6808,6198,22456,19776,9433,7487,1318,19776,1096,572,645,4880,2680,18680,8861,6842,0
Male,University,Married,38,300000,181387,171685,181780,177363,189423,188567,8000,14500,0,15150,7700,163685,167280,177363,174273,180867,0
Female,University,Married,40,30000,27975,29906,30604,29834,29936,29862,2700,1500,0,1100,1000,27206,29104,29834,28836,28862,1
Male,University,Single,34,50000,61220,56388,53813,22667,23488,20022,9,2061,0,821,21414,56379,51752,22667,22667,-1392,0
Female,University,Single,35,180000,-117,2573,-77,-77,1823,227,2690,0,0,1900,230,-117,-77,-77,-77,-3,0
Female,Other,Married,28,50000,9014,9608,12025,16025,0,0,3000,3000,4000,0,0,6608,9025,12025,0,0,0
Male,High School,Married,46,50000,6066,7161,8234,8595,8955,9305,1200,1200,500,500,500,5961,7034,8095,8455,8805,0
Female,University,Married,40,190000,184276,191540,192422,150300,92391,93119,15000,6000,6000,4000,4000,176540,186422,144300,88391,89119,0
Female,University,Single,32,200000,940,174,1684,1581,2381,2381,174,1689,1581,800,0,0,-5,0,1581,2381,0
Female,University,Single,26,140000,141057,144306,141949,141345,136379,126211,7200,19000,10400,0,4931,137106,122949,130945,136379,121280,0
Male,High School,Married,47,10000,6817,9119,8826,8849,9567,9265,2588,0,318,862,0,6531,8826,8531,8705,9265,1
Female,Other,Married,54,180000,88545,90403,92245,94082,96050,97963,3279,3343,3366,3483,3507,87124,88902,90716,92567,94456,0
Female,High School,Single,29,170000,14460,738,0,0,0,0,738,0,0,0,0,0,0,0,0,0,0
Male,University,Married,36,50000,0,0,0,0,0,2949,0,0,0,0,2322,0,0,0,0,627,0
Male,University,Single,32,200000,9249,9362,11109,9471,11132,9633,9363,11119,9473,11140,9636,-1,-10,-2,-8,-3,0
Female,University,Married,42,170000,1085,326,326,326,326,326,326,326,326,326,326,0,0,0,0,0,1
Male,University,Single,52,50000,5893,5653,6747,7859,7464,7199,0,1200,1200,1200,0,5653,5547,6659,6264,7199,0
Female,University,Single,24,230000,2360,0,0,4135,814,2294,0,0,4135,0,2294,0,0,0,814,0,0
Female,University,Single,36,500000,21368,21094,12675,5803,5841,2227,4066,5004,28,2033,3130,17028,7671,5775,3808,-903,0
Male,University,Single,25,50000,1050,1050,1050,1050,1050,1050,0,0,0,0,0,1050,1050,1050,1050,1050,1
Male,Graduate,Single,38,80000,32562,23346,18361,10434,7387,3300,1482,1011,8,111,3509,21864,17350,10426,7276,-209,0
Female,University,Married,61,200000,780,0,780,387,-3,4540,0,780,387,0,4543,0,0,0,-3,-3,0
Male,High School,Single,34,360000,0,0,0,0,0,0,0,0,0,0,0,0,0,0,0,0,1
Female,Graduate,Married,41,140000,780,390,390,780,390,390,0,390,780,0,390,390,0,0,390,0,0
Female,University,Married,48,290000,292907,285272,288543,209443,132211,133946,0,14000,9000,5000,5000,285272,274543,200443,127211,128946,1
Male,University,Married,41,50000,48027,48725,29600,20150,19232,17143,3000,1600,2004,2000,1000,45725,28000,18146,17232,16143,1
Female,University,Other,38,10000,3213,2797,0,1660,660,660,1000,0,1660,0,0,1797,0,0,660,660,0
Male,University,Single,27,80000,1195,553,1074,35783,35488,36020,700,1074,35000,1300,1400,-147,0,783,34188,34620,0
Male,High School,Single,22,20000,18535,18541,18270,16992,19025,35744,5109,1600,2400,3800,739,13432,16670,14592,15225,35005,1
Male,Graduate,Single,37,150000,120,0,0,0,0,0,0,0,0,0,0,0,0,0,0,0,0
Female,Graduate,Single,37,230000,9092,12509,12784,12584,0,0,3500,700,0,0,0,9009,12084,12584,0,0,1
Female,High School,Single,24,60000,60491,61319,56550,43279,28289,28013,2560,1593,1348,1012,1016,58759,54957,41931,27277,26997,1
Female,Graduate,Single,26,360000,724,125,416,190,190,66,125,418,190,0,66,0,-2,0,190,0,0
Male,University,Married,36,100000,46202,47239,48258,49218,99677,51738,1784,1803,1763,1843,4654,45455,46455,47455,97834,47084,0
Male,University,Married,33,30000,23467,24195,25286,25807,26350,27409,1409,1500,942,959,1500,22786,23786,24865,25391,25909,0
Female,University,Married,30,330000,155285,156122,11733,9620,0,4520,10000,10000,2000,0,4520,146122,1733,7620,0,0,0
Female,Graduate,Single,24,20000,632,316,948,632,316,1096,0,948,0,0,1096,316,0,632,316,0,0
Female,University,Married,49,80000,42053,40185,42887,31745,32211,25836,0,3500,0,4500,0,40185,39387,31745,27711,25836,0
Female,Other,Single,23,90000,40145,41194,42197,42726,43802,42761,2000,2000,1502,1737,1500,39194,40197,41224,42065,41261,1
Female,University,Single,23,20000,16740,17451,18141,18239,18302,18337,1600,1600,1000,663,654,15851,16541,17239,17639,17683,0
Male,High School,Married,61,230000,0,0,0,0,0,0,0,0,0,0,0,0,0,0,0,0,1
Male,University,Single,28,160000,3498,3260,678,0,0,678,0,678,0,0,678,3260,0,0,0,0,0
Female,University,Married,36,200000,2500,0,5448,632,0,646,0,5448,632,0,646,0,0,0,0,0,0
Male,University,Single,27,20000,1955,2530,1845,3169,240,930,2535,1205,3274,630,1080,-5,640,-105,-390,-150,0
Male,Graduate,Married,35,170000,51207,38528,34688,30542,61032,23711,5000,2000,3000,1000,6000,33528,32688,27542,60032,17711,0
Female,University,Married,26,180000,3679,4711,3996,6007,3260,0,1105,1000,2011,503,0,3606,2996,3996,2757,0,0
Female,University,Married,29,50000,98492,50095,49057,17426,17789,18003,2477,2409,769,792,659,47618,46648,16657,16997,17344,0
Female,Graduate,Married,40,360000,16540,1160,10600,51571,28310,14482,1160,10646,51571,0,14482,0,-46,0,28310,0,0
Female,University,Single,28,230000,875,375,-250,-125,609,362,1000,0,0,4000,3000,-625,-250,-125,-3391,-2638,0
Female,Graduate,Single,28,80000,75709,80033,78145,80584,81693,78470,6800,0,6000,3000,0,73233,78145,74584,78693,78470,1
Male,Graduate,Single,31,60000,61432,57751,59200,57558,52992,61325,0,4770,2250,0,50000,57751,54430,55308,52992,11325,1
Female,High School,Married,52,150000,420,0,1672,453,2129,1414,0,1672,453,2129,1414,0,0,0,0,0,0
Female,High School,Married,52,120000,117029,118439,118437,116456,116957,119366,5800,4500,4120,4388,4500,112639,113937,112336,112569,114866,0
Female,Graduate,Married,43,430000,20849,3662,7719,4437,2912,6368,3814,7759,4451,2915,6383,-152,-40,-14,-3,-15,0
Male,High School,Married,32,360000,89120,191329,92915,52341,51739,55079,105484,4500,2000,2100,4400,85845,88415,50341,49639,50679,0
Female,University,Married,60,200000,396,396,461,396,546,396,396,461,396,546,396,0,0,0,0,0,0
Male,University,Single,26,50000,40959,41996,43296,44187,49132,48191,2000,2000,1608,5684,0,39996,41296,42579,43448,48191,0
Female,University,Married,36,150000,70001,45813,44309,27428,2013,4724,2500,1200,2618,2013,4724,43313,43109,24810,0,0,0
Female,Graduate,Single,46,20000,12146,7698,6005,6411,3125,3164,1273,1039,1000,123,101,6425,4966,5411,3002,3063,0
Male,Graduate,Single,23,20000,5565,6841,7853,8565,9565,12065,1276,1288,1000,1000,2500,5565,6565,7565,8565,9565,0
Male,University,Single,24,50000,52935,50946,22740,2314,1823,18839,0,0,0,1823,18839,50946,22740,2314,0,0,1
Female,University,Single,27,260000,19713,22378,24836,32816,42816,8938,3000,3000,10000,10000,8938,19378,21836,22816,32816,0,1
Female,High School,Single,30,230000,1873,2778,4734,6642,8520,9869,1500,2000,2000,2000,1500,1278,2734,4642,6520,8369,1
Male,High School,Married,43,170000,19247,1230,2910,0,0,0,1230,2910,0,0,0,0,0,0,0,0,0
Male,Graduate,Single,28,180000,-124,0,0,0,225,35173,1004,0,0,225,24815,-1004,0,0,0,10358,0
Male,Graduate,Single,38,30000,24172,23497,24817,25602,26535,26947,0,1715,1500,1500,1000,23497,23102,24102,25035,25947,0
Male,University,Single,22,20000,16014,15474,19739,19194,38414,19200,0,4900,0,800,800,15474,14839,19194,37614,18400,1
Male,High School,Married,50,260000,655,1182,1076,696,1012,530,1076,1076,0,1012,530,106,0,696,0,0,1
Female,High School,Single,30,180000,1730,6792,0,3180,2682,0,6792,0,3180,2682,0,0,0,0,0,0,0
Female,University,Married,32,230000,57259,46226,36089,34158,22872,22592,2500,3000,3000,1500,1500,43726,33089,31158,21372,21092,1
Female,University,Other,43,120000,46889,47496,48307,49272,49016,43127,1856,1667,1632,1664,1880,45640,46640,47640,47352,41247,0
Male,Graduate,Married,63,280000,0,0,0,0,0,0,0,0,0,0,0,0,0,0,0,0,0
Female,University,Single,29,270000,150185,141926,135741,126197,118340,110557,4988,7000,5000,5000,5000,136938,128741,121197,113340,105557,0
Male,Graduate,Married,39,70000,67474,68750,59186,48178,46197,48444,3100,7172,10000,1662,3000,65650,52014,38178,44535,45444,0
Male,University,Single,31,60000,53234,54361,55395,56416,58792,56130,2580,2557,2500,4500,0,51781,52838,53916,54292,56130,0
Male,University,Single,28,180000,78128,81976,83338,90031,93692,96100,5000,4000,8000,5000,4000,76976,79338,82031,88692,92100,0
Female,University,Married,32,160000,30414,24158,10091,5905,6210,4302,1200,1036,309,500,0,22958,9055,5596,5710,4302,1
Female,Graduate,Single,25,50000,14500,0,790,3696,6696,5724,0,790,3696,3000,5724,0,0,0,3696,0,0
Female,University,Single,48,60000,53044,51158,29452,1696,38585,38884,1607,1675,1696,38000,1500,49551,27777,0,585,37384,0
Male,University,Single,48,50000,12961,12029,11738,11011,9888,10076,507,1158,373,365,359,11522,10580,10638,9523,9717,1
Female,University,Married,56,80000,-2,697,-3,1186,-4,1633,699,0,1579,0,1637,-2,-3,-393,-4,-4,0
Female,University,Married,22,30000,28622,28219,27764,27973,28576,12135,1700,1500,700,700,500,26519,26264,27273,27876,11635,0
Female,Graduate,Single,26,90000,32154,33521,34443,31223,31723,32505,1888,1810,1300,1152,1310,31633,32633,29923,30571,31195,0
Female,University,Married,33,130000,9768,8480,2420,0,682,0,8486,1001,0,682,0,-6,1419,0,0,0,0
Male,Graduate,Married,38,200000,2780,2645,-10,4115,1315,0,2658,0,4125,1315,0,-13,-10,-10,0,0,0
Female,University,Single,23,20000,11564,13063,14337,15596,15204,17149,2000,1500,1500,0,2200,11063,12837,14096,15204,14949,1
Male,High School,Married,31,300000,1877,2466,0,462,0,3069,2500,0,462,0,3069,-34,0,0,0,0,0
Female,Graduate,Married,41,160000,120528,100050,102324,104697,103202,94360,7000,4000,4000,4115,4000,93050,98324,100697,99087,90360,0
Female,Graduate,Married,41,500000,680,0,0,0,74731,0,0,0,0,74731,0,0,0,0,0,0,0
Female,University,Single,25,50000,50863,50887,19345,19152,18953,19388,1600,0,1000,1000,900,49287,19345,18152,17953,18488,1
Male,Graduate,Single,25,20000,20052,5328,18428,19709,19833,19376,1500,15000,2000,1000,900,3828,3428,17709,18833,18476,0
Male,High School,Married,40,240000,213732,217347,217329,211132,219202,223434,8500,5000,0,16000,8000,208847,212329,211132,203202,215434,1
Male,University,Single,29,200000,172325,174082,177684,180259,183704,186507,6000,8000,7000,6500,6000,168082,169684,173259,177204,180507,1
Female,University,Single,27,200000,184,2250,823,823,-658,1266,2250,0,0,0,1924,0,823,823,-658,-658,1
Female,Graduate,Single,36,260000,10425,12722,4948,13100,10854,7537,2297,7256,13100,10854,7537,10425,-2308,0,0,0,0
Male,University,Single,26,100000,89296,101755,90684,23000,25000,0,14002,560,0,2000,0,87753,90124,23000,23000,0,0
Male,High School,Married,42,360000,25988,1815,22648,19433,16708,24047,1815,22674,95,16790,24283,0,-26,19338,-82,-236,0
Female,Other,Other,38,280000,286469,293875,296257,232,-94,143864,8024,8034,232,94,145935,285851,288223,0,-188,-2071,0
Male,Graduate,Married,47,360000,10221,8337,9696,14332,21446,9476,8536,5000,8500,10000,9476,-199,4696,5832,11446,0,0
Female,Graduate,Married,34,420000,440,1479,2940,3160,4160,883,1039,1500,3160,1000,883,440,1440,0,3160,0,0
Female,University,Married,42,400000,0,641,1290,1319,694,697,641,1290,29,0,3,0,0,1290,694,694,0
Female,University,Married,41,50000,33343,31392,27315,-60,28890,29168,1502,1000,0,30070,1180,29890,26315,-60,-1180,27988,0
Male,Graduate,Married,45,500000,186610,130751,43890,38759,46834,28408,261524,43919,38787,46834,28408,-130773,-29,-28,0,0,0
Male,University,Single,56,50000,48025,49128,49348,44932,19559,18859,1884,1997,1943,693,683,47244,47351,42989,18866,18176,0
Female,Graduate,Single,24,80000,1275,887,890,382,2786,2557,2,893,382,2794,2561,885,-3,0,-8,-4,0
Female,University,Single,23,80000,84176,81516,80146,61392,60325,60469,0,2000,0,3091,2400,81516,78146,61392,57234,58069,0
Female,University,Single,50,20000,13922,15433,15683,16050,17401,17573,3000,3000,1000,2000,1000,12433,12683,15050,15401,16573,0
Female,Graduate,Single,27,460000,81252,74766,79012,74349,77504,90032,5020,10027,3001,5004,15000,69746,68985,71348,72500,75032,0
Male,Graduate,Single,33,240000,47742,27044,24007,0,0,0,1898,1006,0,0,0,25146,23001,0,0,0,0
Male,University,Single,30,120000,53456,53862,39505,45373,46641,47569,2058,1672,10000,2000,1704,51804,37833,35373,44641,45865,0
Male,University,Single,24,20000,7719,7455,7187,8367,7945,7669,0,0,1300,0,0,7455,7187,7067,7945,7669,0
Male,High School,Married,50,290000,62381,32320,22528,10502,82823,52624,1778,1565,212,82902,2008,30542,20963,10290,-79,50616,0
Female,University,Single,38,50000,33801,27027,24459,23161,22282,20537,1433,1319,773,787,757,25594,23140,22388,21495,19780,0
Female,University,Married,40,200000,22065,23382,21522,8815,4280,0,2000,1128,4280,0,0,21382,20394,4535,4280,0,0
Female,High School,Other,27,20000,17973,20482,19693,11932,1280,0,2800,0,239,3380,0,17682,19693,11693,-2100,0,0
Male,Graduate,Married,43,100000,43970,45756,46680,47926,49028,49561,2500,2000,2000,2001,2014,43256,44680,45926,47027,47547,0
Female,Graduate,Single,36,260000,107350,110114,112189,114503,117031,112857,4500,4000,4000,4200,8790,105614,108189,110503,112831,104067,0
Female,University,Single,27,20000,21750,21127,20332,19932,19932,7080,0,0,0,0,0,21127,20332,19932,19932,7080,0
Female,University,Single,22,10000,5964,7145,8144,8861,10104,9803,1284,1283,1000,1535,0,5861,6861,7861,8569,9803,0
Male,Graduate,Married,47,420000,46179,82842,77628,52294,0,0,84459,79192,57145,0,0,-1617,-1564,-4851,0,0,0
Female,High School,Single,27,130000,29645,28193,30790,21200,21810,13629,2000,5000,5000,1000,4000,26193,25790,16200,20810,9629,0
Female,Graduate,Single,25,150000,36497,38190,39322,40260,41458,42251,2287,2071,1591,2000,1632,35903,37251,38669,39458,40619,0
Male,Graduate,Single,33,120000,291,291,291,291,291,291,291,291,291,291,291,0,0,0,0,0,0
Female,University,Single,25,30000,7244,8265,9436,10123,10335,10691,1142,1313,1000,375,528,7123,8123,9123,9960,10163,0
Female,University,Single,31,260000,166071,137702,77683,163040,86008,88575,7000,3000,7152,8000,4000,130702,74683,155888,78008,84575,0
Male,High School,Single,34,60000,326,326,326,326,476,326,326,326,326,476,326,0,0,0,0,0,1
Female,High School,Single,52,70000,105991,67243,67533,28653,29253,26185,2777,1751,969,1004,938,64466,65782,27684,28249,25247,0
Male,University,Single,26,110000,28290,30516,39584,43581,48458,17129,3000,10000,5000,6000,0,27516,29584,38581,42458,17129,0
Male,University,Single,37,180000,8788,40927,28306,31578,21195,11776,40970,1210,10015,10009,11783,-43,27096,21563,11186,-7,0
Female,University,Single,48,300000,6301,0,2417,470,4690,0,4126,2417,470,4690,0,-4126,0,0,0,0,0
Female,Graduate,Married,38,260000,622,3074,0,688,2605,377,3084,691,0,2613,378,-10,-691,688,-8,-1,0
Female,University,Married,41,50000,36329,36711,28415,18459,16077,12428,3406,0,640,660,296,33305,28415,17819,15417,12132,1
Female,High School,Married,45,90000,63115,33963,33807,2966,1223,0,1988,1900,59,24,0,31975,31907,2907,1199,0,0
Female,University,Single,24,20000,6025,5786,10471,11542,11216,14834,0,5000,1550,0,4000,5786,5471,9992,11216,10834,1
Female,Graduate,Single,30,220000,2731,3403,5990,7767,42731,33266,3403,5990,7767,40645,0,0,0,0,2086,33266,0
Male,Graduate,Single,27,240000,2961,4748,7013,7722,732,291,2000,2873,1000,882,0,2748,4140,6722,-150,291,0
Female,University,Single,40,440000,98496,82803,79894,73984,137370,132889,10000,10000,10000,80000,7000,72803,69894,63984,57370,125889,0
Female,University,Married,37,60000,60480,59966,58411,58868,55232,58430,1001,0,2001,0,4301,58965,58411,56867,55232,54129,0
Male,University,Married,31,380000,6749,7917,9645,11865,13133,4702,7959,9683,11916,13191,4717,-42,-38,-51,-58,-15,0
Female,High School,Married,44,30000,19608,20696,20071,21432,21704,21205,1700,0,2000,760,0,18996,20071,19432,20944,21205,1
Female,University,Single,35,120000,71708,72047,67080,68660,69411,2855,3200,3000,3700,3500,1000,68847,64080,64960,65911,1855,0
Male,Graduate,Single,29,150000,4583,6917,831,6469,5138,7810,6989,833,6488,5153,7833,-72,-2,-19,-15,-23,0
Male,University,Single,28,90000,43314,44354,45372,46317,51292,50316,2037,2055,2000,5913,0,42317,43317,44317,45379,50316,0
Female,University,Married,34,180000,25000,0,0,6398,15218,24901,0,0,6398,9000,10000,0,0,0,6218,14901,0
Female,University,Single,37,10000,7841,7400,6770,5163,3575,390,1157,1000,103,72,400,6243,5770,5060,3503,-10,0
Male,University,Single,24,20000,15166,14638,15582,17809,17385,18437,0,1500,2500,0,1500,14638,14082,15309,17385,16937,1
Female,High School,Married,41,80000,57754,56258,60313,61129,62348,61193,0,5000,2400,2341,0,56258,55313,58729,60007,61193,1
Male,University,Married,30,610000,50724,8723,6245,7089,8059,8666,2134,1210,2000,2000,1666,6589,5035,5089,6059,7000,0
Female,High School,Single,27,180000,0,0,0,8081,0,0,0,0,8081,0,0,0,0,0,0,0,0
Male,High School,Married,53,50000,0,484,929,474,0,1288,484,1000,0,0,1288,0,-71,474,0,0,1
Male,Graduate,Single,30,130000,130705,132472,129576,129829,125382,124942,6500,4700,5000,4600,5200,125972,124876,124829,120782,119742,1
Male,Graduate,Single,26,160000,135233,130038,79027,6666,6666,6666,5600,3715,6666,6666,6666,124438,75312,0,0,0,0
Male,Graduate,Single,29,200000,137218,141808,151020,152040,164405,161525,6808,11620,5000,15000,0,135000,139400,147040,149405,161525,0
Male,Graduate,Single,29,20000,14897,17512,16926,17368,17959,19023,3170,0,1000,1000,3000,14342,16926,16368,16959,16023,0
Female,University,Single,56,50000,47060,48481,49505,17612,19461,18660,2180,2204,656,2159,678,46301,47301,16956,17302,17982,0
Female,University,Married,46,30000,27882,28937,30128,30548,31326,30688,1800,1980,1200,1400,0,27137,28148,29348,29926,30688,1
Male,University,Married,29,140000,130767,134946,130470,132038,131961,124256,6696,5000,4866,5300,5055,128250,125470,127172,126661,119201,0
Male,University,Married,45,160000,11569,11092,12900,12396,13692,13323,0,2000,0,1500,0,11092,10900,12396,12192,13323,0
Male,Graduate,Married,33,410000,3244,8339,0,0,1759,2624,8339,0,0,1759,2624,0,0,0,0,0,0
Female,Graduate,Single,30,320000,8144,7824,7500,7500,7500,7500,7500,7500,7500,7500,7500,324,0,0,0,0,0
Female,University,Married,36,50000,47404,48786,49768,27838,84810,27785,2148,2130,1200,1012,2034,46638,47638,26638,83798,25751,0
Male,University,Single,29,110000,107221,109494,111954,111771,111703,111864,4000,4300,4164,4500,4200,105494,107654,107607,107203,107664,0
Female,High School,Married,50,530000,219884,223526,206593,275847,163157,164838,10000,10000,10000,7000,7000,213526,196593,265847,156157,157838,0
Female,University,Single,40,80000,46982,38738,31923,25885,20195,19494,1728,1411,1009,605,2012,37010,30512,24876,19590,17482,1
Female,Graduate,Single,26,190000,204297,106428,109736,111487,114878,118541,6355,6500,5000,5117,5644,100073,103236,106487,109761,112897,1
Male,University,Married,58,500000,4101,11076,3834,-754,6276,16871,11155,4024,754,7030,17050,-79,-190,-1508,-754,-179,0
Female,High School,Single,30,270000,0,2900,2000,2000,0,4759,2900,2000,2000,0,4759,0,0,0,0,0,0
Female,University,Single,26,20000,17368,16801,17789,17419,17628,18125,0,1281,771,640,790,16801,16508,16648,16988,17335,0
Male,University,Married,39,90000,27764,27690,27593,25833,25318,22684,1500,1500,1500,1500,0,26190,26093,24333,23818,22684,1
Male,University,Single,44,10000,6898,7642,5381,3791,3791,0,1019,0,0,0,0,6623,5381,3791,3791,0,0
Female,University,Married,36,320000,4062,5143,5988,6988,7988,0,1155,1000,1000,1000,0,3988,4988,5988,6988,0,0
Female,Graduate,Married,33,190000,42740,46046,10725,1582,-46,4054,10000,11000,11336,0,4100,36046,-275,-9754,-46,-46,0
Male,Graduate,Married,39,380000,6347,0,0,46350,0,0,0,0,46350,0,0,0,0,0,0,0,1
Male,University,Single,30,180000,145563,147348,143548,133408,136481,140008,10035,5096,5000,5200,6024,137313,138452,128408,131281,133984,0
Female,Graduate,Single,33,360000,898,11573,0,0,0,0,11573,0,0,0,0,0,0,0,0,0,0
Male,University,Married,30,150000,40496,3880,1377,4007,7742,11376,1000,5000,5960,5000,5000,2880,-3623,-1953,2742,6376,0
Female,Graduate,Married,57,50000,45608,44619,44856,32461,49916,29117,0,1600,871,30347,0,44619,43256,31590,19569,29117,1
Male,University,Single,39,50000,39966,37584,38423,37212,39319,36082,0,3000,0,3007,7,37584,35423,37212,36312,36075,0
Male,High School,Married,51,50000,42257,44243,64104,33406,34104,34869,3000,2500,1985,1163,1256,41243,61604,31421,32941,33613,0
Female,University,Single,30,340000,47664,38192,39234,20960,360,360,2000,2000,3000,360,360,36192,37234,17960,0,0,0
Male,Graduate,Single,26,320000,111710,12484,13917,12125,0,0,1267,1700,243,0,0,11217,12217,11882,0,0,0
Female,Graduate,Single,42,230000,326,326,326,1458,952,476,326,326,1458,952,0,0,0,0,0,476,0
Female,Graduate,Single,31,120000,643,586,3660,5754,5666,5666,586,3660,5754,5666,5666,0,0,0,0,0,0
Male,Graduate,Single,34,30000,26921,27809,21658,22794,22289,22916,1700,0,1800,0,1000,26109,21658,20994,22289,21916,0
Male,Graduate,Single,34,240000,21027,27568,9166,6855,8089,9052,27994,9212,6949,8134,10043,-426,-46,-94,-45,-991,0
Female,University,Married,32,240000,0,0,493,-5,574,3509,0,493,0,579,3509,0,0,-5,-5,0,0
Male,Graduate,Single,30,210000,99342,99506,100117,101212,101197,103175,4900,4100,3600,4500,4000,94606,96017,97612,96697,99175,0
Male,High School,Single,24,20000,17231,15897,16232,16555,16104,16055,0,1300,573,576,600,15897,14932,15982,15528,15455,0
Female,University,Married,42,20000,16560,17278,18289,18653,19195,19580,1293,1304,668,843,853,15985,16985,17985,18352,18727,1
Female,Graduate,Single,25,110000,4382,1972,1426,5660,5660,0,5,1426,5660,0,0,1967,0,0,5660,0,0
Male,University,Married,39,130000,88014,88951,90672,89252,91118,95105,3245,3217,3177,3286,4200,85706,87455,86075,87832,90905,0
Female,University,Married,28,80000,77857,80002,82020,73904,75558,77279,4000,4000,3000,3000,3000,76002,78020,70904,72558,74279,0
Male,University,Married,36,20000,12564,12077,12779,13033,13308,13985,0,1212,466,485,900,12077,11567,12567,12823,13085,1
Male,Graduate,Married,38,10000,4711,9617,9307,9665,10470,10169,5000,0,500,1100,0,4617,9307,9165,9370,10169,1
Male,University,Married,37,180000,5480,11834,17380,8329,20406,9772,11850,17552,8333,20406,9772,-16,-172,-4,0,0,0
Female,University,Single,29,280000,140888,143746,55506,56741,57983,59185,5040,3000,2000,2000,2000,138706,52506,54741,55983,57185,0
Male,Graduate,Single,29,220000,124820,126740,121910,89608,53535,36312,6300,0,6000,2500,0,120440,121910,83608,51035,36312,1
Male,University,Married,42,260000,215521,210695,213758,208821,213083,217340,0,8000,0,7800,7800,210695,205758,208821,205283,209540,1
Male,University,Married,40,30000,15526,14923,10936,11436,1520,0,0,1000,500,1520,0,14923,9936,10936,0,0,0
Female,University,Married,29,50000,21523,1481,19766,19661,16740,13272,19505,20509,1513,1515,1539,-18024,-743,18148,15225,11733,0
Female,High School,Single,47,150000,153720,150540,153103,152060,151470,151974,7000,7000,5200,5500,6300,143540,146103,146860,145970,145674,0
Male,High School,Single,38,160000,47269,45688,47690,48712,49525,50389,2767,2769,1791,1928,1960,42921,44921,46921,47597,48429,0
Male,University,Single,26,20000,0,132,10067,10144,10400,0,132,10200,540,600,1000,0,-133,9604,9800,-1000,0
Male,Graduate,Married,42,280000,18958,2640,182251,173922,160553,147124,2676,189570,6084,5798,4627,-36,-7319,167838,154755,142497,0
Male,University,Single,24,50000,6716,7737,8741,8911,8943,9140,1290,1294,464,324,345,6447,7447,8447,8619,8795,0
Female,Graduate,Single,43,300000,1352,2380,0,970,0,89,2380,0,970,0,89,0,0,0,0,0,0
Male,University,Married,31,230000,60528,49036,31226,15568,10000,0,5000,0,5000,10000,0,44036,31226,10568,0,0,0
Male,High School,Single,27,60000,37170,36918,10163,10692,15307,19838,2000,3000,1000,5000,5000,34918,7163,9692,10307,14838,0
Male,High School,Married,29,190000,51632,9803,3427,924,-876,-969,1000,3524,929,869,7,8803,-97,-5,-1745,-976,0
Male,University,Single,43,60000,0,0,780,0,0,0,0,780,0,0,0,0,0,0,0,0,0
Female,University,Single,25,100000,88420,89705,91943,71201,69804,71088,3600,4000,2500,2700,2600,86105,87943,68701,67104,68488,1
Female,University,Married,45,30000,17166,18578,20260,20626,21142,21790,2000,2000,1000,1000,1000,16578,18260,19626,20142,20790,0
Female,University,Single,30,200000,71310,69676,67976,68468,67439,56163,0,0,2000,0,1925,69676,67976,66468,67439,54238,1
Male,Graduate,Other,27,30000,25107,26312,28102,29078,29201,24122,2000,3000,2000,1000,1500,24312,25102,27078,28201,22622,0
Male,University,Single,25,130000,126454,128179,75525,76862,6131,27117,4252,3000,1537,10000,21300,123927,72525,75325,-3869,5817,0
Male,University,Single,29,120000,60098,50910,44943,37176,38245,28682,2000,1500,1500,1500,1500,48910,43443,35676,36745,27182,0
Female,University,Single,35,160000,-200,-200,0,6171,0,0,0,200,6171,0,0,-200,-200,0,0,0,0
Female,University,Single,23,20000,17772,19058,19681,19507,14656,756,1877,1500,500,0,756,17181,18181,19007,14656,0,0
Female,University,Single,24,30000,26133,28926,28167,28568,29019,30430,3526,0,1168,1060,1900,25400,28167,27400,27959,28530,0
Female,University,Single,23,70000,65026,29549,29705,29012,28355,16579,4000,1595,775,1000,600,25549,28110,28237,27355,15979,0
Male,High School,Single,25,80000,78230,76277,36232,30200,30326,30290,2289,1005,31063,1094,1109,73988,35227,-863,29232,29181,0
Female,University,Single,23,80000,6085,4728,5750,1361,1402,1911,1128,1150,1361,1402,1000,3600,4600,0,0,911,0
Male,University,Single,50,100000,104466,96370,81293,66435,64975,66951,4000,3000,3000,3000,3000,92370,78293,63435,61975,63951,0
Male,Graduate,Single,31,570000,26775,28753,48474,42377,41302,1666,15004,25000,1302,1000,1666,13749,23474,41075,40302,0,0
Male,Graduate,Married,45,170000,360,360,360,360,360,870,360,360,360,360,870,0,0,0,0,0,0
Female,University,Single,25,50000,0,870,590,3700,1999,7300,870,590,3700,1999,7300,0,0,0,0,0,0
Female,Graduate,Single,39,310000,300500,265766,245458,249435,240521,246525,11027,10500,14000,10000,10000,254739,234958,235435,230521,236525,0
Male,Graduate,Single,27,140000,19484,20114,16606,9609,5429,9763,2000,10063,0,2000,5000,18114,6543,9609,3429,4763,1
Female,University,Single,29,200000,69412,69878,64222,50518,44892,76088,4012,2008,3008,9056,36100,65866,62214,47510,35836,39988,0
Female,University,Single,26,300000,11342,9670,2615,10170,7200,7200,9670,2615,10170,0,0,0,0,0,7200,7200,1
Female,Graduate,Single,26,300000,296186,290906,275061,250488,250357,249990,20006,9000,10000,9000,10000,270900,266061,240488,241357,239990,0
Male,University,Single,55,140000,162452,164055,141301,99115,101597,101290,5000,140000,4000,4000,4000,159055,1301,95115,97597,97290,0
Male,Graduate,Married,47,560000,10501,69458,23445,105199,47519,73537,69803,23560,109726,48237,74014,-345,-115,-4527,-718,-477,0
Male,Graduate,Married,46,200000,73537,71796,80453,58257,97180,95531,0,10000,0,40000,0,71796,70453,58257,57180,95531,1
Female,High School,Married,31,230000,184444,182933,178409,175091,171800,168476,7016,5500,5125,5031,4969,175917,172909,169966,166769,163507,0
Male,Graduate,Married,36,200000,2346,4802,4579,5840,5603,6352,2500,0,1500,0,1000,2302,4579,4340,5603,5352,1
Male,University,Single,34,160000,73820,72341,76917,75370,81943,80203,0,5500,0,7500,0,72341,71417,75370,74443,80203,1
Male,Graduate,Single,29,220000,216096,189566,183838,157898,164860,168294,10110,12000,5852,10000,6610,179456,171838,152046,154860,161684,0
Male,High School,Single,25,60000,59817,47872,38605,28184,28862,29161,3000,2000,1500,1500,1300,44872,36605,26684,27362,27861,0
Female,University,Married,43,390000,78658,60152,40238,41366,37788,19025,4514,0,1528,0,1000,55638,40238,39838,37788,18025,1
Female,Graduate,Single,39,280000,1863,869,262,1203,4,320,872,262,1203,150,470,-3,0,0,-146,-150,0
Male,Graduate,Married,60,80000,53315,47740,50100,0,0,0,3300,6267,0,0,0,44440,43833,0,0,0,0
Male,University,Married,34,360000,31580,32618,33610,34281,34944,35498,1549,1541,1212,1200,1000,31069,32069,33069,33744,34498,0
Female,University,Single,21,20000,18770,18410,18821,19307,19260,20028,1400,1200,1000,6000,1000,17010,17621,18307,13260,19028,0
Female,University,Married,31,500000,2181,5625,60201,45299,40940,16923,5700,60207,1000,838,4476,-75,-6,44299,40102,12447,0
Female,Graduate,Single,23,90000,316,3066,3832,6194,5878,316,3066,3832,5878,0,0,0,0,316,5878,316,0
Female,Graduate,Married,33,30000,27729,28138,28285,28463,29303,29766,1500,1500,1500,1300,1100,26638,26785,26963,28003,28666,0
Male,Graduate,Single,47,390000,0,3760,0,0,123,0,3760,0,0,123,0,0,0,0,0,0,0
Male,Graduate,Married,32,360000,0,0,0,0,-5,-5,0,0,0,0,0,0,0,0,-5,-5,1
Female,University,Single,32,10000,9463,9338,10073,10059,9760,10048,1165,1200,400,520,600,8173,8873,9659,9240,9448,0
Female,Graduate,Married,32,150000,0,0,0,0,0,0,0,0,0,0,0,0,0,0,0,0,0
Female,University,Single,27,40000,29009,34183,35606,37018,37184,38066,9000,2000,2000,1349,1500,25183,33606,35018,35835,36566,0
Female,Other,Single,29,210000,67931,65289,64778,65861,63794,65069,12411,13000,12340,14000,12364,52878,51778,53521,49794,52705,0
Female,University,Married,41,50000,46965,42713,33812,20483,19409,19318,1650,1317,698,693,1000,41063,32495,19785,18716,18318,0
Male,University,Single,23,10000,7886,9085,7784,8547,8907,6844,1500,1000,1000,600,200,7585,6784,7547,8307,6644,1
Female,University,Single,26,310000,40604,42926,44209,45472,46739,47895,3000,2000,2000,2000,2000,39926,42209,43472,44739,45895,0
Male,Graduate,Single,34,50000,43796,44423,29980,30000,0,0,2100,1200,1000,0,0,42323,28780,29000,0,0,0
Female,Graduate,Married,37,150000,4787,1046,344,1291,1193,1914,1054,344,1193,0,3000,-8,0,98,1193,-1086,0
Male,High School,Married,48,50000,11839,13240,14015,14293,14763,14968,1600,1300,511,700,600,11640,12715,13782,14063,14368,1
Female,Graduate,Single,30,250000,77245,84828,82228,83116,87990,86564,8722,0,3010,6249,0,76106,82228,80106,81741,86564,0
Female,High School,Married,46,30000,22352,23392,23908,24815,24133,25087,1700,1200,1600,0,1500,21692,22708,23215,24133,23587,1
Male,Graduate,Married,32,30000,22541,19623,20606,20693,21134,22435,1338,1321,727,761,2500,18285,19285,19966,20373,19935,1
Female,High School,Married,50,30000,30615,28691,30474,27468,25813,25251,0,3017,12,3000,0,28691,27457,27456,22813,25251,1
Female,University,Married,44,20000,16942,16721,16193,16445,15624,15096,0,0,780,0,0,16721,16193,15665,15624,15096,1
Female,Graduate,Single,24,30000,17615,18338,19350,19734,20301,20812,1310,1322,706,885,1000,17028,18028,19028,19416,19812,0
Male,Graduate,Married,45,300000,999,-7334,8333,6666,8333,8333,0,24000,6666,10000,8333,-7334,-15667,0,-1667,0,1
Male,University,Married,28,90000,5580,0,0,0,0,0,0,0,0,0,0,0,0,0,0,0,0
Male,University,Single,24,30000,25063,22275,0,517,25420,24863,1545,0,1517,25420,0,20730,0,-1000,0,24863,0
Female,University,Married,51,200000,128208,131152,133976,136646,145147,142651,5000,5000,4888,10700,0,126152,128976,131758,134447,142651,1
Female,University,Single,29,180000,100534,102971,108232,108628,94416,178120,5364,8633,3600,0,3700,97607,99599,105028,94416,174420,0
Female,University,Single,26,70000,50680,51256,47394,7879,-1940,27545,2000,1500,0,0,30000,49256,45894,7879,-1940,-2455,0
Female,University,Single,29,230000,0,0,0,0,1004,854,0,0,0,1004,0,0,0,0,0,854,0
Female,Graduate,Married,45,240000,0,0,0,0,0,0,0,0,0,0,0,0,0,0,0,0,0
Female,High School,Married,41,190000,2665,-35,3527,3869,4468,-12,0,3562,3869,4468,12,-35,-35,0,0,-24,0
Female,Graduate,Married,29,80000,4225,20000,11556,0,0,0,20000,11556,0,0,0,0,0,0,0,0,0
Female,University,Married,34,300000,86116,83724,80721,79939,58586,14570,3894,2783,3575,1605,1520,79830,77938,76364,56981,13050,0
Female,Graduate,Married,36,220000,210475,216513,196219,200117,204312,208373,9639,7123,7162,7419,7462,206874,189096,192955,196893,200911,0
Male,University,Married,31,340000,63098,64417,65752,69639,80057,83713,2338,2406,5000,11610,5000,62079,63346,64639,68447,78713,1
Female,Graduate,Single,57,480000,7066,2328,4279,24973,76738,25108,6378,5096,25173,25896,25108,-4050,-817,-200,50842,0,0
Female,Graduate,Married,25,60000,45575,43303,27113,19582,19109,17236,1432,11279,1960,1000,633,41871,15834,17622,18109,16603,0
Male,University,Married,28,200000,11445,12379,12187,7402,10827,11351,5013,3038,3007,5005,2056,7366,9149,4395,5822,9295,0
Male,University,Married,53,20000,19646,20077,19462,0,0,150,3000,30,0,0,150,17077,19432,0,0,0,0
Female,High School,Single,46,110000,45846,47104,48325,0,49461,48438,2000,2000,2000,0,2000,45104,46325,-2000,49461,46438,0
Female,University,Single,32,470000,491428,488642,485382,360959,338592,123737,300000,15937,11891,120000,6380,188642,469445,349068,218592,117357,1
Male,University,Married,42,200000,748,49007,11095,0,0,0,49007,11095,0,0,0,0,0,0,0,0,0
Male,Graduate,Single,30,130000,16757,21481,22389,22535,24236,20246,5000,1598,744,2000,744,16481,20791,21791,22236,19502,0
Male,Graduate,Married,46,80000,78861,77719,45961,29537,29758,30153,2435,1463,1039,1068,1267,75284,44498,28498,28690,28886,0
Female,University,Married,30,120000,0,0,0,0,0,0,0,0,0,0,0,0,0,0,0,0,0
Male,Graduate,Single,27,180000,29735,24414,18300,16908,37319,34978,19000,5000,10009,22000,20000,5414,13300,6899,15319,14978,0
Male,University,Married,42,400000,286710,280752,284624,237176,211342,208432,11011,9816,8000,7824,8700,269741,274808,229176,203518,199732,0
Male,High School,Married,43,150000,150797,52509,50683,46602,40599,37192,3008,2014,1599,2014,2018,49501,48669,45003,38585,35174,0
Female,High School,Single,34,640000,105423,133637,118372,33929,79807,19552,51644,30291,41,70128,19576,81993,88081,33888,9679,-24,0
Male,Graduate,Married,32,500000,48169,53197,63010,64178,64992,50722,20000,20012,10036,15000,10000,33197,42998,54142,49992,40722,0
Female,Graduate,Single,26,70000,28106,30447,29659,31767,31124,35511,3100,0,2600,0,5100,27347,29659,29167,31124,30411,1
Female,Graduate,Single,24,100000,1331,1326,652,326,326,476,0,0,326,326,476,1326,652,0,0,0,0
Female,High School,Married,42,80000,0,0,0,0,0,0,0,0,0,0,0,0,0,0,0,0,0
Female,University,Married,30,120000,84094,85804,86212,87003,88833,92348,3081,4001,3114,3232,5000,82723,82211,83889,85601,87348,0
Female,Graduate,Single,31,210000,40167,41518,43023,44005,45294,46387,2000,2500,2000,2000,2000,39518,40523,42005,43294,44387,0
Female,Graduate,Single,25,50000,13572,17983,15590,10610,0,0,5000,200,10610,0,0,12983,15390,0,0,0,0
Female,University,Married,45,50000,46188,14082,15021,7696,7872,8028,1261,1200,300,300,287,12821,13821,7396,7572,7741,0
Male,University,Married,35,260000,-48,4001,5975,0,0,0,4261,6000,0,0,0,-260,-25,0,0,0,0
Male,University,Single,22,20000,-50,-440,-830,780,780,0,0,0,2000,0,0,-440,-830,-1220,780,0,0
Male,University,Married,40,30000,38001,34416,32515,28499,29133,29988,0,1634,796,865,1143,34416,30881,27703,28268,28845,0
Female,University,Married,29,310000,182202,162547,140911,111881,78759,78877,5118,3758,3901,2206,3089,157429,137153,107980,76553,75788,0
Male,Graduate,Single,34,100000,43128,6164,3775,22690,21288,9289,6200,3775,22690,0,0,-36,0,0,21288,9289,0
Female,Graduate,Married,38,300000,390,0,0,0,0,0,0,0,0,0,0,0,0,0,0,0,0
Male,High School,Married,47,30000,27609,30791,29913,30461,0,0,3630,0,1300,0,0,27161,29913,29161,0,0,0
Male,University,Single,34,320000,173742,167837,100407,88717,179,-336,8100,6000,7000,2,0,159737,94407,81717,177,-336,0
Female,Graduate,Single,32,120000,81878,83429,77262,78783,75252,77090,3014,5000,5000,2726,4000,80415,72262,73783,72526,73090,0
Male,University,Single,24,80000,26170,25215,26189,26801,28593,26020,1414,1388,1000,2180,0,23801,24801,25801,26413,26020,1
Male,High School,Married,50,20000,15089,17037,17457,17868,18428,19120,2200,1000,1000,1000,1000,14837,16457,16868,17428,18120,1
Male,Graduate,Married,53,380000,360,360,360,720,360,360,360,360,720,0,360,0,0,0,360,0,0
Female,Graduate,Single,30,180000,173094,131039,132269,144990,152632,155935,7000,4900,15000,10000,6000,124039,127369,129990,142632,149935,0
Male,University,Single,27,50000,26380,26439,-200,-200,-200,-200,1000,0,0,0,0,25439,-200,-200,-200,-200,0
Male,Graduate,Single,33,280000,0,0,0,0,0,0,0,0,0,0,0,0,0,0,0,0,0
Female,High School,Single,47,30000,25262,24365,5160,6160,5780,4790,1518,1000,1000,0,1000,22847,4160,5160,5780,3790,0
Male,University,Single,25,100000,97614,50976,-212,-212,-212,138,3000,0,0,0,500,47976,-212,-212,-212,-362,1
Male,Graduate,Single,45,30000,27990,27632,27992,16065,930,780,1850,4700,1000,930,0,25782,23292,15065,0,780,0
Female,University,Single,30,160000,124178,118255,111807,107418,90471,86363,4507,4000,3500,3300,3500,113748,107807,103918,87171,82863,0
Male,Graduate,Married,42,210000,2295,6072,8319,5330,1586,4920,6090,8369,5346,1590,4934,-18,-50,-16,-4,-14,0
Male,Graduate,Single,30,10000,7930,7718,8518,8950,9795,3274,1200,1000,1000,1000,59,6518,7518,7950,8795,3215,0
Female,University,Single,36,420000,3581,16629,33433,28468,35669,23317,16647,33595,16000,36625,23317,-18,-162,12468,-956,0,0
Female,Graduate,Married,37,400000,-151,27952,47213,121013,87332,106519,78130,20000,93000,30000,20000,-50178,27213,28013,57332,86519,0
Female,Graduate,Single,29,70000,62870,63992,64720,66031,67459,69171,2134,1600,1587,1700,2000,61858,63120,64444,65759,67171,0
Male,University,Single,31,110000,61050,62663,62425,59118,49449,38047,2600,2100,2000,2000,1500,60063,60325,57118,47449,36547,0
Male,Graduate,Married,54,300000,234589,0,0,0,0,0,0,0,0,0,0,0,0,0,0,0,0
Female,Graduate,Single,27,120000,22027,51757,113157,106767,30237,-1280,35000,100000,0,0,0,16757,13157,106767,30237,-1280,0
Male,Graduate,Single,27,180000,13895,14385,13190,17676,14792,11210,5000,3000,8700,1500,600,9385,10190,8976,13292,10610,0
Male,Graduate,Married,46,400000,31864,34538,31648,127340,129411,128796,4237,4000,100000,5000,4183,30301,27648,27340,124411,124613,0
Male,Graduate,Married,44,100000,37222,38628,39982,40914,42053,43151,2000,2000,1600,1800,1800,36628,37982,39314,40253,41351,0
Female,University,Married,32,220000,183718,172250,175771,180794,184650,167856,6243,6376,7942,8270,170000,166007,169395,172852,176380,-2144,1
Female,University,Married,43,220000,316,316,316,956,1087,316,316,316,956,1087,316,0,0,0,0,0,0
Female,University,Married,27,140000,126771,132730,124689,105447,106704,97725,10000,5000,5000,5000,5000,122730,119689,100447,101704,92725,0
Female,University,Married,51,90000,112577,105189,97048,88247,88564,90145,4000,3330,3087,3162,4496,101189,93718,85160,85402,85649,1
Female,Graduate,Single,23,30000,29292,28809,30005,30452,29197,29381,1804,2000,1200,1600,1211,27005,28005,29252,27597,28170,0
Female,Graduate,Single,28,240000,2276,3188,454,2500,0,0,1000,454,2500,0,0,2188,0,0,0,0,0
Female,Graduate,Married,37,110000,106658,111694,112131,108106,109798,107372,10800,3808,0,4000,5000,100894,108323,108106,105798,102372,0
Female,Graduate,Single,24,60000,37356,41624,40655,43974,46625,45590,5200,0,4000,3500,0,36424,40655,39974,43125,45590,1
Male,University,Single,26,20000,13242,12762,12276,11790,11460,14090,0,0,0,0,3000,12762,12276,11790,11460,11090,1
Male,University,Married,53,180000,173481,176308,179878,182005,175016,178293,7900,8000,7000,6565,6800,168408,171878,175005,168451,171493,1
Female,University,Single,26,130000,84133,84458,62441,48175,29874,15525,2758,2741,2175,1874,1525,81700,59700,46000,28000,14000,0
Female,High School,Married,36,130000,42553,43606,44577,45013,45695,46283,1740,1711,1587,1823,1956,41866,42866,43426,43872,44327,0
Male,Graduate,Single,26,70000,50587,51329,48122,43912,44834,45737,2214,3510,1720,1780,1800,49115,44612,42192,43054,43937,0
Male,University,Married,42,10000,9860,9169,9055,9908,9611,10059,0,1200,1000,0,1000,9169,7855,8908,9611,9059,1
Female,Graduate,Single,24,50000,894,1020,0,0,0,0,1020,0,0,0,0,0,0,0,0,0,0
Female,Graduate,Married,31,190000,8121,6523,750,14724,919,-3899,0,0,14724,0,0,6523,750,0,919,-3899,0
Male,University,Single,36,60000,59219,58852,54811,39960,40133,37607,3083,1857,1289,1615,1484,55769,52954,38671,38518,36123,0
Male,Graduate,Single,25,20000,17147,19557,18935,19005,17862,20393,3000,0,653,900,3000,16557,18935,18352,16962,17393,1
Female,University,Single,42,80000,73981,76489,77611,78683,80315,81887,9625,3000,2900,3000,3000,66864,74611,75783,77315,78887,1
Female,Graduate,Married,51,500000,5255,86992,37272,24445,77828,61029,86992,37272,0,65428,1221,0,0,24445,12400,59808,0
Male,High School,Married,52,220000,-4300,-4300,-4620,-4620,-5820,-5820,0,0,0,0,0,-4300,-4620,-4620,-5820,-5820,0
Female,University,Married,36,230000,3786,2894,1200,2735,3231,909,2914,1406,2735,3241,913,-20,-206,0,-10,-4,0
Male,University,Single,25,20000,15522,16469,15907,17140,16724,18438,1500,0,1500,0,2000,14969,15907,15640,16724,16438,0
Male,University,Single,39,50000,48803,48808,20131,19940,390,540,1487,1200,399,390,540,47321,18931,19541,0,0,1
Female,Graduate,Single,29,120000,110488,107488,97021,86283,87345,81666,4000,5000,3000,3300,3010,103488,92021,83283,84045,78656,0
Female,University,Single,34,130000,99593,100415,103618,107525,104042,100190,4050,5600,7800,0,3900,96365,98018,99725,104042,96290,1
Female,Graduate,Single,26,230000,363,363,363,372,1971,2566,363,363,372,1971,1000,0,0,0,0,1566,0
Male,Graduate,Single,32,350000,92134,120340,142794,101923,103119,84834,30000,25000,5000,5000,4000,90340,117794,96923,98119,80834,0
Female,Graduate,Single,38,300000,13548,13097,3025,4128,1726,-587,2060,2004,2003,1726,692,11037,1021,2125,0,-1279,0
Female,University,Single,55,70000,67572,58969,57625,45675,46236,46758,2124,2311,1622,1674,1677,56845,55314,44053,44562,45081,0
Male,Graduate,Single,33,280000,281604,283292,281327,189287,185398,184414,10000,10059,5201,5211,5500,273292,271268,184086,180187,178914,0
Female,University,Married,25,60000,20636,21367,22334,22426,22240,25378,1369,1336,927,801,4000,19998,20998,21499,21439,21378,1
Male,University,Single,42,310000,169749,172685,176630,180315,184072,188194,7000,6630,6379,6586,7086,165685,170000,173936,177486,181108,1
Male,High School,Single,34,290000,5451,6230,140802,143354,146225,148820,1200,135000,5200,5500,5500,5030,5802,138154,140725,143320,1
Male,Graduate,Married,35,180000,133424,134835,131176,139976,138325,146136,5000,0,11000,700,10300,129835,131176,128976,137625,135836,1
Female,Graduate,Single,43,340000,-212,-212,-212,-212,-212,-212,0,0,0,0,0,-212,-212,-212,-212,-212,0
Female,Graduate,Single,29,360000,5041,7485,4480,3260,3884,4352,2500,7740,3260,3884,4352,4985,-3260,0,0,0,0
Female,Graduate,Married,33,180000,996,1999,2216,2301,2364,2286,1503,1400,250,228,106,496,816,2051,2136,2180,1
Female,High School,Married,48,30000,25615,26950,27899,29614,30127,29646,1751,1700,2500,1000,2000,25199,26199,27114,29127,27646,0
Male,Graduate,Single,32,100000,26127,26608,24689,25699,26809,25836,2000,2000,1700,1500,1500,24608,22689,23999,25309,24336,0
Male,University,Married,42,180000,87815,79072,59852,60761,62425,63982,3800,3000,2500,2800,3000,75272,56852,58261,59625,60982,0
Female,Graduate,Single,31,210000,131297,128743,129104,125887,112439,104537,9735,4000,0,4000,3850,119008,125104,125887,108439,100687,1
Female,University,Married,36,180000,111190,113912,116231,117803,120350,124190,6000,5700,5000,4600,6000,107912,110531,112803,115750,118190,0
Female,High School,Other,48,60000,53116,55950,54439,-561,20115,20000,3689,0,0,20907,400,52261,54439,-561,-792,19600,0
Male,Graduate,Single,30,500000,192257,201402,444462,418237,424244,383145,40000,300018,15000,17000,15000,161402,144444,403237,407244,368145,0
Female,University,Married,37,200000,5766,6786,7796,8512,10205,11032,1274,1284,1000,2000,1000,5512,6512,7512,8205,10032,0
Female,University,Married,39,610000,145143,136334,103624,101044,106356,92459,5002,5000,4006,10000,7000,131332,98624,97038,96356,85459,0
Male,University,Single,29,50000,47373,48076,23459,16175,17753,18302,2000,2083,2000,2000,1000,46076,21376,14175,15753,17302,0
Female,Other,Single,25,80000,6643,9400,0,0,11457,6709,3000,0,0,45568,3000,6400,0,0,-34111,3709,0
Male,Graduate,Single,38,210000,103310,111472,79503,75528,72567,69502,107651,2861,2388,3000,3000,3821,76642,73140,69567,66502,0
Male,Graduate,Single,56,50000,52108,50445,42652,9965,9720,9951,52,2176,334,336,375,50393,40476,9631,9384,9576,0
Male,Graduate,Married,58,360000,5619,14822,43000,4650,12132,13953,15008,43065,4650,12132,13953,-186,-65,0,0,0,0
Male,University,Single,30,240000,53812,2000,2396,4657,2452,2418,2010,2613,5076,2464,2428,-10,-217,-419,-12,-10,0
Male,High School,Married,56,20000,10847,12176,12884,13784,13420,13686,1508,1216,1116,0,490,10668,11668,12668,13420,13196,0
Male,Graduate,Single,22,10000,2946,0,390,390,390,0,0,390,390,390,0,0,0,0,0,0,1
Female,University,Single,23,30000,30558,30363,29077,30029,26366,28916,1500,1600,1500,1000,3000,28863,27477,28529,25366,25916,1
Male,Other,Single,30,360000,40250,23022,12272,34345,36777,30,23000,12280,25007,25008,1767,22,-8,9338,11769,-1737,0
Male,Graduate,Single,29,260000,52079,52083,46703,47500,45030,48249,6000,5000,5000,4000,5000,46083,41703,42500,41030,43249,0
Male,University,Married,52,100000,64358,64956,66816,36448,37481,37684,2416,3000,1500,2000,1360,62540,63816,34948,35481,36324,0
Female,University,Married,40,500000,2231,-9,2312,2928,0,0,0,2321,2928,0,0,-9,-9,0,0,0,0
Female,High School,Single,42,70000,69470,70279,70207,30348,28320,28704,3085,2808,2455,1337,2000,67194,67399,27893,26983,26704,0
Female,Graduate,Married,38,200000,26344,0,0,320,170,2865,0,0,329,0,2865,0,0,-9,170,0,0
Female,Other,Single,45,230000,144407,146277,149338,152555,155934,159332,5400,5500,5700,6000,6000,140877,143838,146855,149934,153332,0
Male,University,Single,36,200000,2989,0,0,2989,9059,52248,0,0,2989,9059,52546,0,0,0,0,-298,0
Male,University,Married,38,110000,96898,96071,93321,94034,99531,96614,4826,5,4000,7300,0,91245,93316,90034,92231,96614,1
Female,Graduate,Single,33,260000,6818,8040,11736,10190,18122,0,1340,4036,204,8122,0,6700,7700,9986,10000,0,0
Female,High School,Other,55,50000,390,390,911,1080,930,390,390,911,559,390,0,0,0,521,540,390,0
Male,University,Single,44,50000,49120,50823,49844,20239,20241,19921,2504,1590,701,803,1000,48319,48254,19538,19438,18921,0
Male,University,Single,23,80000,25992,904,68,232,-604,-440,1000,0,1000,0,1000,-96,68,-768,-604,-1440,0
Male,Graduate,Single,29,260000,7168,4495,4032,2104,2650,3472,4497,4035,2111,2653,4054,-2,-3,-7,-3,-582,0
Male,Graduate,Single,31,80000,48783,42692,34593,38808,40942,40854,5000,3000,5000,5000,3000,37692,31593,33808,35942,37854,0
Female,Graduate,Single,29,80000,48164,49388,51760,52650,55477,55020,2000,3305,3000,7767,7007,47388,48455,49650,47710,48013,0
Female,Other,Married,36,200000,2353,2957,738,4152,2866,1414,3011,747,4164,2874,1418,-54,-9,-12,-8,-4,0
Female,University,Single,29,370000,390509,382898,365461,304436,311426,275628,0,0,10019,11000,10000,382898,365461,294417,300426,265628,1
Female,Graduate,Married,43,60000,46806,47758,48669,49559,50608,51426,2000,2000,2000,2000,1806,45758,46669,47559,48608,49620,1
Male,Graduate,Single,29,260000,56536,23827,29423,37900,-3400,-4000,778,29423,10000,0,0,23049,0,27900,-3400,-4000,0
Male,University,Single,35,30000,13461,14179,13654,13979,15525,0,1228,0,553,1825,0,12951,13654,13426,13700,0,1
Male,University,Single,32,120000,60316,61763,63154,64524,66345,68104,3000,3000,3000,3000,3000,58763,60154,61524,63345,65104,1
Female,High School,Single,39,130000,133825,134495,133745,130814,130758,123468,7500,10000,0,4500,4500,126995,123745,130814,126258,118968,0
Female,High School,Married,38,160000,0,0,0,0,0,0,0,0,0,0,0,0,0,0,0,0,0
Female,University,Single,31,230000,5070,4317,1421,10452,5978,62292,4317,1421,10452,700,57229,0,0,0,5278,5063,0
Female,Graduate,Single,26,300000,293554,291421,3760,3359,10670,2969,7877,5016,5008,10032,2977,283544,-1256,-1649,638,-8,0
Female,University,Single,29,180000,4000,6028,6028,3996,9062,3997,6028,6028,3996,9066,3997,0,0,0,-4,0,0
Female,University,Single,24,80000,0,159,0,110,-390,1104,159,0,110,390,1884,0,0,0,-780,-780,1
Female,Other,Married,30,180000,107337,101268,101754,15147,2187,7382,3735,2231,15147,2187,7382,97533,99523,0,0,0,0
Male,University,Single,25,50000,50516,22781,25064,12927,18691,19291,9,1210,1000,6000,1060,22772,23854,11927,12691,18231,1
Male,University,Married,62,10000,2778,1939,2038,1938,0,0,1939,2040,1938,0,0,0,-2,0,0,0,0
Male,University,Single,46,50000,1540,26060,0,2650,3320,2764,26060,0,3472,2320,1764,0,0,-822,1000,1000,0
Female,Graduate,Married,31,90000,8318,6111,33212,8978,1782,23173,39,33500,0,0,25000,6072,-288,8978,1782,-1827,0
Female,High School,Single,29,30000,23136,24205,28318,28755,29442,30003,1744,4857,1200,1300,1200,22461,23461,27555,28142,28803,1
Male,Graduate,Married,38,180000,181302,181271,180439,182958,181287,179734,6747,6573,6506,6581,6801,174524,173866,176452,174706,172933,0
Female,University,Married,38,150000,140133,140414,141314,141000,142358,143358,6601,6501,5201,5501,5282,133813,134813,135799,136857,138076,0
Male,Graduate,Married,63,590000,630458,646770,693131,324522,358774,369685,28000,61115,325000,40000,20000,618770,632016,-478,318774,349685,0
Male,University,Married,39,60000,59929,35338,22856,22122,19531,16594,2110,2000,200,467,500,33228,20856,21922,19064,16094,0
Male,University,Single,27,100000,63004,66964,75856,74062,72756,76355,5000,10000,0,0,5000,61964,65856,74062,72756,71355,1
Female,University,Single,25,20000,7666,6664,6598,6632,6666,6666,6664,6600,6700,6700,6666,0,-2,-68,-34,0,0
Male,Graduate,Single,22,10000,6883,9108,8813,10066,10017,9705,2500,0,1400,1100,0,6608,8813,8666,8917,9705,1
Male,Graduate,Single,26,300000,273138,279307,273333,277270,284915,286837,12000,0,10000,12180,10000,267307,273333,267270,272735,276837,1
Female,University,Single,40,260000,241565,244619,127074,14,124493,128463,13000,6500,0,124479,6000,231619,120574,14,14,122463,0
Female,High School,Married,28,160000,38660,38942,39787,40069,37647,38268,2500,1877,2000,3000,1400,36442,37910,38069,34647,36868,0
Female,Graduate,Single,32,260000,0,0,3210,0,0,2712,0,3210,0,0,2712,0,0,0,0,0,1
Female,Graduate,Single,29,280000,2187,1461,53603,976,20825,1159,1469,53871,981,20929,1164,-8,-268,-5,-104,-5,0
Female,Graduate,Single,35,260000,-15,16596,1935,5365,0,294,16611,1935,5365,0,294,-15,0,0,0,0,0
Male,Graduate,Married,43,240000,3645,9077,4234,7118,8187,8708,9088,4234,7118,8187,8708,-11,0,0,0,0,0
Female,University,Other,49,50000,45681,14657,9677,8826,10177,9865,1209,1300,350,1500,0,13448,8377,8476,8677,9865,0
Female,University,Single,44,260000,0,0,0,0,0,0,0,0,0,0,0,0,0,0,0,0,1
Female,University,Single,24,60000,60270,65005,63309,62369,64603,66584,5706,0,2250,5000,4800,59299,63309,60119,59603,61784,1
Female,University,Married,26,130000,24579,23741,11666,11806,11081,11396,1187,1500,616,500,500,22554,10166,11190,10581,10896,0
Female,Graduate,Single,31,140000,112936,117021,107837,96546,95489,97347,6000,5000,3400,3617,3600,111021,102837,93146,91872,93747,0
Male,High School,Single,39,20000,18243,17557,19880,19471,16211,14365,1677,3000,590,687,524,15880,16880,18881,15524,13841,1
Female,Graduate,Single,35,360000,0,0,0,0,0,1392,0,0,0,0,1392,0,0,0,0,0,0
Male,Graduate,Single,28,220000,127021,132595,102667,108998,117186,121062,28500,5000,9604,10000,6000,104095,97667,99394,107186,115062,0
Male,Graduate,Single,37,500000,4331,60446,30592,154167,13410,25426,60446,30594,150843,163881,25426,0,-2,3324,-150471,0,1
Male,High School,Other,59,50000,50739,50142,18894,18512,16853,18401,1500,1500,1000,1000,2000,48642,17394,17512,15853,16401,0
Female,Graduate,Single,28,210000,262,3771,5474,69536,76188,72678,3771,5474,69536,10000,4000,0,0,0,66188,68678,0
Male,Graduate,Married,41,200000,90930,94502,93559,95060,88930,-23670,5032,2263,1901,1779,0,89470,91296,93159,87151,-23670,0
Male,Graduate,Single,28,370000,87313,90345,37554,7628,1026,1422,5000,6000,2000,1000,1422,85345,31554,5628,26,0,0
Male,University,Single,27,200000,112050,115353,112099,118764,120780,123710,6501,0,10000,4001,5000,108852,112099,108764,116779,118710,0
Male,Graduate,Married,51,260000,-200,-200,-200,6682,1718,1512,0,0,6882,1734,1512,-200,-200,-200,-16,0,0
Female,Graduate,Single,23,50000,15512,2552,13890,2545,15688,3088,2552,13914,2545,16508,3088,0,-24,0,-820,0,0
Female,Graduate,Single,33,260000,18460,20321,22643,20864,25604,28748,3000,3000,2000,5634,3748,17321,19643,18864,19970,25000,0
Female,High School,Single,48,230000,2781,12515,3090,1879,30467,4460,12540,3099,1884,30468,4473,-25,-9,-5,-1,-13,0
Male,University,Single,27,20000,0,0,0,0,0,0,0,0,0,0,0,0,0,0,0,0,1
Male,University,Single,33,500000,3311,4254,2234,5404,2375,10078,4019,2019,5025,2011,10046,235,215,379,364,32,0
Female,University,Married,50,160000,1261,2261,1390,390,390,0,2261,1390,390,390,0,0,0,0,0,0,1
Male,University,Single,25,50000,1552,2452,1878,1482,326,-70,2452,0,0,0,0,0,1878,1482,326,-70,1
Female,University,Married,37,220000,2345,2572,15,947,631,715,1007,16,1578,0,400,1565,-1,-631,631,315,1
Male,High School,Married,64,150000,56852,58031,59202,60304,61650,0,2688,2730,2680,2850,0,55343,56472,57624,58800,0,0
Female,Graduate,Single,35,180000,11123,7883,16477,13207,73813,34935,7936,18207,0,22479,34935,-53,-1730,13207,51334,0,0
Female,University,Married,40,80000,82150,0,0,0,0,0,0,0,0,0,0,0,0,0,0,0,1
Female,High School,Single,27,50000,41991,42736,45821,46767,45886,48701,1720,3805,2000,0,3581,41016,42016,44767,45886,45120,0
Female,University,Single,26,30000,5231,6299,6052,6299,7190,7469,1300,0,500,1000,400,4999,6052,5799,6190,7069,1
Female,University,Single,31,180000,176731,177490,178659,138243,138023,137923,6814,7756,4788,5100,5500,170676,170903,133455,132923,132423,0
Male,High School,Married,64,70000,62188,62848,56718,47191,45959,47635,3000,2200,1700,1700,2441,59848,54518,45491,44259,45194,0
Female,Graduate,Single,33,300000,0,0,0,0,0,0,0,0,0,0,0,0,0,0,0,0,1
Female,Graduate,Married,50,640000,6482,8853,22238,9877,10110,23910,8853,22243,9877,10110,24616,0,-5,0,0,-706,0
Female,Graduate,Single,28,60000,0,0,0,619,39224,34881,0,0,619,39224,1500,0,0,0,0,33381,0
Female,University,Single,24,120000,67714,51385,35160,13425,8517,6174,2102,1021,274,3001,1004,49283,34139,13151,5516,5170,1
Female,Graduate,Single,27,280000,36382,2000,400,0,1398,4626,2000,400,0,1398,4626,0,0,0,0,0,0
Female,Graduate,Single,32,260000,8161,10086,12985,0,560,0,2000,3000,0,560,0,8086,9985,0,0,0,0
Male,University,Other,34,50000,48538,49580,47557,20914,19646,20332,3000,3006,1500,701,1000,46580,44551,19414,18945,19332,0
Male,University,Single,47,70000,64586,62983,64885,68164,66948,71122,0,2950,4965,0,5289,62983,61935,63199,66948,65833,0
Male,Graduate,Single,38,50000,390,770,580,1380,0,390,770,590,1400,0,390,0,-10,-20,0,0,1
Male,Graduate,Married,40,470000,241153,204223,151253,138087,109094,106004,10000,5214,4500,5000,4200,194223,146039,133587,104094,101804,1
Female,Graduate,Married,41,320000,56093,0,0,0,12974,0,0,0,0,12974,0,0,0,0,0,0,0
Female,High School,Single,23,50000,49385,49527,29550,29894,30125,30192,1500,1467,1201,1236,1103,48027,28083,28693,28889,29089,0
Female,High School,Married,32,230000,0,0,0,0,0,0,0,0,0,0,0,0,0,0,0,0,0
Female,University,Single,29,140000,43030,44335,45351,46317,55506,56609,2000,1755,1721,10000,2028,42335,43596,44596,45506,54581,0
Male,University,Single,25,50000,6302,7993,8506,8716,8926,9128,1800,800,500,500,500,6193,7706,8216,8426,8628,1
Female,Graduate,Single,45,450000,0,0,0,0,4595,198,0,0,0,4595,198,0,0,0,0,0,0
Male,University,Married,49,500000,371,3523,483,12988,92539,94292,3540,485,13052,92539,3160,-17,-2,-64,0,91132,0
Male,University,Single,37,20000,15960,0,-1953,5985,6893,8273,0,18047,7985,1000,2000,0,-20000,-2000,5893,6273,0
Male,Graduate,Married,38,230000,1902,2161,1144,1346,1024,-4,2170,1149,1352,1029,0,-9,-5,-6,-5,-4,0
Male,University,Single,24,50000,53890,54084,52026,51899,50836,47828,2200,0,1800,105,2300,51884,52026,50099,50731,45528,0
Male,University,Married,31,300000,12793,14185,12970,14786,12794,14180,14212,12985,14816,12808,14201,-27,-15,-30,-14,-21,0
Female,High School,Married,36,100000,92675,92857,80748,80708,75366,76590,3445,709,6077,2805,2906,89412,80039,74631,72561,73684,0
Male,University,Single,27,30000,29063,28601,28503,27525,27630,0,1908,1200,2,835,0,26693,27303,27523,26795,0,0
Male,University,Married,44,400000,6389,59407,26616,15333,9995,4175,59570,1105,10021,51,4735,-163,25511,5312,9944,-560,0
Male,Graduate,Single,30,170000,998,998,0,499,724,390,0,0,499,724,390,998,0,0,0,0,0
Female,High School,Single,57,340000,49467,50551,53490,104477,54351,25346,1880,3819,2073,5264,2571,48671,49671,102404,49087,22775,0
Female,University,Married,35,210000,44552,45831,46870,48089,49311,50296,2000,1800,2000,2000,1803,43831,45070,46089,47311,48493,0
Female,University,Married,38,80000,1894,316,316,514,316,1605,316,316,514,316,1605,0,0,0,0,0,1
Female,Graduate,Single,24,20000,7795,4110,10269,5880,3330,4339,4112,10269,118,67,2000,-2,0,5762,3263,2339,0
Female,Graduate,Married,51,300000,311,830,225,0,0,0,832,225,0,0,0,-2,0,0,0,0,0
Male,High School,Single,43,20000,6085,6607,2800,11052,10522,9150,1045,1028,11052,311,183,5562,1772,0,10211,8967,1
Male,Graduate,Married,40,50000,50657,50529,49162,19969,19893,20282,2015,2190,809,3012,5795,48514,46972,19160,16881,14487,0
Female,Graduate,Single,27,60000,3136,1286,1047,-239,1475,1289,1286,1047,0,3000,0,0,0,-239,-1525,1289,0
Female,University,Single,50,60000,59853,24975,26000,26545,30966,30330,1500,1450,965,4864,0,23475,24550,25580,26102,30330,0
Male,High School,Married,51,50000,48091,47028,46672,28478,29074,29671,1,2213,1019,1055,1080,47027,44459,27459,28019,28591,1
Female,University,Single,26,120000,52623,51208,57538,56019,60135,61298,0,7200,0,5200,2300,51208,50338,56019,54935,58998,0
Male,High School,Single,59,20000,5119,5546,6302,7193,8075,8938,1500,1000,1000,1000,1000,4046,5302,6193,7075,7938,0
Female,University,Married,40,240000,326,326,326,326,326,326,326,326,326,326,326,0,0,0,0,0,0
Female,Graduate,Single,36,420000,0,3363,13581,1024,7853,5562,3363,13591,1026,7853,5562,0,-10,-2,0,0,0
Female,Graduate,Single,28,180000,0,0,0,0,0,0,0,0,0,0,0,0,0,0,0,0,0
Female,High School,Single,28,410000,407490,415276,384242,343283,320407,328827,16195,15282,15164,12005,15000,399081,368960,328119,308402,313827,0
Male,Graduate,Single,41,30000,16098,17130,18621,19017,18571,19264,1597,2088,1000,0,1001,15533,16533,18017,18571,18263,1
Male,University,Single,25,110000,38449,38433,37038,38336,12907,13541,3000,1800,2000,600,1000,35433,35238,36336,12307,12541,0
Male,Graduate,Single,33,90000,498,498,498,498,3482,2793,498,498,498,3482,0,0,0,0,0,2793,0
Male,Graduate,Married,41,220000,30262,37068,14271,9884,4090,6108,37092,10071,9884,4090,6108,-24,4200,0,0,0,0
Female,High School,Married,57,50000,47349,46353,38081,16970,17695,18401,1892,2600,2000,1000,1000,44461,35481,14970,16695,17401,1
Female,High School,Single,22,30000,20741,21906,23183,13273,3027,3177,1500,1700,750,200,200,20406,21483,12523,2827,2977,0
Male,Graduate,Married,55,520000,2292,5139,8290,35024,10881,7208,5227,8309,35026,10883,7310,-88,-19,-2,-2,-102,0
Female,High School,Married,39,80000,48401,49326,50207,51081,52118,51129,2000,2000,2000,2001,0,47326,48207,49081,50117,51129,0
Male,High School,Single,58,20000,12066,0,0,0,0,0,0,0,0,0,0,0,0,0,0,0,0
Female,Graduate,Single,29,210000,27371,871,871,2042,1021,1666,871,871,2042,0,1666,0,0,0,1021,0,0
Female,University,Single,28,100000,101557,101518,97664,70995,70183,71068,5000,4000,2700,2500,2800,96518,93664,68295,67683,68268,0
Female,Graduate,Married,33,320000,0,0,0,1248,1479,0,0,0,1248,1479,0,0,0,0,0,0,0
Female,University,Married,44,500000,38034,39044,38458,39222,40043,40854,1632,1639,1403,1452,1475,37412,36819,37819,38591,39379,0
Female,High School,Married,41,20000,16208,16942,18255,18468,19715,19250,1300,1600,813,1700,0,15642,16655,17655,18015,19250,0
Male,University,Married,59,10000,6827,7849,8704,8877,9063,9318,1290,1145,318,329,406,6559,7559,8559,8734,8912,0
Male,High School,Married,43,310000,4323,650,10453,10115,600,1788,650,10453,202,1098,1788,0,0,9913,-498,0,0
Female,Graduate,Single,37,200000,11211,12329,11846,25920,8035,8521,12329,11846,25924,161,8521,0,0,-4,7874,0,0
Male,High School,Single,29,180000,4358,3160,2611,8710,5127,8758,3169,2618,8736,5142,8766,-9,-7,-26,-15,-8,0
Male,University,Married,32,50000,37293,35441,26265,19526,13250,11250,1634,1420,391,300,500,33807,24845,19135,12950,10750,0
Female,University,Single,41,150000,2371,40800,1995,285,4926,5523,40824,2340,0,4970,5527,-24,-345,285,-44,-4,0
Female,Graduate,Married,45,500000,93669,101892,76452,20965,50466,61566,10147,5331,10000,30000,12000,91745,71121,10965,20466,49566,0
Male,University,Single,31,230000,14529,16597,18968,21435,27151,26815,5500,3000,4000,8000,4000,11097,15968,17435,19151,22815,1
Male,University,Single,38,20000,19845,18245,17658,16576,13529,10387,1694,1368,547,504,347,16551,16290,16029,13025,10040,0
Female,University,Single,28,190000,43072,43537,41016,40702,40676,27560,3768,3500,2500,4000,3000,39769,37516,38202,36676,24560,0
Female,University,Single,24,20000,19043,20210,18091,19431,19478,17492,1500,1408,5000,1000,2000,18710,16683,14431,18478,15492,0
Male,High School,Married,51,170000,55396,56493,55594,50417,45347,46247,8000,6000,1709,1645,1653,48493,49594,48708,43702,44594,0
Female,University,Single,43,210000,180962,181870,159975,138349,112371,111979,6601,5085,4087,4220,27704,175269,154890,134262,108151,84275,0
Male,University,Married,44,100000,59586,60842,61749,65130,63816,65011,2800,2500,5000,0,2400,58042,59249,60130,63816,62611,1
Female,University,Married,42,260000,50060,54213,49512,18657,33296,32622,5000,2655,800,15000,0,49213,46857,17857,18296,32622,0
Female,University,Single,25,200000,22371,24569,28630,29962,30733,39192,2569,4500,1800,2000,9000,22000,24130,28162,28733,30192,0
Male,University,Other,40,90000,106947,71111,25286,8773,3786,390,1965,5064,5007,3788,390,69146,20222,3766,-2,0,1
Female,Graduate,Married,35,470000,270005,262579,248080,232961,217802,202092,9500,9000,8086,14700,7000,253079,239080,224875,203102,195092,0
Female,Graduate,Single,27,270000,153201,136157,115733,93359,55264,11292,5933,9851,4214,4300,0,130224,105882,89145,50964,11292,0
Male,Graduate,Married,49,100000,63977,64854,69258,67546,71938,73605,2500,6100,0,5500,3000,62354,63158,67546,66438,70605,1
Female,Graduate,Single,40,200000,-433,-433,-433,8567,17363,0,0,0,9000,17363,0,-433,-433,-433,0,0,0
Female,University,Married,43,70000,38173,38750,39493,39879,40314,40725,1957,1700,1408,1448,1456,36793,37793,38471,38866,39269,0
Female,Graduate,Married,40,200000,16204,7870,18041,4288,2270,467,7870,18090,4288,2270,467,0,-49,0,0,0,0
Female,University,Married,31,50000,52754,50393,25953,27350,19931,16845,3000,5000,3000,3002,3007,47393,20953,24350,16929,13838,0
Female,University,Married,24,90000,28329,28980,29564,29710,29700,0,1800,1774,920,1102,4014,27180,27790,28790,28598,-4014,0
Female,University,Married,30,50000,48139,49364,50558,23921,24423,25059,2299,2493,856,887,1043,47065,48065,23065,23536,24016,0
Female,Graduate,Married,37,240000,317,0,0,0,0,0,0,0,0,0,0,0,0,0,0,0,0
Male,Graduate,Single,35,140000,325,537,4233,857,325,325,537,4233,857,325,325,0,0,0,0,0,0
Male,Graduate,Married,52,120000,112593,112623,115258,119620,118928,121619,3300,6000,7800,1500,4800,109323,109258,111820,117428,116819,0
Male,University,Married,61,460000,0,8602,0,880,1018,99,8602,0,880,1018,99,0,0,0,0,0,0
Female,University,Married,25,170000,1906,3970,3406,1703,495,6616,4000,2703,0,495,6616,-30,703,1703,0,0,0
Female,Graduate,Married,39,500000,39823,61597,52210,27843,28926,11931,30006,23016,566,22323,11931,31591,29194,27277,6603,0,0
Male,University,Married,51,50000,31281,30832,20497,19465,18474,20096,2556,1582,811,700,2318,28276,18915,18654,17774,17778,0
Female,Graduate,Single,26,210000,-12,488,488,488,-260,-506,500,0,0,0,0,-12,488,488,-260,-506,0
Male,Graduate,Single,24,50000,42509,43565,44530,40206,46538,47311,2041,2006,1632,7177,1701,41524,42524,38574,39361,45610,0
Female,University,Married,42,200000,326,645,586,600,485,0,645,586,600,485,0,0,0,0,0,0,0
Female,Graduate,Single,26,20000,11030,5331,20985,6932,37345,28798,5331,20985,6932,37845,2000,0,0,0,-500,26798,0
Female,University,Married,53,80000,9715,9415,11254,10777,12096,13895,0,2000,0,1500,2000,9415,9254,10777,10596,11895,0
Male,University,Married,32,430000,0,2500,0,0,0,0,2500,0,0,0,0,0,0,0,0,0,1
Female,Graduate,Single,44,350000,314607,322032,327193,333278,340791,348006,14000,12000,13000,13000,13000,308032,315193,320278,327791,335006,1
Female,University,Married,34,50000,2738,8192,3595,900,6483,0,8199,3622,900,6483,0,-7,-27,0,0,0,0
Female,High School,Married,55,210000,217016,204418,204377,146575,144521,147938,8049,9000,6000,5500,5816,196369,195377,140575,139021,142122,1
Male,University,Single,51,20000,780,0,-1500,780,0,0,0,0,2280,0,0,0,-1500,-1500,0,0,0
Female,University,Single,29,160000,36134,21827,421,421,2876,1949,21000,421,421,2876,1949,827,0,0,0,0,1
Female,High School,Married,46,50000,25706,25040,25376,23845,21691,20426,1434,2456,784,0,778,23606,22920,23061,21691,19648,1
Female,Graduate,Single,24,50000,49982,49650,48321,30281,30380,28852,1963,1739,1033,1058,1041,47687,46582,29248,29322,27811,0
Male,High School,Single,31,30000,30588,26860,21165,21281,22938,22422,0,1646,762,2000,0,26860,19519,20519,20938,22422,1
Male,Graduate,Single,29,100000,48186,48924,47837,51361,50417,51400,1800,0,4321,0,2400,47124,47837,47040,50417,49000,1
Male,University,Single,28,360000,35564,25173,10633,7217,7364,-7,2086,3017,144,147,0,23087,7616,7073,7217,-7,0
Female,University,Married,34,310000,4153,2199,5565,4050,4922,15362,1002,5565,4050,4922,15362,1197,0,0,0,0,0
Female,University,Other,30,50000,40087,38281,34519,33965,33273,31960,0,1466,1282,1293,1257,38281,33053,32683,31980,30703,0
Female,University,Married,37,120000,12006,13024,14795,14313,14762,14902,1171,1942,0,626,478,11853,12853,14313,14136,14424,0
Female,University,Single,29,30000,16493,15545,16557,16857,18121,18375,0,1275,575,1539,700,15545,15282,16282,16582,17675,1
Female,University,Single,30,200000,193300,191254,176720,164729,162097,154016,6860,5870,5009,5543,6037,184394,170850,159720,156554,147979,0
Male,High School,Single,37,20000,19716,20518,16551,1700,0,0,1547,1350,1700,0,0,18971,15201,0,0,0,0
Female,University,Single,23,50000,47020,48383,47231,20508,20584,19625,2139,2500,6,2000,2000,46244,44731,20502,18584,17625,1
Female,Graduate,Single,25,70000,8272,10128,11106,11443,10323,11150,2000,1163,500,376,1000,8128,9943,10943,9947,10150,0
Female,Graduate,Single,32,290000,0,0,3786,3786,2881,2430,0,3786,0,2881,2430,0,0,3786,0,0,0
Female,Graduate,Single,30,90000,750,750,750,750,2450,2150,0,0,0,2000,0,750,750,750,450,2150,0
Male,University,Married,37,150000,106628,100750,86686,78497,67612,55050,7400,0,4800,1800,0,93350,86686,73697,65812,55050,1
Male,University,Single,38,90000,112212,109495,48950,20253,18810,19496,5170,21287,1353,1000,1000,104325,27663,18900,17810,18496,0
Male,Graduate,Married,40,80000,28054,31201,31594,30787,34513,34995,3600,1200,0,4246,1200,27601,30394,30787,30267,33795,1
Male,Graduate,Single,32,100000,95794,97390,94110,92823,68136,53170,4000,0,2000,2000,3000,93390,94110,90823,66136,50170,0
Female,University,Married,41,200000,-780,-783,909,2004,2008,0,0,1692,2004,4,54,-783,-783,0,2004,-54,0
Female,University,Single,31,140000,124716,127047,128479,129869,132540,135201,5800,5000,5000,4900,5000,121247,123479,124869,127640,130201,1
Female,University,Single,45,110000,836,9376,85924,33342,33193,32993,9376,85924,1167,1197,1180,0,0,32175,31996,31813,0
Female,High School,Other,43,50000,31199,36067,24727,30182,27043,25995,12009,2111,11000,1000,6000,24058,22616,19182,26043,19995,0
Female,University,Married,42,60000,61759,60399,38994,40338,40142,39904,2600,2000,2000,1614,1590,57799,36994,38338,38528,38314,0
Male,Graduate,Married,40,130000,25375,26128,25327,25775,0,0,1500,1852,1300,0,0,24628,23475,24475,0,0,0
Female,University,Married,43,320000,181048,186444,188596,192145,195813,198648,8500,7000,6800,7000,6965,177944,181596,185345,188813,191683,0
Female,High School,Married,42,120000,2207,263,4531,1211,4015,2042,263,4531,0,4015,0,0,0,1211,0,2042,0
Female,University,Single,35,450000,347994,311267,365723,370496,374405,373155,0,90000,14011,14029,14052,311267,275723,356485,360376,359103,0
Female,University,Married,36,200000,136286,183615,184792,195062,195156,192436,50000,7000,15000,7500,7500,133615,177792,180062,187656,184936,1
Male,Graduate,Single,31,20000,16170,15646,14020,13345,0,0,0,5,1925,0,0,15646,14015,11420,0,0,1
Female,University,Married,29,410000,6764,6500,6764,1743,149153,145597,6500,6764,3542,161064,5072,0,0,-1799,-11911,140525,0
Female,Graduate,Married,40,210000,206803,207471,152365,146625,146163,146180,7876,5400,6000,6000,6000,199595,146965,140625,140163,140180,0
Female,Graduate,Married,36,210000,0,0,0,0,0,0,0,0,0,0,0,0,0,0,0,0,1
Male,High School,Married,38,130000,0,0,0,0,0,0,0,0,0,0,0,0,0,0,0,0,0
Female,Graduate,Single,27,170000,6504,1046,0,0,910,382,1046,0,0,910,0,0,0,0,0,382,1
Female,University,Married,55,190000,104344,106814,104047,88269,90264,88823,6003,5009,5750,3500,3500,100811,99038,82519,86764,85323,0
Female,Graduate,Single,28,230000,95956,87294,85336,81640,82462,80964,4231,4061,2846,2800,2909,83063,81275,78794,79662,78055,1
Female,University,Single,29,120000,114538,117171,115941,116877,117359,117029,6000,5500,4160,4120,4250,111171,110441,112717,113239,112779,0
Female,University,Single,23,50000,17313,20019,19399,19785,20465,20877,3000,0,709,1000,750,17019,19399,19076,19465,20127,1
Female,University,Single,41,220000,32016,29052,23115,20354,7438,4887,2004,2009,5004,1000,1000,27048,21106,15350,6438,3887,1
Female,Graduate,Single,32,320000,313383,313136,317847,313990,312070,319672,12937,13036,10072,9600,11056,300199,304811,303918,302470,308616,0
Female,University,Married,27,160000,75652,44675,-183,-218,-218,-218,1020,0,0,0,0,43655,-183,-218,-218,-218,1
Female,University,Single,23,20000,4561,6474,8353,13192,14871,11536,2000,2000,5000,2000,1000,4474,6353,8192,12871,10536,0
Female,Graduate,Single,34,460000,-258,-258,-258,1209,703,990,0,0,1467,703,990,-258,-258,-258,0,0,0
Male,Graduate,Married,38,490000,380,380,380,15240,19656,24006,380,380,15240,5000,5000,0,0,0,14656,19006,0
Female,University,Married,47,130000,85317,86865,88760,35671,36977,38931,3813,4013,1274,1878,3116,83052,84747,34397,35099,35815,0
Male,University,Single,41,170000,162500,122372,66038,67934,69834,71668,4781,3000,3000,3000,3000,117591,63038,64934,66834,68668,0
Female,University,Single,24,150000,108924,109705,108748,108116,108951,109901,4000,5500,4000,4100,4300,105705,103248,104116,104851,105601,0
Female,Graduate,Single,33,180000,1246,1845,471,471,248,335,1845,471,471,248,335,0,0,0,0,0,0
Male,High School,Single,35,50000,41646,43257,31473,1473,1473,3873,4000,5300,1473,1473,3873,39257,26173,0,0,0,0
Female,Other,Married,44,240000,47315,34623,34347,36082,32957,18797,3000,3500,9700,4000,6300,31623,30847,26382,28957,12497,0
Female,Graduate,Single,37,390000,20666,20666,10000,20666,10000,10000,20666,10000,20666,10000,10000,0,0,0,0,0,0
Male,High School,Single,47,50000,48593,48653,15433,15037,10527,10736,1278,1469,463,381,383,47375,13964,14574,10146,10353,0
Male,Graduate,Married,43,310000,0,0,0,0,0,0,0,0,0,0,0,0,0,0,0,0,0
Female,Graduate,Single,28,100000,290,930,977,0,0,0,1534,977,0,0,0,-604,0,0,0,0,0
Female,Graduate,Single,36,260000,2992,0,0,0,0,150,0,0,0,0,150,0,0,0,0,0,0
Female,University,Single,28,30000,28347,29880,29588,30687,25637,26468,2000,2000,2200,0,1800,27880,27588,28487,25637,24668,0
Male,University,Single,27,310000,68928,43431,61756,88416,59964,44873,43894,61816,39022,10041,15080,-463,-60,49394,49923,29793,0
Male,Graduate,Single,40,270000,193444,202284,199443,147121,162262,107338,15000,7000,10000,25000,15000,187284,192443,137121,137262,92338,0
Female,Graduate,Married,30,250000,1923,-574,2533,1607,56694,58091,900,4500,0,57000,5000,-1474,-1967,1607,-306,53091,1
Female,University,Married,31,130000,32215,33690,34859,34051,32827,16702,2000,2000,2000,1000,2000,31690,32859,32051,31827,14702,0
Male,Graduate,Married,35,220000,21960,21860,25463,28036,34552,43827,2000,4000,3000,7000,11000,19860,21463,25036,27552,32827,0
Female,University,Single,48,60000,86550,82592,77423,70653,22552,23708,3000,3000,3000,5000,3000,79592,74423,67653,17552,20708,0
Male,Graduate,Single,29,120000,119324,119255,120584,70990,0,0,5025,4023,3300,0,0,114230,116561,67690,0,0,0
Female,University,Married,35,30000,11359,27657,26745,27345,25300,0,27657,0,1000,0,0,0,26745,26345,25300,0,0
Female,Graduate,Single,30,130000,124651,128263,129669,131057,128857,131469,7100,5000,5000,0,4928,121163,124669,126057,128857,126541,1
Female,University,Married,35,100000,29048,0,4069,37069,20233,22227,0,4069,33000,20000,22227,0,0,4069,233,0,0
Female,Graduate,Single,26,200000,1290,599,0,253,0,0,599,0,253,0,0,0,0,0,0,0,0
Female,University,Married,47,260000,164137,167734,171932,175152,180719,183138,10000,10000,9000,10000,7000,157734,161932,166152,170719,176138,0
Male,Graduate,Married,45,390000,185204,180455,131386,131879,115183,75131,0,6000,3500,5000,4500,180455,125386,128379,110183,70631,1
Female,Graduate,Single,42,340000,308023,327245,206832,1682,1352,1520,27245,9184,1682,1352,1520,300000,197648,0,0,0,0
Female,University,Single,24,140000,137037,127771,124714,73593,73344,78629,5053,3615,2573,2858,8000,122718,121099,71020,70486,70629,1
Female,University,Single,39,220000,142186,141068,140391,140549,140303,140737,7000,7000,5006,6000,6312,134068,133391,135543,134303,134425,0
Male,University,Married,31,20000,1572,1386,999,2640,1000,0,1386,1003,2640,1000,0,0,-4,0,0,0,0
Male,University,Single,40,500000,33179,97882,48017,49403,40018,54109,99159,48276,49450,201,54379,-1277,-259,-47,39817,-270,0
Female,University,Married,33,210000,8770,10972,22610,10161,5933,4164,6000,15042,5000,0,4164,4972,7568,5161,5933,0,1
Female,University,Single,39,340000,308286,315601,318616,243586,248766,254056,13775,10631,8900,9200,9525,301826,307985,234686,239566,244531,0
Male,University,Married,44,130000,16357,17287,19992,22329,23964,23428,1500,3000,3000,2000,0,15787,16992,19329,21964,23428,1
Female,University,Single,34,200000,189279,195200,60278,58972,55731,99900,10000,5023,5000,5000,50000,185200,55255,53972,50731,49900,0
Male,Graduate,Married,35,150000,160292,153981,129725,103050,54447,46943,6100,5100,4200,1900,1600,147881,124625,98850,52547,45343,1
Female,High School,Single,22,50000,36926,52845,52148,32718,32096,30563,20007,3014,1309,5009,2008,32838,49134,31409,27087,28555,0
Female,Graduate,Single,25,60000,38050,39147,38223,43261,42009,41036,2000,0,6000,0,0,37147,38223,37261,42009,41036,1
Male,Graduate,Single,27,60000,1386,5273,1586,5781,1188,1061,5273,30000,11776,0,1061,0,-28414,-5995,1188,0,0
Female,High School,Married,29,150000,118025,120493,123087,124843,127431,130008,4278,4500,3700,3716,3768,116215,118587,121143,123715,126240,0
Male,Graduate,Married,38,180000,47276,49256,50186,51102,52178,53213,3000,2000,2000,2000,2000,46256,48186,49102,50178,51213,1
Male,University,Single,22,50000,55100,52440,47080,15718,13674,15145,2372,2149,1203,2000,1716,50068,44931,14515,11674,13429,0
Female,High School,Married,48,10000,7863,8504,8162,6978,2278,0,1172,1000,186,0,0,7332,7162,6792,2278,0,0
Female,University,Single,24,100000,94056,96272,97464,80034,80533,77479,3730,3033,2676,2796,2806,92542,94431,77358,77737,74673,0
Female,University,Single,21,30000,0,780,3260,4311,1551,0,780,3260,4311,1551,0,0,0,0,0,0,0
Male,High School,Married,51,50000,48550,46267,46716,29744,30060,29449,2000,1400,984,1013,1006,44267,45316,28760,29047,28443,0
Male,University,Married,39,30000,19643,20721,21867,24291,23766,23696,1700,1800,3100,0,565,19021,20067,21191,23766,23131,1
Female,University,Single,30,100000,96638,98491,99983,100555,103300,101471,4300,4000,3100,4500,0,94191,95983,97455,98800,101471,1
Male,University,Single,35,100000,24524,27313,26580,26840,28810,28966,3500,0,1000,2400,780,23813,26580,25840,26410,28186,0
Male,University,Married,37,290000,199911,204462,208769,213085,211829,96532,8001,8001,8037,10074,5010,196461,200768,205048,201755,91522,0
Female,University,Married,42,140000,3726,2826,1646,4650,5764,7116,2846,1646,4500,3000,3000,-20,0,150,2764,4116,0
Female,Graduate,Married,39,240000,0,0,0,0,0,0,0,0,0,0,0,0,0,0,0,0,0
Male,Graduate,Single,27,380000,2501,1138,966,1258,1121,1362,0,966,1500,1121,1362,1138,0,-242,0,0,0
Female,High School,Married,54,230000,1227,784,1854,396,1950,1099,784,1854,396,1950,1099,0,0,0,0,0,0
Female,Graduate,Single,24,40000,28140,32343,39717,37263,35224,34111,5000,8017,7000,4000,5000,27343,31700,30263,31224,29111,1
Female,Graduate,Married,34,210000,74261,75602,76062,76287,76971,77737,3500,3300,3000,3000,3000,72102,72762,73287,73971,74737,0
Female,University,Married,37,150000,144744,147891,116541,114511,0,0,4610,2336,2290,0,0,143281,114205,112221,0,0,0
Female,High School,Married,27,70000,27241,30416,29628,32350,33218,32532,3628,0,3218,1532,0,26788,29628,29132,31686,32532,1
Female,University,Single,24,80000,9591,1726,0,0,0,0,1000,0,0,0,0,726,0,0,0,0,0
Male,University,Single,30,50000,49259,47114,83908,18801,16494,19191,2500,3320,2000,1000,3000,44614,80588,16801,15494,16191,0
Female,University,Single,27,300000,0,0,0,0,0,0,0,0,0,0,0,0,0,0,0,0,0
Female,University,Single,30,180000,63182,64274,55112,56394,57577,58564,2166,2002,2200,2242,2100,62108,53110,54194,55335,56464,0
Female,Graduate,Single,35,150000,9164,14011,7715,8295,7301,4388,14021,7723,8295,7301,4388,-10,-8,0,0,0,0
Male,Graduate,Single,24,60000,20873,22228,22691,22816,26587,22917,2000,1246,720,4780,1700,20228,21445,22096,21807,21217,0
Female,University,Single,37,100000,177961,108173,15697,11353,9306,9693,3082,2022,1000,1000,500,105091,13675,10353,8306,9193,1
Female,University,Married,26,90000,89947,91929,88433,88010,87814,87831,5000,4300,3500,3500,3700,86929,84133,84510,84314,84131,0
Male,University,Married,43,20000,14102,14870,16116,16436,16781,17112,1300,1500,588,610,611,13570,14616,15848,16171,16501,0
Female,Graduate,Single,32,320000,-1,-1,-1,-1,0,-400,0,0,0,1,400,-1,-1,-1,-1,-800,1
Female,High School,Married,68,90000,2000,1000,1000,1000,1052,69237,0,1000,1000,1052,71062,1000,0,0,0,-1825,0
Male,University,Single,36,500000,226,8546,121867,116089,114293,118081,9125,126768,3468,4050,15099,-579,-4901,112621,110243,102982,0
Male,Graduate,Married,37,210000,3094,565,1188,2667,546,578,565,1188,2667,546,578,0,0,0,0,0,0
Male,University,Single,29,30000,28603,28785,0,0,0,0,1000,0,0,0,0,27785,0,0,0,0,1
Male,University,Married,51,20000,10400,0,0,0,0,0,0,0,0,0,0,0,0,0,0,0,1
Female,Graduate,Single,23,50000,0,0,0,0,0,0,0,0,0,0,0,0,0,0,0,0,0
Female,High School,Married,39,360000,4964,177,2011,1116,0,0,177,2011,1116,0,0,0,0,0,0,0,0
Female,High School,Married,28,80000,36847,38847,35017,36175,0,0,2000,2000,2000,0,0,36847,33017,34175,0,0,0
Male,Graduate,Married,47,150000,4003,2877,3190,389,389,389,2891,3205,390,390,390,-14,-15,-1,-1,-1,0
Male,University,Married,36,20000,25274,25026,23073,22857,21143,21482,1700,0,1653,0,1940,23326,23073,21204,21143,19542,0
Female,High School,Married,55,150000,1194,2095,2154,2900,2512,3514,2101,2160,3046,2519,3625,-6,-6,-146,-7,-111,0
Male,High School,Married,29,340000,332123,327362,324322,316472,317349,314212,14000,12000,12000,12000,12000,313362,312322,304472,305349,302212,0
Male,University,Married,61,500000,0,0,0,0,0,0,0,0,0,0,0,0,0,0,0,0,1
Female,High School,Married,33,100000,32526,37106,36260,36995,39355,39982,5396,0,1285,2916,1368,31710,36260,35710,36439,38614,0
Male,University,Married,62,160000,0,0,0,0,0,0,0,0,0,0,0,0,0,0,0,0,0
Female,Graduate,Married,42,300000,400,0,14583,2506,2996,370,0,14583,2513,2996,370,0,0,-7,0,0,0
Male,Graduate,Single,34,240000,18825,12675,2880,13267,10036,24731,12880,0,13267,2000,15000,-205,2880,0,8036,9731,0
Female,University,Married,30,60000,60558,59361,60167,58078,59198,60677,3500,3000,1000,2000,2000,55861,57167,57078,57198,58677,1
Female,University,Single,21,20000,13717,9058,0,0,0,0,1005,0,0,0,0,8053,0,0,0,0,0
Female,University,Married,25,80000,1374,2373,2182,2232,3053,2271,1170,0,220,1000,282,1203,2182,2012,2053,1989,0
Male,University,Married,47,20000,390,780,0,0,0,0,780,0,0,0,0,0,0,0,0,0,0
Female,Graduate,Married,35,240000,5770,10412,4578,5928,5619,13227,10420,1150,5928,3619,13227,-8,3428,0,2000,0,0
Male,University,Single,25,20000,19242,20339,19707,20899,20450,20197,1700,0,1800,0,1000,18639,19707,19099,20450,19197,0
Male,University,Married,33,290000,190547,173438,154966,131245,130861,120312,7158,5816,5000,5000,5000,166280,149150,126245,125861,115312,0
Female,Graduate,Single,33,120000,53087,54805,55308,56407,57753,60130,2572,2009,2020,2256,3500,52233,53299,54387,55497,56630,0
Female,University,Single,33,100000,61089,81262,59110,70052,84659,57648,30010,10047,20000,17000,5000,51252,49063,50052,67659,52648,0
Male,University,Married,42,20000,18317,18455,19399,19962,14938,3039,1500,1400,1009,307,1200,16955,17999,18953,14631,1839,0
Female,University,Married,49,60000,17013,18440,18841,18241,18946,20634,2000,1000,0,1000,2000,16440,17841,18241,17946,18634,1
Female,University,Single,26,150000,10693,13188,19902,23068,26184,25615,3000,7000,3500,3500,0,10188,12902,19568,22684,25615,1
Male,Graduate,Married,57,500000,4560,600,0,51697,37511,1685,600,0,51697,37511,1685,0,0,0,0,0,0
Female,University,Single,24,120000,34670,35606,27065,25948,11884,3107,2033,1200,0,0,3107,33573,25865,25948,11884,0,1
Female,University,Married,35,80000,7961,15290,1806,-1203,14107,8575,20004,1806,0,20000,0,-4714,0,-1203,-5893,8575,0
Female,High School,Married,39,100000,39667,40704,41718,41536,42243,42929,1649,1663,1471,1360,1212,39055,40055,40065,40883,41717,0
Male,Graduate,Married,53,20000,13605,14629,15640,15950,16130,17011,1249,1260,570,436,1150,13380,14380,15380,15694,15861,0
Female,University,Married,33,200000,23762,25944,26988,25237,22131,13774,4000,2000,600,3000,4000,21944,24988,24637,19131,9774,0
Male,Graduate,Married,39,80000,61708,65080,68835,41462,36589,39985,5000,5169,21,3000,4000,60080,63666,41441,33589,35985,0
Male,Graduate,Single,33,80000,75985,79918,70203,67934,75781,73848,12036,10010,3000,9400,0,67882,60193,64934,66381,73848,0
Male,Graduate,Single,26,150000,29712,28045,31732,26989,33624,29786,3200,6300,0,10000,2000,24845,25432,26989,23624,27786,0
Male,University,Married,50,50000,47721,48993,50280,18762,18290,19165,2037,2324,1000,1000,1165,46956,47956,17762,17290,18000,0
Female,Graduate,Single,28,370000,577,27895,-4247,4347,5562,0,63895,0,8694,5562,0,-36000,-4247,-4347,0,0,0
Female,University,Single,25,130000,107594,109896,112064,130239,127980,130305,4023,4030,20000,0,4500,105873,108034,110239,127980,125805,1
Female,Graduate,Married,41,450000,2663,3146,3246,1623,1623,1694,2146,1623,0,1623,1694,1000,1623,1623,0,0,0
Female,University,Married,44,200000,500,500,61807,7849,14978,46333,0,61807,7849,10000,35000,500,0,0,4978,11333,0
Male,Graduate,Single,30,130000,90864,104418,100455,38632,35826,36730,16000,0,1500,1395,1500,88418,100455,37132,34431,35230,0
Female,Other,Single,23,230000,55197,53593,53470,137734,135386,14718,2712,1551,95022,3015,3003,50881,51919,42712,132371,11715,0
Female,Graduate,Single,29,90000,9124,10220,12044,27847,8251,26501,10000,10016,25000,8000,26000,220,2028,2847,251,501,0
Male,High School,Married,53,30000,263,14833,5242,19705,10417,9736,14849,5250,19711,10417,9979,-16,-8,-6,0,-243,0
Male,University,Married,43,180000,4425,5546,6363,7363,3723,2645,1200,1000,1000,1000,500,4346,5363,6363,2723,2145,1
Male,Graduate,Single,32,140000,9556,6434,5413,5841,5215,8671,3000,0,5000,0,8671,3434,5413,841,5215,0,0
Male,Graduate,Married,52,380000,0,0,0,0,0,0,0,0,0,0,0,0,0,0,0,0,0
Female,University,Married,56,30000,26008,27091,27648,29297,28544,29125,1800,1300,2400,0,1200,25291,26348,26897,28544,27925,1
Female,High School,Married,46,80000,77490,80204,79650,81338,81438,80959,5000,4000,4003,13000,3515,75204,75650,77335,68438,77444,1
Female,High School,Married,47,60000,59098,23100,17708,10148,9284,2241,1392,1000,203,186,347,21708,16708,9945,9098,1894,1
Female,Graduate,Single,32,290000,0,5743,8809,0,7241,10289,5743,5000,0,7241,5000,0,3809,0,0,5289,0
Female,University,Married,26,160000,1319,3934,399,690,590,0,3941,399,690,590,0,-7,0,0,0,0,1
Male,Graduate,Single,28,20000,7032,14244,14065,16161,11106,12500,12500,3000,4000,2000,2000,1744,11065,12161,9106,10500,0
Female,High School,Married,65,80000,80260,82116,80299,81416,81617,81607,3750,3520,3069,3271,3262,78366,76779,78347,78346,78345,0
Female,Graduate,Married,34,360000,4259,1374,846,14998,14998,679,1376,852,14998,0,683,-2,-6,0,14998,-4,0
Female,Graduate,Single,44,30000,39347,34702,34822,15722,16467,17537,1200,1000,18000,1000,1500,33502,33822,-2278,15467,16037,0
Female,University,Married,37,140000,330,330,330,330,330,947,330,330,330,330,947,0,0,0,0,0,0
Male,Graduate,Single,33,150000,78038,63176,52807,34199,32061,23682,5000,10116,5000,6000,3000,58176,42691,29199,26061,20682,0
Male,Graduate,Married,45,130000,58180,59134,61156,62377,63832,65099,2886,2908,2129,2354,2366,56248,58248,60248,61478,62733,0
Male,Graduate,Married,34,410000,109256,15134,5063,1019,14585,5370,15000,4867,803,14436,5396,134,196,216,149,-26,1
Female,Graduate,Single,28,70000,48910,50171,51238,52196,53747,47695,2050,2100,2000,2000,2100,48121,49138,50196,51747,45595,1
Female,Graduate,Single,24,30000,27181,26849,27594,28157,28723,28059,2000,1500,1000,1000,1000,24849,26094,27157,27723,27059,0
Female,University,Married,37,50000,7465,2790,1323,156,-177,2406,2790,1323,156,2,2583,0,0,0,-179,-177,0
Male,University,Married,45,180000,119109,119166,121661,122244,119536,109210,6000,6000,5000,4200,3862,113166,115661,117244,115336,105348,0
Female,University,Single,36,30000,390,390,780,390,0,780,390,780,0,0,780,0,0,390,0,0,0
Male,Graduate,Single,38,20000,16787,17912,18706,20086,19632,20160,1700,1400,1684,0,1000,16212,17306,18402,19632,19160,0
Male,University,Single,24,30000,12800,0,0,90,-40,-3000,0,0,90,0,0,0,0,0,-40,-3000,0
Female,University,Single,53,20000,8847,10202,11227,11145,11381,12191,1500,1500,400,416,1002,8702,9727,10745,10965,11189,0
Male,Graduate,Single,27,280000,6564,1333,21064,19969,578,35152,1334,21003,428,12,35152,-1,61,19541,566,0,0
Female,University,Married,28,50000,14262,16024,17744,19440,23089,24695,2000,2000,2000,4000,2000,14024,15744,17440,19089,22695,1
Male,Graduate,Married,34,360000,-130,-130,-130,-130,25619,-395,0,0,0,25749,0,-130,-130,-130,-130,-395,1
Female,High School,Married,41,190000,185738,187764,100526,94909,94804,94007,7762,7700,0,3545,3386,180002,92826,94909,91259,90621,1
Female,Graduate,Married,36,180000,2846,2092,4629,3007,5827,1118,2092,4631,3007,5827,1200,0,-2,0,0,-82,0
Female,Graduate,Single,24,60000,48890,43651,34358,34986,35770,36622,2000,1800,1500,1500,1600,41651,32558,33486,34270,35022,0
Female,University,Married,47,320000,10159,37758,15591,39240,28424,25120,38075,0,39424,0,25120,-317,15591,-184,28424,0,0
Male,High School,Single,33,10000,1655,1473,390,390,540,150,1473,390,390,540,150,0,0,0,0,0,1
Female,University,Married,52,200000,316,632,316,782,782,316,632,0,782,316,0,0,316,0,466,316,1
Male,University,Single,24,50000,9923,5088,5625,4428,5092,5685,1200,2065,1000,2070,2000,3888,3560,3428,3022,3685,0
Female,Graduate,Single,25,180000,0,0,0,0,0,0,0,0,0,0,0,0,0,0,0,0,0
Male,University,Single,24,20000,15586,16649,16090,20648,19759,19160,1609,0,5148,0,0,15040,16090,15500,19759,19160,1
Female,University,Married,28,300000,296665,300861,263571,252197,226555,206642,11500,9000,8000,7000,7500,289361,254571,244197,219555,199142,0
Female,Graduate,Single,28,90000,350,0,0,0,0,0,0,0,0,0,0,0,0,0,0,0,1
Female,University,Single,23,160000,116212,88542,68311,48875,37261,4267,0,2483,900,20000,4267,88542,65828,47975,17261,0,1
Male,University,Single,39,20000,14154,15179,16191,16512,16858,17193,1258,1270,591,612,615,13921,14921,15921,16246,16578,0
Female,University,Single,28,150000,8200,2500,7500,11478,7080,1651,2500,7500,11478,7080,1651,0,0,0,0,0,0
Male,High School,Single,26,50000,48560,52047,50597,20378,18344,19618,4570,0,0,2000,2000,47477,50597,20378,16344,17618,0
Male,High School,Other,43,60000,70367,66657,63553,59633,55689,52778,2415,3000,2125,2007,3000,64242,60553,57508,53682,49778,0
Female,Graduate,Married,54,210000,16355,18063,18077,14113,7049,2026,3000,2000,3000,150,2026,15063,16077,11113,6899,0,0
Male,University,Single,27,150000,134492,138107,89238,49677,97028,99214,6000,7000,2200,48500,3600,132107,82238,47477,48528,95614,0
Female,University,Single,24,60000,58143,60221,50135,19553,11896,15241,3044,1123,7553,474,3586,57177,49012,12000,11422,11655,1
Female,University,Married,35,210000,25806,5861,1666,1010,300,300,1035,1666,1010,300,0,4826,0,0,0,300,0
Male,University,Single,28,210000,198724,200500,0,0,0,0,4500,0,0,0,0,196000,0,0,0,0,0
Female,High School,Married,31,360000,28835,14596,10705,3400,6410,5479,14596,10705,3400,6410,5479,0,0,0,0,0,0
Male,Graduate,Single,25,10000,6005,8891,9389,9111,8837,8135,3000,800,0,0,500,5891,8589,9111,8837,7635,0
Female,Graduate,Single,32,140000,142043,0,137909,138999,137275,136141,7000,0,5000,9100,3400,-7000,137909,133999,128175,132741,0
Female,Graduate,Single,33,100000,55066,53612,54720,55808,56976,58108,0,2000,1998,2068,2079,53612,52720,53810,54908,56029,0
Male,University,Single,23,50000,836,836,1616,780,390,540,836,1616,0,0,540,0,0,780,390,0,1
Female,High School,Single,42,360000,0,0,0,0,0,0,0,0,0,0,0,0,0,0,0,0,1
Male,University,Married,42,360000,0,0,0,0,0,0,0,0,0,0,0,0,0,0,0,0,0
Female,University,Single,27,30000,11228,11814,5240,400,0,0,1104,1400,0,0,0,10710,3840,400,0,0,0
Male,University,Single,36,20000,10360,13336,13307,13633,15054,16505,3467,486,545,1639,1700,9869,12821,13088,13415,14805,0
Female,Graduate,Married,42,260000,8606,3856,12996,8788,15104,16764,3856,13000,0,15104,16764,0,-4,8788,0,0,0
Female,Graduate,Single,38,100000,37160,39750,40298,40835,41529,42697,3500,1500,1500,1500,2000,36250,38798,39335,40029,40697,1
Female,University,Single,39,340000,56412,45990,84050,172925,140040,95230,10034,50024,100108,4933,10114,35956,34026,72817,135107,85116,0
Female,Graduate,Single,31,50000,1129,1111,3186,6527,3328,33166,0,3000,3341,0,30000,1111,186,3186,3328,3166,1
Female,University,Married,32,180000,8135,12621,17987,-99,-99,-99,5000,15000,0,0,0,7621,2987,-99,-99,-99,0
Female,Graduate,Single,33,360000,1616,3700,6562,3730,420,699,3700,6562,0,0,699,0,0,3730,420,0,0
Female,University,Married,35,60000,27892,29438,32620,33274,35732,35008,2000,4000,1197,3000,0,27438,28620,32077,32732,35008,0
Female,High School,Married,28,20000,18710,19132,18409,14301,14373,1270,1400,30,1000,1000,1270,17732,18379,13301,13373,0,0
Female,Graduate,Married,44,150000,27270,24600,0,10195,24232,22000,0,0,10195,24232,0,24600,0,0,0,22000,1
Male,Graduate,Married,50,150000,101639,91674,135883,95806,97648,99737,3820,50001,3569,3529,3697,87854,85882,92237,94119,96040,0
Male,Graduate,Single,32,300000,30749,50185,3342,1287,0,3899,20000,3342,0,0,3899,30185,0,1287,0,0,0
Female,High School,Single,35,420000,63715,62201,56125,49114,47563,45829,3002,2200,1700,1800,1700,59199,53925,47414,45763,44129,0
Male,Graduate,Single,34,500000,324503,324262,323101,296962,84615,267596,15633,19725,13091,5066,195829,308629,303376,283871,79549,71767,0
Female,University,Single,30,150000,65591,0,0,0,0,0,0,0,0,0,0,0,0,0,0,0,0
Male,High School,Married,54,50000,34301,35450,39455,38564,37842,40342,1700,4630,0,0,3105,33750,34825,38564,37842,37237,1
Female,University,Single,24,110000,68068,70276,68044,34059,20284,31179,3900,0,10452,6475,51179,66376,68044,23607,13809,-20000,0
Female,University,Married,38,150000,1106,2199,2997,735,1104,0,1208,1006,50000,1104,0,991,1991,-49265,0,0,0
Male,Graduate,Single,26,80000,77397,77839,69534,60747,52280,43461,3328,2811,1192,1516,2316,74511,66723,59555,50764,41145,0
Female,High School,Married,34,150000,19130,10000,8000,0,10000,0,1000,8000,2000,10000,0,9000,0,-2000,0,0,0
Female,University,Single,39,50000,20650,0,0,0,0,0,0,0,0,0,0,0,0,0,0,0,0
Male,University,Single,33,20000,36658,19253,20179,18800,19500,0,4000,1409,0,1000,0,15253,18770,18800,18500,0,0
Female,University,Single,33,80000,69937,69798,69200,44651,45185,45674,3032,5000,2000,2000,2000,66766,64200,42651,43185,43674,0
Male,Graduate,Married,41,150000,113358,124745,121249,124237,132252,134925,14779,0,5000,10000,5000,109966,121249,119237,122252,129925,1
Female,High School,Married,41,240000,-2225,-8523,-10951,88670,199444,178706,12,16,103751,117086,6146,-8535,-10967,-15081,82358,172560,0
Female,University,Married,27,100000,390,1780,0,0,0,0,4780,0,0,0,0,-3000,0,0,0,0,0
Female,University,Married,45,130000,79277,63767,62599,51950,44189,38034,3500,3022,2000,2000,2000,60267,59577,49950,42189,36034,0
Male,University,Married,37,20000,18419,18710,18929,14900,10400,0,1373,1384,615,600,0,17337,17545,14285,9800,0,0
Female,Graduate,Single,35,340000,317,3074,3002,2613,1806,1989,3074,3002,2613,1806,1989,0,0,0,0,0,0
Male,Graduate,Married,40,430000,6112,10548,31401,417588,3414,4761,10590,31448,417588,3414,4761,-42,-47,0,0,0,0
Female,Graduate,Married,57,110000,16090,17522,18426,19117,19655,20329,2000,1500,1000,1000,1000,15522,16926,18117,18655,19329,0
Female,High School,Married,49,90000,10242,10930,10549,9421,6851,2133,2006,2012,3022,2020,2139,8924,8537,6399,4831,-6,0
Female,Graduate,Single,26,10000,9459,231,3364,6129,9009,9188,231,5000,3000,3000,329,0,-1636,3129,6009,8859,0
Male,Graduate,Single,32,100000,4270,0,0,0,0,0,0,0,0,0,0,0,0,0,0,0,0
Female,Graduate,Married,34,390000,7639,10876,6203,1518,46365,48795,6083,1051,1545,47280,3000,4793,5152,-27,-915,45795,0
Female,University,Single,43,130000,2048,2529,11929,5722,3076,5250,2529,11929,5722,0,5250,0,0,0,3076,0,0
Female,University,Married,37,180000,78089,75159,76602,76896,78588,77770,3333,3310,2900,3040,3500,71826,73292,73996,75548,74270,0
Male,University,Other,51,50000,79502,65237,64426,18430,18020,17991,4000,1565,641,648,654,61237,62861,17789,17372,17337,0
Female,University,Married,30,80000,64596,64871,61000,48300,47300,3500,4424,1600,0,1500,1500,60447,59400,48300,45800,2000,0
Female,High School,Single,33,30000,24457,25474,26241,25388,26377,27794,1716,1500,911,1400,2000,23758,24741,24477,24977,25794,1
Female,Graduate,Single,30,150000,7015,0,6700,6700,7427,13583,0,6700,0,727,13583,0,0,6700,6700,0,0
Male,University,Single,46,230000,378,907,1599,378,756,0,907,1599,378,756,0,0,0,0,0,0,0
Female,University,Single,23,90000,82623,86621,84369,82117,84395,85739,5900,0,0,3600,2900,80721,84369,82117,80795,82839,1
Female,University,Other,30,80000,11976,10010,10982,11325,11569,10303,1185,1157,500,400,500,8825,9825,10825,11169,9803,0
Male,Graduate,Single,35,700000,8277,18282,130130,105055,70896,41509,17599,130370,3381,145,4639,683,-240,101674,70751,36870,0
Female,University,Single,22,30000,27447,28623,28700,29300,0,0,1923,1000,600,0,0,26700,27700,28700,0,0,1
Female,Graduate,Married,28,90000,12759,10941,10420,14420,9855,9097,5000,6000,4000,5000,3500,5941,4420,10420,4855,5597,1
Male,University,Single,44,200000,310,2226,1230,3393,1340,3416,2306,1234,3510,1344,3426,-80,-4,-117,-4,-10,0
Male,University,Married,50,230000,94314,96269,56058,57174,58371,59561,4082,1990,2003,2074,2115,92187,54068,55171,56297,57446,1
Male,Graduate,Single,54,100000,99932,42389,41842,40291,40556,40534,1712,1639,1418,1618,1529,40677,40203,38873,38938,39005,0
Female,Graduate,Single,28,360000,152072,151168,153306,144485,145601,140336,5708,6059,5009,5021,5027,145460,147247,139476,140580,135309,0
Male,Graduate,Married,43,500000,0,0,0,0,0,0,0,0,0,0,0,0,0,0,0,0,1
Female,University,Single,42,240000,3328,164327,10690,4772,1294,2147,164820,11728,7738,1297,2153,-493,-1038,-2966,-3,-6,0
Male,Graduate,Single,28,360000,78398,86955,127146,103273,91933,108163,25126,60259,27208,31262,90114,61829,66887,76065,60671,18049,0
Male,University,Married,30,360000,2500,2500,2500,2500,0,0,0,0,0,0,0,2500,2500,2500,0,0,1
Male,Graduate,Married,43,320000,110032,110045,112393,111541,114934,118228,4028,4000,5000,5000,5000,106017,108393,106541,109934,113228,0
Female,University,Married,40,50000,21696,8987,9604,9800,500,0,1383,1000,196,500,0,7604,8604,9604,0,0,0
Female,University,Single,31,140000,50822,52468,52238,53368,56488,58542,2473,2000,2000,4000,3000,49995,50238,51368,52488,55542,0
Female,University,Married,30,360000,6419,5290,1330,2255,4164,0,1067,1341,2255,4164,0,4223,-11,0,0,0,0
Female,Graduate,Single,27,180000,641,1812,5307,28004,957,0,1812,5347,28004,957,0,0,-40,0,0,0,1
Female,Graduate,Married,40,330000,2573,1800,-910,-1878,252686,72401,1800,0,594,256662,3000,0,-910,-2472,-3976,69401,0
Female,Graduate,Single,24,140000,6265,7300,1934,0,0,0,2198,5,0,0,0,5102,1929,0,0,0,1
Female,Graduate,Married,27,360000,2459,944,2037,989,2885,989,955,2043,992,2903,992,-11,-6,-3,-18,-3,0
Female,Graduate,Single,27,150000,15475,18212,18617,18020,18726,19414,3000,1000,0,1000,1000,15212,17617,18020,17726,18414,1
Female,High School,Single,29,220000,14246,15601,17140,14131,15424,17345,2601,2140,2131,3424,2345,13000,15000,12000,12000,15000,0
Male,High School,Single,31,260000,257920,256117,232981,202190,202800,202490,10036,8185,6715,7033,6728,246081,224796,195475,195767,195762,0
Female,High School,Married,54,30000,17708,18734,19442,20741,21162,20671,1615,1323,1622,900,0,17119,18119,19119,20262,20671,0
Male,Graduate,Single,31,580000,2507,2174,6527,1818,2227,2666,2190,6558,1825,2236,2678,-16,-31,-7,-9,-12,0
Male,University,Single,25,50000,1582,300,591,441,741,441,300,591,441,741,441,0,0,0,0,0,0
Female,Graduate,Married,36,230000,878,9567,3074,3660,3790,6006,9574,0,3660,3790,6006,-7,3074,0,0,0,1
Male,University,Married,39,20000,20264,20328,19299,19928,20204,20398,1500,1500,900,700,1480,18828,17799,19028,19504,18918,1
Male,High School,Married,35,110000,67591,69773,71886,76767,78462,79890,3200,3200,6000,3000,2800,66573,68686,70767,75462,77090,1
Female,Graduate,Single,28,240000,168068,168685,94520,14422,12552,20550,6042,3558,1000,600,10550,162643,90962,13422,11952,10000,0
Female,University,Married,34,50000,49940,50761,49009,14275,17251,15077,2128,1344,505,5585,556,48633,47665,13770,11666,14521,0
Female,Graduate,Other,51,20000,3680,0,543,780,2500,0,0,543,780,2500,0,0,0,0,0,0,0
Female,High School,Married,42,190000,113516,116157,115639,115849,118313,119973,6000,5581,4237,4423,5000,110157,110058,111612,113890,114973,0
Female,High School,Single,50,100000,84027,88734,86369,89994,89681,89849,7500,0,5001,3390,4000,81234,86369,84993,86291,85849,0
Male,University,Married,34,500000,13010,5016,-32,6443,0,265,5041,0,6475,0,265,-25,-32,-32,0,0,0
Female,Graduate,Married,40,170000,511,997,2446,720,236,210,1001,2446,720,236,210,-4,0,0,0,0,0
Female,University,Single,23,150000,7795,13821,6640,5831,10514,5432,7000,1000,1070,6000,2432,6821,5640,4761,4514,3000,0
Male,University,Married,48,30000,46780,38099,38600,29400,30000,0,1899,1400,1188,600,0,36200,37200,28212,29400,0,0
Male,University,Single,41,80000,80140,80627,80668,49233,48737,48280,3253,3211,1691,1721,1800,77374,77457,47542,47016,46480,1
Female,High School,Married,49,340000,20452,18816,24010,5320,16612,21373,18832,24099,5320,16612,21373,-16,-89,0,0,0,0
Female,University,Single,30,210000,89670,94043,85022,90779,84209,70162,7500,103,10000,0,3000,86543,84919,80779,84209,67162,0
Female,Graduate,Single,23,30000,28239,29974,29841,27592,17569,4059,2500,1011,301,37,17,27474,28830,27291,17532,4042,0
Male,Graduate,Single,27,230000,3257,1816,1816,1806,764,3368,1816,1816,1806,774,3368,0,0,0,-10,0,0
Male,University,Single,23,20000,18497,15172,17488,17923,16838,18535,1900,2900,1000,800,2000,13272,14588,16923,16038,16535,0
Female,High School,Married,26,70000,71147,72227,71078,50777,50841,50682,3800,3200,1950,2000,1828,68427,67878,48827,48841,48854,0
Female,Graduate,Married,66,310000,259874,236662,220421,224801,229520,234145,8874,7984,8029,8324,8435,227788,212437,216772,221196,225710,1
Male,University,Single,36,80000,19211,20237,21268,23903,24367,24964,1337,1368,3003,1000,1000,18900,19900,20900,23367,23964,1
Female,University,Single,27,150000,146778,139111,134382,134593,91112,68482,6554,10000,4749,3304,2285,132557,124382,129844,87808,66197,0
Male,High School,Married,49,20000,13881,12170,13237,10790,390,780,1218,1285,608,390,780,10952,11952,10182,0,0,0
Female,University,Married,54,220000,264,1138,3874,264,3105,2074,1138,3000,264,3105,0,0,874,0,0,2074,0
Female,Graduate,Single,30,150000,150426,151052,143488,142419,145100,153229,5520,5200,5100,5300,10900,145532,138288,137319,139800,142329,0
Male,Graduate,Single,30,530000,214022,393664,235392,232640,239004,236657,20000,10000,10000,10000,9000,373664,225392,222640,229004,227657,0
Female,University,Married,28,150000,108,-218,63174,43374,43950,44501,0,65748,1537,1585,1597,-218,-2574,41837,42365,42904,0
Female,Graduate,Single,29,150000,2356,16836,1094,6382,5288,5288,16836,2000,5288,0,0,0,-906,1094,5288,5288,1
Female,University,Married,30,420000,83640,63751,153092,111922,88709,36484,1275,156564,0,0,36484,62476,-3472,111922,88709,0,0
Female,University,Married,31,80000,0,0,0,0,0,0,0,0,0,0,0,0,0,0,0,0,0
Female,University,Married,37,100000,87055,84712,76202,72368,71384,70346,3000,3403,2656,2500,2600,81712,72799,69712,68884,67746,0
Female,University,Single,27,30000,15191,16144,16383,16518,16907,17279,1500,800,700,800,800,14644,15583,15818,16107,16479,1
Male,University,Married,37,50000,23607,24921,25775,0,0,0,2000,1800,0,0,0,22921,23975,0,0,0,0
Female,Graduate,Single,39,330000,1972,1586,0,0,1588,0,1586,0,0,1588,0,0,0,0,0,0,1
Female,University,Single,36,140000,134783,142708,143475,136331,135778,135910,12800,5000,0,5100,5000,129908,138475,136331,130678,130910,0
Female,University,Married,34,50000,95380,48764,50711,50389,49030,50045,2140,3082,1760,1926,1980,46624,47629,48629,47104,48065,0
Male,University,Married,37,360000,0,0,0,0,0,0,0,0,0,0,0,0,0,0,0,0,1
Male,University,Single,38,180000,54198,54173,52687,52096,51508,50867,4400,0,2000,2000,2000,49773,52687,50096,49508,48867,1
Female,University,Married,27,130000,54921,55055,54804,52439,52609,52739,2000,6844,0,2071,2115,53055,47960,52439,50538,50624,0
Female,University,Single,31,130000,120890,122275,109903,80909,71679,66169,5200,47,3000,2800,2713,117075,109856,77909,68879,63456,0
Male,Graduate,Single,24,20000,18199,17623,18317,19525,19084,19601,0,1300,1500,0,1600,17623,17017,18025,19084,18001,0
Female,Graduate,Single,30,260000,89538,82621,78236,49417,21226,23174,4000,2092,1333,769,2300,78621,76144,48084,20457,20874,0
Female,University,Single,51,50000,57595,54503,51217,47919,44593,38475,1996,1804,1664,1560,1370,52507,49413,46255,43033,37105,0
Female,University,Married,29,320000,145907,150336,110569,106095,92573,89650,30236,5004,4086,5033,5020,120100,105565,102009,87540,84630,0
Female,University,Married,37,70000,49775,50600,47585,48493,49559,51079,2000,2500,2000,2000,2500,48600,45085,46493,47559,48579,1
Female,Graduate,Married,47,180000,807,4246,2727,5507,1382,538,4246,2727,5507,0,538,0,0,0,1382,0,0
Male,University,Married,54,60000,61493,58784,54087,37613,39038,37814,55,2400,1316,2000,1531,58729,51687,36297,37038,36283,0
Male,University,Married,23,80000,795,1698,798,-2,748,708,1703,800,0,750,810,-5,-2,-2,-2,-102,0
Female,High School,Married,49,10000,6904,7841,9635,17622,8991,0,1206,2000,176,360,0,6635,7635,17446,8631,0,0
Female,University,Married,33,150000,42932,42010,46007,47978,49100,50181,0,5000,3000,2000,2000,42010,41007,44978,47100,48181,1
Female,High School,Single,55,50000,45698,49270,48186,20127,18988,19942,6000,2044,3150,1000,3000,43270,46142,16977,17988,16942,0
Male,High School,Single,41,150000,64425,57073,32516,21018,21320,143489,1745,1269,0,1545,135000,55328,31247,21018,19775,8489,0
Male,Graduate,Single,38,350000,36098,21848,23309,13002,14473,11496,3604,2072,0,2071,11553,18244,21237,13002,12402,-57,0
Female,Graduate,Single,44,380000,371917,355744,347667,304356,311458,299277,15071,13500,11000,12000,12000,340673,334167,293356,299458,287277,0
Female,High School,Single,25,130000,250,174,1214,1125,139,0,174,1214,1125,139,0,0,0,0,0,0,0
Female,Graduate,Married,35,180000,1651,0,0,0,0,0,0,0,0,0,0,0,0,0,0,0,0
Female,University,Married,41,100000,107224,107126,101859,79519,74368,58481,7000,3533,2673,3500,4303,100126,98326,76846,70868,54178,0
Female,High School,Married,31,30000,23368,24688,24988,24288,26098,25530,2000,1000,0,2200,0,22688,23988,24288,23898,25530,1
Male,Graduate,Single,28,430000,406995,438832,312608,341552,345532,339050,40000,30000,35000,30000,20019,398832,282608,306552,315532,319031,0
Female,University,Married,37,200000,2681,1273,2192,430,430,6136,0,2192,430,430,6136,1273,0,0,0,0,1
Male,University,Married,43,360000,0,0,0,0,0,0,0,0,0,0,0,0,0,0,0,0,1
Female,Graduate,Single,32,80000,1147,1147,1147,1147,1100,5053,1147,1147,1147,1100,5100,0,0,0,0,-47,0
Female,Graduate,Single,26,40000,27255,26532,29089,28522,28914,29482,0,3000,200,1000,1200,26532,26089,28322,27914,28282,1
Female,University,Single,29,80000,12393,14187,13263,11045,10259,5773,2022,1308,506,1516,1000,12165,11955,10539,8743,4773,0
Male,High School,Single,23,20000,17030,18064,19046,19221,18603,19075,1315,1297,672,675,781,16749,17749,18549,17928,18294,0
Female,University,Single,24,250000,956,1339,2617,1817,975,1141,1339,2617,0,0,1141,0,0,1817,975,0,1
Male,University,Married,43,70000,16186,3680,4540,39994,6844,12308,2000,4540,39994,6850,10000,1680,0,0,-6,2308,0
Female,Graduate,Married,34,20000,14676,15721,19335,20029,20473,19860,1286,3900,1000,900,900,14435,15435,19029,19573,18960,1
Female,Other,Married,39,160000,-18,-18,-18,-18,-18,-18,0,0,0,0,0,-18,-18,-18,-18,-18,0
Male,University,Married,36,70000,27868,28850,0,0,0,0,1850,0,0,0,0,27000,0,0,0,0,1
Female,University,Single,34,50000,588,592,390,390,280,720,592,390,390,280,913,0,0,0,0,-193,0
Female,High School,Married,41,30000,26042,27127,28762,29485,28878,30699,1800,2378,1496,0,2462,25327,26384,27989,28878,28237,1
Male,University,Married,48,80000,46495,8241,11000,16000,0,54070,3000,3000,5000,0,54070,5241,8000,11000,0,0,0
Male,University,Married,52,20000,15768,16792,18105,18157,18538,19200,1285,1598,650,674,971,15507,16507,17507,17864,18229,0
Female,Other,Married,32,50000,10335,9538,6793,13864,5243,5391,1200,1024,163,146,2000,8338,5769,13701,5097,3391,0
Male,Graduate,Single,26,50000,0,0,0,0,0,0,0,0,0,0,0,0,0,0,0,0,0
Female,Graduate,Married,36,230000,2078,380,2100,530,2282,1390,380,2100,530,2282,1390,0,0,0,0,0,0
Female,University,Single,23,10000,-1000,-1000,-1000,-1000,-1000,-1000,0,0,0,0,0,-1000,-1000,-1000,-1000,-1000,1
Male,University,Married,42,20000,16070,19107,18506,18802,20199,19394,3300,0,900,1700,0,15807,18506,17902,18499,19394,0
Male,University,Single,34,110000,108180,107597,89775,47139,47259,46348,5000,3000,2020,5000,0,102597,86775,45119,42259,46348,0
Female,Graduate,Single,29,200000,5624,2519,2519,2519,13137,566,2519,2519,2519,13137,566,0,0,0,0,0,0
Male,University,Married,59,20000,-1213,30322,20033,19871,15410,18969,52082,15800,2000,20085,39070,-21760,4233,17871,-4675,-20101,0
Male,Graduate,Single,29,80000,2946,4599,1863,3309,1446,390,4599,0,1446,0,0,0,1863,1863,1446,390,0
Female,University,Single,31,280000,0,0,0,0,5360,251,0,0,0,5360,251,0,0,0,0,0,0
Female,University,Married,45,140000,106974,109061,7262,7410,1545,0,4924,1000,148,1545,0,104137,6262,7262,0,0,0
Female,Graduate,Single,25,60000,24066,24786,27050,26317,28200,28762,1414,2678,0,2310,1173,23372,24372,26317,25890,27589,0
Male,University,Married,51,50000,113247,108550,118310,9904,9905,9974,3000,10510,4000,500,1000,105550,107800,5904,9405,8974,0
Female,Graduate,Married,34,200000,0,0,0,0,0,35979,0,0,0,0,35979,0,0,0,0,0,0
Female,Graduate,Married,38,180000,114413,111165,117004,119542,122452,130293,0,10000,6000,5000,10000,111165,107004,113542,117452,120293,0
Female,University,Single,45,260000,207977,207713,197120,198815,201007,205181,9000,7009,7000,8000,8000,198713,190111,191815,193007,197181,0
Male,Graduate,Single,32,150000,52582,57496,55705,57210,57084,13194,6395,0,2100,222,1000,51101,55705,55110,56862,12194,1
Female,Graduate,Single,32,130000,126080,129104,130745,127344,127809,119976,7000,8000,5000,4500,4500,122104,122745,122344,123309,115476,0
Male,High School,Single,50,120000,390,0,780,0,0,0,0,780,0,0,0,0,0,0,0,0,1
Female,University,Married,30,210000,0,0,0,0,0,0,0,0,0,0,0,0,0,0,0,0,0
Female,Graduate,Other,33,110000,165090,106448,103618,79687,76742,77096,4259,3212,28246,2730,2834,102189,100406,51441,74012,74262,0
Male,University,Single,28,30000,29617,4096,2058,540,13056,1690,4096,2064,540,13056,1690,0,-6,0,0,0,0
Female,Graduate,Single,25,170000,12218,5500,100,1608,1800,897,5507,100,1608,1800,897,-7,0,0,0,0,1
Female,Graduate,Single,32,360000,13819,2148,34766,14138,14690,19792,2148,34766,2005,2190,7300,0,0,12133,12500,12492,0
Male,Graduate,Single,37,130000,116093,100296,95053,96146,98310,95726,3647,4198,3490,3800,3920,96649,90855,92656,94510,91806,1
Female,Graduate,Single,24,30000,12324,15628,15069,15868,16657,13998,4500,0,1000,1000,668,11128,15069,14868,15657,13330,1
Female,University,Married,31,160000,239,0,0,0,1446,426,0,0,0,1446,426,0,0,0,0,0,0
Female,University,Married,43,30000,25166,26195,27209,27924,30204,30000,1437,1451,1166,2900,600,24758,25758,26758,27304,29400,0
Female,University,Single,22,10000,0,1000,0,0,0,0,1000,0,0,0,0,0,0,0,0,0,1
Female,University,Single,38,50000,2410,0,4494,3034,2327,5892,0,4494,61,47,5892,0,0,2973,2280,0,0
Male,University,Married,40,80000,23833,17815,15140,140,3090,180,5000,5000,5000,3100,1000,12815,10140,-4860,-10,-820,0
Female,Graduate,Married,49,260000,0,0,0,1180,1180,0,0,0,1180,0,0,0,0,0,1180,0,0
Male,High School,Single,26,170000,74453,66087,60649,61408,59390,57037,5020,3003,3009,2013,3041,61067,57646,58399,57377,53996,1
Female,High School,Single,25,30000,20983,22636,24417,27020,28107,28727,2000,2500,3000,1500,1056,20636,21917,24020,26607,27671,0
Female,High School,Single,51,50000,25577,26352,16846,17562,18275,18711,1269,1284,1000,1000,740,25083,15562,16562,17275,17971,0
Male,High School,Married,40,120000,88185,91748,94242,88828,97643,79371,5000,4251,6000,10000,3019,86748,89991,82828,87643,76352,0
Female,University,Married,31,240000,71876,72382,72155,72543,73011,73484,3100,2400,2367,2435,2500,69282,69755,70176,70576,70984,1
Male,Graduate,Single,41,180000,16366,18339,2766,97996,55156,36213,18339,2766,97996,1861,1196,0,0,0,53295,35017,0
Female,High School,Single,26,60000,38726,39764,41084,41741,42461,43457,1663,1983,1640,1542,1703,38101,39101,40101,40919,41754,0
Female,High School,Single,32,150000,113932,87187,81491,77078,66927,50881,2500,3000,2000,5000,5055,84687,78491,75078,61927,45826,1
Female,University,Single,26,360000,0,0,0,0,0,0,0,0,0,0,0,0,0,0,0,0,0
Female,Graduate,Single,32,350000,0,0,0,0,0,0,0,0,0,0,0,0,0,0,0,0,1
Female,Graduate,Married,43,30000,390,780,0,0,0,0,780,0,0,0,0,0,0,0,0,0,0
Female,Graduate,Single,29,120000,121805,120933,120629,116316,117358,118560,4600,4300,4200,4219,4500,116333,116329,112116,113139,114060,0
Male,Graduate,Married,43,330000,0,0,0,0,0,0,0,0,0,0,0,0,0,0,0,0,1
Male,University,Single,44,500000,26697,26319,79424,77920,55625,30092,1131,150042,4790,3236,866,25188,-70618,73130,52389,29226,0
Female,University,Married,34,100000,102724,100186,102604,101856,101105,101071,4600,5000,4000,4000,4200,95586,97604,97856,97105,96871,0
Female,University,Married,37,80000,2626,2410,3237,2760,914,0,0,3237,2760,914,0,2410,0,0,0,0,0
Female,University,Single,30,260000,34405,52512,52263,52261,52140,52615,20000,1826,1971,2000,2500,32512,50437,50290,50140,50115,0
Male,University,Married,41,500000,171565,184782,152365,139757,153348,127391,20241,20154,20019,20151,20037,164541,132211,119738,133197,107354,0
Male,Graduate,Single,52,90000,91656,87106,48730,27535,27751,29923,5110,2000,3000,1000,3000,81996,46730,24535,26751,26923,0
Female,University,Married,38,360000,1604,238,2402,3580,183,1995,239,2414,3597,183,2005,-1,-12,-17,0,-10,0
Male,High School,Single,34,360000,3821,1937,944,1219,2216,1440,1937,944,1219,2216,2000,0,0,0,0,-560,0
Female,University,Single,25,100000,8791,4910,0,674,0,980,1000,0,674,0,980,3910,0,0,0,0,0
Male,University,Single,36,200000,190120,194533,194175,189457,187050,187082,9000,9000,8000,10000,8000,185533,185175,181457,177050,179082,1
Female,University,Single,52,490000,191937,194347,202400,46634,47622,50844,7133,11365,1700,1740,4026,187214,191035,44934,45882,46818,0
Male,Graduate,Married,40,460000,100026,89681,81812,82326,76055,74979,5095,5011,5047,4021,4071,84586,76801,77279,72034,70908,0
Male,Graduate,Single,39,20000,10968,12495,11998,13795,13431,16199,2000,0,2000,0,3000,10495,11998,11795,13431,13199,1
Female,University,Married,35,230000,76050,76921,65452,61129,55199,55380,3000,4000,3000,3000,2000,73921,61452,58129,52199,53380,0
Female,University,Single,28,170000,169531,174799,179868,177952,176160,175304,8000,8000,7000,7000,8000,166799,171868,170952,169160,167304,0
Female,High School,Married,63,60000,56285,56894,57006,28198,23888,24083,5000,2156,3017,2009,3000,51894,54850,25181,21879,21083,0
Female,University,Married,33,90000,26772,70398,56266,47804,44230,48144,56388,112,1779,1786,5414,14010,56154,46025,42444,42730,0
Male,Graduate,Married,38,160000,0,499,0,0,0,0,499,0,0,0,0,0,0,0,0,0,0
Male,University,Single,30,20000,20586,20568,20185,20016,20044,20172,1300,700,700,1700,1600,19268,19485,19316,18344,18572,1
Female,Graduate,Married,36,500000,0,0,0,0,0,200,0,0,0,0,200,0,0,0,0,0,0
Female,University,Married,42,30000,9801,10535,11552,11933,12092,17884,1200,1200,573,500,6000,9335,10352,11360,11592,11884,1
Male,University,Single,31,170000,2908,3408,2908,9283,2908,2908,3408,2908,9283,0,2908,0,0,0,2908,0,0
Female,High School,Married,44,100000,80808,77825,70721,69603,65499,62296,3025,3000,3000,3000,3000,74800,67721,66603,62499,59296,0
Male,University,Single,39,50000,48493,49073,50370,29862,29275,29535,2109,2406,1278,1036,1115,46964,47964,28584,28239,28420,0
Male,University,Single,28,110000,111541,113676,114223,110876,107710,90071,5400,4000,0,4000,3700,108276,110223,110876,103710,86371,1
Female,Graduate,Single,23,20000,11672,8584,8279,8444,8621,8868,2424,0,284,294,371,6160,8279,8160,8327,8497,0
Female,High School,Single,26,70000,28995,30131,31610,37209,40749,40541,1600,2000,7000,5000,1500,28531,29610,30209,35749,39041,0
Female,University,Married,42,310000,-606,44878,19950,79227,20097,25594,45484,20033,79520,94,25910,-606,-83,-293,20003,-316,0
Male,University,Single,28,30000,35991,35751,34639,32493,32001,33064,2000,1200,0,1500,3100,33751,33439,32493,30501,29964,1
Female,University,Married,27,30000,21632,24267,24572,24872,25427,25860,3300,1000,1000,1100,1000,20967,23572,23872,24327,24860,1
Female,Graduate,Married,36,100000,51713,25272,0,0,0,0,1000,0,0,0,0,24272,0,0,0,0,0
Female,Graduate,Single,30,150000,217,0,2403,0,4932,402,0,2403,0,4932,402,0,0,0,0,0,0
Male,University,Single,27,80000,78406,52520,27543,51180,27017,28560,1500,3024,1200,2000,2000,51020,24519,49980,25017,26560,0
Female,High School,Married,40,200000,158809,150904,144302,137700,135443,128229,5380,5141,5032,9400,4400,145524,139161,132668,126043,123829,0
Male,University,Married,36,20000,19006,18418,20465,20381,18446,18598,0,2690,900,0,1000,18418,17775,19481,18446,17598,1
Male,University,Married,33,30000,23900,25507,26489,27017,56186,29146,2000,1418,946,1437,3000,23507,25071,26071,54749,26146,0
Female,High School,Married,42,50000,13436,14460,15472,15778,16109,16427,1246,1258,564,585,586,13214,14214,15214,15524,15841,0
Female,Other,Married,32,130000,3275,376,17055,14693,14855,14817,376,17055,575,449,1000,0,0,14118,14406,13817,0
Male,Graduate,Single,32,330000,162657,151305,138277,141453,112633,121242,5500,4723,5500,4000,10700,145805,133554,135953,108633,110542,0
Female,High School,Single,53,80000,5687,0,0,19230,0,0,0,0,19230,0,0,0,0,0,0,0,0
Female,Graduate,Married,34,50000,2531,14504,22553,14900,6758,3727,14608,22730,14911,6758,3727,-104,-177,-11,0,0,0
Female,Graduate,Single,33,150000,10544,11982,-18,-18,-18,-18,2000,0,0,0,0,9982,-18,-18,-18,-18,0
Female,University,Married,30,210000,0,241,4651,4746,3938,3479,241,4651,95,301,3479,0,0,4651,3637,0,0
Female,University,Married,30,30000,30583,29901,0,0,0,0,389,0,0,0,0,29512,0,0,0,0,0
Female,Graduate,Single,30,500000,17144,2447,1221,1157,1133,2107,3678,6,1162,1133,1010,-1231,1215,-5,0,1097,0
Female,Graduate,Single,32,60000,31634,5720,18026,0,279,-101,0,18026,0,279,0,5720,0,0,0,-101,0
Female,University,Married,29,20000,1473,390,390,870,480,780,390,390,870,0,300,0,0,0,480,480,0
Female,University,Single,23,30000,21034,27321,26589,27050,29446,28825,7000,0,1200,3000,0,20321,26589,25850,26446,28825,1
Male,University,Married,60,120000,27497,27960,28996,29321,29803,30511,1200,1800,1100,1100,1350,26760,27196,28221,28703,29161,1
Female,University,Married,37,80000,79900,64815,52806,57028,59456,55623,21,1819,5000,4000,4000,64794,50987,52028,55456,51623,1
Female,Graduate,Married,35,360000,0,0,0,0,0,0,0,0,0,0,0,0,0,0,0,0,1
Male,University,Married,36,150000,6750,15227,17610,19467,3173,1534,15227,17610,10055,0,1534,0,0,9412,3173,0,0
Female,High School,Single,51,10000,53095,54562,5428,7928,6091,0,2134,1000,2500,122,0,52428,4428,5428,5969,0,0
Female,High School,Married,30,230000,134272,238601,135099,133431,53103,49586,107000,3826,5000,5000,2000,131601,131273,128431,48103,47586,0
Female,High School,Single,31,380000,3859,9194,15157,11147,12483,13680,9240,15233,11202,12493,13748,-46,-76,-55,-10,-68,0
Female,Graduate,Single,48,350000,0,7900,7620,790,0,0,7900,0,790,0,0,0,7620,0,0,0,0
Female,University,Single,23,130000,113900,109062,105252,103969,104254,99525,5000,6000,10000,10000,5000,104062,99252,93969,94254,94525,0
Female,Graduate,Single,29,490000,4301,16230,28800,27870,27540,27630,16388,28800,0,0,6136,-158,0,27870,27540,21494,0
Female,University,Single,28,150000,12272,4447,5228,1623,0,0,4447,1000,1623,0,0,0,4228,0,0,0,0
Female,University,Single,38,340000,0,780,0,0,0,0,780,0,0,0,0,0,0,0,0,0,1
Female,Graduate,Single,52,80000,0,0,0,0,0,0,0,0,0,0,0,0,0,0,0,0,0
Female,Graduate,Single,36,230000,0,0,0,1279,0,2794,0,0,1279,0,2794,0,0,0,0,0,0
Male,University,Single,37,160000,119165,118392,117553,113256,112678,111924,6008,6011,3606,3803,4003,112384,111542,109650,108875,107921,0
Female,University,Married,33,300000,1326,0,256,0,0,126,0,256,0,0,126,0,0,0,0,0,0
Female,University,Married,24,400000,176294,190256,89128,39276,23440,59922,44776,1502,2026,1015,52100,145480,87626,37250,22425,7822,0
Female,University,Married,45,80000,390,390,390,390,390,390,390,390,390,390,390,0,0,0,0,0,0
Male,University,Married,45,320000,1471,5184,4144,6290,977,-23,5318,4160,6296,977,23,-134,-16,-6,0,-46,0
Male,Graduate,Single,36,310000,17611,24122,26242,21026,18121,7842,10000,4000,0,0,7842,14122,22242,21026,18121,0,0
Female,University,Married,32,270000,3979,511,10069,9214,199,0,511,10069,186,199,0,0,0,9028,0,0,0
Female,High School,Married,53,280000,4405,7322,7043,8932,9654,10774,3000,0,2000,1000,2000,4322,7043,6932,8654,8774,0
Male,Graduate,Single,31,330000,163406,137664,3381,40635,40490,38431,7558,5000,42054,3000,2000,130106,-1619,-1419,37490,36431,0
Male,University,Single,49,50000,7282,8307,9709,9404,10254,9940,1300,1700,0,1000,0,7007,8009,9404,9254,9940,0
Female,Graduate,Single,26,240000,0,0,0,0,0,0,0,0,0,0,0,0,0,0,0,0,1
Female,High School,Single,27,180000,3898,0,715,4079,0,213,0,715,6942,0,213,0,0,-2863,0,0,0
Male,Graduate,Single,28,270000,237881,232799,227597,230751,235931,240595,0,0,8400,9000,8700,232799,227597,222351,226931,231895,1
Male,Graduate,Single,36,70000,50016,48941,51809,50675,54839,53803,0,4000,0,5000,0,48941,47809,50675,49839,53803,1
Male,Graduate,Single,27,290000,246284,218441,176099,170282,166869,173273,10000,8000,6500,7000,10000,208441,168099,163782,159869,163273,0
Female,Graduate,Single,41,350000,0,3813,1298,500,2398,0,3813,1298,500,2398,0,0,0,0,0,0,0
Male,University,Married,54,210000,471,176,195,485,210,3483,176,195,485,0,4466,0,0,0,210,-983,0
Male,University,Single,47,110000,53016,56532,57502,58460,59876,58761,5000,2500,2500,2500,0,51532,55002,55960,57376,58761,1
Male,University,Married,32,300000,2884,1706,2960,579,0,0,1706,2964,579,0,0,0,-4,0,0,0,1
Female,University,Single,38,140000,141453,132415,130305,79775,74462,74954,8000,3100,3000,5417,0,124415,127205,76775,69045,74954,0
Male,Graduate,Single,27,80000,77111,81555,72868,55780,53523,54679,6384,0,2100,2100,2200,75171,72868,53680,51423,52479,0
Female,University,Married,42,360000,44380,968,990,390,390,3103,968,990,390,390,3103,0,0,0,0,0,0
Female,University,Single,33,210000,19951,21620,23251,24358,25805,27168,2000,2000,1500,2000,1800,19620,21251,22858,23805,25368,0
Male,University,Single,22,50000,19875,19273,21133,19121,19663,20235,0,2500,0,1000,1050,19273,18633,19121,18663,19185,1
Female,Graduate,Single,28,80000,0,0,0,0,2284,-786,0,0,0,2284,0,0,0,0,0,-786,1
Female,High School,Single,27,130000,49780,51200,88209,53958,50577,41585,2300,50577,2000,2000,1488,48900,37632,51958,48577,40097,0
Female,Graduate,Single,22,50000,49077,47610,46490,21056,20425,20632,2610,2609,715,930,2000,45000,43881,20341,19495,18632,0
Female,High School,Single,34,80000,585,-395,-2241,0,0,0,395,1846,8759,0,0,-790,-4087,-8759,0,0,0
Male,Graduate,Single,35,350000,3260,4248,785,135,0,1006,4273,0,0,1006,1006,-25,785,135,-1006,0,0
Female,University,Married,37,330000,2148,0,3080,3119,0,7255,0,3080,3119,0,7255,0,0,0,0,0,0
Female,University,Single,23,80000,20661,22515,23339,23654,25119,24567,2500,1500,1000,2000,0,20015,21839,22654,23119,24567,0
Female,Graduate,Married,51,280000,11223,15225,4951,2408,8360,6202,15262,4951,2408,8360,6202,-37,0,0,0,0,0
Male,University,Single,49,30000,27414,26910,25321,19455,0,0,1526,1696,1015,0,0,25384,23625,18440,0,0,0
Male,High School,Married,44,200000,69106,70393,73220,74419,76078,77822,3000,4000,3000,3000,3000,67393,69220,71419,73078,74822,0
Female,Graduate,Single,26,120000,2897,481,721,444,710,1920,485,721,444,710,1920,-4,0,0,0,0,0
Female,University,Married,38,50000,3239,4166,0,0,0,0,1000,0,0,0,0,3166,0,0,0,0,0
Male,University,Single,31,50000,18190,12521,14308,14769,15925,15441,0,2000,1000,1542,764,12521,12308,13769,14383,14677,0
Male,Graduate,Married,58,300000,158230,160242,156171,165556,169250,172804,6000,0,12000,6500,6500,154242,156171,153556,162750,166304,1
Male,University,Single,30,20000,12755,832,2800,1231,1052,0,832,1000,900,500,0,0,1800,331,552,0,0
Male,University,Single,46,50000,47772,46935,33937,19277,14563,17293,2000,1221,595,1000,3500,44935,32716,18682,13563,13793,1
Female,University,Single,44,500000,77257,73089,81210,88888,107072,115264,10000,10000,10000,20000,10000,63089,71210,78888,87072,105264,0
Female,University,Married,40,130000,1445,1445,1651,1651,390,0,1445,1651,0,390,0,0,0,1651,0,0,0
Female,Graduate,Single,28,70000,59794,58267,63931,64585,66207,67577,0,6672,2300,2800,2600,58267,57259,62285,63407,64977,1
Female,High School,Single,29,70000,24336,25510,24726,25377,24818,14978,3010,0,875,600,1000,22500,24726,24502,24218,13978,0
Female,University,Single,27,120000,36175,37062,32916,30947,22974,19539,3000,2000,1500,2000,0,34062,30916,29447,20974,19539,0
Male,University,Married,48,340000,73627,75052,76022,76402,75356,76237,3870,3819,2823,2876,2853,71182,72203,73579,72480,73384,0
Male,Graduate,Single,41,130000,1392,0,696,1076,316,696,0,696,1076,316,696,0,0,0,0,0,1
Male,Graduate,Single,33,240000,239009,243242,242128,216017,199069,202358,15018,35521,20003,7009,15018,228224,206607,196014,192060,187340,0
Female,University,Married,37,50000,28522,29906,34057,34611,38359,37592,1849,5000,1417,4488,0,28057,29057,33194,33871,37592,0
Female,University,Married,48,210000,11876,11876,11876,11876,18954,11876,11876,11876,11876,18954,5000,0,0,0,0,6876,0
Male,University,Single,30,30000,20732,21451,20808,21761,22762,23139,1347,0,1300,1500,900,20104,20808,20461,21262,22239,1
Female,University,Single,22,80000,76737,70614,68502,27160,27712,29245,3500,10092,966,2000,2000,67114,58410,26194,25712,27245,0
Male,High School,Married,42,50000,50708,44610,44043,28557,27903,29164,1872,1566,983,1027,3000,42738,42477,27574,26876,26164,0
Female,High School,Married,25,220000,93674,123673,92036,93935,94607,93903,3500,4846,3000,3000,3000,120173,87190,90935,91607,90903,0
Male,University,Married,37,40000,12127,11647,13138,14903,17664,19371,0,2000,2000,3000,2000,11647,11138,12903,14664,17371,0
Male,Graduate,Single,26,280000,245969,251120,254735,270486,276026,271408,10600,9300,20000,10000,0,240520,245435,250486,266026,271408,0
Female,University,Married,31,90000,350,0,0,0,0,0,0,0,0,0,0,0,0,0,0,0,0
Female,University,Single,39,180000,166915,117351,115402,105844,98396,101390,6000,7030,8000,5396,5390,111351,108372,97844,93000,96000,0
Male,University,Single,30,50000,32781,31702,26829,18948,18830,19358,1489,1326,642,2000,824,30213,25503,18306,16830,18534,1
Male,University,Single,27,320000,144648,150320,151365,154025,157082,160217,8000,6000,5671,5700,5741,142320,145365,148354,151382,154476,0
Male,University,Married,38,70000,52121,53235,52015,38985,36097,36995,1965,1995,1336,1430,1500,51270,50020,37649,34667,35495,0
Female,Graduate,Single,36,260000,2111,545,2332,1277,1996,1020,0,2007,0,1020,0,545,325,1277,976,1020,1
Male,Graduate,Married,38,360000,277523,117239,121284,93951,58200,52585,4013,90054,9011,3007,2592,113226,31230,84940,55193,49993,0
Female,University,Single,38,100000,89842,82669,70018,57847,43618,38715,4025,2511,1523,1292,1236,78644,67507,56324,42326,37479,0
Female,Graduate,Married,32,100000,380,380,380,380,425,1045,380,380,380,425,1000,0,0,0,0,45,1
Female,University,Married,39,140000,133641,136663,137110,139761,137215,133572,7000,6010,6000,5400,5000,129663,131100,133761,131815,128572,0
Female,University,Single,28,90000,83480,89264,89896,86706,87385,88351,8000,3000,0,3000,5000,81264,86896,86706,84385,83351,0
Male,Graduate,Single,25,220000,-1855,84332,85897,90106,94129,101037,88444,4000,5000,5000,8000,-4112,81897,85106,89129,93037,0
Female,Graduate,Single,34,260000,5237,0,0,0,3982,0,0,0,0,3982,0,0,0,0,0,0,0
Female,Graduate,Married,42,260000,78,984,0,0,0,0,984,0,0,0,0,0,0,0,0,0,0
Male,Graduate,Single,24,20000,4720,0,20200,20000,0,0,0,20200,0,0,0,0,0,20000,0,0,0
Female,Graduate,Single,27,50000,49296,50080,50725,43492,44377,41297,1881,1915,1472,4012,2008,48199,48810,42020,40365,39289,0
Female,University,Single,23,70000,57034,58224,59158,60675,62047,65298,2700,2500,2500,2500,4300,55524,56658,58175,59547,60998,0
Female,University,Married,36,170000,15031,16784,17711,17131,18197,18748,2500,1500,0,1500,1000,14284,16211,17131,16697,17748,1
Female,University,Single,22,30000,30719,30123,30112,26763,22303,24397,1900,1626,1267,766,10000,28223,28486,25496,21537,14397,0
Male,University,Single,68,200000,203533,204149,179350,152525,152765,152680,8870,7578,5700,5882,5799,195279,171772,146825,146883,146881,0
Female,University,Single,39,50000,16729,17772,18419,18786,19187,17175,1620,1267,634,665,668,16152,17152,18152,18522,16507,0
Male,University,Single,30,50000,0,0,0,0,0,0,0,0,0,0,0,0,0,0,0,0,0
Female,University,Married,35,470000,64875,57920,59307,61500,59563,57368,2505,3000,3016,2200,3000,55415,56307,58484,57363,54368,0
Female,Graduate,Single,22,20000,7702,274,1395,10555,9500,9588,274,1395,10555,0,9588,0,0,0,9500,0,1
Male,University,Single,26,50000,291,291,291,291,291,0,291,291,291,291,0,0,0,0,0,0,0
Female,University,Married,56,360000,500090,477461,455591,430313,406010,377820,15900,16489,14128,13210,10442,461561,439102,416185,392800,367378,0
Female,University,Other,46,20000,0,0,390,390,390,150,0,390,0,0,150,0,0,390,390,0,0
Female,Graduate,Single,26,140000,6208,2136,6573,0,770,0,2136,6573,0,770,0,0,0,0,0,0,0
Female,High School,Married,47,10000,2855,3871,4883,5053,5275,0,1069,1081,251,375,0,2802,3802,4802,4900,0,1
Female,Graduate,Single,30,90000,19003,21876,21231,22071,23211,23773,3500,0,1500,1500,1100,18376,21231,20571,21711,22673,0
Female,University,Married,46,200000,722,9086,9213,7360,11560,21808,9086,9219,147,4200,11808,0,-6,7213,7360,10000,0
Female,University,Married,39,390000,827,827,827,1036,15209,15156,827,827,1036,15000,1000,0,0,0,209,14156,0
Female,University,Single,25,90000,78651,79972,81415,81878,83206,85350,3600,3805,3100,3200,4100,76372,77610,78778,80006,81250,1
Female,Graduate,Single,27,130000,0,1483,2450,0,1089,2249,1483,1000,0,1089,2249,0,1450,0,0,0,0
Female,University,Single,33,120000,0,974,194,1758,1450,520,974,0,1954,0,0,0,194,-196,1450,520,1
Female,University,Married,35,160000,549,0,0,0,1893,0,0,0,0,1893,0,0,0,0,0,0,0
Female,University,Single,24,70000,71339,69515,59878,58318,61865,63695,6,62343,0,4500,3000,69509,-2465,58318,57365,60695,0
Male,High School,Married,60,80000,68085,70604,26890,27450,27634,28216,10000,1500,1000,1100,1041,60604,25390,26450,26534,27175,0
Female,University,Single,36,250000,62131,63238,51547,48483,49553,49683,2741,1741,1824,1942,2100,60497,49806,46659,47611,47583,0
Male,University,Single,37,240000,171974,175049,176990,169198,166131,169245,8000,7000,6000,5200,5400,167049,169990,163198,160931,163845,0
Female,University,Single,49,50000,12272,7980,7959,8978,7357,7841,2005,2000,1019,3007,3008,5975,5959,7959,4350,4833,0
Female,High School,Single,23,30000,2277,3158,4080,5080,150,178,1078,1000,1000,150,178,2080,3080,4080,0,0,0
Male,High School,Married,51,50000,55028,50184,50391,19867,20154,18732,3000,1600,1000,1000,1000,47184,48791,18867,19154,17732,1
Female,University,Single,24,80000,2152,3832,3587,3332,3400,-300,2245,0,267,68,0,1587,3587,3065,3332,-300,1
Male,University,Married,47,130000,109640,109699,91200,45400,0,0,8436,2270,0,0,0,101263,88930,45400,0,0,0
Male,High School,Single,23,50000,47033,43512,32287,34156,14618,3648,1707,1318,496,1076,708,41805,30969,33660,13542,2940,0
Male,University,Married,39,200000,-390,-390,-390,-391,710,321,0,0,0,1101,1,-390,-390,-391,-391,320,0
Male,High School,Married,33,140000,140795,93199,64487,53220,50051,45859,3609,2039,3014,2514,1656,89590,62448,50206,47537,44203,0
Female,Graduate,Single,23,30000,18397,19789,21450,22391,23029,23745,2000,2000,1300,1000,1100,17789,19450,21091,22029,22645,0
Female,Graduate,Single,25,20000,11729,12236,17994,17412,18422,18768,1000,6000,0,1600,800,11236,11994,17412,16822,17968,0
Male,University,Single,29,70000,18312,19516,20685,22142,23340,22817,1500,1500,1800,1700,0,18016,19185,20342,21640,22817,0
Female,High School,Other,48,20000,19590,19120,18932,18749,18620,18668,1308,1593,800,700,741,17812,17339,17949,17920,17927,0
Male,Graduate,Married,42,410000,27559,29866,32233,34450,36954,39251,3000,2800,3000,3000,3000,26866,29433,31450,33954,36251,0
Male,Graduate,Married,41,250000,390,390,390,1130,1683,2587,390,390,1130,1683,2587,0,0,0,0,0,1
Female,University,Single,27,140000,136308,137077,138919,138035,138857,138894,5150,7750,5000,5379,5200,131927,131169,133035,133478,133694,1
Female,Graduate,Single,26,90000,17704,14478,17681,15240,19364,18828,5005,5145,1801,5024,8007,9473,12536,13439,14340,10821,0
Male,Graduate,Married,38,340000,325,325,325,580,9664,29200,325,325,580,9664,29200,0,0,0,0,0,0
Female,University,Married,28,230000,1190,1716,0,1012,0,753,1716,0,1012,0,753,0,0,0,0,0,0
Male,High School,Single,33,80000,30013,33514,34662,35784,37065,36320,4000,2000,2000,2000,0,29514,32662,33784,35065,36320,0
Female,University,Single,42,50000,51521,46015,15057,19825,4264,3690,1451,13609,13327,250,1000,44564,1448,6498,4014,2690,1
Female,University,Married,35,60000,60505,60820,54853,39112,39714,38850,2300,2000,1500,1500,1600,58520,52853,37612,38214,37250,0
Female,University,Single,24,50000,8587,9941,10950,11519,11191,11903,1500,1481,1050,0,903,8441,9469,10469,11191,11000,0
Female,University,Single,28,210000,145643,133339,137000,55855,58370,59537,4741,5778,1955,3370,1913,128598,131222,53900,55000,57624,0
Female,Graduate,Single,27,140000,135249,138577,141555,110852,113639,95052,5500,5700,4200,4700,3800,133077,135855,106652,108939,91252,0
Male,High School,Single,32,20000,4338,5355,6369,6891,6635,7287,1092,1106,628,0,762,4263,5263,6263,6635,6525,0
Male,High School,Other,48,20000,-739,-5978,16089,14457,20106,10258,0,42400,289,201,410,-5978,-26311,14168,19905,9848,1
Male,Graduate,Single,32,230000,2785,3943,3126,3126,500,500,1223,1000,0,0,0,2720,2126,3126,500,500,0
Male,University,Single,27,210000,30365,29858,30713,27644,26236,26312,1606,2000,1200,1200,1000,28252,28713,26444,25036,25312,0
Male,University,Single,34,20000,36773,17288,16212,17567,16089,20743,3210,2000,1600,871,5214,14078,14212,15967,15218,15529,0
Female,University,Single,24,50000,45537,46601,47276,48224,48760,48382,2100,1760,1707,2602,1000,44501,45516,46517,46158,47382,0
Male,High School,Single,49,30000,15966,240,17433,16865,29220,11400,262,20416,852,29220,728,-22,-2983,16013,0,10672,0
Female,University,Single,36,50000,37329,32540,26601,27358,28017,28593,1500,1500,1200,1100,1042,31040,25101,26158,26917,27551,1
Female,Graduate,Married,30,150000,44820,14657,20950,3601,696,696,0,20962,1,696,0,14657,-12,3600,0,696,0
Male,University,Married,57,160000,2008,280,-110,187,197,307,0,0,687,400,500,280,-110,-500,-203,-193,0
Female,High School,Married,42,90000,14376,15374,11195,8948,9143,6003,1278,1086,581,273,227,14096,10109,8367,8870,5776,0
Male,University,Married,39,150000,10086,32353,13181,2010,7790,0,32400,13181,2020,7790,0,-47,0,-10,0,0,0
Male,High School,Single,36,200000,45810,0,0,0,0,0,0,0,0,0,0,0,0,0,0,0,1
Male,Graduate,Married,40,170000,171841,171014,168142,169821,173014,163570,7540,7540,6301,6517,6035,163474,160602,163520,166497,157535,0
Female,University,Married,38,100000,84883,86616,88207,89428,95895,93092,4000,4500,3500,8000,4000,82616,83707,85928,87895,89092,0
Male,High School,Married,39,20000,16946,14960,12772,12630,12524,11179,1529,1161,409,444,405,13431,11611,12221,12080,10774,0
Male,Graduate,Single,24,30000,27576,27089,27986,28580,28649,29147,1500,1500,1050,1100,1000,25589,26486,27530,27549,28147,0
Male,Graduate,Single,32,200000,42325,32061,0,0,0,0,2000,0,0,0,0,30061,0,0,0,0,0
Male,University,Married,46,180000,390,390,390,0,390,930,390,390,0,390,930,0,0,0,0,0,0
Female,University,Married,44,160000,0,5621,6468,6600,0,0,5621,1000,132,0,0,0,5468,6468,0,0,0
Female,University,Single,31,80000,54207,52775,53906,60099,61402,60272,0,2000,7100,2400,0,52775,51906,52999,59002,60272,0
Female,Graduate,Married,36,70000,81719,85389,86287,65287,35345,9360,5000,3000,2000,3000,5000,80389,83287,63287,32345,4360,0
Male,High School,Single,44,80000,78950,79788,70319,0,0,0,2815,1858,0,0,0,76973,68461,0,0,0,1
Male,University,Single,45,50000,48406,49880,47206,19189,19008,19687,2286,1302,678,695,1000,47594,45904,18511,18313,18687,1
Female,University,Married,58,140000,70428,71902,72924,72335,75508,77116,3200,2800,1200,4500,3000,68702,70124,71135,71008,74116,1
Female,University,Married,50,90000,76025,55440,11227,4000,5000,10327,10374,16926,4000,6000,10327,45066,-5699,0,-1000,0,0
Female,Graduate,Single,27,120000,19333,0,0,0,0,0,0,0,0,0,0,0,0,0,0,0,0
Female,University,Single,33,80000,47867,31925,731,55541,56703,57833,1925,731,56000,2055,2070,30000,0,-459,54648,55763,0
Male,University,Single,43,20000,34213,30100,25871,21970,18669,19669,0,0,0,0,1000,30100,25871,21970,18669,18669,1
Male,Graduate,Single,28,20000,10631,1512,20400,20000,20000,0,0,20400,0,0,0,1512,0,20000,20000,0,0
Female,University,Single,34,440000,0,200,751,2674,317,565,200,751,2700,320,570,0,0,-26,-3,-5,0
Female,University,Married,28,310000,106540,110211,208505,150380,38551,42901,5000,100000,7000,10000,5000,105211,108505,143380,28551,37901,0
Female,University,Single,25,80000,0,0,0,0,0,442,0,0,0,0,442,0,0,0,0,0,0
Male,Graduate,Single,28,200000,95065,112893,110059,34125,36031,31885,20000,0,34000,2500,0,92893,110059,125,33531,31885,0
Female,University,Married,34,300000,6451,4828,6858,8048,1701,2920,0,4004,2000,0,2920,4828,2854,6048,1701,0,1
Female,University,Married,35,140000,10215,14293,13035,5753,2296,1398,4293,1004,115,46,1398,10000,12031,5638,2250,0,0
Female,University,Married,43,230000,3451,5560,1180,8563,5180,2524,5587,1186,8605,5201,2532,-27,-6,-42,-21,-8,0
Female,High School,Married,38,130000,100443,95794,92765,48481,47779,42362,3516,4112,2007,2516,1119,92278,88653,46474,45263,41243,1
Female,Other,Married,48,40000,37896,40262,40370,39970,39970,0,3292,1400,0,0,0,36970,38970,39970,39970,0,0
Female,High School,Married,23,20000,20030,18808,17080,18293,18752,19195,1600,1300,1500,900,900,17208,15780,16793,17852,18295,0
Female,University,Single,26,90000,43310,40275,37800,37323,34396,34938,2500,3000,3000,2000,3000,37775,34800,34323,32396,31938,0
Female,High School,Single,41,50000,24064,24981,25473,25857,26298,25725,1600,1200,1100,1000,0,23381,24273,24757,25298,25725,1
Male,University,Married,49,220000,153880,143020,117567,153069,153045,144529,6300,4500,37486,6000,5200,136720,113067,115583,147045,139329,0
Female,University,Other,64,60000,24541,25838,27022,28357,28992,24505,2000,2000,2000,1000,1000,23838,25022,26357,27992,23505,1
Male,High School,Married,48,240000,111990,125109,129014,131864,134744,138504,15000,6000,5000,5000,6000,110109,123014,126864,129744,132504,0
Female,University,Single,40,400000,0,0,0,0,0,0,0,0,0,0,0,0,0,0,0,0,0
Male,Graduate,Single,30,120000,179,1403,0,0,473,323,1403,0,0,473,0,0,0,0,0,323,0
Female,Graduate,Married,37,280000,0,0,0,539,94,3582,0,0,539,0,3582,0,0,0,94,0,0
Female,University,Single,28,390000,1421,1286,2123,2219,1205,3343,1294,2133,2230,1209,3365,-8,-10,-11,-4,-22,0
Female,Graduate,Married,46,340000,9435,40670,14007,11922,84739,11132,40670,24330,11943,84739,11132,0,-10323,-21,0,0,0
Male,University,Single,47,10000,219,9110,9797,-10433,9767,9067,10400,1000,0,20200,200,-1290,8797,-10433,-10433,8867,1
Male,University,Married,35,110000,48131,73221,74341,50184,51412,49448,32123,3000,1800,2041,2069,41098,71341,48384,49371,47379,1
Male,University,Single,31,100000,95972,97650,-5000,-5000,-5000,-5000,5000,0,0,0,0,92650,-5000,-5000,-5000,-5000,0
Female,University,Married,25,130000,119703,122967,125101,54560,52681,44529,5200,5301,3000,2000,5000,117767,119800,51560,50681,39529,0
Male,University,Married,45,230000,221691,226696,223872,98219,100276,102263,10000,3600,0,3628,3643,216696,220272,98219,96648,98620,0
Female,University,Married,39,290000,296002,284025,278422,283034,284430,294131,12000,11600,12628,8000,16600,272025,266822,270406,276430,277531,1
Male,Graduate,Single,29,50000,16645,18368,20053,20721,21234,22881,2000,2000,1000,1000,2000,16368,18053,19721,20234,20881,0
Female,Graduate,Single,27,120000,13394,17356,6826,36830,6280,150,17456,6826,36837,6280,150,-100,0,-7,0,0,0
Female,Graduate,Married,36,240000,7058,4786,6853,5673,7588,2737,4789,6853,113,7588,2737,-3,0,5560,0,0,1
Female,Graduate,Single,32,360000,166848,149903,138091,138123,140324,108772,7294,6135,4504,4669,4060,142609,131956,133619,135655,104712,0
Female,High School,Single,31,110000,77595,78322,66068,61486,60695,58147,3700,2212,2100,2200,2200,74622,63856,59386,58495,55947,0
Female,High School,Single,23,60000,23268,16603,8651,500,29468,30201,1215,1001,502,29468,1201,15388,7650,-2,0,29000,0
Male,Graduate,Single,33,130000,0,0,0,8495,6480,0,0,0,8495,0,0,0,0,0,6480,0,1
Female,Graduate,Married,31,250000,315,-72,7304,95,0,0,0,7376,0,0,0,-72,-72,95,0,0,0
Male,High School,Single,38,410000,4822,232,2255,2546,2650,6286,233,2266,2558,2663,6303,-1,-11,-12,-13,-17,0
Female,High School,Single,53,130000,100184,99001,88214,90167,90682,92672,4700,3200,3403,3300,3500,94301,85014,86764,87382,89172,0
Male,Graduate,Single,38,200000,180486,183076,195535,190960,202139,194326,7000,15500,0,14184,0,176076,180035,190960,187955,194326,0
Female,Graduate,Single,25,60000,37287,36412,37280,35321,36099,36724,0,1800,1414,1500,1377,36412,35480,33907,34599,35347,0
Male,Graduate,Single,25,20000,85,1347,3969,1855,3569,3823,1377,4122,1865,3611,3823,-30,-153,-10,-42,0,0
Male,University,Married,37,20000,17214,9633,10944,11280,11011,7755,2248,1500,757,0,430,7385,9444,10523,11011,7325,0
Female,University,Married,50,380000,294100,313346,299786,307801,288820,266266,30125,11600,20009,11000,0,283221,288186,287792,277820,266266,0
Male,High School,Married,47,80000,78415,80093,74598,34712,40452,39762,3369,1688,694,44492,1455,76724,72910,34018,-4040,38307,1
Male,University,Single,31,160000,24645,24956,25819,25754,25898,25925,1420,1699,1050,1104,1041,23536,24120,24704,24794,24884,0
Male,Graduate,Single,23,50000,47201,47548,48402,28331,29174,29739,1400,1800,1100,1300,1200,46148,46602,27231,27874,28539,0
Male,University,Married,34,50000,24249,25952,29915,30215,5964,2800,2100,5000,1000,0,56,23852,24915,29215,5964,2744,0
Male,University,Married,34,310000,97196,95832,83123,46342,44693,43296,6000,5000,4000,3000,3000,89832,78123,42342,41693,40296,0
Male,University,Single,30,130000,95799,97858,100534,105347,103550,109733,4500,5200,8000,0,8100,93358,95334,97347,103550,101633,0
Male,Graduate,Single,33,180000,33331,35311,31648,23461,20671,17122,5317,23,208,10,51,29994,31625,23253,20661,17071,0
Female,University,Married,43,130000,129099,130522,106158,97685,80733,82883,5008,6003,4000,3000,4870,125514,100155,93685,77733,78013,0
Male,Graduate,Married,35,50000,50482,50267,44880,45122,49518,50389,6749,5000,8000,5000,10000,43518,39880,37122,44518,40389,0
Female,University,Married,30,150000,36472,33947,35518,30564,21849,25168,0,5035,5000,900,10000,33947,30483,25564,20949,15168,1
Female,Graduate,Single,25,230000,32915,21726,12299,5860,0,0,4794,3116,5029,0,0,16932,9183,831,0,0,0
Female,Graduate,Single,23,20000,19082,19286,19637,18826,19522,21775,1321,1400,1000,1000,2583,17965,18237,17826,18522,19192,0
Female,Graduate,Married,33,360000,0,0,0,0,0,0,0,0,0,0,0,0,0,0,0,0,1
Female,Graduate,Married,31,180000,0,0,0,2537,0,0,0,0,2537,0,0,0,0,0,0,0,0
Male,University,Married,37,280000,196807,193629,195583,189545,184042,183287,7005,10023,7047,7023,7012,186624,185560,182498,177019,176275,0
Female,Graduate,Single,23,90000,11495,10764,11304,9601,10050,8304,1200,3000,0,2000,0,9564,8304,9601,8050,8304,1
Male,University,Married,41,210000,149343,145319,86335,69670,59502,119494,0,5000,3600,2000,2000,145319,81335,66070,57502,117494,0
Male,Graduate,Single,30,240000,0,0,0,0,0,0,0,0,0,0,0,0,0,0,0,0,1
Female,Graduate,Married,49,200000,4739,-61,-61,-61,-61,-61,0,0,0,0,0,-61,-61,-61,-61,-61,0
Female,Graduate,Married,35,180000,47603,48705,50140,60607,67976,20412,5705,3003,10607,7976,5412,43000,47137,50000,60000,15000,0
Male,High School,Married,44,190000,-1600,2400,2184,2184,2184,0,4000,0,0,0,0,-1600,2184,2184,2184,0,0
Female,High School,Married,53,50000,4794,3848,4682,4521,4165,4809,4000,5000,5000,4200,4810,-152,-318,-479,-35,-1,0
Female,Other,Married,23,80000,5000,0,31432,24455,26920,0,0,31432,3000,3000,0,0,0,21455,23920,0,0
Male,University,Single,23,50000,32589,32583,21197,7666,4768,5685,1000,2000,1000,1000,1000,31583,19197,6666,3768,4685,1
Male,Graduate,Single,29,130000,102640,-10,-10,-10,-10,-10,0,0,0,0,0,-10,-10,-10,-10,-10,0
Female,University,Married,52,30000,18499,20391,20758,21118,21632,22129,2500,1000,1000,1000,1000,17891,19758,20118,20632,21129,1
Female,Graduate,Single,28,30000,36541,17625,26243,25829,-175,664,5000,11000,3000,2000,1500,12625,15243,22829,-2175,-836,0
Male,University,Single,24,50000,20378,23346,23670,22994,23473,23932,3300,1000,0,1000,1000,20046,22670,22994,22473,22932,1
Female,Graduate,Married,41,360000,100608,95511,96288,100251,99983,122578,4000,6000,5000,4000,80000,91511,90288,95251,95983,42578,0
Female,University,Single,24,80000,45647,45248,33696,40092,40946,41588,2039,2000,7000,1482,2501,43209,31696,33092,39464,39087,1
Male,Graduate,Single,33,460000,161054,164509,168730,172072,154177,157246,6050,7000,6000,5593,5630,158459,161730,166072,148584,151616,0
Male,Graduate,Married,48,200000,5472,4306,4655,4930,3601,3366,4318,4681,4958,3712,3476,-12,-26,-28,-111,-110,0
Male,University,Single,22,50000,49334,48237,49496,10353,4337,15017,5000,2510,10371,16533,11017,43237,46986,-18,-12196,4000,1
Female,University,Single,28,370000,87248,82477,71825,69872,63656,46555,2896,2097,2000,1818,1044,79581,69728,67872,61838,45511,0
Female,University,Married,42,20000,18464,19465,19649,19978,20512,20831,1600,800,950,1000,800,17865,18849,19028,19512,20031,1
Female,Graduate,Single,24,50000,50537,44686,38493,33769,34211,34944,2554,1900,1355,1300,1300,42132,36593,32414,32911,33644,0
Male,University,Married,54,80000,26730,24568,27979,22460,22743,22988,1500,3901,1001,1001,1001,23068,24078,21459,21742,21987,0
Female,Graduate,Married,31,170000,0,0,0,0,0,0,0,0,0,0,0,0,0,0,0,0,0
Male,Graduate,Married,54,400000,1348,21411,-25,4895,48976,15319,21532,0,4920,49221,15395,-121,-25,-25,-245,-76,0
Female,University,Married,41,500000,131720,103746,91805,76152,62783,44422,3900,3200,2766,2100,1703,99846,88605,73386,60683,42719,0
Male,High School,Married,44,250000,6826,3900,4482,43546,38051,576,3924,4482,43676,38166,576,-24,0,-130,-115,0,1
Female,University,Single,22,80000,80491,64868,51936,30165,30145,30085,2327,1687,1052,1076,1121,62541,50249,29113,29069,28964,0
Female,University,Other,40,90000,89762,90395,87428,61778,68248,66997,3000,2773,2402,7660,0,87395,84655,59376,60588,66997,0
Male,High School,Single,44,120000,149229,138487,127516,124530,120937,67711,0,0,6000,5067,1548,138487,127516,118530,115870,66163,1
Male,University,Married,44,310000,3947,5987,7739,8843,12204,14520,2500,2000,2000,3500,2500,3487,5739,6843,8704,12020,0
Male,University,Single,22,20000,13540,397,998,734,1698,500,406,1101,736,1799,601,-9,-103,-2,-101,-101,0
Female,University,Single,29,60000,4603,4186,0,1887,1543,3972,0,0,1887,0,3557,4186,0,0,1543,415,0
Female,Graduate,Single,29,460000,170894,160223,160894,165246,169983,173330,7018,7000,7002,8007,8038,153205,153894,158244,161976,165292,0
Male,University,Married,40,220000,2300,1000,11289,4887,3083,9401,1000,11289,4887,3083,10020,0,0,0,0,-619,0
Male,Graduate,Single,32,220000,203689,204943,172926,104747,180458,182435,10000,8000,6000,107000,13000,194943,164926,98747,73458,169435,1
Male,University,Single,33,20000,17439,16872,17483,9152,0,0,0,1000,183,0,0,16872,16483,8969,0,0,0
Male,High School,Married,38,80000,6270,14412,12540,1261,2705,1261,19421,0,0,2705,0,-5009,12540,1261,0,1261,1
Male,Graduate,Single,31,220000,7521,4023,5878,6452,5157,4159,4028,5892,6463,5163,4169,-5,-14,-11,-6,-10,0
Male,University,Single,23,20000,10478,11193,12207,14402,16399,20929,1193,1207,2402,2399,5000,10000,11000,12000,14000,15929,0
Female,University,Single,26,100000,46891,48134,49331,50508,51543,52685,2000,2000,2000,2000,2000,46134,47331,48508,49543,50685,0
Female,Graduate,Single,31,230000,81734,82238,80623,90997,62063,62003,3687,4539,2220,3214,2407,78551,76084,88777,58849,59596,0
Female,University,Married,40,300000,184164,151244,150727,196467,201425,-8276,7028,6000,50000,10013,9505,144216,144727,146467,191412,-17781,0
Male,University,Single,24,20000,2522,390,0,780,0,780,390,0,780,0,780,0,0,0,0,0,0
Male,Graduate,Single,29,160000,390,4238,780,390,390,540,4238,780,0,390,540,0,0,390,0,0,0
Female,University,Married,27,70000,48098,47922,51806,55625,57072,58269,881,4700,4700,2500,2300,47041,47106,50925,54572,55969,1
Female,University,Single,37,240000,280110,281104,286048,369693,243198,243498,10000,15002,9000,10000,8600,271104,271046,360693,233198,234898,0
Male,University,Single,25,100000,1285,2530,23496,23263,23176,23542,2530,23496,1500,1500,2000,0,0,21763,21676,21542,0
Male,University,Single,30,220000,18301,20161,24621,17125,18378,1344,2026,10040,1000,1253,1350,18135,14581,16125,17125,-6,0
Male,University,Single,42,50000,5268,5896,6645,7009,6869,7268,1107,1246,1000,500,1000,4789,5399,6009,6369,6268,0
Female,High School,Married,44,80000,5730,5837,0,0,0,0,5837,0,0,0,0,0,0,0,0,0,0
Male,Graduate,Single,28,130000,114144,102650,0,0,0,0,0,0,0,0,0,102650,0,0,0,0,1
Female,University,Single,23,30000,27171,27429,26571,28128,27548,29536,1000,1800,2300,0,2600,26429,24771,25828,27548,26936,0
Female,University,Married,46,360000,0,0,0,0,0,0,0,0,0,0,0,0,0,0,0,0,1
Male,University,Married,34,280000,126305,128888,123909,124078,124489,114110,4728,4700,4210,4455,4109,124160,119209,119868,120034,110001,1
Male,Graduate,Married,45,230000,43885,44926,45941,46853,47834,48942,1749,1764,1676,1735,1902,43177,44177,45177,46099,47040,0
Female,Graduate,Single,24,30000,3055,18392,640,0,2583,4653,18407,640,0,2583,4653,-15,0,0,0,0,0
Female,University,Married,28,70000,45738,36105,27484,28526,30053,30379,4016,2000,2000,2000,2000,32089,25484,26526,28053,28379,1
Male,University,Single,32,100000,43788,44843,45814,46727,46798,46799,1759,1730,1643,1696,1685,43084,44084,45084,45102,45114,0
Male,University,Single,27,50000,50679,45126,37800,51457,50463,41758,2033,1900,51457,0,1642,43093,35900,0,50463,40116,1
Female,University,Single,26,150000,221,0,0,0,0,0,0,0,0,0,0,0,0,0,0,0,0
Male,University,Single,46,20000,780,0,1170,780,0,0,0,1170,0,0,0,0,0,780,0,0,1
Male,High School,Other,48,100000,10514,8408,5250,9360,4098,800,13008,1119,7110,110,102,-4600,4131,2250,3988,698,1
Female,University,Single,25,90000,41757,42797,41814,42813,43571,46350,2001,0,2000,1600,3500,40796,41814,40813,41971,42850,1
Male,High School,Single,49,50000,34461,35582,40610,11292,3266,10012,2000,6000,2000,2200,10000,33582,34610,9292,1066,12,0
Male,Graduate,Married,49,200000,2500,2500,2500,2500,2500,2500,0,0,0,0,0,2500,2500,2500,2500,2500,1
Female,University,Single,26,250000,46467,17787,18852,24097,19152,1547,1500,1500,5645,500,1547,16287,17352,18452,18652,0,0
Female,Graduate,Married,32,140000,0,0,0,0,0,0,0,0,0,0,0,0,0,0,0,0,0
Female,University,Married,44,320000,396,396,396,792,396,396,396,396,792,0,396,0,0,0,396,0,0
Female,University,Married,22,20000,20439,20564,20479,19415,20540,20903,1602,900,0,1800,850,18962,19579,19415,18740,20053,1
Female,University,Single,26,80000,46738,48237,49642,52052,40505,41471,3001,3000,3000,3000,1637,45236,46642,49052,37505,39834,0
Female,University,Single,36,300000,0,0,200,0,16418,88632,0,200,0,16418,88632,0,0,0,0,0,0
Female,Graduate,Married,38,500000,54787,72780,48785,16025,19120,11461,20015,1670,0,19120,11461,52765,47115,16025,0,0,0
Male,University,Single,22,30000,4873,14891,14860,14260,8864,2578,16547,3000,1000,1000,1990,-1656,11860,13260,7864,588,0
Female,Other,Single,47,130000,1478,1501,2598,1299,1299,1299,1501,2598,0,1299,1299,0,0,1299,0,0,0
Male,University,Married,25,40000,37540,38611,39508,38674,38410,37661,1976,1873,1300,2824,0,36635,37635,37374,35586,37661,0
Female,University,Single,22,20000,19194,19840,7627,0,0,19191,1129,1002,0,0,19191,18711,6625,0,0,0,0
Female,Graduate,Single,39,470000,1264,5478,4753,5289,831,2140,5478,4757,5289,831,2140,0,-4,0,0,0,0
Female,Graduate,Single,42,200000,1347,208,1582,3607,894,301,208,1677,3607,894,301,0,-95,0,0,0,1
Female,University,Single,31,50000,30619,31634,32317,32787,33416,34116,1800,1500,1300,1300,1400,29834,30817,31487,32116,32716,1
Female,University,Married,36,130000,26244,27068,28383,29018,29671,-2000,1550,1769,1404,1493,0,25518,26614,27614,28178,-2000,0
Female,University,Married,33,100000,5576,792,0,1889,2458,10175,792,0,1889,2458,10175,0,0,0,0,0,0
Male,Graduate,Single,29,160000,554,-78,622,-10,326,326,0,700,0,652,0,-78,-78,-10,-326,326,0
Male,High School,Single,26,50000,24132,20109,19932,19762,10708,20148,1902,1200,30,1031,20201,18207,18732,19732,9677,-53,0
Male,Graduate,Married,42,180000,124064,121847,82809,81755,81316,81206,5087,2891,3755,2941,3206,116760,79918,78000,78375,78000,0
Male,High School,Single,29,50000,47863,48261,19258,19268,19040,19555,2000,2000,1000,1000,1000,46261,17258,18268,18040,18555,0
Female,High School,Married,40,70000,65198,65674,58599,49179,49080,49705,2924,1924,1726,1763,2136,62750,56675,47453,47317,47569,0
Male,University,Married,53,270000,211630,209812,219829,214795,228084,232680,3000,15000,0,17000,8500,206812,204829,214795,211084,224180,1
Female,University,Married,48,210000,140,140,140,60,120,-20,140,140,60,200,0,0,0,0,-80,-20,0
Female,University,Married,43,70000,66083,67681,40849,2917,1473,917,3017,2025,58,29,917,64664,38824,2859,1444,0,0
Female,Graduate,Single,31,160000,3555,7340,0,7634,7350,7938,7340,0,7634,0,7938,0,0,0,7350,0,0
Female,University,Married,27,30000,4527,7427,11013,16013,16340,3396,3000,6000,5000,327,3396,4427,5013,11013,16013,0,0
Male,Graduate,Single,29,250000,12044,3260,4037,1184,5107,1893,3276,4057,1196,5123,6,-16,-20,-12,-16,1887,0
Female,High School,Married,51,10000,2731,2541,3499,4441,4233,5566,0,1000,1000,0,2000,2541,2499,3441,4233,3566,0
Male,University,Single,27,50000,17654,17082,20088,19483,19742,19275,0,3300,0,1560,0,17082,16788,19483,18182,19275,0
Male,High School,Married,38,120000,3465,5543,5463,10912,5228,9769,5558,5479,10929,24,9769,-15,-16,-17,5204,0,0
Male,University,Single,28,50000,49417,48104,49348,28433,53718,27084,1966,2210,1946,983,1950,46138,47138,26487,52735,25134,0
Male,Graduate,Single,36,250000,143200,146391,91714,88397,90312,92456,7000,3500,3100,3200,3500,139391,88214,85297,87112,88956,0
Male,University,Single,48,20000,390,1170,780,780,0,0,1170,0,0,0,0,0,780,780,0,0,1
Female,University,Single,25,70000,19508,19633,19685,18887,19073,20208,2000,2000,1000,2000,3003,17633,17685,17887,17073,17205,0
Male,University,Single,46,50000,2635,27299,21206,20127,19049,19730,27921,1262,656,655,2433,-622,19944,19471,18394,17297,0
Male,University,Single,41,110000,120767,133593,125852,118254,120537,112021,24800,4400,4300,4205,4500,108793,121452,113954,116332,107521,0
Female,Graduate,Single,32,100000,7130,6873,8101,8235,34087,34749,0,1500,565,36252,1500,6873,6601,7670,-2165,33249,0
Male,University,Married,31,20000,-66,-66,460,-201,1600,0,0,526,201,1801,0,-66,-66,-402,-201,0,0
Female,University,Married,25,120000,30925,73143,73130,74898,76779,79594,43272,3120,2888,3001,4500,29871,70010,72010,73778,75094,0
Male,University,Single,26,50000,5385,4754,-43,1757,-765,18032,2000,0,1800,0,19000,2754,-43,-43,-765,-968,0
Male,University,Married,29,140000,73302,74539,75724,73909,78305,76888,3000,3000,0,5763,0,71539,72724,73909,72542,76888,1
Male,University,Married,34,140000,711,711,711,10976,711,711,711,711,10976,711,711,0,0,0,0,0,1
Female,Graduate,Married,39,250000,196409,182372,191040,199400,206988,167607,6023,15000,10011,11214,5315,176349,176040,189389,195774,162292,0
Female,University,Single,30,180000,43779,44213,44561,45130,47790,48222,1751,1712,1894,4000,1837,42462,42849,43236,43790,46385,0
Male,University,Single,26,130000,55348,55400,0,0,0,0,1650,0,0,0,0,53750,0,0,0,0,0
Male,Graduate,Single,27,200000,2436,3458,758,-2,750,26903,5963,760,0,752,26983,-2505,-2,-2,-2,-80,0
Female,Graduate,Single,26,100000,64086,68836,69704,70566,69311,70844,6005,2600,2600,0,2685,62831,67104,67966,69311,68159,0
Male,University,Single,23,20000,15879,15441,9124,12915,4305,18495,4000,2000,10000,500,16000,11441,7124,2915,3805,2495,0
Female,High School,Single,27,290000,63584,28972,10772,22463,164570,9672,2000,1399,22468,164791,9672,26972,9373,-5,-221,0,0
Male,Graduate,Married,46,110000,106111,108698,105666,57940,59247,59594,5015,4081,2101,2202,2204,103683,101585,55839,57045,57390,0
Female,University,Single,27,30000,1200,1200,1200,1200,600,300,0,0,0,0,0,1200,1200,1200,600,300,0
Female,High School,Single,23,150000,6319,8190,6686,7686,4526,65839,2000,1000,1000,0,63300,6190,5686,6686,4526,2539,0
Female,University,Single,34,150000,1467,698,4102,713,810,5438,701,4137,719,817,5467,-3,-35,-6,-7,-29,0
Female,Graduate,Single,25,120000,0,0,0,0,0,0,0,0,0,0,0,0,0,0,0,0,1
Male,University,Married,28,280000,24189,25294,26667,26926,27492,28333,1500,1800,1000,1000,1300,23794,24867,25926,26492,27033,0
Female,University,Married,36,90000,-191,-191,-191,-191,-191,209,0,0,0,0,550,-191,-191,-191,-191,-341,0
Male,University,Married,39,130000,10896,390,390,390,390,390,390,390,390,390,390,0,0,0,0,0,0
Male,University,Single,24,30000,27262,26545,28590,27831,28433,30257,0,2800,0,1050,2300,26545,25790,27831,27383,27957,1
Male,Graduate,Married,25,100000,91842,40308,41800,0,0,0,1809,2301,0,0,0,38499,39499,0,0,0,0
Female,Graduate,Single,27,30000,20234,20476,21991,22544,24061,23428,2000,3000,2000,2000,1000,18476,18991,20544,22061,22428,1
Female,University,Married,28,90000,45537,43173,36230,28068,20229,20650,3000,2500,2000,2000,1100,40173,33730,26068,18229,19550,0
Female,University,Married,25,160000,103398,100925,97701,99434,99527,16331,0,0,2321,432,546,100925,97701,97113,99095,15785,0
Male,Graduate,Married,51,260000,771,1593,419,529,0,4090,1596,437,529,0,4090,-3,-18,0,0,0,0
Male,Graduate,Single,28,50000,48508,45951,44013,28094,29138,30625,2500,2000,1200,1500,2000,43451,42013,26894,27638,28625,1
Male,High School,Single,27,260000,132755,137049,137558,140455,144032,146615,6417,5000,5184,6000,5026,130632,132558,135271,138032,141589,0
Female,Graduate,Single,35,220000,7443,5572,5572,5572,5774,3264,5600,5600,5600,5802,3279,-28,-28,-28,-28,-15,0
Female,University,Single,22,20000,19248,20054,19133,19397,19702,20506,2000,1300,678,706,2037,18054,17833,18719,18996,18469,0
Female,Graduate,Single,25,300000,315632,309330,302869,306395,311256,305413,0,0,10000,10000,0,309330,302869,296395,301256,305413,1
Female,Graduate,Single,31,250000,-129,-129,-329,-329,-329,-529,0,200,0,0,200,-129,-529,-329,-329,-729,0
Male,University,Single,30,200000,416,416,416,416,416,0,416,416,416,416,0,0,0,0,0,0,0
Female,University,Single,21,20000,13660,15056,15400,12900,19500,0,2000,1000,0,6600,0,13056,14400,12900,12900,0,0
Male,University,Single,25,50000,26798,27274,27529,28280,27691,28278,1200,1000,1500,0,1200,26074,26529,26780,27691,27078,1
Female,High School,Single,28,100000,7220,13677,49773,61244,31410,20529,13695,49813,50054,33,10028,-18,-40,11190,31377,10501,0
Male,University,Married,37,170000,164240,167116,165432,120084,123439,107682,8019,6196,4300,5000,4006,159097,159236,115784,118439,103676,0
Male,Graduate,Married,37,120000,68329,72212,79334,80531,80944,78771,5000,9000,3000,3100,3000,67212,70334,77531,77844,75771,0
Female,University,Single,38,120000,33814,35033,36175,15833,16170,16897,1766,1908,566,591,1000,33267,34267,15267,15579,15897,0
Male,University,Single,26,50000,37862,17545,18537,19941,19500,18921,1304,1296,1700,2,800,16241,17241,18241,19498,18121,0
Female,Graduate,Single,28,260000,63504,66283,67341,54725,36117,35144,4000,3002,2000,2000,2464,62283,64339,52725,34117,32680,0
Female,University,Single,44,60000,57657,54173,67300,590,0,0,3400,1650,1180,0,0,50773,65650,-590,0,0,0
Female,University,Single,28,120000,200,200,0,0,0,0,0,0,0,0,0,200,0,0,0,0,1
Female,High School,Married,47,220000,38412,50367,64735,22792,184483,62140,50451,64775,22794,184483,62140,-84,-40,-2,0,0,0
Male,Graduate,Single,26,200000,299,-201,-201,-201,-201,-201,0,0,0,0,0,-201,-201,-201,-201,-201,0
Female,University,Married,45,90000,63049,71245,70819,20301,87497,86938,10000,1612,0,87497,10000,61245,69207,20301,0,76938,0
Female,Graduate,Married,25,310000,184538,153625,142810,125869,107986,83461,5019,3872,3147,2912,5109,148606,138938,122722,105074,78352,0
Female,University,Married,34,110000,18328,19385,20400,20729,21465,21740,1300,1280,600,1005,709,18085,19120,20129,20460,21031,0
Female,University,Single,42,140000,24984,26010,27026,27714,28139,28697,1434,1450,1138,1021,1026,24576,25576,26576,27118,27671,0
Female,Graduate,Married,51,160000,63406,64176,2348,2447,10968,10934,2901,2348,2447,10968,531,61275,0,0,0,10403,0
Female,University,Single,24,80000,23787,23124,26700,27064,27685,27091,0,4300,1100,1200,0,23124,22400,25964,26485,27091,1
Female,Graduate,Married,36,500000,251931,301458,234316,199360,163408,186618,101458,10009,20071,20000,35565,200000,224307,179289,143408,151053,0
Male,University,Single,29,130000,130708,132080,130128,101794,101826,101763,6658,5146,4000,4000,3866,125422,124982,97794,97826,97897,0
Female,University,Married,44,240000,220439,224653,238637,232995,206167,210100,9657,19253,0,7641,7522,214996,219384,232995,198526,202578,0
Female,University,Single,24,50000,2400,2400,2400,2400,2400,2400,0,0,0,0,0,2400,2400,2400,2400,2400,1
Female,Graduate,Married,42,180000,0,1290,0,0,1200,0,1290,0,0,1200,0,0,0,0,0,0,0
Male,University,Single,33,240000,1863,15172,8930,7324,10506,10625,15172,8930,0,10526,10625,0,0,7324,-20,0,1
Male,University,Married,30,180000,135001,135199,134817,52629,51543,52781,6100,6000,1900,1680,1900,129099,128817,50729,49863,50881,0
Male,University,Single,33,130000,114984,118641,119286,121377,123655,125917,5800,4400,4350,4500,4600,112841,114886,117027,119155,121317,0
Female,Graduate,Single,24,50000,12806,13490,0,0,0,0,7522,0,0,0,0,5968,0,0,0,0,1
Male,Graduate,Single,34,500000,154085,4373,65539,62450,36039,2300,4373,62450,0,500,2300,0,3089,62450,35539,0,0
Male,University,Married,29,200000,168374,172158,175701,181235,192713,189449,8000,7900,10000,14400,0,164158,167801,171235,178313,189449,0
Female,Graduate,Single,29,220000,19030,14287,8183,21189,7838,321,14287,8194,22000,7838,321,0,-11,-811,0,0,0
Male,University,Married,33,70000,21670,24401,23716,24124,24684,25222,3400,0,1100,1100,1100,21001,23716,23024,23584,24122,0
Male,Graduate,Married,31,440000,21359,18905,16540,13247,7577,1652,5023,3024,1043,3037,1660,13882,13516,12204,4540,-8,0
Male,Other,Married,52,290000,302396,2000,2208,105145,106511,108228,2000,2604,215917,3685,3700,0,-396,-110772,102826,104528,0
Female,University,Single,23,50000,30941,30730,29908,28809,27905,13835,1751,1402,776,773,522,28979,28506,28033,27132,13313,0
Female,University,Single,23,120000,115653,108971,83592,22321,32150,36644,5000,5000,2000,20000,10000,103971,78592,20321,12150,26644,0
Female,High School,Married,44,80000,485,10735,2954,24243,7043,13531,10735,2957,24277,7046,13671,0,-3,-34,-3,-140,0
Female,University,Married,27,170000,164214,165825,167008,131544,125652,127224,8001,7077,5000,5000,5000,157824,159931,126544,120652,122224,0
Male,Graduate,Single,41,160000,396,396,396,0,688,396,396,396,0,688,500,0,0,0,0,-104,1
Male,Graduate,Single,29,280000,7712,1171,1599,436,47613,31987,0,2013,436,47613,1472,1171,-414,0,0,30515,1
Female,University,Married,47,40000,31121,30343,34021,33177,33870,34537,0,4514,0,1378,1382,30343,29507,33177,32492,33155,1
Female,High School,Married,53,80000,66002,68679,70906,71474,72936,63912,5000,5000,3000,3000,3000,63679,65906,68474,69936,60912,0
Female,University,Married,40,210000,12555,560,5287,2000,900,406,560,5287,2000,900,406,0,0,0,0,0,0
Female,University,Married,29,60000,56252,57760,58250,56352,57930,16563,3000,2100,0,2801,0,54760,56150,56352,55129,16563,1
Female,University,Married,40,20000,14492,15304,16035,16517,16781,17142,1349,1080,562,500,456,13955,14955,15955,16281,16686,1
Female,University,Single,36,230000,2404,681,4048,0,5092,7452,687,4053,0,5092,7464,-6,-5,0,0,-12,0
Female,Graduate,Married,50,90000,58979,64004,65298,65233,66717,67562,6000,3000,2300,2500,3000,58004,62298,62933,64217,64562,0
Female,Graduate,Married,35,170000,736,316,1970,1132,1132,1397,1289,1970,1132,1132,1397,-973,0,0,0,0,0
Female,University,Single,22,70000,57889,33868,33390,26457,27165,27562,1592,1497,947,1134,1000,32276,31893,25510,26031,26562,0
Male,University,Single,29,50000,24043,26806,26077,27898,27315,27709,3165,0,2257,0,1000,23641,26077,25641,27315,26709,0
Female,Graduate,Married,48,140000,5349,2210,5472,0,544,0,2216,5472,0,544,0,-6,0,0,0,0,0
Female,High School,Single,55,50000,47860,47294,45136,29378,29750,30327,1936,3654,1038,1222,1217,45358,41482,28340,28528,29110,0
Female,Graduate,Single,45,270000,96131,98635,39177,110453,111230,113670,4204,2819,93694,3948,4199,94431,36358,16759,107282,109471,0
Female,University,Married,49,170000,164210,159883,126712,87369,76552,78277,0,6400,3600,3000,3000,159883,120312,83769,73552,75277,1
Female,Graduate,Single,27,180000,95757,98098,101255,101341,98419,85259,3880,5114,3238,3401,2980,94218,96141,98103,95018,82279,0
Female,Graduate,Single,29,80000,928,4844,3305,3287,630,2436,4844,3326,3287,630,2436,0,-21,0,0,0,0
Female,Graduate,Single,37,450000,71985,85047,74354,57628,57381,14870,15000,1879,20000,20000,5000,70047,72475,37628,37381,9870,0
Male,Graduate,Single,29,400000,6748,7777,20192,17337,5396,516,7777,20192,17337,0,516,0,0,0,5396,0,0
Female,University,Single,35,400000,1908,952,333,4928,8235,3317,0,333,4928,8235,0,952,0,0,0,3317,0
Male,High School,Single,25,60000,57530,59869,59942,28934,27461,28504,3869,2742,1200,1461,1504,56000,57200,27734,26000,27000,0
Male,Graduate,Single,25,110000,51139,53797,56394,58341,60242,62234,3500,3500,3500,3000,3000,50297,52894,54841,57242,59234,0
Female,University,Single,24,60000,27295,27403,23837,23078,22618,23950,1724,1600,1000,1000,2500,25679,22237,22078,21618,21450,0
Male,Graduate,Single,37,140000,3351,64555,63796,55234,52959,50617,64555,2898,1890,2000,2000,0,60898,53344,50959,48617,1
Male,University,Married,24,20000,10085,11416,12520,12714,13059,13193,1500,1600,700,700,500,9916,10920,12014,12359,12693,1
Male,Graduate,Single,30,50000,60762,58791,59529,55405,55904,52160,2300,4400,0,4000,0,56491,55129,55405,51904,52160,1
Female,High School,Single,53,30000,21101,21831,23457,24972,24432,25126,1374,2000,1908,0,1100,20457,21457,23064,24432,24026,0
Female,University,Single,26,210000,193345,160508,156422,146954,137937,134581,8000,6005,5200,5500,5000,152508,150417,141754,132437,129581,0
Male,University,Single,36,50000,32899,34076,34522,33668,35323,36588,2000,1300,0,2200,2000,32076,33222,33668,33123,34588,1
Male,Graduate,Single,30,200000,15176,2693,6632,0,734,584,2715,6632,0,734,0,-22,0,0,0,584,0
Female,High School,Married,50,120000,119231,120651,73115,64398,42588,42863,3825,2276,1909,1510,1663,116826,70839,62489,41078,41200,0
Female,Graduate,Single,29,200000,8972,0,65,0,0,5162,0,65,0,0,5162,0,0,0,0,0,1
Female,University,Married,35,180000,1866,590,360,0,0,414,590,360,0,0,414,0,0,0,0,0,0
Female,University,Married,47,440000,-6,1160,1807,-11,2220,165,1166,1891,0,2231,165,-6,-84,-11,-11,0,1
Female,University,Single,22,150000,7600,8749,10652,32330,15681,6173,1300,3652,33866,410,200,7449,7000,-1536,15271,5973,0
Male,Graduate,Married,70,130000,0,0,0,0,0,0,0,0,0,0,0,0,0,0,0,0,1
Female,University,Married,26,50000,14661,11586,9275,11181,2931,27209,3000,1000,5000,0,25000,8586,8275,6181,2931,2209,0
Female,University,Single,28,180000,7445,1706,1600,0,22357,21541,0,1600,0,22357,1500,1706,0,0,0,20041,1
Female,University,Single,24,80000,77139,78690,57259,56939,59066,60008,3010,2100,2000,3000,2500,75680,55159,54939,56066,57508,0
Female,Graduate,Single,29,170000,0,0,0,10232,9677,0,0,0,10232,194,0,0,0,0,9483,0,0
Female,Graduate,Single,25,150000,18836,5312,740,10,0,0,2000,740,1410,0,0,3312,0,-1400,0,0,0
Male,University,Single,35,240000,179662,180787,181379,170318,128076,64634,7003,8000,8000,2500,2400,173784,173379,162318,125576,62234,0
Male,University,Single,24,140000,125080,127751,136996,140813,142170,144587,4688,11421,7580,5000,4913,123063,125575,133233,137170,139674,1
Male,High School,Other,50,50000,9404,10745,12058,13256,14437,16985,1500,1500,1400,1400,2800,9245,10558,11856,13037,14185,0
Female,University,Married,36,20000,9845,5419,6098,6840,8560,13410,3000,2000,1000,2000,5000,2419,4098,5840,6560,8410,0
Female,Graduate,Married,38,240000,8213,20000,44384,28734,13200,43791,20000,44384,750,2000,81800,0,0,27984,11200,-38009,0
Female,University,Married,45,30000,30226,31237,13511,13781,14070,14350,1676,1223,493,511,514,29561,12288,13288,13559,13836,0
Female,University,Single,29,50000,5804,6855,6599,6577,7120,6857,1300,0,236,650,0,5555,6599,6341,6470,6857,1
Female,University,Married,37,20000,17450,20358,19722,19616,19228,19878,3200,0,830,750,1000,17158,19722,18786,18478,18878,1
Female,University,Married,50,20000,22858,22246,21623,21000,20388,19915,0,0,0,0,0,22246,21623,21000,20388,19915,1
Female,University,Married,48,310000,0,0,0,0,0,0,0,0,0,0,0,0,0,0,0,0,0
Male,University,Single,39,200000,13124,11774,6328,4714,42184,39576,1058,6336,10,39585,39,10716,-8,4704,2599,39537,0
Male,High School,Single,48,330000,0,571,0,11942,300,-200,571,0,11942,300,0,0,0,0,0,-200,0
Female,High School,Married,53,100000,99768,100098,75296,73774,75603,77807,3919,3010,3000,6000,3500,96179,72286,70774,69603,74307,0
Female,High School,Single,35,50000,33507,32401,7087,7227,7378,7527,1108,1118,258,267,271,31293,5969,6969,7111,7256,0
Male,University,Single,30,120000,77413,70630,61181,52187,49327,41096,5000,3000,2000,2000,1500,65630,58181,50187,47327,39596,0
Male,Graduate,Married,42,160000,69896,71971,73996,75065,82472,80984,3810,3831,2900,8800,0,68161,70165,72165,73672,80984,0
Male,Graduate,Married,62,170000,12980,12724,11888,10802,1477,1302,1550,1000,216,1477,1302,11174,10888,10586,0,0,0
Female,High School,Other,27,50000,49929,49667,780,0,0,0,1750,780,0,0,0,47917,0,0,0,0,0
Female,University,Single,23,30000,390,780,0,0,0,0,780,0,0,0,0,0,0,0,0,0,0
Male,Graduate,Single,29,150000,146330,147720,148748,104123,132321,37683,4979,3592,2556,2300,1427,142741,145156,101567,130021,36256,0
Female,University,Single,33,320000,16003,1933,8835,3728,764,5468,1939,8835,3751,764,5468,-6,0,-23,0,0,0
Female,University,Married,58,50000,32113,31319,33688,32849,34950,35658,0,3200,0,2795,1431,31319,30488,32849,32155,34227,0
Female,Graduate,Single,26,20000,18362,19669,16479,16694,17334,17063,1640,1506,721,1000,1000,18029,14973,15973,16334,16063,0
Male,University,Single,25,20000,20014,19432,18840,18248,17816,18021,0,0,0,0,636,19432,18840,18248,17816,17385,1
Male,University,Married,34,50000,45398,37433,30609,30432,30254,30088,2008,2000,1500,1501,2105,35425,28609,28932,28753,27983,0
Male,High School,Married,46,160000,1672,766,762,762,762,762,766,762,762,762,762,0,0,0,0,0,0
Female,University,Single,34,20000,19727,20330,20199,19609,19957,2361,2000,1200,0,348,0,18330,18999,19609,19609,2361,0
Male,University,Married,27,130000,53119,48994,17285,12448,12855,11795,3106,22511,600,1005,1004,45888,-5226,11848,11850,10791,1
Female,University,Single,24,150000,0,10437,4044,594,0,0,10437,4156,600,0,0,0,-112,-6,0,0,0
Female,University,Single,23,20000,16622,18913,15868,16188,14891,3044,3015,5086,5000,3202,5000,15898,10782,11188,11689,-1956,0
Male,High School,Married,45,20000,10574,13097,12595,13157,12803,13851,3010,0,1070,0,1260,10087,12595,12087,12803,12591,1
Female,High School,Married,56,70000,16976,0,0,0,0,1000,5000,0,0,0,1000,-5000,0,0,0,0,0
Male,Graduate,Single,26,50000,18017,18561,19204,19588,20024,18694,1629,1272,656,706,954,16932,17932,18932,19318,17740,0
Male,University,Married,40,200000,63182,44876,38764,37618,35737,40710,1765,10007,2019,5027,15031,43111,28757,35599,30710,25679,0
Female,University,Single,30,320000,3720,4206,15610,10556,11863,5619,4206,15610,10556,8000,5600,0,0,0,3863,19,0
Male,High School,Single,34,50000,780,780,0,0,0,0,0,0,0,0,0,780,0,0,0,0,0
Male,University,Single,25,70000,23018,24044,25059,25559,26094,26612,1400,1415,915,947,952,22644,23644,24644,25147,25660,0
Female,High School,Single,33,200000,0,0,0,0,1246,-3,0,0,0,1246,0,0,0,0,0,-3,0
Female,University,Married,29,250000,0,256,258,258,258,258,256,258,258,258,258,0,0,0,0,0,0
Female,Graduate,Single,25,70000,66738,68601,65615,66429,67858,69723,3005,3000,2500,2500,3000,65596,62615,63929,65358,66723,1
Female,University,Married,36,90000,685,0,490,850,1000,1360,0,490,850,1000,1360,0,0,0,0,0,1
Male,Graduate,Single,32,400000,21930,20489,20734,16476,17857,14656,5028,5030,2012,4014,37,15461,15704,14464,13843,14619,0
Female,Graduate,Single,33,130000,2629,9995,7267,2518,16202,2505,9900,4300,2000,16202,2505,95,2967,518,0,0,0
Female,Graduate,Married,40,110000,52691,55000,52277,52055,52437,55560,5000,0,2000,3000,5000,50000,52277,50055,49437,50560,0
Male,Graduate,Single,38,150000,139005,135350,148041,143259,142519,142162,0,15000,0,5099,5472,135350,133041,143259,137420,136690,0
Female,Graduate,Single,28,330000,1127,13030,14922,17722,3390,0,13030,2500,3000,3390,0,0,12422,14722,0,0,0
Female,High School,Single,21,30000,28309,31229,29752,27262,27262,24265,3700,0,0,0,0,27529,29752,27262,27262,24265,0
Female,Graduate,Single,32,360000,42524,53303,3924,43900,88865,12104,53563,3924,43900,50000,12104,-260,0,0,38865,0,0
Male,Graduate,Married,54,50000,48768,49419,17303,17647,18016,18375,2173,1287,631,653,658,47246,16016,17016,17363,17717,0
Female,University,Single,24,60000,27583,26860,28601,29819,30192,31045,0,2500,2000,1000,1500,26860,26101,27819,29192,29545,1
Female,University,Single,27,200000,264,264,264,264,264,264,264,264,264,264,264,0,0,0,0,0,0
Female,Graduate,Single,43,180000,0,0,0,5436,100,9330,0,0,5436,100,9330,0,0,0,0,0,0
Male,High School,Single,52,50000,48946,98823,50031,20413,18336,18405,2047,3167,682,662,1000,96776,46864,19731,17674,17405,0
Female,High School,Married,38,80000,330,0,330,330,0,0,0,660,0,0,0,0,-330,330,0,0,0
Female,University,Single,23,50000,31805,32988,34935,34076,34685,33976,2000,2800,0,1300,0,30988,32135,34076,33385,33976,1
Female,High School,Married,30,270000,3842,3934,0,0,3353,764,3934,0,0,3353,764,0,0,0,0,0,0
Female,University,Single,23,100000,694,650,687,620,0,627,656,687,620,0,627,-6,0,0,0,0,1
Female,University,Single,38,170000,151050,148362,142223,126060,123978,120689,6000,5012,5000,5000,5000,142362,137211,121060,118978,115689,0
Male,Graduate,Married,30,30000,10024,12855,14634,16378,16961,19669,3000,2000,2000,1000,3000,9855,12634,14378,15961,16669,0
Female,University,Single,38,230000,104364,106549,108719,111039,113365,115625,3867,3941,4123,4267,4300,102682,104778,106916,109098,111325,0
Female,Graduate,Married,34,200000,7448,5471,4506,10067,9273,2931,5473,4506,10137,9521,2931,-2,0,-70,-248,0,0
Male,Graduate,Single,36,130000,127790,128272,6230,0,0,0,6000,1400,0,0,0,122272,4830,0,0,0,1
Male,University,Married,62,30000,11188,2990,0,0,0,0,1000,0,0,0,0,1990,0,0,0,0,0
Female,University,Married,26,140000,41547,40925,36775,35877,34812,33899,2000,1800,1300,1400,1400,38925,34975,34577,33412,32499,0
Male,Graduate,Married,43,490000,25916,14187,56573,81414,62063,14122,14187,56717,81414,62063,14122,0,-144,0,0,0,0
Male,University,Single,30,160000,2720,1280,5850,150,1240,0,1280,5850,0,1240,0,0,0,150,0,0,0
Male,University,Married,42,180000,27884,28958,29864,30632,31274,32144,1526,1432,1200,1072,1326,27432,28432,29432,30202,30818,1
Female,University,Married,32,260000,243742,237204,238314,219634,186841,189010,8017,8117,14044,5410,5855,229187,230197,205590,181431,183155,0
Female,University,Single,27,80000,73684,68883,45257,45981,46032,46192,2896,1722,1619,1665,1700,65987,43535,44362,44367,44492,1
Female,Graduate,Single,29,360000,357,3050,9118,19183,36842,10621,3050,9118,11000,30000,428,0,0,8183,6842,10193,1
Female,Graduate,Single,25,20000,2650,0,855,640,0,0,0,855,640,0,0,0,0,0,0,0,0
Male,Graduate,Single,28,20000,19849,20650,0,0,0,0,1650,0,0,0,0,19000,0,0,0,0,0
Female,High School,Married,28,80000,75903,34137,32390,32651,32170,31493,2014,1705,2000,2000,3000,32123,30685,30651,30170,28493,0
Male,Graduate,Single,32,500000,18290,25287,24385,18168,4469,27796,25287,1037,363,89,27796,0,23348,17805,4380,0,0
Male,Graduate,Married,55,160000,152162,154715,155026,79051,81089,-311,6500,4270,2518,2994,0,148215,150756,76533,78095,-311,0
Female,Graduate,Single,22,20000,12404,13694,14768,15518,16265,16706,1500,1300,1000,1000,711,12194,13468,14518,15265,15995,0
Female,Graduate,Married,36,330000,399,26,519,452,457,0,26,707,452,457,0,0,-188,0,0,0,0
Female,Graduate,Single,26,80000,38174,40550,41577,41595,43264,43402,3000,2000,1000,2500,1000,37550,39577,40595,40764,42402,1
Male,University,Married,40,220000,206473,208464,175407,175170,174726,175057,8027,6218,6220,6316,6504,200437,169189,168950,168410,168553,0
Female,University,Single,28,230000,185399,198941,201358,204067,200720,212403,18150,7200,7500,0,15079,180791,194158,196567,200720,197324,0
Female,University,Single,25,90000,81694,78656,78054,78116,75483,72821,3609,5000,4000,3315,7539,75047,73054,74116,72168,65282,0
Male,High School,Married,61,300000,274750,0,0,411,261,8561,0,0,411,0,8300,0,0,0,261,261,1
Female,University,Married,45,30000,30488,30900,30480,31124,29333,30177,1600,1500,1100,1053,1320,29300,28980,30024,28280,28857,1
Female,University,Married,40,80000,78610,80666,82713,80838,49575,48354,3900,4000,0,1920,1800,76766,78713,80838,47655,46554,1
Male,Graduate,Single,27,60000,10908,13331,0,0,0,0,8331,0,0,0,0,5000,0,0,0,0,0
Male,Other,Married,31,360000,275178,280535,82455,83359,85171,87046,7500,3500,2500,2500,2600,273035,78955,80859,82671,84446,0
Male,Graduate,Single,27,360000,1809,400,2420,2540,0,346,0,2420,2540,0,346,400,0,0,0,0,0
Female,University,Single,23,30000,10805,10527,12443,11949,12107,12907,1184,2100,0,500,1000,9343,10343,11949,11607,11907,0
Male,High School,Married,50,190000,106410,108770,115325,112063,114484,121179,5491,9800,0,4300,8700,103279,105525,112063,110184,112479,0
Female,University,Married,45,130000,128671,129901,127658,127362,128726,129081,7000,4710,4500,9400,3600,122901,122948,122862,119326,125481,0
Female,Graduate,Single,34,110000,110712,110988,98270,79402,80804,81024,4112,3648,2800,3100,3133,106876,94622,76602,77704,77891,0
Female,University,Married,46,350000,13000,13576,15059,13000,25300,626,13576,15059,13000,25300,626,0,0,0,0,0,0
Female,High School,Married,52,50000,41140,41599,32533,23156,23782,24386,1500,1500,1000,1000,1000,40099,31033,22156,22782,23386,0
Female,University,Other,38,130000,780,0,11836,7216,8826,390,0,11836,2000,2000,390,0,0,5216,6826,0,0
Male,Graduate,Single,29,50000,53746,51631,50880,51034,46154,42852,0,5160,1753,0,1508,51631,45720,49281,46154,41344,1
Male,University,Single,25,50000,27206,0,14805,14699,14999,497,0,14805,294,300,498,0,0,14405,14699,-1,0
Female,University,Single,31,380000,200932,190991,175028,162699,138158,135920,10000,10000,5849,4570,5447,180991,165028,156850,133588,130473,0
Female,Graduate,Single,30,260000,162241,137320,126479,110217,102703,84519,5045,8016,5000,4000,4014,132275,118463,105217,98703,80505,0
Female,University,Single,28,140000,-176,-176,-176,-176,-176,-176,0,0,0,0,0,-176,-176,-176,-176,-176,0
Female,Graduate,Single,36,270000,3458,3833,9791,10532,6559,500,3833,9791,10532,6559,500,0,0,0,0,0,0
Female,University,Married,33,30000,30147,28789,29885,30188,21647,22087,1554,1650,950,800,800,27235,28235,29238,20847,21287,0
Male,Graduate,Single,35,240000,220,0,0,0,0,0,0,0,0,0,0,0,0,0,0,0,0
Male,High School,Single,32,70000,65460,65721,45492,45482,46371,47603,2352,2030,1800,2000,2000,63369,43462,43682,44371,45603,1
Male,Graduate,Married,50,120000,38565,39997,39211,39917,42268,43192,2200,0,1500,3000,1600,37797,39211,38417,39268,41592,1
Female,University,Single,42,160000,152630,95758,97251,98010,99669,101664,0,4385,3639,3762,3800,95758,92866,94371,95907,97864,1
Male,High School,Single,36,170000,396,5596,6953,16157,28856,4941,5596,6953,10000,15000,4941,0,0,6157,13856,0,1
Female,Graduate,Single,31,380000,331697,332339,322995,314161,327945,289814,15000,15000,20019,20000,9934,317339,307995,294142,307945,279880,0
Female,University,Married,26,160000,75628,72717,74651,70403,71890,73893,0,3211,2505,2612,3500,72717,71440,67898,69278,70393,0
Male,University,Single,39,30000,27000,26286,26556,26818,29425,28662,0,1000,1000,3200,0,26286,25556,25818,26225,28662,0
Female,Graduate,Married,40,260000,2095,781,3985,942,-18,3739,785,4004,946,0,3757,-4,-19,-4,-18,-18,0
Male,University,Single,41,70000,34751,37683,40265,42306,41352,44342,3500,3500,3000,0,4000,34183,36765,39306,41352,40342,1
Male,University,Married,39,240000,5357,4397,11204,3403,2223,1761,4437,11237,4293,2229,1766,-40,-33,-890,-6,-5,0
Female,University,Married,43,170000,20699,11614,11487,14716,8172,8244,11614,11487,14743,8172,8244,0,0,-27,0,0,0
Male,University,Married,36,30000,28083,27371,26645,25919,27535,28197,0,0,0,2038,1268,27371,26645,25919,25497,26929,0
Male,High School,Single,32,90000,87182,82741,68883,265,-613,-613,3045,1497,265,0,0,79696,67386,0,-613,-613,0
Male,University,Single,25,250000,28681,30615,33726,36823,34829,23994,3000,4000,4000,5000,4000,27615,29726,32823,29829,19994,0
Female,University,Single,25,270000,23579,24613,25617,25434,25966,26486,1419,1423,910,942,951,23194,24194,24524,25024,25535,0
Female,University,Single,24,130000,986,-14,4388,0,0,1109,0,4402,0,0,1109,-14,-14,0,0,0,1
Male,Graduate,Married,43,360000,20310,6588,11627,35765,9681,3002,34,12085,41879,10053,4016,6554,-458,-6114,-372,-1014,0
Male,Graduate,Married,35,490000,23396,19454,17195,15691,14466,13908,1207,1107,507,1507,1500,18247,16088,15184,12959,12408,0
Female,University,Married,31,110000,79126,76304,77783,79323,80563,78669,2782,2761,2770,2900,3000,73522,75022,76553,77663,75669,0
Male,University,Single,27,100000,33628,35760,0,33333,0,0,36066,156,33333,0,0,-306,-156,0,0,0,0
Male,High School,Married,28,200000,1793,5189,8627,1530,-200,-200,5191,9003,1530,0,0,-2,-376,0,-200,-200,0
Female,University,Single,24,50000,51261,51493,50136,20287,20281,20027,2600,2000,730,800,900,48893,48136,19557,19481,19127,0
Male,University,Single,30,220000,2501,2071,0,0,0,0,1000,0,0,0,0,1071,0,0,0,0,0
Male,High School,Single,41,360000,218,7022,9744,89215,98256,99145,7022,3001,80000,10500,5000,0,6743,9215,87756,94145,0
Female,University,Married,51,20000,10400,0,0,0,0,0,0,0,2000,0,0,0,0,-2000,0,0,0
Female,University,Married,44,70000,79867,79593,29340,28026,28605,28705,2163,2000,2000,1000,5000,77430,27340,26026,27605,23705,0
Female,University,Single,29,180000,122024,123228,120339,122743,124893,126390,4500,4300,4200,4487,4087,118728,116039,118543,120406,122303,0
Male,University,Single,32,50000,48934,25276,18588,19994,20258,19783,1602,1320,1718,729,0,23674,17268,18276,19529,19783,0
Female,Graduate,Single,28,140000,5845,10322,12830,13317,14936,18504,10322,5000,1000,2000,4000,0,7830,12317,12936,14504,0
Male,University,Married,47,220000,7625,8325,1497,0,0,7625,8334,1497,0,0,7625,-9,0,0,0,0,0
Female,University,Single,50,150000,7890,8958,780,7500,0,0,8958,780,7500,0,0,0,0,0,0,0,0
Male,University,Single,33,30000,29574,26663,27731,56359,28847,13030,28000,2336,2000,2546,1000,-1337,25395,54359,26301,12030,0
Female,University,Married,32,300000,170379,142384,72350,0,0,0,6600,3750,0,0,0,135784,68600,0,0,0,0
Male,Graduate,Married,36,420000,860,430,2010,6058,160,580,0,2010,6058,160,1000,430,0,0,0,-420,0
Female,University,Single,30,80000,35738,37108,41012,40052,41110,42071,1946,4850,0,1700,1800,35162,36162,40052,39410,40271,0
Female,High School,Single,46,100000,0,203,203,0,7856,16544,203,0,0,7856,10000,0,203,0,0,6544,0
Female,University,Single,25,120000,0,0,0,0,0,0,0,0,0,0,0,0,0,0,0,0,1
Female,Graduate,Single,38,230000,25195,28652,32838,35511,26828,19887,10000,15000,6120,10000,6000,18652,17838,29391,16828,13887,0
Female,University,Married,28,200000,2816,316,632,316,316,316,316,632,0,316,316,0,0,316,0,0,0
Male,Graduate,Single,29,200000,389,389,1167,778,389,389,390,1168,1,1,390,-1,-1,777,388,-1,0
Male,High School,Married,30,230000,105105,51584,44005,35161,24985,25176,2068,1894,1466,1018,1136,49516,42111,33695,23967,24040,0
Male,University,Single,27,200000,131791,17666,0,0,0,0,2000,0,0,0,0,15666,0,0,0,0,0
Male,High School,Married,65,50000,11763,11283,13288,12780,13522,13155,0,2200,0,1100,0,11283,11088,12780,12422,13155,1
Male,Graduate,Married,36,220000,16783,4861,2267,1350,925,11597,4880,2267,1350,0,11597,-19,0,0,925,0,0
Male,High School,Single,27,90000,90221,91898,91334,59253,58519,58443,4000,2090,0,2078,2900,87898,89244,59253,56441,55543,1
Male,University,Single,35,500000,207237,224007,275615,220088,216482,136086,20001,30168,6022,6375,5005,204006,245447,214066,210107,131081,0
Female,Graduate,Single,29,130000,2139,0,0,0,0,0,0,0,0,0,0,0,0,0,0,0,0
Male,University,Married,37,210000,85327,85263,48645,50826,52346,53819,2500,3000,3000,2500,2500,82763,45645,47826,49846,51319,0
Female,Graduate,Single,30,200000,1674,7398,6867,7477,7232,6442,7398,1000,1000,145,276,0,5867,6477,7087,6166,0
Male,Graduate,Single,24,20000,1891,5680,5441,6346,6099,7235,4000,0,1000,0,1237,1680,5441,5346,6099,5998,1
Female,Graduate,Married,38,410000,180922,184241,176857,175193,165929,114527,7670,2,5561,5432,4546,176571,176855,169632,160497,109981,1
Female,Graduate,Married,35,290000,0,0,0,0,0,0,0,0,0,0,0,0,0,0,0,0,0
Female,University,Single,26,270000,84188,82668,74901,72785,71836,55234,5000,3200,3000,5000,5234,77668,71701,69785,66836,50000,0
Female,Graduate,Single,27,90000,14421,18846,22509,24129,24815,27725,5000,4000,2000,1075,3500,13846,18509,22129,23740,24225,1
Female,Graduate,Single,27,30000,26135,27407,29002,26806,25948,22162,2000,2500,1500,1000,2000,25407,26502,25306,24948,20162,0
Female,Graduate,Single,28,360000,26349,1245,2043,265,265,5862,4045,2043,265,265,5862,-2800,0,0,0,0,0
Male,Graduate,Married,30,240000,240770,243509,228735,198585,202762,202932,9000,8009,7100,7324,7200,234509,220726,191485,195438,195732,0
Female,University,Single,23,180000,180636,157396,160925,132312,80984,42562,20000,20000,10130,3000,4000,137396,140925,122182,77984,38562,0
Female,University,Married,24,50000,900,0,0,0,0,0,0,0,0,0,0,0,0,0,0,0,0
Female,University,Single,47,50000,50883,51117,51125,50497,50544,50555,2200,5300,2000,2000,2000,48917,45825,48497,48544,48555,1
Male,University,Single,30,100000,83312,58651,37913,38582,39408,40593,2900,2000,1600,1600,2000,55751,35913,36982,37808,38593,0
Male,University,Single,39,50000,47378,48333,48638,49207,49599,50594,2105,1800,1735,1938,1960,46228,46838,47472,47661,48634,0
Male,Graduate,Married,48,360000,167922,159433,126114,18258,6989,7691,6206,10030,1061,1011,3016,153227,116084,17197,5978,4675,0
Female,Other,Single,52,550000,277376,266532,256321,19753,464,8199,6001,6016,19753,464,8199,260531,250305,0,0,0,0
Female,University,Married,39,260000,136007,139215,146127,143637,154531,147016,5400,9500,0,12766,0,133815,136627,143637,141765,147016,1
Female,Graduate,Married,34,500000,0,0,3500,3500,0,0,0,3500,0,0,0,0,0,3500,0,0,1
Male,Graduate,Single,27,130000,1960,0,0,0,0,0,0,0,0,0,0,0,0,0,0,0,0
Male,University,Single,39,30000,28708,28285,26702,20115,18426,18013,1514,1278,671,870,879,26771,25424,19444,17556,17134,0
Female,Graduate,Single,40,160000,0,0,0,0,0,0,0,0,0,0,0,0,0,0,0,0,0
Female,University,Married,40,420000,3976,2892,2890,3391,2409,4270,2916,7898,3401,2416,4281,-24,-5008,-10,-7,-11,1
Female,High School,Married,22,50000,40189,43434,44316,45189,46214,48904,3900,1900,1900,1900,3600,39534,42416,43289,44314,45304,0
Female,Graduate,Single,36,30000,25747,25048,26060,26578,27133,27783,0,1433,951,983,1099,25048,24627,25627,26150,26684,1
Female,University,Single,32,50000,40253,40757,33922,30097,29013,28167,5806,6,1000,1000,1200,34951,33916,29097,28013,26967,0
Female,Graduate,Married,39,160000,-5,776,186,0,0,0,781,0,0,0,0,-5,186,0,0,0,1
Female,University,Single,26,120000,12034,12548,12056,13958,13468,6144,1000,0,2400,100,0,11548,12056,11558,13368,6144,0
Female,Graduate,Single,28,50000,46471,43507,44016,43396,41470,48676,1807,2016,1796,1570,10000,41700,42000,41600,39900,38676,0
Male,University,Single,42,130000,130888,133400,0,0,0,0,6000,0,0,0,0,127400,0,0,0,0,0
Male,Graduate,Single,42,150000,143896,147475,75423,70034,44311,20056,6482,3440,2046,4311,5056,140993,71983,67988,40000,15000,1
Male,Graduate,Married,48,450000,5514,1509,949,575,3489,0,0,949,575,4929,0,1509,0,0,-1440,0,1
Male,Graduate,Married,29,150000,46745,20853,90787,11232,0,0,20995,91269,56,0,0,-142,-482,11176,0,0,0
Female,University,Single,53,90000,30045,30000,0,0,0,439,1000,0,0,0,439,29000,0,0,0,0,0
Male,Graduate,Single,28,130000,92174,93991,54735,31682,0,0,4086,2635,1700,0,0,89905,52100,29982,0,0,0
Male,University,Single,30,130000,131801,129141,132221,131743,131986,131430,4800,5250,5050,5700,5100,124341,126971,126693,126286,126330,0
Female,University,Married,41,390000,3983,25146,197534,179690,170173,164339,25146,185059,9137,6513,5058,0,12475,170553,163660,159281,0
Male,University,Single,29,200000,2500,2500,2500,2500,2500,2500,0,0,0,0,0,2500,2500,2500,2500,2500,1
Female,University,Married,50,300000,23436,22055,18497,8426,11291,14449,1350,2008,301,3000,5000,20705,16489,8125,8291,9449,0
Female,University,Married,42,140000,19080,18807,18624,19652,23477,22330,4344,4548,3760,5854,3039,14463,14076,15892,17623,19291,0
Female,Graduate,Single,35,200000,909,2708,3514,2297,928,0,2711,3514,2297,928,0,-3,0,0,0,0,0
Male,University,Single,30,30000,27020,27985,28782,24082,17060,0,1703,1500,1000,1000,0,26282,27282,23082,16060,0,0
Male,High School,Single,24,30000,28470,31407,30200,30000,0,0,3407,0,0,0,0,28000,30200,30000,0,0,0
Female,Graduate,Single,37,160000,153002,157427,158160,156314,145663,113486,7812,6700,5000,5049,3825,149615,151460,151314,140614,109661,0
Female,University,Single,37,210000,31090,58054,44624,43339,44245,45125,28008,15000,1552,1605,1615,30046,29624,41787,42640,43510,0
Female,University,Single,51,310000,107,0,0,235,0,0,0,0,235,0,0,0,0,0,0,0,0
Female,University,Married,33,400000,9940,0,11451,101,551,19982,0,11451,104,600,20015,0,0,-3,-49,-33,0
Female,High School,Married,35,50000,49873,50796,49727,21826,10208,10100,2200,568,0,516,400,48596,49159,21826,9692,9700,1
Male,University,Married,33,80000,28496,16984,1155,-144,57245,49947,1000,1155,0,59000,2061,15984,0,-144,-1755,47886,0
Female,Graduate,Single,33,340000,592,7102,7796,1653,6185,415,7102,7796,1653,6185,415,0,0,0,0,0,0
Male,Graduate,Single,27,140000,25001,138430,135573,98172,93677,95276,141472,8000,5075,4000,4000,-3042,127573,93097,89677,91276,0
Male,Graduate,Married,39,380000,127449,130506,132838,136616,140240,143914,6600,6000,6000,6000,6000,123906,126838,130616,134240,137914,1
Female,University,Married,34,50000,51046,52337,51170,51526,50524,48510,2400,0,3000,6000,0,49937,51170,48526,44524,48510,1
Male,University,Single,35,10000,7026,8106,9363,9559,9855,10042,1200,1400,500,600,500,6906,7963,9059,9255,9542,0
Female,University,Single,28,30000,5688,-378,-378,920,5448,0,0,0,1298,5448,0,-378,-378,-378,0,0,0
Female,Graduate,Married,50,360000,0,0,0,0,0,0,0,0,0,0,0,0,0,0,0,0,1
Female,University,Married,47,150000,316,316,316,0,782,316,316,316,0,1098,0,0,0,0,-316,316,0
Male,Graduate,Single,23,50000,15336,18681,19463,16894,17667,19211,3600,1400,0,1200,2000,15081,18063,16894,16467,17211,0
Male,University,Other,42,120000,3135,4422,5540,6442,7182,8057,1500,1200,1000,1000,1000,2922,4340,5442,6182,7057,0
Female,Graduate,Single,35,250000,661,661,268,0,0,0,0,268,0,0,0,661,0,0,0,0,0
Male,Graduate,Single,24,20000,13359,14438,15461,16200,16936,17273,1300,1270,1000,1000,619,13138,14191,15200,15936,16654,1
Female,Graduate,Married,30,30000,15199,17728,19129,18527,18758,19285,3100,2000,0,679,837,14628,17129,18527,18079,18448,1
Male,Graduate,Single,27,260000,158711,129796,101721,76699,56738,39134,30000,4132,3410,2600,1800,99796,97589,73289,54138,37334,0
Female,Graduate,Single,30,250000,21550,23932,37329,26339,4836,9655,3500,15054,7885,4836,9655,20432,22275,18454,0,0,0
Female,University,Married,41,260000,2699,3543,500,3540,2957,917,3543,505,3540,2957,917,0,-5,0,0,0,0
Female,University,Married,35,150000,128278,131715,133625,49019,44801,39742,7000,6000,1800,1600,2000,124715,127625,47219,43201,37742,0
Female,University,Single,33,160000,11859,0,11354,13012,17388,24140,0,11354,2000,6000,13000,0,0,11012,11388,11140,0
Male,University,Single,30,80000,79813,82150,0,0,0,0,3750,0,0,0,0,78400,0,0,0,0,0
Female,Graduate,Single,38,500000,27794,29712,65437,30368,6265,44196,30199,70403,30455,36,45225,-487,-4966,-87,6229,-1029,0
Female,University,Single,29,110000,21068,16412,16809,8682,8861,8623,1102,1000,0,602,0,15310,15809,8682,8259,8623,0
Male,Graduate,Single,28,100000,97032,99895,26333,28110,2226,0,5341,7009,1777,2000,0,94554,19324,26333,226,0,0
Female,Graduate,Married,35,360000,101953,125238,205209,125982,128161,136447,25238,4385,11939,5681,10447,100000,200824,114043,122480,126000,0
Male,University,Married,65,330000,0,2500,0,0,0,0,2500,0,0,0,0,0,0,0,0,0,0
Female,High School,Married,32,70000,10856,10822,13627,10852,12676,14463,2000,3000,0,2000,3000,8822,10627,10852,10676,11463,0
Male,Graduate,Single,29,140000,1712,2304,978,652,326,1052,2314,0,0,0,1052,-10,978,652,326,0,1
Male,Graduate,Single,31,200000,151819,154914,157776,160520,163878,167872,6000,5769,5411,5603,6367,148914,152007,155109,158275,161505,0
Male,University,Married,49,50000,47585,47582,21391,21867,19774,20486,2500,1300,2000,700,1000,45082,20091,19867,19074,19486,1
Male,Graduate,Married,56,290000,222000,226917,415700,232732,220460,224780,10013,8501,15018,10001,7997,216904,407199,217714,210459,216783,0
Male,University,Married,57,30000,29204,20564,16341,7593,7828,1366,1400,1000,1000,235,1366,19164,15341,6593,7593,0,0
Female,Graduate,Single,31,180000,21760,22794,23801,24117,24468,25106,1689,1693,1009,888,1045,21105,22108,23108,23580,24061,0
Male,University,Married,38,30000,16063,17512,16800,16600,11959,12957,2000,0,0,11959,1200,15512,16800,16600,0,11757,0
Female,Graduate,Married,47,180000,174648,104179,84940,65613,67256,71934,5000,13000,3000,2700,6000,99179,71940,62613,64556,65934,0
Male,Graduate,Married,39,240000,2688,2688,2688,2688,2688,2688,2688,2688,2688,2688,2688,0,0,0,0,0,0
Female,Other,Married,27,130000,133792,127622,129795,122416,124653,126995,5000,5000,5000,5000,5000,122622,124795,117416,119653,121995,0
Male,Graduate,Married,32,230000,0,0,0,0,0,150,0,0,0,0,150,0,0,0,0,0,1
Male,Graduate,Single,43,500000,504644,512650,0,3887,0,7413,22650,0,3887,0,7413,490000,0,0,0,0,1
Male,University,Single,33,360000,197746,151600,741,-659,-659,-659,156108,741,659,0,0,-4508,0,-1318,-659,-659,0
Male,University,Single,23,50000,52156,51041,50205,20218,20263,19864,0,1310,705,750,730,51041,48895,19513,19513,19134,1
Male,Graduate,Single,31,200000,3702,25548,10594,7969,2865,5625,25678,10623,25,16,6000,-130,-29,7944,2849,-375,1
Male,High School,Married,45,230000,203135,208225,178559,172772,175057,177113,10000,6528,6000,6500,7000,198225,172031,166772,168557,170113,0
Female,University,Married,32,70000,31507,33699,35839,37954,39787,41601,3000,3000,3000,3000,3000,30699,32839,34954,36787,38601,1
Male,University,Single,29,50000,39634,40697,41526,42045,42822,43962,2000,1800,1500,1600,2000,38697,39726,40545,41222,41962,1
Male,Graduate,Married,46,500000,10678,6914,813,17280,26162,2518,6944,813,17280,26162,2534,-30,0,0,0,-16,0
Male,University,Married,28,140000,110384,106389,97978,98857,101264,103524,3729,3539,3538,4000,4097,102660,94439,95319,97264,99427,1
Female,University,Single,23,140000,396,396,21570,24986,25256,25091,396,21570,4500,1050,1183,0,0,20486,24206,23908,0
Male,University,Single,32,130000,109292,111908,111465,93557,95582,96226,4500,11350,0,3500,4200,107408,100115,93557,92082,92026,1
Female,High School,Married,48,160000,153390,158421,152835,152638,142454,128895,15102,0,6000,5300,4784,143319,152835,146638,137154,124111,0
Female,High School,Single,58,50000,0,9587,8845,8867,9074,9254,10587,331,317,350,331,-1000,8514,8550,8724,8923,0
Male,High School,Married,41,20000,13225,13655,14461,13221,12591,12631,1700,2100,0,458,1000,11955,12361,13221,12133,11631,1
Female,University,Married,42,360000,118368,124934,131328,137605,140729,146194,10000,10000,10000,5500,8000,114934,121328,127605,135229,138194,0
Female,University,Married,51,160000,67610,69908,78087,75255,78593,59816,4000,10000,0,5000,3000,65908,68087,75255,73593,56816,1
Female,Graduate,Married,37,250000,0,2886,2325,177,8068,5587,2886,202,0,8068,620,0,2123,177,0,4967,0
Female,University,Single,25,130000,668,1017,1298,550,-286,55138,1200,1300,964,1698,60549,-183,-2,-414,-1984,-5411,1
Male,Graduate,Single,36,190000,153364,149482,160000,155932,166414,169625,0,13000,0,13000,6100,149482,147000,155932,153414,163525,1
Female,University,Single,25,180000,2984,154,2111,1027,596,589,154,2115,1027,596,589,0,-4,0,0,0,0
Male,University,Single,43,80000,78144,78940,80238,50642,50533,50758,3318,3463,1600,1770,50000,75622,76775,49042,48763,758,0
Male,Graduate,Single,40,240000,1643,7060,650,4770,2515,37405,8000,5000,5000,0,40000,-940,-4350,-230,2515,-2595,0
Male,University,Single,35,50000,48064,49399,49943,18568,18740,19036,2500,2000,1000,1000,1000,46899,47943,17568,17740,18036,0
Female,University,Single,50,160000,3139,1473,1863,390,930,390,0,1863,0,930,0,1473,0,390,0,390,0
Female,University,Married,49,90000,264,0,528,0,528,264,0,528,0,528,264,0,0,0,0,0,0
Female,University,Married,37,310000,100648,-2000,3500,159028,162372,165588,716,6000,159028,5899,5921,-2716,-2500,0,156473,159667,0
Male,Graduate,Single,27,60000,39068,40107,41137,43644,44498,45417,1970,2000,3500,1700,1800,38137,39137,40144,42798,43617,0
Male,Graduate,Single,29,240000,61888,12310,12073,9643,-8074,108493,5022,4014,113,6423,120000,7288,8059,9530,-14497,-11507,0
Female,University,Single,24,50000,46393,50022,50895,48598,47668,45400,4700,2000,0,2200,2000,45322,48895,48598,45468,43400,0
Female,Graduate,Married,34,150000,9779,60911,19796,1725,1150,0,61168,19796,1725,1150,0,-257,0,0,0,0,0
Female,University,Married,44,130000,99801,102403,103828,104139,106519,109109,5100,4000,3500,4200,4500,97303,99828,100639,102319,104609,0
Female,Graduate,Single,22,20000,10003,13329,11613,10750,10606,7263,4211,0,237,242,163,9118,11613,10513,10364,7100,0
Male,Graduate,Married,40,150000,123548,94995,52874,64269,73351,68257,4221,3094,30454,100049,5098,90774,49780,33815,-26698,63159,0
Male,Graduate,Married,42,240000,72339,91045,91027,51508,51127,0,20000,2213,1030,1023,6790,71045,88814,50478,50104,-6790,0
Male,High School,Married,45,50000,29875,15028,5639,6389,7130,7857,1700,1250,1000,1000,1000,13328,4389,5389,6130,6857,0
Male,High School,Married,51,50000,43045,42965,43132,43995,43230,43334,1738,1653,1516,1530,2139,41227,41479,42479,41700,41195,0
Male,Graduate,Married,51,270000,19984,2099,12985,0,0,0,2099,13056,0,0,0,0,-71,0,0,0,1
Female,University,Single,28,20000,10818,11938,12949,13332,13618,14619,1300,1217,600,500,1230,10638,11732,12732,13118,13389,0
Female,University,Married,33,300000,11613,12893,10841,11900,0,0,1513,1000,1059,0,0,11380,9841,10841,0,0,0
Male,Graduate,Married,34,390000,91701,68587,101211,96725,125810,182122,60081,84908,121081,80000,85000,8506,16303,-24356,45810,97122,0
Female,Graduate,Married,37,110000,14519,16982,16002,15262,15626,14465,3536,3,521,1000,520,13446,15999,14741,14626,13945,0
Male,University,Married,58,90000,85818,88988,50780,50929,48735,49746,5100,2200,2200,1944,2200,83888,48580,48729,46791,47546,0
Female,University,Married,30,300000,0,0,0,0,0,0,0,0,0,0,0,0,0,0,0,0,0
Male,High School,Married,42,450000,152652,128708,100429,77069,63851,36877,7032,3003,10000,11000,3000,121676,97426,67069,52851,33877,1
Male,University,Single,30,20000,16728,17759,19752,19155,20385,19218,1307,2300,0,1525,0,16452,17452,19155,18860,19218,1
Female,Graduate,Single,33,500000,0,212,298,306,150,316,212,298,306,150,316,0,0,0,0,0,0
Female,University,Single,46,30000,32006,60079,26882,27570,28075,29065,1755,1500,1135,1100,1455,58324,25382,26435,26975,27610,0
Male,University,Single,51,50000,15096,16541,18356,18181,18285,10220,2000,2400,420,600,600,14541,15956,17761,17685,9620,1
Female,University,Single,26,140000,9589,78122,79327,117859,120556,122894,70000,3100,40000,4600,4500,8122,76227,77859,115956,118394,0
Male,University,Married,43,10000,8261,9470,11163,10852,10396,10085,1500,2000,0,0,0,7970,9163,10852,10396,10085,1
Female,University,Single,37,120000,874,0,0,0,305,20502,0,0,0,305,21742,0,0,0,0,-1240,0
Male,University,Single,30,30000,30562,29809,28920,29887,29525,25006,0,0,1900,15,1030,29809,28920,27987,29510,23976,0
Female,University,Married,22,30000,28037,29055,28303,29462,28859,29122,1745,0,3554,0,1190,27310,28303,25908,28859,27932,0
Male,Graduate,Single,33,20000,17971,17399,19057,18453,19755,19288,0,2260,0,1600,0,17399,16797,18453,18155,19288,0
Male,High School,Single,36,10000,6517,344,0,10040,9735,10362,344,900,10040,0,790,0,-900,0,9735,9572,0
Female,University,Married,35,110000,114023,102850,66639,57595,58814,60086,4097,3360,2100,2100,2200,98753,63279,55495,56714,57886,1
Female,Graduate,Married,29,280000,2597,3807,1160,985,0,65862,3807,1160,985,0,65862,0,0,0,0,0,0
Male,Graduate,Married,42,500000,580928,597793,597415,569034,551702,568638,25624,21898,20851,19599,26000,572169,575517,548183,532103,542638,0
Female,High School,Married,46,50000,33100,32319,31499,30748,30162,30016,0,0,0,0,3100,32319,31499,30748,30162,26916,1
Male,University,Married,30,230000,5200,0,0,8780,11990,0,0,0,8780,11990,0,0,0,0,0,0,0
Male,University,Married,53,50000,493,493,493,493,493,493,493,493,493,493,493,0,0,0,0,0,0
Female,University,Single,24,120000,15322,16267,45844,47082,54307,53290,1500,30000,2000,8000,0,14767,15844,45082,46307,53290,0
Male,University,Single,26,30000,26301,27376,28359,24844,25364,25935,1500,1450,889,920,992,25876,26909,23955,24444,24943,0
Female,University,Married,28,330000,225079,229947,233122,246414,253338,249107,10000,8507,17215,11000,0,219947,224615,229199,242338,249107,0
Male,University,Married,30,360000,6323,6934,17170,11152,6000,0,7001,17173,1000,1000,0,-67,-3,10152,5000,0,0
Male,Graduate,Single,26,40000,6586,7618,8484,10333,10023,11258,1300,1150,2000,0,1400,6318,7334,8333,10023,9858,0
Female,Graduate,Single,29,110000,106321,107630,106354,79154,69988,69018,4334,4250,2946,2506,2458,103296,102104,76208,67482,66560,1
Female,High School,Married,39,40000,7955,5392,5151,3434,1143,0,5392,5151,3434,1143,0,0,0,0,0,0,0
Female,University,Married,30,70000,42490,35668,32397,24306,24316,20216,17,5043,2500,2009,2015,35651,27354,21806,22307,18201,0
Male,High School,Single,26,100000,107643,109895,93420,73119,73642,71579,4048,3105,2700,2510,2703,105847,90315,70419,71132,68876,1
Female,University,Married,50,210000,0,0,0,0,0,0,0,0,0,0,0,0,0,0,0,0,0
Male,University,Married,38,360000,696,546,-150,1692,846,846,546,0,2538,0,846,0,-150,-846,846,0,0
Male,University,Single,27,260000,150943,149285,151779,135141,124475,107735,5501,5061,5000,5000,3900,143784,146718,130141,119475,103835,0
Female,Graduate,Single,34,200000,500,810,500,0,0,300,810,500,0,0,300,0,0,0,0,0,0
Male,Graduate,Married,43,160000,162,414,6437,16520,14374,10969,414,6437,10428,463,426,0,0,6092,13911,10543,1
Female,University,Married,29,420000,56255,121215,132536,131704,331059,328958,71536,12536,11704,212059,12958,49679,120000,120000,119000,316000,0
Female,Graduate,Single,28,140000,86761,84546,87251,88227,90170,92044,0,5000,3300,3500,3500,84546,82251,84927,86670,88544,1
Male,Graduate,Single,38,180000,141510,144439,146529,151106,153900,0,6700,6000,7000,6900,0,137739,140529,144106,147000,0,1
Female,High School,Married,39,150000,153994,147038,122498,75782,71306,69737,0,5000,3000,3000,3000,147038,117498,72782,68306,66737,0
Female,University,Married,35,30000,22206,23846,24554,25213,27638,27042,2000,1409,1068,3000,0,21846,23145,24145,24638,27042,0
Male,Graduate,Single,34,500000,8007,10556,14332,20393,22633,24318,3000,4000,6500,5000,2000,7556,10332,13893,17633,22318,0
Male,University,Married,45,240000,237868,242260,101542,30284,168674,171825,8932,4707,1862,140061,5262,233328,96835,28422,28613,166563,0
Male,Graduate,Single,22,30000,2949,19689,17681,17113,13368,11739,19689,2092,1500,1500,0,0,15589,15613,11868,11739,0
Male,University,Single,28,80000,47916,49964,49965,50142,46888,47592,3122,2123,4300,0,2800,46842,47842,45842,46888,44792,0
Male,University,Single,34,80000,0,0,0,0,0,0,0,0,0,0,0,0,0,0,0,0,0
Male,Graduate,Married,39,310000,166517,18901,19781,22432,24058,25646,150000,1500,3000,2000,2000,-131099,18281,19432,22058,23646,0
Female,Graduate,Single,33,180000,94001,99558,106353,113047,115572,117660,8000,10000,10000,4500,4500,91558,96353,103047,111072,113160,0
Female,University,Single,23,60000,63709,64261,50243,15092,12037,10000,2351,1237,422,528,2000,61910,49006,14670,11509,8000,1
Female,University,Single,33,170000,298,0,0,467,203,0,0,0,467,203,0,0,0,0,0,0,0
Female,University,Married,31,180000,173517,160996,132054,115551,109539,108837,10122,35206,40600,5000,10000,150874,96848,74951,104539,98837,0
Male,University,Married,28,180000,180827,175914,176778,172440,168914,171645,6600,7738,6200,6418,13000,169314,169040,166240,162496,158645,1
Male,University,Married,42,350000,1037,1360,8686,3061,396,391,1365,8722,72,0,391,-5,-36,2989,396,0,0
Male,University,Married,36,360000,20328,12664,1901,2355,4206,5889,1204,1901,2355,4206,5889,11460,0,0,0,0,0
Male,University,Married,46,140000,133899,137171,139414,97268,99960,86728,5425,4979,3715,4498,86728,131746,134435,93553,95462,0,1
Female,High School,Single,30,310000,118109,131107,97009,51757,50009,45262,18008,20000,12000,5000,3000,113099,77009,39757,45009,42262,0
Male,High School,Single,25,30000,22821,23846,24864,25360,26999,26414,1397,1415,911,2051,0,22449,23449,24449,24948,26414,0
Male,Graduate,Single,32,200000,5494,19614,628,628,1604,668,19614,628,628,1604,0,0,0,0,0,668,1
Female,Graduate,Single,37,120000,744,744,744,1188,594,1038,444,444,888,0,888,300,300,300,594,150,1
Male,Graduate,Married,45,260000,21480,25791,31654,35784,40726,45923,5000,6781,5000,6452,6696,20791,24873,30784,34274,39227,0
Female,Graduate,Single,32,60000,31142,31473,31684,31837,32246,32122,1842,2000,2000,2000,1500,29631,29684,29837,30246,30622,0
Male,University,Single,24,50000,10834,11771,12762,12769,13512,14772,1509,1500,605,1500,1500,10262,11262,12164,12012,13272,0
Male,Graduate,Single,28,80000,47933,39695,42372,41393,42275,43418,2100,3650,0,1700,2000,37595,38722,41393,40575,41418,0
Male,Graduate,Married,46,60000,62063,60513,60398,31194,30343,30427,0,1744,1100,1074,1200,60513,58654,30094,29269,29227,0
Female,High School,Married,27,200000,104307,101788,110000,115000,120000,127640,0,10000,5000,5000,7661,101788,100000,110000,115000,119979,0
Female,Graduate,Single,28,140000,0,0,0,0,0,0,0,0,0,0,0,0,0,0,0,0,0
Male,University,Single,25,30000,26328,27470,28541,28509,29265,0,1868,1939,907,1100,0,25602,26602,27602,28165,0,1
Female,University,Married,34,110000,43780,48076,48989,47900,52123,51131,5000,2000,0,5000,0,43076,46989,47900,47123,51131,0
Female,High School,Married,39,90000,7328,3697,4487,3169,3847,5403,3784,4511,3174,3852,5417,-87,-24,-5,-5,-14,0
Female,Graduate,Single,27,40000,0,450,0,0,247,0,450,0,0,247,0,0,0,0,0,0,0
Female,Graduate,Married,29,110000,3261,1380,1380,2760,1380,1700,1380,1380,2760,0,1700,0,0,0,1380,0,0
Female,Graduate,Single,30,640000,116714,77893,60259,40539,26432,5018,4000,4000,2003,7202,5314,73893,56259,38536,19230,-296,0
Male,High School,Single,51,20000,9953,13989,14953,14710,900,0,5000,1275,2704,3200,0,8989,13678,12006,-2300,0,0
Female,University,Married,36,50000,44625,46078,46689,8261,8434,8738,2174,1785,296,306,444,43904,44904,7965,8128,8294,0
Male,University,Married,25,30000,30527,29910,0,25919,26383,25691,1389,0,25919,1000,0,28521,0,0,25383,25691,0
Female,University,Single,32,140000,136497,135505,137629,120147,122247,122574,5000,5000,4300,5000,5158,130505,132629,115847,117247,117416,0
Male,University,Single,36,70000,0,690,25566,26227,26375,26510,690,25566,1066,1091,1100,0,0,25161,25284,25410,0
Female,University,Married,42,80000,23931,23366,22275,21631,22961,19269,1500,2000,1000,3000,1000,21866,20275,20631,19961,18269,1
Female,Graduate,Single,31,100000,0,0,0,960,960,1185,0,0,960,0,1185,0,0,0,960,0,0
Male,High School,Single,40,180000,66218,15155,11052,8541,37951,57757,1811,5008,5000,30000,62010,13344,6044,3541,7951,-4253,0
Female,University,Single,28,50000,48370,39618,27417,25542,26160,26686,1468,1400,900,1000,1000,38150,26017,24642,25160,25686,0
Male,Graduate,Married,35,170000,473,-103,-103,-103,-103,2297,0,0,0,0,2400,-103,-103,-103,-103,-103,1
Female,High School,Single,23,50000,42304,45327,46294,47147,46272,49050,3695,2000,1900,0,3700,41632,44294,45247,46272,45350,1
Male,Graduate,Single,28,140000,135648,138049,99274,100878,102984,106628,5247,3213,2857,2963,4566,132802,96061,98021,100021,102062,1
Male,Graduate,Single,29,100000,74396,75317,77084,78308,79901,81630,2700,3600,3100,3000,3200,72617,73484,75208,76901,78430,1
Male,University,Married,36,10000,8593,9582,8986,9691,9889,10131,1300,1200,1000,1000,569,8282,7786,8691,8889,9562,0
Female,University,Single,22,50000,0,0,0,0,0,0,0,0,0,0,0,0,0,0,0,0,0
Female,University,Married,24,30000,26755,27828,29103,29565,26319,27738,1507,2172,1523,0,2000,26321,26931,28042,26319,25738,1
Female,University,Single,27,80000,26144,26625,3600,0,68424,42601,1075,1200,0,68424,1264,25550,2400,0,0,41337,0
Female,University,Single,29,290000,263796,268765,209697,212359,216989,221260,11320,10000,7600,8000,8000,257445,199697,204759,208989,213260,0
Female,Graduate,Single,27,110000,8086,8848,9283,8950,8943,333,1232,1000,0,326,333,7616,8283,8950,8617,0,0
Female,High School,Single,24,30000,23031,22393,21736,23192,22701,22954,0,0,1800,0,1000,22393,21736,21392,22701,21954,0
Female,University,Married,23,70000,43397,44336,35757,27906,25731,21430,2500,21000,2000,687,1500,41836,14757,25906,25044,19930,0
Female,Graduate,Single,26,300000,277680,281719,284381,155562,158448,162626,12005,10155,6000,5000,6000,269714,274226,149562,153448,156626,0
Male,University,Married,47,30000,24422,25480,26425,30525,29063,29022,1455,1400,4500,0,1500,24025,25025,26025,29063,27522,1
Female,Graduate,Single,36,200000,0,0,0,932,2469,0,0,0,932,2487,0,0,0,0,-18,0,0
Male,University,Single,27,130000,81603,84249,85424,82632,84522,86061,3963,3500,2956,3220,3100,80286,81924,79676,81302,82961,1
Male,Graduate,Single,25,80000,0,0,0,0,0,0,0,0,0,0,0,0,0,0,0,0,0
Female,University,Single,37,50000,67570,61248,54707,29250,29905,29519,3000,3000,2100,1500,1300,58248,51707,27150,28405,28219,0
Female,Graduate,Single,30,310000,33376,34587,30488,27112,24722,9862,2000,2000,1000,1000,661,32587,28488,26112,23722,9201,0
Female,University,Married,31,160000,11648,780,0,5100,0,0,780,0,5100,0,0,0,0,0,0,0,0
Male,University,Married,30,240000,227675,181461,186160,191355,192406,190086,10003,10009,10014,8500,10000,171458,176151,181341,183906,180086,0
Female,University,Married,36,100000,21237,16723,15868,8275,5954,7075,3013,4031,3012,2006,3121,13710,11837,5263,3948,3954,0
Female,Other,Single,27,200000,98761,85583,84398,88612,86159,89751,4000,3000,3000,3338,5000,81583,81398,85612,82821,84751,0
Female,Graduate,Single,38,50000,46179,38055,28857,27495,26344,24879,1881,1683,1064,900,862,36174,27174,26431,25444,24017,0
Female,High School,Single,45,320000,300598,308931,186223,114605,117159,119733,14227,9334,4106,4405,4678,294704,176889,110499,112754,115055,0
Male,Graduate,Married,37,60000,57985,59312,27420,27965,28552,29276,2550,1500,1001,1038,1200,56762,25920,26964,27514,28076,0
Male,University,Married,43,60000,58777,40584,12617,22670,17701,950,5005,5000,10216,876,1252,35579,7617,12454,16825,-302,0
Male,University,Married,42,50000,46100,46949,18755,11112,11374,5919,2133,1058,2000,2043,5919,44816,17697,9112,9331,0,1
Male,University,Married,41,360000,0,0,0,0,0,0,0,0,0,0,0,0,0,0,0,0,1
Female,University,Single,32,60000,60745,61085,56863,18473,15434,7301,2613,5900,1000,428,1000,58472,50963,17473,15006,6301,0
Female,University,Single,28,210000,2162,61,259323,139861,1684,826,61,130000,10000,1684,826,0,129323,129861,0,0,0
Male,University,Married,39,20000,20591,20284,20645,20750,20300,20482,1500,1000,718,3,1800,18784,19645,20032,20297,18682,1
Female,University,Married,40,100000,10228,50764,52520,24550,5973,57200,50836,39033,524,18,57227,-72,13487,24026,5955,-27,0
Female,Graduate,Single,32,200000,47517,8219,9000,10000,11340,0,1219,1000,1000,1340,0,7000,8000,9000,10000,0,0
Female,University,Married,28,180000,454,14213,10621,3913,1707,15087,14213,10628,7826,1707,15087,0,-7,-3913,0,0,0
Female,Graduate,Single,50,70000,64315,58564,56741,25172,29186,25430,3000,10032,8000,5139,1000,55564,46709,17172,24047,24430,1
Female,University,Single,48,170000,83074,85834,87003,88753,90624,92455,4100,3500,3200,3300,3334,81734,83503,85553,87324,89121,0
Male,Graduate,Single,36,80000,68931,67706,67017,65159,64152,65208,2500,3000,2244,2478,4800,65206,64017,62915,61674,60408,0
Female,Graduate,Married,41,400000,8,1274,19143,20305,22063,20695,1274,19143,1305,2063,1695,0,0,19000,20000,19000,0
Female,University,Married,40,140000,138389,110701,83468,41202,41687,36335,5148,3216,2003,3000,3041,105553,80252,39199,38687,33294,0
Male,High School,Married,57,60000,20865,16590,10816,6956,2489,0,1262,1003,0,1050,0,15328,9813,6956,1439,0,0
Male,Graduate,Married,44,360000,333549,342782,340216,344545,140386,144042,15047,15000,14000,5008,10055,327735,325216,330545,135378,133987,0
Female,University,Married,43,240000,48502,49001,47026,45827,39527,40868,2200,1923,1682,2000,2000,46801,45103,44145,37527,38868,0
Female,University,Single,27,80000,57004,55220,43506,39025,40017,29797,0,1900,1418,1800,1300,55220,41606,37607,38217,28497,0
Female,University,Single,39,270000,116168,118661,121106,118269,120737,123227,4173,4275,4054,4191,4302,114488,116831,114215,116546,118925,0
Female,High School,Married,39,30000,20652,24993,24293,25896,26435,25859,4700,0,2010,1100,0,20293,24293,23886,25335,25859,0
Male,Graduate,Married,58,480000,24610,-310,148544,18791,5909,68988,4,149654,18885,5940,69337,-314,-1110,-94,-31,-349,1
Male,University,Married,50,160000,269,0,697,697,895,1341,0,697,697,895,1341,0,0,0,0,0,0
Female,University,Single,34,180000,51385,53925,54848,57988,59438,61974,3140,923,4663,2530,3687,50785,53925,53325,56908,58287,1
Male,Graduate,Single,29,300000,0,0,0,0,0,0,0,0,0,0,0,0,0,0,0,0,1
Female,Graduate,Single,31,200000,191953,189147,191673,192051,193348,193337,6887,7019,7000,7200,7200,182260,184654,185051,186148,186137,0
Female,University,Single,30,50000,37522,38614,39671,40213,41064,43382,2000,2000,1500,1500,3000,36614,37671,38713,39564,40382,0
Female,High School,Married,39,320000,3065,41679,8275,8275,7606,14611,41679,8344,8275,7606,10000,0,-69,0,0,4611,0
Female,Graduate,Married,35,30000,27703,28743,27048,26592,23874,23293,1500,1356,900,1000,1100,27243,25692,25692,22874,22193,1
Female,Graduate,Married,38,500000,913,9724,9350,6972,11879,15574,9782,9350,6972,11879,15574,-58,0,0,0,0,0
Male,Graduate,Married,40,360000,21489,40715,-34041,-34503,43013,11654,41088,2,38,85155,58,-373,-34043,-34541,-42142,11596,0
Female,University,Married,53,50000,13868,14307,14762,15232,16988,17912,2000,1000,1000,2000,1200,12307,13762,14232,14988,16712,1
Female,Graduate,Single,29,80000,61565,62857,64773,68073,69538,70841,2281,2961,5000,2700,2600,60576,61812,63073,66838,68241,0
Male,University,Single,23,10000,5324,6509,7313,6469,6988,7489,1279,1083,500,1000,1000,5230,6230,5969,5988,6489,0
Female,Graduate,Single,23,280000,262579,235354,199360,193888,193132,188016,6453,6000,5334,5397,5400,228901,193360,188554,187735,182616,0
Female,University,Married,31,300000,3863,4242,5090,309,2700,7593,5021,5134,322,5013,7611,-779,-44,-13,-2313,-18,0
Female,Graduate,Married,34,280000,232834,218803,202031,111603,94050,76232,9001,6369,3864,3501,3001,209802,195662,107739,90549,73231,0
Male,University,Married,42,170000,164824,132485,120267,117453,115778,117411,6107,6000,4500,4500,4500,126378,114267,112953,111278,112911,0
Female,Graduate,Married,36,260000,88273,91908,90857,-81334,142645,149655,6000,5020,81569,331788,10002,85908,85837,-162903,-189143,139653,0
Male,University,Married,44,360000,-3,583,-17,3440,1368,146,586,0,3457,1375,200,-3,-17,-17,-7,-54,0
Female,University,Single,31,360000,9688,7612,7537,11227,9703,61882,2012,3004,5011,1061,65663,5600,4533,6216,8642,-3781,0
Male,High School,Married,38,200000,181532,179645,180615,180127,166755,167416,8218,7912,6284,6313,6200,171427,172703,173843,160442,161216,0
Female,Graduate,Single,28,50000,21514,22563,23585,23894,24549,24990,1700,1700,1000,1039,1000,20863,21885,22894,23510,23990,0
Female,High School,Married,45,130000,0,780,390,540,11040,953,780,0,540,11040,953,0,390,0,0,0,0
Male,University,Married,32,20000,19468,20844,19362,19402,19607,19821,3000,0,850,920,750,17844,19362,18552,18687,19071,1
Female,High School,Married,52,50000,22916,13238,346,14580,11231,10804,1656,0,14580,500,458,11582,346,0,10731,10346,1
Female,Graduate,Married,30,190000,6936,500,0,19000,19000,19000,500,0,19000,19000,19000,0,0,0,0,0,0
Male,University,Married,36,140000,780,16570,17378,12568,15678,15620,16570,1220,3000,3500,332,0,16158,9568,12178,15288,0
Female,University,Married,40,70000,69341,19472,22066,23515,10990,0,2000,3000,2000,3000,0,17472,19066,21515,7990,0,0
Female,Graduate,Single,36,150000,15447,0,0,0,0,0,0,0,0,0,0,0,0,0,0,0,0
Female,University,Single,29,140000,128583,132734,132135,126622,127495,119304,7000,5000,5000,6000,6000,125734,127135,121622,121495,113304,0
Male,University,Single,27,50000,48387,47637,48479,18616,19196,17906,2300,2100,1000,1000,1000,45337,46379,17616,18196,16906,1
Female,Graduate,Married,55,350000,3518,1931,1630,7461,4124,1261,1935,1630,7461,4124,1261,-4,0,0,0,0,0
Male,University,Single,53,80000,35637,34783,36198,37094,38489,40341,0,2000,1500,2000,2500,34783,34198,35594,36489,37841,1
Male,Graduate,Single,34,400000,-5,-5,-5,1299,4374,4986,0,0,1304,4375,1025,-5,-5,-5,-1,3961,0
Female,Graduate,Married,38,170000,71712,70194,43210,23096,23397,27817,3332,7770,5000,3000,5000,66862,35440,18096,20397,22817,0
Female,University,Other,47,20000,9325,8562,9571,9912,10036,10400,1000,1159,500,432,600,7562,8412,9412,9604,9800,0
Male,Graduate,Married,40,450000,22861,19093,6576,9133,6918,12382,6596,0,6918,4351,8161,12497,6576,2215,2567,4221,0
Female,High School,Married,36,200000,-5,-5,-5,2999,4804,4402,0,0,3004,4804,5008,-5,-5,-5,0,-606,0
Female,Graduate,Married,36,200000,2444,1301,3207,3284,1111,8349,1301,3210,3284,1111,8349,0,-3,0,0,0,0
Female,High School,Married,53,100000,0,0,0,0,0,0,0,0,0,0,0,0,0,0,0,0,1
Male,University,Married,39,60000,14085,14575,18423,13099,14537,16928,2000,5000,4000,2000,5000,12575,13423,9099,12537,11928,0
Female,University,Married,37,230000,16302,15849,16884,17620,18353,18901,1265,1300,1001,1000,1000,14584,15584,16619,17353,17901,0
Female,University,Single,29,230000,24524,24897,22219,23512,12894,15183,3000,4000,3047,3000,3000,21897,18219,20465,9894,12183,0
Male,University,Married,46,60000,3046,286,6466,6469,5364,3664,285,6466,3,5,10,1,0,6466,5359,3654,0
Female,Graduate,Married,34,160000,5520,0,0,708,560,0,0,0,708,560,0,0,0,0,0,0,0
Male,Graduate,Married,34,310000,493,-7,-7,500,736,739,0,0,507,736,3,-7,-7,-7,0,736,1
Female,Graduate,Single,30,430000,31423,3650,44671,81979,9120,85407,3650,44671,82555,9120,85407,0,0,-576,0,0,0
Female,Graduate,Married,47,240000,-40,-40,-40,1160,1160,0,0,0,1200,0,0,-40,-40,-40,1160,0,0
Male,University,Single,29,60000,54050,54555,15177,16610,16821,20048,2500,2000,2000,628,3525,52055,13177,14610,16193,16523,0
Male,University,Single,28,30000,26054,25144,25775,18585,0,0,2000,2000,2000,0,0,23144,23775,16585,0,0,0
Male,University,Married,30,180000,375,375,375,750,375,399,375,375,750,0,399,0,0,0,375,0,1
Male,University,Single,24,20000,16706,18342,17755,17967,17538,18647,2200,0,800,0,1401,16142,17755,17167,17538,17246,0
Male,Graduate,Single,24,30000,16035,15493,16197,16669,16865,17199,0,1270,742,613,615,15493,14927,15927,16252,16584,1
Female,University,Married,55,320000,11973,4076,7879,5436,51529,18088,4093,7917,5459,51787,18178,-17,-38,-23,-258,-90,0
Male,University,Single,32,500000,264,286,550,286,22,14454,286,528,0,128,15239,0,22,286,-106,-785,1
Female,University,Married,47,170000,0,0,0,0,0,0,0,0,0,0,0,0,0,0,0,0,0
Female,University,Single,24,20000,21838,20544,19991,20305,19349,20467,2349,1296,1000,696,2213,18195,18695,19305,18653,18254,0
Female,Graduate,Single,29,360000,73753,61008,49781,12846,4548,9820,5121,10180,41,22,9865,55887,39601,12805,4526,-45,0
Female,Graduate,Single,24,90000,30639,25390,27618,26382,27546,17660,2913,9000,0,2000,0,22477,18618,26382,25546,17660,0
Female,Graduate,Married,40,100000,390,390,780,390,390,7140,390,780,0,390,7140,0,0,390,0,0,0
Male,Graduate,Single,37,100000,0,0,0,0,0,0,0,0,0,0,0,0,0,0,0,0,0
Male,Graduate,Married,38,170000,0,0,0,1012,0,0,0,0,1012,0,0,0,0,0,0,0,0
Female,University,Single,32,100000,50332,52644,54905,58133,60197,59226,3000,3000,4000,3000,0,49644,51905,54133,57197,59226,0
Male,Graduate,Single,27,20000,1760,2699,1261,780,390,1320,2200,0,780,0,1320,499,1261,0,390,0,0
Male,University,Married,32,220000,1565,3067,5797,1195,1797,1195,3082,5820,1198,1802,1198,-15,-23,-3,-5,-3,0
Female,Graduate,Single,31,470000,22988,10353,5603,11685,5093,2791,10363,5910,13380,5093,2791,-10,-307,-1695,0,0,0
Female,University,Single,24,100000,13391,10577,8905,0,4290,0,10608,8944,200,4290,0,-31,-39,-200,0,0,0
Male,University,Single,23,10000,1504,6007,6470,390,0,780,6007,1000,390,0,780,0,5470,0,0,0,0
Female,Graduate,Single,29,230000,2521,-1000,12009,5627,215,3039,0,13009,8018,0,3039,-1000,-1000,-2391,215,0,0
Female,Graduate,Single,28,50000,31336,32039,32714,32482,33807,34398,1500,1500,600,2000,1300,30539,31214,31882,31807,33098,0
Male,High School,Married,30,50000,50545,49502,46418,19980,19751,20477,2603,1621,1000,1000,1204,46899,44797,18980,18751,19273,1
Female,University,Single,30,120000,116887,117419,116281,117392,117791,112505,4615,7175,4529,4625,4029,112804,109106,112863,113166,108476,0
Female,Graduate,Married,33,160000,2355,2714,12094,2855,3803,8911,2719,15000,2855,3803,8911,-5,-2906,0,0,0,1
Male,Graduate,Single,27,120000,880,880,880,880,880,1030,880,880,880,880,1030,0,0,0,0,0,0
Female,University,Single,21,30000,26757,26831,26620,26134,26865,25752,1520,1339,852,2067,1400,25311,25281,25282,24798,24352,0
Female,Graduate,Single,29,180000,100,0,0,0,0,0,0,0,0,0,0,0,0,0,0,0,0
Male,Graduate,Single,23,30000,30287,28171,29410,29705,28647,28776,1496,1735,1030,1017,1033,26675,27675,28675,27630,27743,0
Female,Graduate,Married,40,200000,3266,390,11314,-71,-467,-863,390,11320,0,0,0,0,-6,-71,-467,-863,0
Female,University,Single,33,10000,7659,18814,19570,19967,9908,9646,11400,1135,532,449,693,7414,18435,19435,9459,8953,0
Male,University,Single,39,230000,35289,27678,13800,10238,6968,4704,1646,1017,214,406,412,26032,12783,10024,6562,4292,0
Female,High School,Married,53,200000,126027,129008,130376,133207,136159,138741,6500,5000,5000,5100,5000,122508,125376,128207,131059,133741,0
Male,University,Married,46,110000,44953,47315,46997,50740,49115,49529,3087,1769,4512,0,1930,44228,45228,46228,49115,47599,1
Male,University,Married,40,50000,18485,10767,9775,10122,9146,9341,1166,1200,481,321,336,9601,8575,9641,8825,9005,0
Female,Graduate,Single,23,50000,48482,47226,11151,-2897,48211,48154,2500,3002,1500,52000,1900,44726,8149,-4397,-3789,46254,0
Male,Graduate,Married,43,220000,7695,2701,98376,3874,5226,14973,2725,98875,3893,5252,15047,-24,-499,-19,-26,-74,0
Male,Graduate,Married,43,500000,14132,35814,20089,28077,132588,115442,35820,18,28077,132588,28500,-6,20071,0,0,86942,0
Male,Graduate,Married,43,140000,100021,95122,84315,70871,70923,64202,4535,2856,2503,2378,3014,90587,81459,68368,68545,61188,0
Female,Graduate,Single,30,50000,2989,4008,4861,4958,5244,8134,1228,1081,178,366,3156,2780,3780,4780,4878,4978,0
Male,University,Single,24,50000,7240,8264,9273,9609,9657,9927,2644,1153,489,351,431,5620,8120,9120,9306,9496,0
Female,Graduate,Single,32,150000,116908,107164,110884,111706,113942,116626,4000,5500,4145,4186,4630,103164,105384,107561,109756,111996,0
Male,Graduate,Single,35,150000,143376,145607,146509,148507,152044,136643,6000,4500,5100,5322,20,139607,142009,143407,146722,136623,0
Male,High School,Married,43,240000,191453,193548,190288,186770,180458,178722,8500,8300,7000,7000,7000,185048,181988,179770,173458,171722,0
Male,Graduate,Single,31,180000,2400,2400,2400,2400,2400,2400,0,0,0,0,0,2400,2400,2400,2400,2400,0
Male,University,Married,44,240000,5428,9054,13158,6507,2955,1092,9064,13158,6860,2295,1092,-10,0,-353,660,0,0
Female,Graduate,Single,27,150000,138066,140522,138722,130494,147851,145535,5767,6100,30000,19227,0,134755,132622,100494,128624,145535,0
Female,High School,Married,41,260000,1145,-4,-4,2177,158,0,4,0,2181,158,0,-8,-4,-4,0,0,0
Female,Graduate,Married,34,160000,430,430,430,850,3350,4874,430,430,850,3350,4874,0,0,0,0,0,0
Female,University,Married,39,290000,58281,62061,65710,69452,73627,77890,5000,5000,5000,5000,5000,57061,60710,64452,68627,72890,0
Male,Graduate,Single,48,240000,116058,117196,121245,122736,125599,128506,4500,6000,5000,5000,5000,112696,115245,117736,120599,123506,0
Male,University,Married,56,50000,32134,30391,10725,10541,10052,10400,0,1159,365,448,600,30391,9566,10176,9604,9800,0
Female,High School,Married,46,170000,246,123,5436,1229,93787,95816,123,5436,1229,93970,4000,0,0,0,-183,91816,0
Female,Graduate,Married,46,130000,147582,138996,140558,90522,90917,92330,5394,4229,3211,3297,3312,133602,136329,87311,87620,89018,1
Male,Graduate,Single,27,80000,0,0,0,8956,8956,0,0,0,8956,0,0,0,0,0,8956,0,0
Male,Graduate,Married,45,30000,29029,27381,28945,29373,0,0,2000,2138,1102,0,0,25381,26807,28271,0,0,0
Female,High School,Married,40,100000,97763,93834,86360,77594,78030,78506,4500,3000,3000,3000,3000,89334,83360,74594,75030,75506,0
Male,University,Single,23,10000,8638,8958,9414,9344,9545,9586,1294,1150,480,500,348,7664,8264,8864,9045,9238,0
Female,Graduate,Single,30,320000,0,200,3663,992,1627,6661,200,3696,997,1635,6694,0,-33,-5,-8,-33,0
Male,University,Married,36,50000,48612,50525,0,0,0,0,3000,0,0,0,0,47525,0,0,0,0,0
Male,Graduate,Single,29,80000,49373,49812,0,0,0,0,1980,19800,0,0,0,47832,-19800,0,0,0,1
Female,University,Single,26,70000,23409,23174,26103,28342,24894,25272,3003,5106,4026,755,1029,20171,20997,24316,24139,24243,1
Female,University,Single,28,700000,16262,12219,9861,6384,5126,2680,2192,2015,1005,1009,1000,10027,7846,5379,4117,1680,0
Female,Graduate,Single,26,360000,7142,44008,21715,5064,9147,6068,44234,21823,5089,9192,6098,-226,-108,-25,-45,-30,0
Male,Graduate,Single,30,380000,192132,148842,177842,120027,97256,108213,10123,50434,7132,11068,20050,138719,127408,112895,86188,88163,0
Male,University,Single,40,50000,42807,32187,48600,7514,9336,-177,10000,21019,1500,3000,1210,22187,27581,6014,6336,-1387,0
Male,University,Married,45,20000,20011,10753,10853,10670,-120,-120,0,10600,800,0,0,10753,253,9870,-120,-120,1
Female,Graduate,Single,33,350000,314994,322472,244792,140218,181571,167905,12695,9790,5302,95621,11920,309777,235002,134916,85950,155985,1
Female,Graduate,Single,29,80000,0,0,8061,8061,9390,4337,0,8061,0,9390,4500,0,0,8061,0,-163,1
Male,High School,Married,35,150000,135215,137863,130622,126063,118836,116865,6000,30,5050,5025,5000,131863,130592,121013,113811,111865,1
Female,Graduate,Single,35,300000,47295,87717,78638,77038,74345,49452,55047,27354,2124,5000,5500,32670,51284,74914,69345,43952,0
Male,University,Married,39,400000,399099,272898,202937,169138,144434,124802,15395,10232,12115,6285,11106,257503,192705,157023,138149,113696,0
Female,University,Married,35,250000,242971,244628,243223,245031,247911,247353,8310,7938,8101,8430,8808,236318,235285,236930,239481,238545,0
Female,Graduate,Single,23,50000,49061,47209,47471,21571,19005,772,2138,1400,431,380,772,45071,46071,21140,18625,0,1
Female,High School,Married,44,230000,54798,11632,4987,6222,15121,17425,11632,4987,6222,15121,17425,0,0,0,0,0,0
Female,University,Single,27,100000,43865,45548,46266,49290,48372,49412,2400,1776,3800,0,2000,43148,44490,45490,48372,47412,0
Male,University,Single,34,380000,4384,3852,2300,632,316,316,0,2300,632,0,316,3852,0,0,316,0,0
Female,University,Single,28,260000,251560,379318,226538,202887,195364,181206,9139,13805,7100,6952,12812,370179,212733,195787,188412,168394,0
Male,University,Single,31,470000,78833,80562,82718,85334,87948,90479,3000,3500,4000,4000,4000,77562,79218,81334,83948,86479,0
Male,University,Single,29,80000,48098,49089,47184,47059,47938,48904,2081,2068,1833,1889,1915,47008,45116,45226,46049,46989,0
Male,Graduate,Single,36,140000,74177,65336,53578,49288,43870,44854,4000,3500,2000,2500,1800,61336,50078,47288,41370,43054,1
Male,Graduate,Married,45,140000,64393,65271,66606,64940,73677,75316,2500,3000,0,10000,3000,62771,63606,64940,63677,72316,1
Male,University,Married,36,50000,50808,48287,47265,20840,19568,19812,0,3259,0,844,706,48287,44006,20840,18724,19106,1
Female,University,Married,37,180000,14704,14417,13387,9537,38456,35947,1244,1064,278,31369,1268,13173,12323,9259,7087,34679,1
Female,University,Single,23,30000,15847,15308,15910,16752,16197,16583,0,1150,1400,0,800,15308,14760,15352,16197,15783,1
Female,University,Single,22,30000,18796,20489,22142,25438,28453,27699,2000,2000,4000,3600,0,18489,20142,21438,24853,27699,1
Female,Graduate,Married,25,50000,30479,31200,31817,29229,29529,30053,1528,1461,1030,1070,1320,29672,30356,28199,28459,28733,1
Female,Graduate,Single,35,250000,45429,34800,31217,25231,17009,4553,0,1443,560,4875,400,34800,29774,24671,12134,4153,0
Female,University,Single,25,310000,38942,130331,56527,560,300,2381,135868,1306,560,300,2387,-5537,55221,0,0,-6,0
Female,University,Married,51,360000,0,0,390,540,540,390,0,780,540,540,390,0,-390,0,0,0,0
Male,University,Single,31,50000,48640,49483,40850,0,800,400,2000,3000,0,400,20000,47483,37850,0,400,-19600,0
Female,Graduate,Single,30,480000,75834,-105,37649,45469,20020,3167,105,37754,32970,8000,3167,-210,-105,12499,12020,0,0
Female,Graduate,Single,24,50000,1303,1303,748,1693,1138,748,1303,748,1693,1138,895,0,0,0,0,-147,0
Male,University,Single,37,160000,0,0,0,0,461,603,0,0,0,461,603,0,0,0,0,0,0
Female,Graduate,Single,30,140000,4975,5445,6455,6847,8075,8592,1200,1108,500,1500,650,4245,5347,6347,6575,7942,0
Female,Graduate,Single,27,310000,833,323,1083,2134,2474,2097,323,1093,2140,9201,2103,0,-10,-6,-6727,-6,0
Female,Graduate,Single,27,30000,7843,2670,2670,2670,10302,15643,2670,2670,2670,10302,15643,0,0,0,0,0,0
Female,University,Married,27,40000,11310,10842,12896,14675,17265,17974,0,2554,2000,3000,1000,10842,10342,12675,14265,16974,0
Male,High School,Married,55,80000,79788,81571,75814,49784,51408,48587,25000,7704,8700,3000,12900,56571,68110,41084,48408,35687,0
Female,University,Single,41,30000,25159,25931,27369,25111,22235,19000,1762,2200,790,922,663,24169,25169,24321,21313,18337,0
Female,University,Single,26,200000,58147,1468,2321,327194,6680,3963,1468,2321,163597,6680,3963,0,0,163597,0,0,0
Female,High School,Married,42,270000,106986,103249,89221,86996,86384,85440,3578,3207,3000,3200,3241,99671,86014,83996,83184,82199,0
Male,Graduate,Single,32,180000,154374,153018,146396,136531,138502,136665,7500,7000,5000,5000,6000,145518,139396,131531,133502,130665,0
Female,University,Single,34,180000,194,191,187,176,188,187,200,187,180,200,187,-9,0,-4,-12,0,0
Male,High School,Single,21,10000,4797,6457,6154,6154,6280,0,2400,0,0,126,0,4057,6154,6154,6154,0,0
Male,Graduate,Married,48,120000,360,360,360,150,870,510,360,360,150,870,510,0,0,0,0,0,1
Male,Graduate,Single,36,30000,24796,26088,27032,26723,23143,17106,2000,1804,2014,1521,1204,24088,25228,24709,21622,15902,1
Female,Graduate,Married,30,300000,-6027,-6027,3973,3973,1244,1631,0,10000,0,1244,1631,-6027,-6027,3973,0,0,0
Female,High School,Married,61,50000,5016,6065,6985,6354,4908,3724,1135,1055,656,0,133,4930,5930,5698,4908,3591,0
Male,High School,Married,58,150000,0,0,0,0,7043,1504,0,0,0,7043,0,0,0,0,0,1504,0
Female,University,Single,36,300000,1041,654,0,780,70,430,3,0,780,150,710,651,0,0,-80,-280,0
Male,University,Single,26,50000,48065,49237,29651,30049,28376,28954,2500,1862,1150,1200,1200,46737,27789,28899,27176,27754,0
Male,University,Single,34,10000,8097,9109,10125,10327,10552,18836,1151,2167,369,391,436,7958,7958,9958,10161,18400,0
Female,University,Single,35,260000,188,188,188,188,194,188,188,188,188,194,188,0,0,0,0,0,0
Female,Graduate,Married,28,400000,6500,405016,391178,392932,394410,410127,405016,0,14000,13560,28000,0,391178,378932,380850,382127,0
Female,University,Single,39,50000,26262,15020,16460,16888,17464,18171,4000,2000,1000,1000,1000,11020,14460,15888,16464,17171,0
Female,University,Single,22,50000,50974,51688,50024,29381,28957,28435,3000,0,800,808,1200,48688,50024,28581,28149,27235,0
Female,Graduate,Single,28,280000,3678,1829,10002,13476,23572,14603,3658,10020,10000,11000,14603,-1829,-18,3476,12572,0,0
Female,University,Single,22,10000,10063,8632,8775,7092,7410,7311,1194,1027,176,1253,2311,7438,7748,6916,6157,5000,0
Female,University,Married,32,80000,73181,71452,72651,74266,75892,75816,0,3000,2800,2800,2700,71452,69651,71466,73092,73116,0
Female,High School,Married,52,150000,170,905,1203,2064,2847,0,1125,1203,2064,2847,0,-220,0,0,0,0,0
Female,University,Single,53,20000,18396,17826,18547,19118,18679,19812,0,1300,1170,0,1600,17826,17247,17948,18679,18212,0
Male,University,Single,24,50000,0,0,0,0,0,0,0,0,0,0,0,0,0,0,0,0,1
Female,Graduate,Single,31,170000,0,843,0,0,0,1880,843,0,0,0,1880,0,0,0,0,0,0
Female,University,Single,33,130000,79579,70067,63951,57467,51614,46071,2702,2207,2000,1717,1770,67365,61744,55467,49897,44301,0
Female,University,Single,29,50000,1303,801,11512,11512,8490,0,801,11512,0,0,0,0,0,11512,8490,0,0
Female,High School,Single,27,50000,18019,9946,10319,8603,7298,6709,5559,2446,0,260,1000,4387,7873,8603,7038,5709,0
Male,University,Married,40,180000,126937,109884,49475,50840,50090,48345,5000,2000,2000,2000,2000,104884,47475,48840,48090,46345,1
Female,University,Married,50,20000,10511,14913,14382,16820,16411,17287,4593,0,3000,0,1304,10320,14382,13820,16411,15983,0
Male,Graduate,Single,29,410000,53629,50359,44596,44016,38728,36540,3037,3015,3549,5029,4325,47322,41581,40467,33699,32215,0
Female,University,Single,26,50000,26701,28014,28725,29295,29902,30683,1749,1479,1049,1080,1280,26265,27246,28246,28822,29403,0
Female,University,Married,47,270000,8400,7500,7500,7500,7500,7500,7500,7500,7500,7500,7500,0,0,0,0,0,0
Female,Graduate,Single,24,80000,3940,4115,84,8708,8728,2793,4117,84,8708,20,2795,-2,0,0,8708,-2,0
Female,High School,Single,48,140000,129915,132240,111948,58672,59199,54286,6000,3079,3000,2000,2000,126240,108869,55672,57199,52286,0
Male,University,Married,29,60000,40587,41642,40673,43342,44299,45222,2000,0,3348,1800,1800,39642,40673,39994,42499,43422,1
Female,Graduate,Single,26,180000,182218,173980,262878,128739,130929,130437,0,5000,5000,4738,4915,173980,257878,123739,126191,125522,0
Female,Graduate,Single,34,320000,-532,-532,-528,-1336,-1336,-1336,0,4,0,0,0,-532,-532,-1336,-1336,-1336,0
Male,University,Single,26,40000,5754,6407,6156,7146,7384,7117,900,0,1100,500,0,5507,6156,6046,6884,7117,1
Female,Graduate,Single,32,380000,41727,44178,82860,753,11599,8348,44178,89999,753,11599,8348,0,-7139,0,0,0,0
Female,University,Married,36,150000,125938,132110,142876,139097,138592,141447,9734,14500,0,2000,5300,122376,128376,139097,136592,136147,0
Female,Graduate,Single,25,110000,63594,56267,53550,44084,42077,37770,2260,1499,1309,1487,2000,54007,52051,42775,40590,35770,0
Male,Graduate,Single,26,110000,109386,99100,50827,51834,52921,54013,2432,3686,1850,1917,1968,96668,47141,49984,51004,52045,0
Female,High School,Married,26,100000,45807,47099,40027,37735,35437,34155,5000,2500,3000,1597,2457,42099,37527,34735,33840,31698,0
Male,Graduate,Single,35,240000,11906,54684,1874,1151,23169,9372,55167,1874,1151,23169,9372,-483,0,0,0,0,0
Female,University,Single,25,50000,30857,28481,27634,26691,26329,25923,1800,1400,915,1500,1500,26681,26234,25776,24829,24423,0
Male,Graduate,Single,38,50000,27148,27619,20997,21018,20556,20302,1655,1323,734,1058,406,25964,19674,20284,19498,19896,0
Male,University,Single,29,200000,204212,186635,137983,82191,83964,86067,0,4075,3000,3100,4400,186635,133908,79191,80864,81667,0
Female,Graduate,Single,27,80000,100,980,28798,29398,15037,0,980,28798,1000,1000,0,0,0,28398,14037,0,0
Male,High School,Single,49,40000,34470,31226,30321,30124,33614,35665,2000,3000,3000,4000,3000,29226,27321,27124,29614,32665,1
Male,University,Married,29,250000,-24,-24,-24,746,7146,434,0,0,770,7200,688,-24,-24,-24,-54,-254,0
Female,Graduate,Single,24,230000,69158,73712,68831,61534,25914,36313,8149,2214,5904,5542,15502,65563,66617,55630,20372,20811,0
Male,Graduate,Single,26,30000,7510,7247,8165,8529,8743,8949,0,1200,500,500,500,7247,6965,8029,8243,8449,1
Female,High School,Single,52,80000,73056,74736,65581,63939,65278,66578,2953,2333,2288,2369,2385,71783,63248,61651,62909,64193,1
Female,Graduate,Single,37,100000,1725,21711,10487,780,0,0,21711,1000,780,0,0,0,9487,0,0,0,0
Female,University,Married,28,230000,54228,21092,18481,15609,5802,72049,1500,1139,600,800,70196,19592,17342,15009,5002,1853,0
Male,Graduate,Married,50,490000,17884,6836,4657,3398,1476,1602,6836,4657,3398,1476,1602,0,0,0,0,0,1
Female,High School,Single,44,30000,25039,25989,23078,23697,25257,25595,1700,1384,1003,2100,900,24289,21694,22694,23157,24695,1
Male,High School,Married,49,40000,34203,33885,34605,35970,35711,39360,1880,1600,22703,1280,4632,32005,33005,13267,34431,34728,0
Male,Graduate,Married,34,450000,-9,1844,0,0,0,0,1853,0,0,0,0,-9,0,0,0,0,1
Female,University,Single,23,50000,48537,30271,26283,26547,27119,27697,2000,2000,1000,1000,1028,28271,24283,25547,26119,26669,1
Male,University,Single,26,20000,19276,18691,18048,18553,19465,16523,0,0,1000,1400,0,18691,18048,17553,18065,16523,0
Female,High School,Married,36,260000,118028,113611,107853,103031,98487,77783,4379,3670,4000,4000,3000,109232,104183,99031,94487,74783,0
Male,University,Single,28,10000,200,100,370,1766,1496,8356,0,370,1496,0,7000,100,0,270,1496,1356,0
Male,Graduate,Single,38,500000,0,0,0,218,11959,13692,0,0,218,11959,2000,0,0,0,0,11692,0
Female,University,Married,25,70000,34645,36021,32128,27265,27133,26234,2000,1804,1100,1005,1504,34021,30324,26165,26128,24730,0
Female,High School,Married,28,100000,3166,6896,416,416,416,412,6896,416,416,416,412,0,0,0,0,0,0
Female,High School,Married,30,50000,0,614,0,0,0,0,614,0,0,0,0,0,0,0,0,0,0
Female,Graduate,Single,33,400000,0,0,0,0,0,0,0,0,0,0,0,0,0,0,0,0,1
Male,University,Married,49,270000,3197,61164,61145,62186,62123,58995,61164,4000,5000,6000,5000,0,57145,57186,56123,53995,0
Male,Graduate,Single,38,260000,3953,3953,3953,3953,16466,14246,3953,3953,3953,16466,2000,0,0,0,0,12246,0
Female,University,Single,32,250000,72618,72972,43497,13877,14395,14063,3800,3000,4500,3000,5000,69172,40497,9377,11395,9063,0
Male,Graduate,Single,30,360000,28245,8017,19703,7474,2741,9526,8057,19764,37,2752,9573,-40,-61,7437,-11,-47,0
Male,University,Single,30,230000,120113,112301,104587,98333,88909,78872,4501,4585,3328,3500,2872,107800,100002,95005,85409,76000,0
Male,University,Single,27,110000,84342,89446,38580,39359,42021,43324,6657,2000,1418,3306,2000,82789,36580,37941,38715,41324,0
Female,University,Married,32,50000,316,282,316,316,316,316,282,350,316,316,316,0,-34,0,0,0,0
Male,Graduate,Married,38,80000,39410,41460,46307,45324,41887,38600,3000,6000,0,2033,5000,38460,40307,45324,39854,33600,0
Female,University,Married,32,10000,4695,5719,6733,7616,7779,8646,1103,1117,1000,286,1000,4616,5616,6616,7493,7646,1
Male,High School,Married,52,20000,10474,10000,0,0,0,0,0,0,0,0,0,10000,0,0,0,0,1
Female,High School,Single,33,200000,834,165,6682,16045,4679,280,165,6682,10000,4679,280,0,0,6045,0,0,0
Male,Graduate,Single,40,180000,93648,92017,87173,83205,84996,89723,4246,3000,3100,3200,7500,87771,84173,80105,81796,82223,0
Female,High School,Married,69,120000,106775,108715,100937,102939,105307,106617,3810,3700,3658,4000,4515,104905,97237,99281,101307,102102,0
Female,University,Married,47,80000,6612,7118,7930,6674,6810,0,1188,1000,133,136,0,5930,6930,6541,6674,0,1
Male,Graduate,Married,50,220000,3484,6742,4028,3576,2378,5946,6758,4028,3576,2378,5946,-16,0,0,0,0,0
Male,Graduate,Single,32,360000,8140,0,20470,10357,8540,0,0,20470,207,0,0,0,0,10150,8540,0,0
Female,Graduate,Single,25,50000,49604,29449,16005,16472,18072,18405,2000,1600,1000,2000,618,27449,14405,15472,16072,17787,0
Female,University,Married,31,150000,23427,25252,19004,15206,1423,8923,5554,5070,5076,1457,9047,19698,13934,10130,-34,-124,0
Female,University,Single,27,70000,67661,68482,69309,36808,37734,38353,3409,2908,1318,1520,1400,65073,66401,35490,36214,36953,0
Female,Graduate,Single,25,20000,8483,10186,10871,10402,12077,11594,2000,1000,0,2000,0,8186,9871,10402,10077,11594,1
Female,Graduate,Married,32,150000,0,0,0,0,0,0,0,0,0,0,0,0,0,0,0,0,1
Male,University,Married,35,40000,0,0,0,0,0,0,0,0,0,0,0,0,0,0,0,0,0
Male,Graduate,Single,27,170000,133149,138769,145050,146641,149603,157601,11936,13314,5801,5800,11000,126833,131736,140840,143803,146601,0
Female,University,Married,37,220000,48166,49164,46730,45680,46651,49507,2100,3900,0,1858,3800,47064,42830,45680,44793,45707,0
Female,University,Married,41,110000,108936,111169,108740,0,0,0,3991,2375,0,0,0,107178,106365,0,0,0,1
Female,University,Married,47,30000,29187,29254,30206,58287,29522,30103,1505,1457,1016,1207,1600,27749,28749,57271,28315,28503,0
Female,Graduate,Single,32,230000,195409,203432,180786,95445,63048,99961,21844,14105,21124,2520,50961,181588,166681,74321,60528,49000,0
Female,University,Single,38,270000,11421,6060,4180,1833,511,6635,2000,1000,2,1,6668,4060,3180,1831,510,-33,0
Female,Graduate,Single,47,360000,291410,296936,283943,266246,258197,114052,22913,7000,0,8500,5145,274023,276943,266246,249697,108907,1
Female,University,Single,25,180000,169225,172888,182533,176099,178391,181986,7800,14010,4,6431,6600,165088,168523,176095,171960,175386,0
Male,University,Married,49,360000,0,0,8209,-41,-41,-41,0,8209,0,0,0,0,0,-41,-41,-41,1
Female,Graduate,Single,47,280000,269124,266163,215177,184270,130954,92215,11268,8196,6281,4403,3532,254895,206981,177989,126551,88683,0
Female,Graduate,Married,63,170000,54957,56462,58023,59560,61442,63422,3000,2500,2500,3000,3000,53462,55523,57060,58442,60422,0
Female,University,Other,33,50000,48111,47583,38897,20190,19633,19035,2100,1690,11700,1200,1200,45483,37207,8490,18433,17835,0
Male,High School,Single,44,160000,325,325,650,325,475,650,325,650,0,475,650,0,0,325,0,0,0
Female,Graduate,Single,42,160000,0,0,0,0,741,0,0,0,0,741,0,0,0,0,0,0,0
Female,High School,Single,24,160000,153470,151486,153378,93971,96587,96623,10000,4600,4800,5000,3000,141486,148778,89171,91587,93623,0
Male,University,Single,27,50000,94297,49377,41247,9818,9003,9203,5600,1595,505,500,500,43777,39652,9313,8503,8703,0
Female,University,Single,49,50000,50986,48599,17815,16362,14694,13520,1325,1512,532,514,524,47274,16303,15830,14180,12996,0
Female,University,Single,30,180000,101281,102650,0,975,4645,1000,4650,0,975,4645,1000,98000,0,0,0,0,0
Female,Graduate,Single,38,210000,0,0,0,0,0,0,0,0,0,0,0,0,0,0,0,0,0
Male,University,Married,40,20000,21447,20650,0,0,0,0,0,0,0,0,0,20650,0,0,0,0,0
Male,Graduate,Single,29,570000,4119,-1031,5100,5150,5150,5138,0,11500,5200,5150,5138,-1031,-6400,-50,0,0,0
Male,Graduate,Single,27,280000,5521,-7,1485,5727,1247,2037,7,1492,5727,1247,2037,-14,-7,0,0,0,0
Female,University,Single,24,50000,49469,42983,40307,17575,14691,14393,0,2199,1000,5000,2000,42983,38108,16575,9691,12393,1
Female,University,Single,46,20000,16626,16071,19205,19712,19249,38900,0,3473,1000,727,1100,16071,15732,18712,18522,37800,1
Male,Graduate,Single,28,30000,9262,11792,11311,11820,13558,20271,3000,0,1000,2100,7000,8792,11311,10820,11458,13271,1
Male,Graduate,Married,37,240000,222976,227463,220804,217991,221981,214320,8494,7762,7176,7505,7273,218969,213042,210815,214476,207047,0
Male,Graduate,Single,47,30000,25690,26719,27774,28809,30399,29760,1445,1500,1500,2200,0,25274,26274,27309,28199,29760,0
Female,University,Married,47,90000,28477,28718,28847,28747,29177,29452,2000,2000,2000,2000,2000,26718,26847,26747,27177,27452,0
Male,University,Single,25,60000,56598,47311,25227,26039,27493,26416,3000,2000,1500,2000,1500,44311,23227,24539,25493,24916,0
Male,Graduate,Single,34,500000,203729,147289,63994,40501,11248,4189,10043,8078,10000,10000,4200,137246,55916,30501,1248,-11,0
Male,University,Married,34,70000,66977,68904,68863,33809,34764,36989,3013,2627,1210,1500,3000,65891,66236,32599,33264,33989,1
Male,University,Single,27,140000,30121,33315,32485,33142,35443,34724,4000,0,1500,3000,0,29315,32485,31642,32443,34724,0
Male,University,Single,32,30000,31895,31091,31002,29879,29382,23110,0,2300,0,996,1000,31091,28702,29879,28386,22110,0
Male,University,Married,55,140000,78314,81049,82810,83544,85692,87425,4000,4000,3000,3500,3158,77049,78810,80544,82192,84267,0
Male,Graduate,Single,44,290000,0,0,0,0,0,0,0,0,0,0,0,0,0,0,0,0,0
Female,Graduate,Married,36,360000,0,0,0,0,0,0,0,0,0,0,0,0,0,0,0,0,0
Male,Graduate,Single,34,30000,29160,29302,29698,31157,31714,30496,1494,1466,2501,1759,0,27808,28232,28656,29955,30496,0
Female,University,Married,33,170000,1870,0,400,1000,0,1243,0,400,1000,0,1243,0,0,0,0,0,0
Male,Graduate,Married,46,290000,2052,4146,700,5055,694,3207,4146,700,5077,694,3207,0,0,-22,0,0,0
Female,University,Single,53,270000,716,-1524,-3764,-4,-19205,42418,2,2,6002,2,64446,-1526,-3766,-6006,-19207,-22028,0
Male,Graduate,Married,49,200000,1377,528,216,1311,2842,0,792,216,1311,2842,0,-264,0,0,0,0,1
Female,Graduate,Married,45,140000,316,316,316,316,632,150,316,316,316,632,150,0,0,0,0,0,0
Female,High School,Single,39,230000,1876,1876,1876,2848,1876,4634,1876,1876,2848,1876,4634,0,0,0,0,0,0
Male,Graduate,Single,26,80000,76867,51936,28221,28809,19551,19925,1600,1300,859,3000,800,50336,26921,27950,16551,19125,0
Male,University,Single,36,350000,230738,232382,234254,211309,210897,191037,9503,9015,7511,8011,7361,222879,225239,203798,202886,183676,0
Female,High School,Married,42,50000,51123,50646,41150,30405,30671,30664,2089,2190,1100,1271,1264,48557,38960,29305,29400,29400,0
Male,High School,Single,32,50000,50114,50893,49660,29742,29311,29739,1991,1875,1044,1060,1211,48902,47785,28698,28251,28528,0
Female,University,Married,45,390000,0,0,0,0,0,0,0,0,0,0,0,0,0,0,0,0,1
Female,Graduate,Single,25,80000,0,0,300,0,0,0,0,300,0,0,0,0,0,0,0,0,0
Female,University,Single,23,150000,27414,10053,151996,152753,153844,151252,10096,156292,4700,5019,5300,-43,-4296,148053,148825,145952,0
Male,University,Single,23,10000,8109,9219,10200,9694,9684,9872,1400,1300,500,1000,500,7819,8900,9194,8684,9372,0
Male,University,Single,31,100000,97669,92311,90519,80051,76446,76815,0,3631,3000,3000,2800,92311,86888,77051,73446,74015,0
Female,Graduate,Married,41,310000,48815,39593,104341,76635,46219,55045,2063,76651,7129,3000,10000,37530,27690,69506,43219,45045,0
Male,Graduate,Single,31,80000,46516,30122,24099,7764,4804,10221,15029,5048,229,303,6018,15093,19051,7535,4501,4203,0
Male,Graduate,Married,46,40000,780,390,0,1170,780,0,0,0,1170,0,0,390,0,0,780,0,1
Female,University,Married,43,180000,1091,2062,0,0,6017,0,2062,0,0,6017,0,0,0,0,0,0,0
Male,Graduate,Married,60,100000,8311,8031,5790,3860,2599,2712,0,0,0,0,2712,8031,5790,3860,2599,0,0
Female,Graduate,Married,31,140000,1094,421,-6,2319,4051,418,422,0,2325,4063,419,-1,-6,-6,-12,-1,0
Male,University,Single,27,230000,396,396,396,396,396,546,396,396,396,396,546,0,0,0,0,0,0
Male,University,Single,24,20000,10248,10783,12291,14666,14289,17525,1000,2000,2900,0,3500,9783,10291,11766,14289,14025,1
Female,High School,Married,55,90000,23379,23715,24310,24561,22829,22486,1402,1387,1028,816,804,22313,22923,23533,22013,21682,0
Male,Graduate,Single,29,50000,16303,47714,48916,19894,20572,21230,32000,2000,1000,1000,1000,15714,46916,18894,19572,20230,0
Female,University,Married,39,50000,22187,23755,21772,22541,22871,23989,5000,2049,5000,1500,1500,18755,19723,17541,21371,22489,0
Male,University,Married,51,50000,46926,49161,49366,29441,30061,28728,3000,1500,1024,1064,1029,46161,47866,28417,28997,27699,0
Male,Graduate,Single,28,200000,13383,1183,14714,11938,303,3262,1183,14714,0,303,3262,0,0,11938,0,0,0
Male,Graduate,Single,23,20000,18679,20380,19753,19160,19661,19816,2300,0,0,788,558,18080,19753,19160,18873,19258,1
Male,Graduate,Single,46,400000,10965,9280,13582,7272,414,10799,9283,7276,7,417,10802,-3,6306,7265,-3,-3,0
Male,University,Single,38,20000,17760,19646,17922,18895,19325,19859,6500,2000,2000,1500,1000,13146,15922,16895,17825,18859,0
Male,University,Single,36,40000,0,0,0,0,0,0,0,0,0,10000,0,0,0,0,-10000,0,0
Male,Graduate,Single,28,240000,134245,137044,138197,140983,138214,141187,4967,4916,4982,5017,5272,132077,133281,136001,133197,135915,0
Female,Graduate,Married,37,240000,5024,17181,28395,24582,10715,9346,17267,28473,12069,21,2978,-86,-78,12513,10694,6368,0
Female,University,Single,38,80000,70590,62162,51770,49506,45722,46660,2200,2000,2015,1700,1700,59962,49770,47491,44022,44960,0
Male,Graduate,Married,37,180000,121744,121125,122498,123916,125661,127458,4406,4397,4405,4711,5040,116719,118101,119511,120950,122418,0
Female,Graduate,Single,22,20000,3978,5249,6362,7256,6995,7228,1500,1362,1000,0,350,3749,5000,6256,6995,6878,1
Male,High School,Married,44,20000,18467,19106,19690,19684,19697,19849,1328,1302,686,701,855,17778,18388,18998,18996,18994,0
Male,University,Married,41,20000,9598,0,2889,0,1448,0,0,2889,0,1448,0,0,0,0,0,0,0
Female,University,Single,25,360000,947,4075,6385,991,4632,2014,4098,6401,997,4641,2014,-23,-16,-6,-9,0,0
Female,University,Married,31,130000,6279,10862,5878,15306,8015,5965,11054,5172,14593,727,5222,-192,706,713,7288,743,0
Male,Graduate,Married,47,30000,2400,2400,2400,2400,2400,2400,0,0,0,0,0,2400,2400,2400,2400,2400,1
Female,University,Married,33,110000,7801,5289,9893,9986,9981,11714,0,5000,500,400,2000,5289,4893,9486,9581,9714,0
Male,High School,Single,46,30000,33134,32351,31397,30321,30000,28961,0,0,0,0,5000,32351,31397,30321,30000,23961,0
Female,Graduate,Single,26,80000,29322,28563,25443,28790,29929,23796,3000,3000,4000,1500,1000,25563,22443,24790,28429,22796,1
Female,High School,Married,31,350000,144718,214075,102601,99735,107130,0,100012,62635,99735,107130,0,114063,39966,0,0,0,0
Female,University,Single,24,50000,0,0,0,0,0,0,0,0,0,0,0,0,0,0,0,0,0
Female,Graduate,Single,23,110000,83914,85064,78997,71276,68385,62475,4022,3300,2000,3000,2500,81042,75697,69276,65385,59975,0
Female,University,Single,32,180000,134,357,288,837,467,15868,357,288,837,467,15868,0,0,0,0,0,0
Female,Other,Married,32,440000,324469,324109,287932,287892,276902,221866,11129,10300,11098,11200,12000,312980,277632,276794,265702,209866,0
Female,Graduate,Single,42,100000,91141,93027,94925,96837,98894,100500,2635,2688,2718,2854,2500,90392,92237,94119,96040,98000,0
Male,Graduate,Single,33,200000,5448,7616,14771,1973,9500,40647,7616,14771,1973,9500,40647,0,0,0,0,0,0
Female,University,Married,39,140000,131764,134654,138303,119845,122457,125487,6500,7500,5000,4700,5228,128154,130803,114845,117757,120259,0
Female,Graduate,Single,31,230000,-22,227,3480,3555,1850,1580,249,3480,3555,0,1580,-22,0,0,1850,0,1
Female,University,Single,44,10000,390,390,780,17585,18301,18663,390,780,17585,1000,667,0,0,0,17301,17996,1
Female,University,Single,35,280000,184050,171714,154940,136894,138467,128473,7088,6107,5000,5057,5005,164626,148833,131894,133410,123468,0
Male,University,Married,42,310000,2647,4206,1858,3057,2538,3069,4206,1858,3057,2538,3069,0,0,0,0,0,1
Female,Other,Married,33,260000,3140,2740,107139,105188,104418,106990,2740,107139,4000,4000,4696,0,0,101188,100418,102294,0
Male,Graduate,Single,29,270000,38840,197,-61,-61,20207,538,197,0,0,20268,538,0,-61,-61,-61,0,0
Male,Graduate,Single,23,50000,48954,35213,33404,18727,13793,19354,2000,4005,1000,1000,6000,33213,29399,17727,12793,13354,0
Male,Graduate,Married,46,450000,1135,1135,1135,1135,1135,1135,1135,1135,1135,1135,1135,0,0,0,0,0,0
Male,High School,Married,54,190000,-596,-1072,-1548,40733,10876,2907,0,0,43500,2000,2907,-1072,-1548,-2767,8876,0,0
Female,Graduate,Single,28,290000,42601,34927,32034,29620,29822,28502,5000,6010,5000,1200,2000,29927,26024,24620,28622,26502,0
Female,Graduate,Married,60,480000,13406,7233,96977,67030,24334,28699,13736,96989,4,241,15819,-6503,-12,67026,24093,12880,0
Male,Other,Married,34,360000,30447,9428,11704,19036,41147,53733,10052,11767,20036,22207,54981,-624,-63,-1000,18940,-1248,0
Male,Graduate,Single,32,380000,326,24899,2816,11773,23397,10551,24899,2816,11773,23397,10551,0,0,0,0,0,0
Male,High School,Single,24,20000,9249,10439,11448,11561,12221,12865,1500,1487,600,1000,1000,8939,9961,10961,11221,11865,1
Male,High School,Married,52,50000,39429,39548,39490,38801,36087,25189,1781,1770,1148,1174,949,37767,37720,37653,34913,24240,0
Male,Graduate,Married,34,450000,451113,460261,455701,451559,429235,391559,18500,20000,17000,16300,14108,441761,435701,434559,412935,377451,0
Female,University,Single,24,50000,48283,48767,35917,26946,22458,23569,1700,0,1036,817,1486,47067,35917,25910,21641,22083,1
Male,Graduate,Married,34,380000,106065,97979,100599,81087,82793,85301,3385,4074,2592,2696,3569,94594,96525,78495,80097,81732,0
Female,High School,Single,34,150000,1464,1576,264,330,1350,386,1586,264,330,1350,386,-10,0,0,0,0,0
Female,University,Single,23,50000,21249,20771,17626,10078,9654,9648,1649,1300,500,500,300,19122,16326,9578,9154,9348,0
Female,Graduate,Single,33,150000,-286,-286,-286,-286,-286,-286,0,0,0,0,0,-286,-286,-286,-286,-286,0
Female,High School,Married,43,50000,39177,39607,17070,13038,8904,4740,2000,1500,3500,600,500,37607,15570,9538,8304,4240,0
Male,University,Single,24,50000,34695,38561,36086,32945,29348,23570,6013,3011,1019,1019,2015,32548,33075,31926,28329,21555,0
Female,Graduate,Single,26,230000,3741,0,0,0,0,0,0,0,0,0,0,0,0,0,0,0,1
Female,Graduate,Single,32,310000,13560,-65,6500,0,0,0,0,6565,0,0,0,-65,-65,0,0,0,0
Female,University,Married,34,310000,3595,4073,11263,2710,2371,2318,4073,11321,2710,2371,2318,0,-58,0,0,0,0
Female,University,Married,50,50000,50658,48999,49388,48853,47765,48145,2357,1746,1628,1520,2202,46642,47642,47225,46245,45943,0
Male,University,Single,32,240000,0,0,0,0,0,0,0,0,0,0,0,0,0,0,0,0,0
Female,Graduate,Single,26,400000,1140,937,1663,5019,9539,1697,940,1667,5039,9579,1703,-3,-4,-20,-40,-6,0
Female,University,Single,47,90000,17247,11691,0,0,0,0,1000,0,0,0,0,10691,0,0,0,0,0
Male,High School,Married,43,50000,10413,12923,12030,12650,13405,13793,3000,0,1500,1500,1000,9923,12030,11150,11905,12793,0
Female,Graduate,Single,30,250000,156155,153647,153535,153122,149564,152470,5560,6809,5443,5376,5665,148087,146726,147679,144188,146805,0
Male,Graduate,Married,44,200000,66689,65515,49492,51802,38896,36436,2362,1706,4185,15,1537,63153,47786,47617,38881,34899,0
Male,High School,Married,37,10000,14498,7512,7308,5275,0,0,2248,1120,375,0,0,5264,6188,4900,0,0,0
Male,University,Married,36,310000,32782,33587,39572,44598,50570,64916,11406,10773,10819,15766,20645,22181,28799,33779,34804,44271,0
Female,High School,Single,46,340000,0,1321,35028,35028,8500,1612,1321,35028,0,0,1612,0,0,35028,8500,0,1
Male,University,Married,34,220000,144544,137465,134420,132066,131319,130478,6500,4700,5000,5000,5000,130965,129720,127066,126319,125478,0
Male,Graduate,Single,36,500000,151630,150824,117130,146443,122439,83535,12074,10000,40561,12550,20803,138750,107130,105882,109889,62732,0
Female,University,Married,41,80000,52564,53681,56893,59021,117568,72869,1963,4120,3069,2215,30000,51718,52773,55952,115353,42869,0
Male,Graduate,Single,36,200000,103457,111541,113809,35797,36087,38505,10000,5000,1412,1300,3000,101541,108809,34385,34787,35505,0
Female,University,Married,36,270000,72364,65094,30704,12383,143874,15081,65140,30773,12383,144570,20081,-46,-69,0,-696,-5000,0
Female,University,Single,29,100000,42440,43303,35304,33365,29260,30073,1599,2000,1500,1500,1300,41704,33304,31865,27760,28773,1
Male,University,Single,29,100000,99679,101249,98768,96287,102069,81931,4000,0,0,7629,0,97249,98768,96287,94440,81931,1
Male,Graduate,Single,25,50000,0,0,0,0,0,0,0,0,0,0,0,0,0,0,0,0,0
Female,High School,Single,33,260000,0,926,650,3562,3044,3044,926,650,3562,0,0,0,0,0,3044,3044,0
Female,University,Single,24,100000,396,0,1967,5476,396,811,0,1967,7142,396,811,0,0,-1666,0,0,0
Female,High School,Single,31,240000,298,0,0,0,0,0,0,0,0,0,0,0,0,0,0,0,0
Female,High School,Married,28,50000,14484,18528,18923,19310,19848,20367,4300,1000,1000,1000,1000,14228,17923,18310,18848,19367,1
Male,University,Single,54,50000,72374,81665,67450,0,0,16271,15000,2650,0,0,16271,66665,64800,0,0,0,0
Female,Graduate,Single,44,200000,34606,34800,33275,33435,32778,3277,2100,2000,3435,3000,3277,32700,31275,30000,29778,0,0
Male,University,Married,36,150000,86333,88931,92441,102903,105240,109479,4000,5000,12000,4000,6000,84931,87441,90903,101240,103479,1
Male,University,Married,41,150000,19350,20703,10403,10927,11598,13235,2000,3000,1000,1000,2000,18703,7403,9927,10598,11235,0
Male,University,Married,40,50000,50066,47636,9762,8620,9303,8693,1450,1500,400,1000,1000,46186,8262,8220,8303,7693,0
Male,Graduate,Single,27,100000,70204,63931,65119,61153,64976,66309,4000,2276,2377,5000,2411,59931,62843,58776,59976,63898,0
Male,Graduate,Single,25,30000,0,327,1871,337,1846,333,327,1871,337,1996,0,0,0,0,-150,333,0
Female,Graduate,Single,31,350000,96659,86985,77472,68901,58259,47743,3500,5300,2500,2000,2000,83485,72172,66401,56259,45743,0
Male,University,Single,50,50000,25925,0,0,0,0,0,0,0,0,0,0,0,0,0,0,0,0
Female,University,Married,34,50000,20377,19427,19590,19209,19456,35976,1650,800,200,674,636,17777,18790,19009,18782,35340,0
Female,Graduate,Single,43,250000,2177,2000,12327,10538,8712,3002,2000,12327,211,174,2228,0,0,10327,8538,774,0
Female,High School,Single,24,300000,7571,6156,5475,13581,13930,14000,1181,1475,13581,349,14070,4975,4000,0,13581,-70,1
Female,University,Single,22,80000,1812,390,388,1187,263,1913,390,388,1191,263,2259,0,0,-4,0,-346,0
Male,University,Married,45,30000,14286,15304,14766,14763,16662,16247,1542,0,539,2148,0,13762,14766,14224,14514,16247,1
Female,High School,Single,29,370000,28397,19340,-400,-1900,-1900,-1900,19438,7,0,0,0,-98,-407,-1900,-1900,-1900,0
Male,University,Married,43,50000,8214,8034,9044,9225,9417,9617,1140,1150,331,341,356,6894,7894,8894,9076,9261,0
Female,Graduate,Married,22,30000,22479,22650,22513,22391,23654,22738,2004,2004,2001,2001,1,20646,20509,20390,21653,22737,0
Female,University,Single,26,200000,26179,26643,23524,23788,26089,25908,4022,3000,3000,4092,1000,22621,20524,20788,21997,24908,0
Female,High School,Married,48,230000,-5,4582,2883,20099,13870,4234,4587,2883,20099,13870,4234,-5,0,0,0,0,0
Female,University,Single,29,290000,68652,70695,71523,73099,74469,76200,3149,2598,2767,2702,2968,67546,68925,70332,71767,73232,0
Female,University,Married,39,100000,0,0,0,7700,0,0,0,0,7700,0,0,0,0,0,0,0,0
Male,Graduate,Single,26,80000,40029,41095,40137,40793,42990,42854,2000,0,1603,3000,2000,39095,40137,39190,39990,40854,0
Female,University,Single,39,90000,45709,45045,42151,37842,30849,28061,2000,2000,1200,1018,1200,43045,40151,36642,29831,26861,1
Male,Graduate,Married,37,90000,40028,38704,37135,35141,33502,34173,2000,1800,1150,1200,1150,36704,35335,33991,32302,33023,0
Male,University,Single,26,80000,15387,20847,23059,0,526,678,6000,3070,0,526,680,14847,19989,0,0,-2,0
Female,Graduate,Single,39,260000,1550,978,588,390,390,540,978,0,390,390,540,0,588,0,0,0,0
Male,Graduate,Single,34,210000,44947,45610,47836,50344,51074,52229,2000,3000,3942,2000,2000,43610,44836,46402,49074,50229,0
Female,University,Married,26,80000,27458,28522,27770,29396,29974,30529,1800,0,2400,1200,1200,26722,27770,26996,28774,29329,1
Female,University,Single,25,170000,4360,7927,49946,49464,46476,19417,7000,49008,1000,949,1143,927,938,48464,45527,18274,0
Female,Graduate,Single,38,240000,167856,172145,178840,186168,166745,165582,7000,10000,10000,10000,5000,165145,168840,176168,156745,160582,0
Female,Graduate,Single,32,150000,-300,7628,0,1089,1089,843,7928,0,1089,0,0,-300,0,0,1089,843,0
Female,Graduate,Single,28,220000,25000,25000,0,0,0,0,25000,0,0,0,0,0,0,0,0,0,0
Male,Graduate,Single,27,80000,42653,46609,47306,51179,52073,52833,5000,1801,5000,2035,2100,41609,45505,46179,50038,50733,0
Male,Graduate,Married,41,160000,155458,157690,150209,151343,154456,157632,7200,6100,5300,5400,165759,150490,144109,146043,149056,-8127,0
Female,University,Married,37,140000,136650,137562,141347,134503,137015,136581,5420,6500,5000,5200,5100,132142,134847,129503,131815,131481,0
Female,University,Single,25,130000,0,0,0,0,0,0,0,0,0,0,0,0,0,0,0,0,0
Female,Graduate,Single,34,280000,95278,98281,101651,103776,105617,107788,4525,5000,3800,3500,3500,93756,96651,99976,102117,104288,0
Male,Graduate,Single,28,200000,4420,460,99165,0,0,0,0,99165,0,0,0,460,0,0,0,0,0
Male,University,Other,36,50000,26432,27708,28928,29475,29579,30445,1700,2000,1300,1200,1500,26008,26928,28175,28379,28945,1
Female,University,Single,44,150000,39471,41515,43879,44446,45394,46702,2636,3000,1528,1600,2000,38879,40879,42918,43794,44702,0
Female,Graduate,Married,36,210000,15991,0,0,0,0,0,0,0,0,0,0,0,0,0,0,0,0
Male,Graduate,Married,39,190000,-2,-2,-472,-472,-472,-472,0,0,0,0,0,-2,-472,-472,-472,-472,1
Female,Graduate,Single,28,140000,123662,124785,128906,137279,140419,142254,4600,6200,12000,5500,5300,120185,122706,125279,134919,136954,0
Female,High School,Married,41,160000,2392,316,416,416,416,2606,316,416,416,416,2606,0,0,0,0,0,0
Female,Graduate,Married,39,180000,177893,134212,128505,130078,128771,106396,6200,6000,5000,5001,4100,128012,122505,125078,123770,102296,1
Female,Graduate,Single,22,20000,9930,8176,6860,7000,10199,1500,1336,1000,140,3199,1500,6840,5860,6860,7000,0,0
Female,University,Married,37,50000,23325,21940,20718,24048,5017,3570,1400,1200,5000,5017,71,20540,19518,19048,0,3499,0
Female,Graduate,Married,34,150000,0,0,0,600,-150,-150,0,0,600,0,0,0,0,0,-150,-150,0
Female,High School,Married,33,210000,127491,118800,105606,94344,82676,73154,6018,4900,4340,2880,2650,112782,100706,90004,79796,70504,0
Female,University,Single,43,500000,374776,26890,12866,162415,122430,188547,27024,12930,162434,123042,188715,-134,-64,-19,-612,-168,0
Female,University,Single,22,70000,24817,27424,28406,29013,29625,30404,3018,1500,1000,1001,1191,24406,26906,28013,28624,29213,0
Male,Graduate,Single,27,100000,17553,10628,5836,6746,7889,0,0,1000,2000,3323,0,10628,4836,4746,4566,0,1
Female,University,Single,27,20000,15703,17140,18127,18605,16351,16928,2000,1600,1030,1000,1000,15140,16527,17575,15351,15928,0
Male,University,Single,23,20000,13987,15958,16168,16268,16600,0,2200,900,500,332,2000,13758,15268,15768,16268,-2000,0
Male,University,Single,25,50000,47987,49084,46759,8195,8367,8534,2690,2359,293,304,306,46394,44400,7902,8063,8228,1
Female,High School,Single,27,340000,29221,14802,153697,153381,143426,139945,12,145000,5055,5017,5059,14790,8697,148326,138409,134886,0
Male,Graduate,Single,29,130000,9700,0,72,10458,10149,11805,0,72,10458,0,2000,0,0,0,10149,9805,0
Female,University,Married,53,320000,8513,151835,153327,155528,158745,161937,150000,8510,5000,4500,4544,1835,144817,150528,154245,157393,0
Female,Graduate,Married,41,220000,243234,238172,232446,227800,225044,222356,0,0,0,0,0,238172,232446,227800,225044,222356,1
Male,High School,Married,24,50000,48497,49564,19207,18963,19741,19901,2089,1580,1000,1000,1500,47475,17627,17963,18741,18401,1
Female,Graduate,Single,25,150000,39445,40799,40832,33843,37015,30074,2000,1417,1256,4429,1000,38799,39415,32587,32586,29074,0
Male,Graduate,Single,29,500000,20641,25986,23721,20799,34132,56917,26111,24112,20886,28032,57196,-125,-391,-87,6100,-279,0
Female,Graduate,Single,29,220000,13488,16105,17563,13184,14111,15549,16130,17563,13184,14111,20239,-25,0,0,0,-4690,0
Female,Graduate,Single,24,70000,28059,17712,18642,20011,19147,19056,2000,3000,3000,2000,2000,15712,15642,17011,17147,17056,0
Female,University,Single,24,70000,27431,27163,18987,20170,15900,0,5006,1400,2013,370,0,22157,17587,18157,15530,0,0
Female,Graduate,Single,26,360000,0,0,0,23707,25233,23504,0,0,23707,2000,3391,0,0,0,23233,20113,0
Male,Graduate,Single,30,100000,53718,55851,56424,57584,58957,60317,3000,2100,2100,2300,2500,52851,54324,55484,56657,57817,0
Male,High School,Single,30,360000,0,0,0,0,0,0,0,0,0,0,0,0,0,0,0,0,1
Female,University,Single,29,210000,14073,13034,2569,36116,36287,5695,2059,2576,36120,1093,2968,10975,-7,-4,35194,2727,0
Female,University,Married,34,50000,37643,29647,24965,7592,1582,1099,1538,1575,1582,593,242,28109,23390,6010,989,857,0
Female,Graduate,Single,25,50000,34476,25857,26621,27178,28038,28871,2000,1500,1000,1300,1300,23857,25121,26178,26738,27571,0
Female,Graduate,Single,30,400000,139862,125280,109278,94511,64995,28654,9209,3807,2403,1933,1014,116071,105471,92108,63062,27640,0
Female,Graduate,Married,36,290000,49885,51400,0,0,0,0,2400,0,0,0,0,49000,0,0,0,0,0
Female,University,Married,39,320000,38332,63396,66871,69339,31525,30861,30000,4700,3000,5000,5000,33396,62171,66339,26525,25861,0
Female,University,Married,24,20000,17597,18629,19318,19434,19571,19792,1619,1308,688,706,806,17010,18010,18746,18865,18986,1
Male,Graduate,Married,51,500000,225233,235045,244517,243132,243869,251540,15000,15006,10000,10000,12000,220045,229511,233132,233869,239540,0
Male,Graduate,Married,40,290000,63421,40201,13802,0,2242,1850,1619,4000,0,2242,0,38582,9802,0,0,1850,0
Male,Graduate,Married,38,50000,47036,47876,28754,29137,-711,29578,1704,1200,583,711,30289,46172,27554,28554,-1422,-711,0
Male,Graduate,Married,60,50000,50546,50854,50024,20281,20285,20066,2112,1712,705,759,748,48742,48312,19576,19526,19318,0
Female,High School,Married,53,390000,2820,513,55120,2011,380,380,513,55120,2011,380,0,0,0,0,0,380,0
Female,Graduate,Single,27,90000,700,2122,1897,1190,0,0,2122,1897,0,0,0,0,0,1190,0,0,1
Female,High School,Married,53,50000,20225,21190,90,390,1080,540,1800,90,690,1080,0,19390,0,-300,0,540,0
Female,Graduate,Single,28,230000,51545,42151,44532,42517,44087,40581,2000,3000,2000,2000,1242,40151,41532,40517,42087,39339,1
Male,University,Married,37,70000,44207,45305,46067,45029,47835,48797,2100,1800,0,3700,1900,43205,44267,45029,44135,46897,1
Female,University,Married,36,360000,63389,48359,37054,50009,53984,25258,15000,11,20000,5000,0,33359,37043,30009,48984,25258,0
Female,University,Single,31,300000,10817,8785,10282,11797,15571,17303,2000,2000,2000,4000,2000,6785,8282,9797,11571,15303,0
Male,High School,Married,51,50000,5703,7596,8511,10361,11039,11107,2000,1200,2000,1000,400,5596,7311,8361,10039,10707,1
Female,High School,Single,26,80000,4923,3121,1551,1100,0,4374,0,1551,1100,0,4374,3121,0,0,0,0,1
Male,University,Married,50,10000,9415,8852,8297,8792,9277,9744,1000,1000,1000,1000,1000,7852,7297,7792,8277,8744,0
Male,University,Single,28,10000,5236,7202,7434,7660,7822,8191,2200,500,500,285,500,5002,6934,7160,7537,7691,0
Female,University,Single,29,140000,743,896,2385,732,100,1526,900,2385,735,0,1526,-4,0,-3,100,0,0
Male,University,Married,50,100000,23908,3360,560,480,480,390,1000,560,500,480,390,2360,0,-20,0,0,0
Male,High School,Single,42,30000,8185,9395,10928,11445,12108,12753,1500,2000,1000,1000,1000,7895,8928,10445,11108,11753,1
Male,Graduate,Married,49,280000,503,694,695,10639,13158,768,694,695,10639,3158,768,0,0,0,10000,0,0
Female,Graduate,Single,25,80000,5999,5758,7039,7595,7053,7082,0,1416,943,100,443,5758,5623,6652,6953,6639,1
Male,University,Married,59,30000,20044,21246,22115,22158,22610,0,1531,1400,443,452,0,19715,20715,21715,22158,0,0
Female,Graduate,Married,64,390000,0,0,0,0,0,8668,0,0,0,0,8668,0,0,0,0,0,1
Female,High School,Married,49,10000,1409,864,0,0,0,0,0,0,0,0,0,864,0,0,0,0,1
Male,Graduate,Married,49,70000,1261,2041,1261,2431,904,1801,2431,1261,2431,904,2191,-390,0,0,0,-390,1
Female,University,Single,37,160000,12037,5123,2460,6460,5360,0,5123,2460,4000,107,0,0,0,2460,5253,0,0
Female,University,Married,51,80000,15839,16591,16027,17160,16743,17961,1300,0,1400,0,1500,15291,16027,15760,16743,16461,0
Male,University,Single,24,30000,22885,25886,25172,27239,57036,28789,3700,0,2500,2100,3000,22186,25172,24739,54936,25789,1
Female,University,Married,40,200000,7236,12958,0,2797,5982,8339,13003,0,2797,5982,8339,-45,0,0,0,0,0
Female,Graduate,Single,24,60000,836,390,317,-73,-463,7942,390,317,0,0,10000,0,0,-73,-463,-2058,1
Female,Graduate,Married,36,220000,56477,32919,24175,37975,39752,33351,9005,10000,15000,9000,21000,23914,14175,22975,30752,12351,0
Female,Graduate,Married,41,30000,26480,27529,28783,28312,28159,28870,1481,1735,994,2003,1180,26048,27048,27318,26156,27690,0
Female,Graduate,Single,33,60000,11237,20978,12861,7888,7463,3192,10000,0,0,7463,6384,10978,12861,7888,0,-3192,1
Female,University,Single,23,30000,29093,29532,29954,29176,29958,30520,1200,1200,0,1400,1200,28332,28754,29176,28558,29320,1
Male,Graduate,Single,36,180000,141489,84237,82508,81808,86024,67747,4000,3000,4000,9000,0,80237,79508,77808,77024,67747,0
Female,Graduate,Married,34,430000,5149,4588,11164,1531,9848,10178,4600,11220,1531,9902,10202,-12,-56,0,-54,-24,0
Male,University,Single,28,190000,0,0,0,0,0,0,0,0,0,0,0,0,0,0,0,0,1
Female,High School,Other,39,20000,18988,15975,16579,15102,16795,34457,1400,4500,2500,3240,3000,14575,12079,12602,13555,31457,0
Female,Graduate,Married,48,150000,6773,1731,21886,447,3458,898,1731,21888,447,3458,898,0,-2,0,0,0,0
Male,University,Single,61,140000,131978,135760,127508,92126,69050,73537,6000,3600,2500,5000,5000,129760,123908,89626,64050,68537,0
Male,Graduate,Married,40,200000,3061,13342,6143,2982,6013,15916,13681,24,2991,6031,16028,-339,6119,-9,-18,-112,0
Female,Graduate,Single,35,240000,0,0,0,2429,0,799,0,0,2429,0,799,0,0,0,0,0,0
Male,University,Married,33,50000,42923,42803,1473,390,1573,390,2330,1473,390,1573,0,40473,0,0,0,390,0
Male,University,Married,37,50000,24801,27600,26858,28209,29108,29980,3200,0,1800,1500,1500,24400,26858,26409,27608,28480,1
Male,University,Single,34,470000,247503,245552,238161,240607,230142,198171,9024,10400,10000,25000,8000,236528,227761,230607,205142,190171,0
Male,University,Married,37,90000,117793,93777,87401,38144,39177,36687,6732,92113,1317,1598,1461,87045,-4712,36827,37579,35226,0
Female,Graduate,Married,45,420000,-34,10321,6244,2970,3608,3019,2686,6500,3004,3797,3103,7635,-256,-34,-189,-84,0
Female,University,Married,32,430000,-15308,-33350,95740,77875,62675,48764,8,145740,7,2500,2021,-33358,-50000,77868,60175,46743,0
Female,Other,Single,27,150000,12178,22344,65330,20333,8433,10332,22452,65676,20368,25,10363,-108,-346,-35,8408,-31,0
Female,Graduate,Married,35,450000,6126,6869,16895,7312,6213,5073,6869,16918,7316,6213,5073,0,-23,-4,0,0,0
Female,University,Married,41,220000,6516,194,3619,7069,4092,0,0,3655,7069,4092,0,194,-36,0,0,0,0
Male,Graduate,Single,35,150000,251063,244285,238438,232570,226808,220586,9000,10000,10000,8000,8000,235285,228438,222570,218808,212586,0
Male,Graduate,Single,31,120000,2340,4908,70,220,220,220,4908,70,220,220,220,0,0,0,0,0,0
Female,Graduate,Married,32,80000,871,3179,3344,3552,0,0,3381,3384,3958,0,0,-202,-40,-406,0,0,0
Female,University,Single,32,230000,73757,69748,23266,13565,80,0,0,1200,1027,80,0,69748,22066,12538,0,0,0
Female,High School,Married,24,40000,25933,25589,25234,24579,23635,22680,0,0,0,0,0,25589,25234,24579,23635,22680,0
Female,University,Married,66,300000,0,200,200,22935,16858,0,200,0,22935,0,0,0,200,0,16858,0,0
Female,University,Married,51,360000,19155,1473,1430,18697,659,781,1473,1430,18740,659,781,0,0,-43,0,0,0
Female,Graduate,Single,22,50000,8823,10606,4991,4461,2561,0,2000,300,200,0,0,8606,4691,4261,2561,0,1
Male,Graduate,Single,33,200000,3557,-60,-60,1740,0,0,0,0,1800,0,0,-60,-60,-60,0,0,0
Male,University,Married,38,170000,157174,139101,192575,157028,135838,125483,9900,83200,0,3006,132854,129201,109375,157028,132832,-7371,0
Female,High School,Single,56,100000,70048,67942,45591,39764,33091,34265,2200,1505,1300,1210,3000,65742,44086,38464,31881,31265,0
Female,Graduate,Single,21,20000,17374,18555,19489,19479,19705,8440,1466,1400,390,394,629,17089,18089,19089,19311,7811,0
Male,High School,Single,24,20000,1473,390,8595,7454,7208,0,390,8595,149,144,0,0,0,7305,7064,0,0
Female,University,Married,36,210000,47718,233289,227143,221126,215358,163444,199000,7613,7116,6980,5813,34289,219530,214010,208378,157631,0
Female,University,Single,29,50000,49793,50466,50085,50686,46805,47220,1866,1733,1724,1684,2058,48600,48352,48962,45121,45162,0
Male,University,Single,42,50000,47689,42338,31539,17342,17541,18149,2000,1281,700,700,1000,40338,30258,16642,16841,17149,0
Male,University,Single,26,120000,114815,113360,116797,92346,88542,80225,6159,10008,3051,3100,3052,107201,106789,89295,85442,77173,1
Female,High School,Married,52,80000,36649,39448,40101,40748,39816,40607,3700,1600,1600,0,1600,35748,38501,39148,39816,39007,1
Male,Graduate,Single,29,190000,0,2214,66,66,0,4433,2214,0,0,66,4433,0,66,66,-66,0,1
Female,Graduate,Single,31,180000,0,0,0,0,0,0,0,0,0,0,0,0,0,0,0,0,1
Male,Graduate,Single,29,180000,996,1593,2597,998,847,1912,1597,2604,1001,849,1915,-4,-7,-3,-2,-3,1
Female,University,Single,26,110000,46633,49569,42867,43875,45036,46319,4029,0,2000,2000,2180,45540,42867,41875,43036,44139,0
Male,Graduate,Single,35,220000,53419,53358,0,0,0,0,7000,0,0,0,0,46358,0,0,0,0,0
Female,University,Single,22,80000,2524,5097,6107,7141,7355,7357,3000,1500,1500,700,500,2097,4607,5641,6655,6857,0
Male,Graduate,Married,40,200000,15596,1470,7289,0,0,2376,1470,7289,0,0,2376,0,0,0,0,0,0
Male,Graduate,Married,51,60000,35619,36688,40841,39952,38081,36483,1647,4800,0,0,1326,35041,36041,39952,38081,35157,1
Female,Graduate,Married,42,500000,0,0,0,0,0,0,0,0,0,0,0,0,0,0,0,0,1
Male,Graduate,Single,33,300000,34339,962,4215,2579,970,2656,962,4247,2595,970,2672,0,-32,-16,0,-16,0
Female,Graduate,Married,30,150000,151060,139648,119043,112072,113932,105706,3864,3868,2808,3037,2583,135784,115175,109264,110895,103123,1
Female,University,Single,24,90000,13137,10724,9621,17701,15496,9341,0,1000,10000,0,1000,10724,8621,7701,15496,8341,0
Male,Graduate,Married,44,240000,1473,1473,1473,1473,1473,1473,1473,1473,1473,1473,1473,0,0,0,0,0,1
Female,University,Married,45,190000,143701,126337,121378,75252,79028,81548,4664,4222,2705,5000,4000,121673,117156,72547,74028,77548,0
Male,Graduate,Single,37,80000,0,0,0,0,0,0,0,0,0,0,0,0,0,0,0,0,0
Female,University,Single,37,500000,51652,29550,33040,30757,35559,38981,5300,4000,3000,5300,5000,24250,29040,27757,30259,33981,0
Female,Graduate,Single,42,360000,45603,29788,2950,6366,11480,222,29882,2950,6366,11480,222,-94,0,0,0,0,0
Male,High School,Single,24,60000,33270,16636,17321,17421,18421,891,1715,1400,500,1000,900,14921,15921,16921,17421,-9,0
Female,Graduate,Single,25,140000,1605,1844,1311,643,2561,1440,1844,1311,643,2561,1440,0,0,0,0,0,0
Female,University,Married,37,50000,25234,23518,21746,18082,18461,18830,1384,1300,700,670,676,22134,20446,17382,17791,18154,0
Male,High School,Married,41,30000,4743,5609,5371,5833,5594,6074,1090,0,552,0,573,4519,5371,5281,5594,5501,1
Female,High School,Married,28,150000,70537,38474,9299,10299,759,0,8000,2000,1000,759,0,30474,7299,9299,0,0,0
Female,University,Married,26,180000,52666,181987,181255,174825,140909,177257,272817,7017,8201,8246,186732,-90830,174238,166624,132663,-9475,0
Female,University,Single,33,660000,495736,390258,349361,331565,329604,322581,13393,12113,12004,12008,11503,376865,337248,319561,317596,311078,0
Male,Graduate,Single,28,210000,5397,5079,6020,6143,6268,399,5000,1000,123,125,0,79,5020,6020,6143,399,0
Female,Other,Single,52,230000,155131,156687,153635,74503,46254,141916,6641,6015,2663,5015,100095,150046,147620,71840,41239,41821,0
Male,University,Married,24,100000,13233,13427,13609,14683,15001,15306,700,700,1300,700,700,12727,12909,13383,14301,14606,1
Male,High School,Married,43,50000,5653,16890,17606,17955,18418,18601,11340,1300,641,751,573,5550,16306,17314,17667,18028,0
Male,University,Married,38,340000,8347,5190,612,1429,19513,19650,2000,612,1429,19513,3000,3190,0,0,0,16650,0
Male,High School,Other,26,70000,39073,40154,39214,39861,41063,42918,2000,0,1600,2000,2700,38154,39214,38261,39063,40218,1
Female,Graduate,Married,43,220000,6873,4911,2080,2080,4160,2080,2230,0,2080,2080,2080,2681,2080,0,2080,0,0
Female,University,Married,30,170000,2457,4599,25158,61524,62779,59390,4599,23000,40000,4418,0,0,2158,21524,58361,59390,1
Male,University,Single,26,280000,2103,2768,4425,23083,489,2937,2781,4447,23198,491,2951,-13,-22,-115,-2,-14,0
Female,Graduate,Married,39,370000,141552,67739,49097,48216,47675,48074,2157,2000,1668,2000,3000,65582,47097,46548,45675,45074,0
Male,Graduate,Single,36,450000,2500,0,0,0,0,0,0,0,0,0,0,0,0,0,0,0,1
Male,University,Single,28,130000,88549,74624,76133,77648,79370,80071,2709,2750,2767,2961,2913,71915,73383,74881,76409,77158,0
Female,Graduate,Married,32,400000,0,3328,3328,3828,4893,4687,6656,3328,3828,4893,4687,-3328,0,0,0,0,0
Male,Graduate,Single,29,90000,72774,67584,57985,56268,55970,56825,2900,2700,2200,2100,2200,64684,55285,54068,53870,54625,0
Male,Graduate,Married,33,450000,390,390,390,390,389,990,390,390,390,389,992,0,0,0,0,-2,0
Female,University,Single,33,130000,127781,122319,107674,89780,90625,90492,4700,3500,3200,3200,3300,117619,104174,86580,87425,87192,0
Female,Graduate,Single,24,20000,19214,15703,9914,8200,11876,4792,0,1000,0,5000,5400,15703,8914,8200,6876,-608,0
Female,University,Married,27,50000,49882,44110,44443,19522,19775,20325,0,1280,662,837,1000,44110,43163,18860,18938,19325,1
Female,University,Single,29,200000,93005,82750,79064,75657,72451,63919,3500,3000,3000,3000,3000,79250,76064,72657,69451,60919,0
Male,Graduate,Single,55,150000,291,291,291,285,2085,8669,291,291,285,2091,8695,0,0,0,-6,-26,0
Female,Graduate,Single,40,250000,3264,2395,2986,24971,500,2162,2395,2991,25185,500,2162,0,-5,-214,0,0,0
Male,Graduate,Married,47,270000,5908,8003,8156,5572,3697,19529,2222,2040,5599,3715,19626,5781,6116,-27,-18,-97,0
Male,Graduate,Single,36,260000,97626,99675,59934,61680,65403,66745,5195,2961,3000,5000,2700,94480,56973,58680,60403,64045,0
Male,University,Married,34,110000,102638,101681,100316,100512,102215,103909,4600,4000,4000,3800,4000,97081,96316,96512,98415,99909,0
Male,University,Single,25,50000,42883,47887,46836,45785,47003,48085,6000,0,0,2100,2000,41887,46836,45785,44903,46085,0
Male,University,Married,49,200000,8143,39869,38685,22125,17778,24354,39100,38759,102,17868,25125,769,-74,22023,-90,-771,0
Female,University,Single,25,60000,53447,51734,50293,26667,26608,27665,2025,5000,2000,1000,1500,49709,45293,24667,25608,26165,0
Male,University,Married,46,200000,0,760,1281,1328,1114,1205,760,1281,1328,1114,1205,0,0,0,0,0,0
Male,High School,Married,38,50000,9536,0,1261,1261,2522,1261,7014,1261,1261,2522,0,-7014,0,0,0,1261,0
Female,Graduate,Single,22,70000,71501,71769,68530,29959,29315,28805,1966,49,1168,1032,1200,69803,68481,28791,28283,27605,0
Female,Graduate,Single,24,50000,48482,39603,23610,18079,18668,17273,2000,1504,1000,1000,1000,37603,22106,17079,17668,16273,0
Female,High School,Single,34,230000,1181,1394,1413,1382,1201,820,1394,1200,1150,1000,800,0,213,232,201,20,0
Female,University,Married,45,20000,10827,8264,2480,390,880,1560,8264,2480,0,880,1070,0,0,390,0,490,0
Male,University,Single,28,330000,53260,37207,40560,41978,46728,40502,2000,4000,2000,5039,2164,35207,36560,39978,41689,38338,0
Female,High School,Single,51,50000,26660,26909,27485,27477,27651,27853,1763,1729,1111,1137,1188,25146,25756,26366,26514,26665,1
Male,Graduate,Married,42,460000,11924,7721,1711,-2,7126,1996,7728,2229,2,7128,10,-7,-518,-4,-2,1986,0
Female,University,Single,27,30000,26264,27536,28771,27744,28302,29725,2000,2005,1000,1000,2250,25536,26766,26744,27302,27475,1
Male,High School,Single,30,200000,111053,112269,76726,72487,74108,67036,5020,4005,2800,3300,3000,107249,72721,69687,70808,64036,0
Male,Graduate,Single,23,50000,7557,7293,8017,8687,9048,9306,0,1000,810,500,408,7293,7017,7877,8548,8898,1
Male,University,Married,38,50000,25742,23300,21266,19418,19315,18559,1372,1286,666,680,816,21928,19980,18752,18635,17743,0
Male,University,Married,33,200000,3353,5341,5966,3348,5051,7128,5341,5966,3348,5061,7128,0,0,0,-10,0,0
Female,Graduate,Single,38,360000,53035,54125,55135,54645,54859,55112,3492,3452,1912,2000,2091,50633,51683,52733,52859,53021,0
Male,Graduate,Single,43,230000,1156,10892,20039,29045,74551,92182,10000,10000,10000,1681,103197,892,10039,19045,72870,-11015,0
Female,University,Married,34,200000,68262,53329,44222,36869,31640,25334,2791,2668,1820,2000,882,50538,41554,35049,29640,24452,0
Male,High School,Married,51,20000,14341,15371,16375,18905,19462,18967,1266,1270,2800,1000,0,14105,15105,16105,18462,18967,1
Male,University,Married,41,200000,193781,197132,195011,196986,187687,193978,10000,7010,8000,7000,14500,187132,188001,188986,180687,179478,0
Female,Graduate,Single,27,30000,1784,6801,2118,4171,1714,2001,6855,2118,4171,1714,2001,-54,0,0,0,0,0
Female,Graduate,Married,31,360000,6656,6722,8605,28405,-105,3895,2000,4000,20000,5000,4000,4722,4605,8405,-5105,-105,0
Male,University,Single,29,10000,5833,8162,8480,9089,8658,8372,2600,600,895,0,0,5562,7880,8194,8658,8372,1
Female,University,Married,34,180000,181076,168338,169278,171274,169691,173760,6013,6307,6300,6300,7000,162325,162971,164974,163391,166760,0
Male,University,Single,31,270000,0,1521,0,0,0,0,1521,0,0,0,0,0,0,0,0,0,0
Female,University,Single,42,240000,187558,187333,163332,166813,170739,174532,6700,0,6900,6000,6000,180633,163332,159913,164739,168532,1
Female,University,Single,43,280000,31248,32081,32897,33350,34047,34525,1527,1541,1192,1233,1239,30554,31356,32158,32814,33286,0
Male,University,Married,34,330000,901,0,0,0,0,0,0,0,0,0,0,0,0,0,0,0,0
Female,High School,Single,46,200000,13929,2837,5892,2267,11679,0,2837,5892,2267,11679,0,0,0,0,0,0,0
Male,High School,Single,36,100000,38546,42298,42636,44728,49192,51391,4400,1028,3120,6218,4016,37898,41608,41608,42974,47375,0
Female,Graduate,Single,30,170000,27267,28523,29742,30183,31041,31871,2000,2000,1233,1500,1500,26523,27742,28950,29541,30371,1
Female,Graduate,Single,29,210000,3675,4460,5542,15378,18106,18804,1082,1164,10000,3000,1000,3378,4378,5378,15106,17804,0
Male,University,Single,26,100000,32186,32949,33680,34419,37782,76185,2000,2000,2000,4500,40000,30949,31680,32419,33282,36185,0
Female,High School,Married,67,200000,188072,166668,159513,150852,151996,147690,17014,15019,15000,15000,10000,149654,144494,135852,136996,137690,0
Male,University,Single,30,230000,101832,92396,84297,49681,46224,44800,5000,4000,2029,2000,2500,87396,80297,47652,44224,42300,0
Female,High School,Single,35,90000,101106,96216,89964,29802,29174,26111,4208,4022,686,753,740,92008,85942,29116,28421,25371,0
Female,University,Married,28,170000,105509,106445,68703,66338,62135,65706,4285,3000,3000,3000,5000,102160,65703,63338,59135,60706,0
Female,University,Married,42,100000,101494,98994,96845,97037,93480,95516,13,3709,4000,3500,3600,98981,93136,93037,89980,91916,1
Male,High School,Single,24,20000,17895,19598,19701,3486,199,0,2000,1000,400,199,0,17598,18701,3086,0,0,0
Male,High School,Married,53,50000,6618,7641,8651,8824,9008,9187,1133,1143,316,326,328,6508,7508,8508,8682,8859,0
Female,High School,Single,40,180000,0,0,0,0,0,0,0,0,0,0,0,0,0,0,0,0,1
Female,University,Married,28,60000,29701,27243,28227,28393,29149,28819,1463,1447,1393,1200,1000,25780,26780,27000,27949,27819,1
Female,University,Married,39,80000,8755,13290,11244,13444,6782,226,5000,5000,3000,2000,226,8290,6244,10444,4782,0,0
Male,Graduate,Married,30,350000,51672,31250,29178,29180,52550,43538,13113,12110,15044,32244,40218,18137,17068,14136,20306,3320,0
Male,High School,Married,28,20000,0,0,0,0,0,0,0,0,0,0,0,0,0,0,0,0,0
Female,High School,Married,30,160000,2215,8977,3300,10770,11800,10043,8977,1000,10770,11800,10043,0,2300,0,0,0,0
Male,High School,Single,29,150000,54803,52996,51169,53979,52639,58508,0,0,4000,0,7127,52996,51169,49979,52639,51381,1
Male,High School,Married,44,150000,80015,19386,39008,19483,32901,8790,19418,40010,19,20000,0,-32,-1002,19464,12901,8790,0
Male,University,Single,46,50000,45206,45836,49577,18666,19058,19450,2362,20103,667,692,709,43474,29474,17999,18366,18741,0
Male,Graduate,Married,45,500000,6197,4934,6783,11507,4883,5897,4969,6802,11523,14,5914,-35,-19,-16,4869,-17,0
Female,University,Married,37,480000,5269,2217,9731,9272,2718,1498,2217,9731,9272,2718,1498,0,0,0,0,0,0
Male,Graduate,Single,44,340000,83059,85634,73950,59324,156094,110234,20000,5000,2000,112000,4234,65634,68950,57324,44094,106000,1
Female,Graduate,Married,47,180000,0,0,0,0,0,0,0,0,0,0,0,0,0,0,0,0,0
Female,High School,Other,45,50000,25649,22379,16670,8433,8609,8783,1347,1138,302,312,317,21032,15532,8131,8297,8466,0
Female,Graduate,Single,31,360000,114287,114746,115304,114966,113208,113504,5200,5000,4000,5000,8000,109546,110304,110966,108208,105504,0
Male,High School,Married,31,350000,232501,231747,197689,207984,183208,190436,20000,20023,20014,20000,20000,211747,177666,187970,163208,170436,0
Male,University,Single,30,180000,10000,10000,10970,12786,10300,10000,10000,10970,12786,10300,10000,0,0,0,0,0,0
Male,Graduate,Married,34,50000,45341,31383,16235,17035,15601,16349,2115,2000,2022,1000,1000,29268,14235,15013,14601,15349,0
Female,University,Married,31,70000,6895,16381,18715,22630,22276,13564,10000,3000,4100,0,1000,6381,15715,18530,22276,12564,1
Female,High School,Single,23,40000,34415,35170,34305,34985,35719,36428,1600,0,1250,1296,1302,33570,34305,33735,34423,35126,1
Female,Graduate,Married,37,270000,1257,71665,69256,67842,68235,72706,73700,3168,3000,4000,8000,-2035,66088,64842,64235,64706,0
Female,University,Single,23,70000,4753,5843,6720,8171,7127,9044,1172,1049,1500,500,2000,4671,5671,6671,6627,7044,0
Male,Graduate,Single,41,280000,5819,14656,8971,5747,11927,40170,3683,9059,5787,11985,40370,10973,-88,-40,-58,-200,0
Female,University,Married,42,260000,194654,184008,174268,181592,174184,153907,6540,7691,12831,6015,6410,177468,166577,168761,168169,147497,0
Female,Graduate,Single,23,20000,6988,8310,10015,9195,9539,9574,1444,2000,329,492,342,6866,8015,8866,9047,9232,1
Female,Graduate,Single,26,80000,78128,71083,58715,39389,12012,2900,3362,1389,889,900,58,67721,57326,38500,11112,2842,1
Male,High School,Married,27,20000,20386,20757,19200,20000,0,0,1000,0,1000,0,0,19757,19200,19000,0,0,0
Male,Graduate,Single,37,290000,131279,134113,136948,139674,142793,162091,4700,4800,4735,5100,21500,129413,132148,134939,137693,140591,1
Female,University,Single,33,180000,10083,11211,13669,316,120961,123355,1600,3316,316,120961,5000,9611,10353,0,0,118355,0
Female,Graduate,Married,43,250000,1041,6854,3774,4508,2916,4969,6854,0,4508,2916,4969,0,3774,0,0,0,0
Male,Graduate,Single,30,230000,149545,136888,74555,45100,64387,45782,60000,20000,5000,30000,35000,76888,54555,40100,34387,10782,0
Female,University,Single,41,240000,8435,169,1913,150,482,5482,169,1921,150,482,5000,0,-8,0,0,482,0
Female,University,Married,34,190000,139569,101823,100209,85218,112672,76224,4500,40000,25000,35000,2897,97323,60209,60218,77672,73327,0
Male,Graduate,Single,29,200000,170,3300,38526,-93,18681,12399,3318,42497,0,18774,12461,-18,-3971,-93,-93,-62,0
Male,University,Single,43,30000,28118,29266,28829,15762,0,0,2000,1209,700,0,0,27266,27620,15062,0,0,0
Female,High School,Single,42,180000,102646,82849,78064,73437,108072,49206,5006,5000,5005,42500,3000,77843,73064,68432,65572,46206,0
Female,Graduate,Single,33,210000,1888,320,1403,418,-16,-342,320,1409,0,0,0,0,-6,418,-16,-342,1
Female,University,Married,34,30000,5088,996,888,656,1957,1536,996,0,656,1957,0,0,888,0,0,1536,1
Female,University,Single,44,60000,43221,41539,40356,39672,39863,40319,2021,1918,1390,1576,1647,39518,38438,38282,38287,38672,0
Male,Graduate,Married,29,200000,295,1130,12791,40341,9238,1017,1130,12791,28000,1000,2000,0,0,12341,8238,-983,0
Female,Graduate,Single,35,150000,128102,136722,137525,133431,135837,143319,12644,4926,0,5122,10349,124078,132599,133431,130715,132970,1
Female,Graduate,Married,41,130000,767,9637,8256,14890,13742,7630,9804,0,7600,0,5000,-167,8256,7290,13742,2630,1
Female,University,Married,34,210000,149092,153941,157358,3561,34600,32581,7000,7600,1019,36500,3000,146941,149758,2542,-1900,29581,0
Female,University,Married,37,140000,65863,63803,61998,63517,62463,62168,3000,10000,6500,3900,6700,60803,51998,57017,58563,55468,0
Female,University,Married,39,80000,38986,34931,33890,2065,5215,3745,6,1000,2065,5215,3745,34925,32890,0,0,0,1
Female,Graduate,Married,36,240000,12181,6746,12104,2788,4084,3288,6746,12104,2788,4084,3288,0,0,0,0,0,0
Male,High School,Single,44,50000,48138,49262,49878,16748,17177,17691,2203,2139,700,700,800,47059,47739,16048,16477,16891,0
Male,Graduate,Single,30,50000,45948,50813,45393,49351,45473,48595,6012,10,8212,1200,4008,44801,45383,41139,44273,44587,0
Male,University,Married,49,160000,435,435,435,435,435,435,435,435,435,435,435,0,0,0,0,0,0
Female,Graduate,Single,31,260000,597,1304,5734,24898,150,381,1306,5734,24898,3883,381,-2,0,0,-3733,0,0
Male,University,Single,31,80000,126786,124971,121216,97622,88878,80518,0,0,0,0,0,124971,121216,97622,88878,80518,0
Female,University,Married,46,100000,5291,5045,3336,1863,390,930,0,0,0,0,930,5045,3336,1863,390,0,1
Female,University,Married,35,280000,-3,146,146,1596,1672,1596,149,0,1600,1672,1562,-3,146,-4,0,34,0
Male,High School,Single,36,50000,47911,48418,7000,0,0,0,2166,1000,0,0,0,46252,6000,0,0,0,0
Female,Graduate,Single,31,260000,1629,933,2218,4068,9829,21270,933,2220,4068,9829,11680,0,-2,0,0,9590,0
Male,University,Married,36,30000,18441,19936,20803,21655,22646,23764,1800,1500,1500,1500,1500,18136,19303,20155,21146,22264,1
Female,University,Married,25,30000,30347,28517,29709,29833,29306,29348,0,1800,1000,1041,1138,28517,27909,28833,28265,28210,0
Male,University,Single,33,130000,2183,2000,700,0,0,0,13,700,0,0,0,1987,0,0,0,0,0
Female,High School,Single,48,50000,1500,2000,1382,-118,13656,13927,2000,1382,0,13925,498,0,0,-118,-269,13429,0
Male,University,Married,35,150000,144194,145889,146189,146838,148754,150746,6600,5300,5600,5500,5700,139289,140889,141238,143254,145046,1
Female,Graduate,Married,58,200000,-200,-200,-200,0,5957,0,0,0,200,5957,0,-200,-200,-200,0,0,0
Male,University,Married,32,560000,19924,16297,4593,2512,11461,3402,1163,1023,2519,46518,3421,15134,3570,-7,-35057,-19,0
Male,High School,Single,26,20000,20780,20172,19400,20000,20000,0,0,0,1000,0,0,20172,19400,19000,20000,0,0
Male,Graduate,Married,41,270000,316,316,316,571,7711,571,316,316,571,7711,571,0,0,0,0,0,0
Female,Graduate,Single,48,300000,304040,305627,305697,269017,275230,260419,11500,12000,10000,10500,10000,294127,293697,259017,264730,250419,1
Female,University,Married,29,100000,85264,83376,81445,82710,84242,82730,0,0,3200,3000,0,83376,81445,79510,81242,82730,0
Male,High School,Single,43,20000,19107,20120,19445,19831,19473,20009,1330,1274,660,752,906,18790,18171,19171,18721,19103,0
Male,High School,Married,69,20000,18516,19193,18578,17989,19533,20039,1700,2000,2000,2000,831,17493,16578,15989,17533,19208,0
Male,High School,Married,56,70000,42039,46330,47480,49242,29993,29618,5000,2238,3000,3000,1500,41330,45242,46242,26993,28118,0
Female,University,Single,31,60000,19921,20993,21736,23172,22661,24087,1700,1400,1800,0,1800,19293,20336,21372,22661,22287,0
Female,University,Married,51,180000,15100,14627,15632,15787,16117,17162,0,1495,650,671,1401,14627,14137,15137,15446,15761,0
Female,Graduate,Single,31,360000,1041,5792,1358,5209,697,-4,5821,1367,5220,700,0,-29,-9,-11,-3,-4,0
Male,Graduate,Married,34,200000,170487,174258,175905,178528,175581,180145,8000,6000,7000,0,7500,166258,169905,171528,175581,172645,1
Female,University,Married,42,170000,37772,38862,39914,40559,41953,42210,2000,2000,1610,2200,1600,36862,37914,38949,39753,40610,0
Female,Graduate,Married,51,170000,4667,5910,1630,2326,660,1373,5914,1630,2326,660,1373,-4,0,0,0,0,0
Female,High School,Married,51,60000,0,724,0,785,0,0,724,0,785,0,0,0,0,0,0,0,0
Male,University,Single,27,30000,29956,28469,58384,29553,29933,30000,0,2000,30000,1000,1000,28469,56384,-447,28933,29000,1
Female,Graduate,Married,37,140000,37625,38023,39577,39465,45180,44213,1657,2211,1459,6398,1729,36366,37366,38006,38782,42484,0
Male,Graduate,Single,25,20000,15848,16883,17839,18040,18414,16213,1595,1551,752,773,772,15288,16288,17288,17641,15441,0
Female,Graduate,Single,27,20000,14088,8842,6653,2946,1186,416,1111,1009,7,1190,416,7731,5644,2939,-4,0,0
Male,Graduate,Single,39,520000,13273,12709,5480,5397,70137,11819,12712,5487,5397,70137,11820,-3,-7,0,0,-1,0
Female,University,Single,22,30000,10348,9287,1900,150,2558,2829,1013,1900,0,2558,2829,8274,0,150,0,0,0
Female,Graduate,Single,24,70000,71017,64454,64182,30351,29826,29699,0,1809,2500,0,2000,64454,62373,27851,29826,27699,0
Female,High School,Married,54,80000,76752,77528,68966,63972,50072,51239,3768,3009,2009,1818,2000,73760,65957,61963,48254,49239,0
Male,High School,Married,36,50000,21031,20411,23766,23114,22173,21521,0,4000,0,0,0,20411,19766,23114,22173,21521,1
Female,Graduate,Single,25,170000,26359,5275,0,0,0,0,1275,0,0,0,0,4000,0,0,0,0,0
Female,University,Single,24,160000,67018,67257,68939,72267,73602,75133,1900,3400,5100,2800,2900,65357,65539,67167,70802,72233,0
Female,University,Single,30,360000,7102,6922,1861,1457,-129,-2629,1893,0,1457,2500,326,5029,1861,0,-2629,-2955,0
Female,University,Single,25,420000,2804,2615,3392,4392,-796,-796,0,1000,1000,0,0,2615,2392,3392,-796,-796,0
Male,High School,Single,45,30000,28185,28296,23455,24179,24289,24649,1377,1370,1294,1015,900,26919,22085,22885,23274,23749,0
Male,University,Married,36,60000,36544,37357,38067,38823,39638,40424,1700,1632,1388,1439,1445,35657,36435,37435,38199,38979,0
Female,University,Married,31,160000,135320,146230,76660,79825,82951,85168,5000,10000,5000,5000,4000,141230,66660,74825,77951,81168,0
Female,Graduate,Married,44,170000,10309,4944,28144,1883,27938,14832,4944,28144,1883,27938,14832,0,0,0,0,0,0
Male,High School,Married,52,20000,20838,20212,20148,19845,0,0,0,1200,397,0,0,20212,18948,19448,0,0,1
Female,Graduate,Married,45,290000,1092,1335,1222,1513,2661,2436,1335,1222,1513,2661,2436,0,0,0,0,0,0
Female,University,Single,52,340000,3375,3267,-2,498,11466,412,3283,0,500,11523,414,-16,-2,-2,-57,-2,0
Male,Graduate,Single,31,60000,0,-880,-2640,1760,880,3110,0,0,4400,0,3110,-880,-2640,-2640,880,0,1
Female,Graduate,Married,36,500000,51465,24201,384973,349790,315125,16576,24201,384986,7017,6342,16576,0,-13,342773,308783,0,0
Female,High School,Single,54,230000,66108,45000,33477,34914,36352,37745,6840,3000,2000,2000,2000,38160,30477,32914,34352,35745,0
Female,Other,Married,53,30000,28191,27166,17769,18107,18541,4770,1600,1300,1000,1200,2000,25566,16469,17107,17341,2770,0
Male,Graduate,Single,25,20000,0,1825,1346,587,338,1239,3650,0,300,0,1000,-1825,1346,287,338,239,0
Female,University,Single,30,140000,854,0,0,0,0,0,0,0,0,0,0,0,0,0,0,0,0
Male,University,Married,31,500000,39291,29122,26639,22828,21293,17544,1700,1174,1007,1013,1018,27422,25465,21821,20280,16526,0
Female,Graduate,Married,39,120000,0,0,0,0,0,0,0,0,0,0,0,0,0,0,0,0,0
Female,University,Single,25,70000,63745,55670,47413,44590,45890,47126,2294,2100,1600,2000,2000,53376,45313,42990,43890,45126,1
Female,University,Married,50,280000,25040,41270,570,1068,48313,10252,41275,570,1074,48313,10252,-5,0,-6,0,0,0
Male,University,Married,53,130000,780,0,390,390,390,390,0,390,390,390,390,0,0,0,0,0,0
Male,Graduate,Single,30,70000,68971,69872,66932,69043,70252,55732,2700,3100,3900,2500,2500,67172,63832,65143,67752,53232,1
Female,University,Married,42,340000,14087,11007,16971,10734,9200,23818,11013,17025,10734,9200,23818,-6,-54,0,0,0,0
Male,Graduate,Single,28,210000,1832,1074,1002,711,420,1572,1074,1002,711,420,1572,0,0,0,0,0,0
Female,University,Single,57,80000,3072,2856,0,0,0,0,2856,0,0,0,0,0,0,0,0,0,0
Female,University,Single,43,120000,316,71316,316,316,2766,1996,71316,316,316,2766,1996,0,0,0,0,0,0
Female,Graduate,Single,28,100000,102697,100462,101879,100999,101188,99328,4600,4000,4000,4000,4000,95862,97879,96999,97188,95328,0
Male,Graduate,Single,22,20000,14720,15432,16252,14877,9487,-5910,3880,1200,298,5390,4000,11552,15052,14579,4097,-9910,0
Female,Graduate,Married,46,220000,243517,228368,224414,196229,190050,183779,0,10000,7200,7001,6900,228368,214414,189029,183049,176879,0
Female,Graduate,Single,34,70000,44347,43357,46626,47562,48651,49700,0,4000,2000,2000,2000,43357,42626,45562,46651,47700,1
Female,University,Married,26,20000,73404,75132,77264,74319,9968,10769,2600,2500,2000,1000,1000,72532,74764,72319,8968,9769,0
Female,University,Single,32,100000,54933,56151,56677,58237,59643,63275,2700,2055,2500,2500,4800,53451,54622,55737,57143,58475,0
Female,University,Single,24,110000,49782,50858,51780,53647,53308,54366,1878,1800,2647,1892,1901,48980,49980,51000,51416,52465,0
Female,High School,Single,27,80000,3682,4714,2336,0,5471,5415,3193,0,0,5471,5415,1521,2336,0,0,0,0
Female,Graduate,Single,29,30000,0,686,405,3190,2844,0,686,409,3190,2844,0,0,-4,0,0,0,0
Female,University,Married,34,30000,27816,1250,24135,24745,22805,10745,1260,24135,1000,2000,10745,-10,0,23745,20805,0,0
Male,Graduate,Single,27,60000,57753,59186,59001,27971,28619,29213,2960,1628,1002,1100,1100,56226,57373,26969,27519,28113,1
Female,Graduate,Single,27,50000,44421,45897,46920,47864,50856,48390,2500,2100,2000,3900,0,43397,44820,45864,46956,48390,0
Female,University,Married,53,260000,222134,223345,225258,189500,182771,188876,10020,10007,10017,10003,10007,213325,215251,179483,172768,178869,0
Female,Graduate,Single,29,500000,201500,196051,161342,154127,149472,139130,10000,7031,10100,5663,0,186051,154311,144027,143809,139130,0
Female,Graduate,Single,35,110000,549,179,1166,790,806,1729,0,1166,0,446,1729,179,0,790,360,0,0
Female,High School,Married,33,30000,27126,29970,29192,31103,31771,30404,3600,0,2700,1300,0,26370,29192,28403,30471,30404,0
Female,Graduate,Single,31,180000,8260,5921,0,0,0,0,5921,0,0,0,0,0,0,0,0,0,1
Female,Graduate,Married,35,170000,0,3209,0,0,0,0,3209,0,0,0,0,0,0,0,0,0,1
Female,Graduate,Married,34,320000,800,18873,-150,150,21565,4818,18873,0,500,21565,5000,0,-150,-350,0,-182,1
Female,University,Married,53,10000,9269,10400,0,0,0,0,1400,0,0,0,0,9000,0,0,0,0,1
Male,University,Single,26,50000,48481,47426,56623,55815,55033,53625,0,10000,0,0,0,47426,46623,55815,55033,53625,0
Female,Graduate,Single,32,170000,0,0,0,0,500,500,0,0,0,500,500,0,0,0,0,0,1
Female,Graduate,Married,51,120000,120290,116082,118405,99081,106300,104433,6000,6000,4000,9000,0,110082,112405,95081,97300,104433,0
Female,High School,Married,47,30000,32724,29279,27149,14930,14400,0,0,1500,797,680,0,29279,25649,14133,13720,0,0
Male,University,Single,29,160000,157186,136159,96395,58773,60737,115158,6227,5000,5000,3000,60000,129932,91395,53773,57737,55158,0
Female,Graduate,Single,27,50000,45722,46694,47617,48542,49630,50047,2000,2000,2000,2000,1700,44694,45617,46542,47630,48347,1
Female,University,Married,44,30000,4180,390,0,780,0,0,390,0,780,0,0,0,0,0,0,0,0
Male,University,Married,36,50000,47606,48653,50144,47838,48914,50442,1815,2306,2000,2000,2500,46838,47838,45838,46914,47942,0
Female,University,Married,45,240000,0,396,396,396,396,396,396,396,396,396,396,0,0,0,0,0,0
Male,High School,Other,50,50000,45771,23343,0,3400,2769,0,2266,0,3400,2769,1700,21077,0,0,0,-1700,0
Female,Graduate,Single,31,180000,83020,84654,82852,81162,79958,178148,3500,0,0,0,100000,81154,82852,81162,79958,78148,1
Female,University,Single,28,500000,215459,201715,141177,130352,126422,113148,7412,4721,3854,3622,3433,194303,136456,126498,122800,109715,0
Female,High School,Single,50,240000,223045,218120,221051,191997,196221,200058,9490,8163,6753,7197,7176,208630,212888,185244,189024,192882,0
Male,University,Single,23,50000,30101,0,780,0,0,0,434,780,0,0,0,-434,0,0,0,0,0
Female,University,Married,30,50000,6425,4580,0,0,0,0,1050,0,0,0,0,3530,0,0,0,0,1
Male,Graduate,Single,38,220000,197600,201708,121499,124409,68319,0,8200,5100,5400,3300,0,193508,116399,119009,65019,0,0
Male,University,Married,36,200000,0,0,0,0,0,0,0,0,0,0,0,0,0,0,0,0,1
Female,Graduate,Married,35,230000,4043,10609,4982,43509,2271,13486,10670,5008,43736,2282,13553,-61,-26,-227,-11,-67,0
Male,High School,Single,56,20000,15552,16596,17609,17329,17850,18046,1300,1300,700,800,602,15296,16309,16629,17050,17444,0
Female,Graduate,Married,37,130000,41795,43914,44396,45365,46093,47185,3100,1500,2000,1600,2000,40814,42896,43365,44493,45185,1
Male,University,Married,50,100000,95549,98909,81181,48194,40692,18110,5025,2939,18263,15761,418,93884,78242,29931,24931,17692,0
Male,University,Single,39,20000,15972,16432,17618,17365,17719,17740,1500,1600,347,354,355,14932,16018,17018,17365,17385,1
Female,University,Single,26,50000,48801,50140,48776,19251,19650,14974,2144,1000,19251,622,558,47996,47776,0,19028,14416,0
Male,High School,Married,45,140000,78663,76839,80561,83643,82183,90823,0,5000,5000,0,10000,76839,75561,78643,82183,80823,1
Male,University,Single,32,90000,23730,24693,6470,9882,28283,27893,2000,5000,5000,25000,22000,22693,1470,4882,3283,5893,0
Female,Graduate,Married,39,290000,1358,2586,11101,21101,2833,4820,2613,11101,10000,2839,4826,-27,0,11101,-6,-6,0
Female,University,Single,34,180000,181385,170946,171079,126724,125786,127419,8194,8500,4600,5000,4600,162752,162579,122124,120786,122819,1
Female,High School,Married,57,200000,0,0,0,0,0,0,0,0,0,0,0,0,0,0,0,0,1
Male,Graduate,Married,32,110000,95686,98374,99562,100532,102779,100966,5100,3700,3500,4000,0,93274,95862,97032,98779,100966,1
Male,High School,Single,28,50000,17141,18361,19214,15519,15129,13747,1500,1211,516,520,622,16861,18003,15003,14609,13125,0
Female,University,Married,48,290000,10608,34470,11888,27114,3501,12511,34470,11890,27114,3501,12511,0,-2,0,0,0,0
Male,Graduate,Married,46,380000,88069,90418,88327,92492,94617,96579,4400,0,6300,3500,3400,86018,88327,86192,91117,93179,1
Male,University,Married,39,480000,428927,436425,300134,315067,321825,328781,15000,30000,20000,12000,12500,421425,270134,295067,309825,316281,0
Female,University,Single,22,30000,18830,0,0,0,0,0,0,0,0,0,0,0,0,0,0,0,0
Male,Graduate,Married,50,380000,211463,201613,191343,184267,172328,230031,10000,10000,10000,20000,95000,191613,181343,174267,152328,135031,0
Female,Graduate,Married,42,340000,221587,216472,218817,223329,226176,230921,8409,8500,8500,8500,8500,208063,210317,214829,217676,222421,0
Female,University,Single,22,30000,17358,-36,23114,24727,24192,25905,0,23150,2000,0,2119,-36,-36,22727,24192,23786,0
Male,High School,Married,29,200000,15456,46620,22935,8335,971,4278,46722,22985,8346,971,4296,-102,-50,-11,0,-18,0
Female,Graduate,Single,30,360000,40514,31871,27793,19409,18093,10800,1800,2025,3000,2000,1000,30071,25768,16409,16093,9800,0
Male,Graduate,Married,49,160000,316,632,316,316,316,316,632,0,316,316,316,0,316,0,0,0,1
Male,University,Single,40,50000,50209,-2522,409,29148,30270,22814,0,2931,30000,5270,2814,-2522,-2522,-852,25000,20000,0
Male,University,Single,32,200000,1473,1473,390,390,540,390,1473,390,390,540,390,0,0,0,0,0,0
Male,University,Single,30,60000,39264,41622,42627,43914,45053,46303,3000,2000,2000,2000,2000,38622,40627,41914,43053,44303,0
Female,High School,Married,53,80000,780,390,390,390,390,1320,0,390,390,390,1320,390,0,0,0,0,0
Female,University,Married,38,100000,50721,49635,50509,51666,52834,54955,0,2000,2000,2000,3000,49635,48509,49666,50834,51955,1
Male,Graduate,Married,37,330000,18807,15865,34284,2780,20247,1806,2087,10054,2840,21101,1814,13778,24230,-60,-854,-8,1
Female,Graduate,Single,44,500000,0,5218,3981,0,3672,7617,5218,3981,0,3672,7617,0,0,0,0,0,0
Female,University,Married,32,180000,54842,55435,56810,63562,41150,0,2073,2359,8000,3000,0,53362,54451,55562,38150,0,0
Female,University,Married,44,200000,120515,117292,24612,19527,16471,13408,3030,4452,0,708,656,114262,20160,19527,15763,12752,0
Female,Graduate,Married,39,420000,304964,312224,315822,275393,278745,244543,14000,11230,10000,8091,6965,298224,304592,265393,270654,237578,0
Female,University,Single,23,110000,34486,43872,45140,46885,48129,49327,10000,2000,2500,2000,2000,33872,43140,44385,46129,47327,0
Female,University,Married,24,50000,50710,45641,29259,9442,9792,9684,1974,1552,334,498,500,43667,27707,9108,9294,9184,1
Female,High School,Married,46,130000,17505,18529,19545,20217,20890,21541,1312,1328,1000,1000,1000,17217,18217,19217,19890,20541,1
Male,University,Married,36,250000,168899,174479,157088,136787,139385,122947,10000,8300,5200,5500,5000,164479,148788,131587,133885,117947,0
Female,University,Single,26,50000,528,378,-150,-678,2057,1206,378,0,0,3263,0,0,-150,-678,-1206,1206,0
Male,University,Married,43,260000,99523,76712,55185,82040,60867,59005,3514,3049,58312,3018,3020,73198,52136,23728,57849,55985,0
Male,University,Married,54,240000,16135,249258,243589,204754,201426,198736,234000,30,7046,7023,10005,15258,243559,197708,194403,188731,0
Female,Graduate,Single,28,300000,24763,33484,31501,32678,36147,40503,10700,0,2000,4000,5000,22784,31501,30678,32147,35503,0
Female,Graduate,Married,35,200000,82831,15081,32105,4476,6491,1262,15089,32130,4476,6619,1262,-8,-25,0,-128,0,0
Female,High School,Married,46,600000,22921,11441,23471,30871,17314,10000,11444,23537,31171,17348,10000,-3,-66,-300,-34,0,0
Female,University,Single,29,130000,88345,94597,92077,93272,96298,95745,8600,0,3500,7100,3600,85997,92077,89772,89198,92145,0
Female,Graduate,Single,28,150000,9625,2099,5306,8240,1686,149,2099,5306,8240,1686,149,0,0,0,0,0,0
Male,Graduate,Single,30,200000,-1883,9208,103360,77818,26276,3235,15143,100057,292,10019,16,-5935,3303,77526,16257,3219,0
Female,University,Married,34,80000,46461,47526,46466,48183,49057,51091,2100,0,2800,1800,3000,45426,46466,45383,47257,48091,1
Female,University,Married,34,60000,30834,33011,33434,34935,36344,37803,3000,2000,3000,4000,3000,30011,31434,31935,32344,34803,0
Male,University,Married,31,360000,0,0,0,0,0,0,0,0,0,0,0,0,0,0,0,0,0
Female,Other,Married,37,110000,70204,69876,69584,59666,60916,61423,2745,2800,2200,2200,2207,67131,66784,57466,58716,59216,0
Female,High School,Married,35,70000,69852,67531,28650,27590,27850,28085,0,2708,0,1010,1013,67531,25942,27590,26840,27072,1
Male,Graduate,Single,27,50000,0,0,71,71,3871,3612,0,71,0,3800,0,0,0,71,71,3612,1
Female,University,Single,46,10000,2496,4245,4525,5450,5073,4843,1800,500,1000,0,0,2445,4025,4450,5073,4843,1
Male,Graduate,Married,51,120000,117446,117781,122030,114294,114144,116894,4400,8002,4200,4200,8000,113381,114028,110094,109944,108894,0
Male,University,Married,41,220000,8840,1369,5924,1759,1824,7022,6643,5924,1759,1824,7022,-5274,0,0,0,0,0
Male,Graduate,Single,33,440000,1137,343,812,168,2653,2203,0,1300,0,2777,0,343,-488,168,-124,2203,1
Male,University,Married,49,50000,1261,1261,1261,480,390,540,1261,1261,480,300,540,0,0,0,90,0,0
Male,University,Single,32,210000,155913,165227,161427,164860,187329,186079,13000,0,5666,24886,6282,152227,161427,159194,162443,179797,0
Female,University,Single,34,490000,13955,10859,57426,35554,15858,23033,52280,57428,1068,3000,23033,-41421,-2,34486,12858,0,0
Male,Graduate,Single,30,160000,4180,7781,1256,14160,6180,2000,7781,1276,14160,6180,2000,0,-20,0,0,0,0
Female,University,Married,39,180000,46202,47359,48316,28220,29260,30173,2200,2111,1015,1500,1400,45159,46205,27205,27760,28773,0
Female,University,Married,45,330000,123813,127050,135631,138036,141330,144529,5100,10600,5000,5000,5000,121950,125031,133036,136330,139529,0
Male,University,Single,34,20000,17650,18740,18373,18768,19315,20836,2500,1000,1000,1000,2000,16240,17373,17768,18315,18836,0
Female,University,Single,37,120000,93822,96916,99051,99927,101541,103379,4848,4877,3625,3600,3751,92068,94174,96302,97941,99628,0
Female,Graduate,Single,30,360000,-28,-28,1072,1980,10780,2036,0,1100,2025,10819,2110,-28,-28,-45,-39,-74,0
Female,Other,Single,29,440000,217407,219860,265058,142132,92400,0,8005,50000,7000,9000,0,211855,215058,135132,83400,0,0
Female,University,Single,34,70000,62694,63995,66446,67786,69686,70500,1818,3000,1903,2458,1900,62177,63446,65883,67228,68600,0
Female,Graduate,Married,44,230000,3884,949,2864,933,0,0,949,2873,933,0,0,0,-9,0,0,0,0
Male,University,Single,28,30000,26177,27249,29473,28719,29513,28890,1800,3000,0,2400,0,25449,26473,28719,27113,28890,1
Male,University,Married,34,260000,176688,179281,180957,165911,169863,71403,6929,5088,4138,4789,2450,172352,175869,161773,165074,68953,0
Male,University,Single,25,30000,18941,24602,23921,23259,22369,23408,6000,0,0,0,1800,18602,23921,23259,22369,21608,1
Female,High School,Other,56,20000,190,2946,1473,780,390,1738,1473,1473,780,0,1766,1473,0,0,390,-28,1
Female,High School,Single,55,70000,69997,41409,31450,29592,29703,19582,1700,3018,3338,3000,717,39709,28432,26254,26703,18865,0
Male,High School,Married,31,90000,68476,68485,67000,45837,49959,52981,4017,4000,4000,5000,4000,64468,63000,41837,44959,48981,0
Female,University,Single,30,70000,29773,30542,33033,32203,32884,33587,1550,3000,0,1200,1250,28992,30033,32203,31684,32337,1
Female,University,Single,22,30000,29676,28532,29510,29040,29178,0,0,1493,803,420,0,28532,28017,28237,28758,0,0
Male,University,Married,51,270000,32108,32784,29891,24531,19391,8850,15000,10000,10000,10000,8850,17784,19891,14531,9391,0,0
Male,University,Married,35,30000,25989,27100,27868,28430,29077,29540,1533,1301,863,947,836,25567,26567,27567,28130,28704,0
Female,Graduate,Married,46,410000,0,0,0,0,0,0,0,0,0,0,0,0,0,0,0,0,1
Male,University,Single,30,240000,151127,155421,154926,148681,24105,9770,10000,10000,300,1000,9770,145421,144926,148381,23105,0,0
Female,University,Single,31,30000,30589,31547,28734,27551,28836,11718,1488,1400,1300,3000,0,30059,27334,26251,25836,11718,0
Male,University,Married,32,110000,56573,26953,28190,-18,-18,-18,2000,2000,0,0,0,24953,26190,-18,-18,-18,0
Male,University,Single,24,20000,17850,15528,13597,14088,13723,16318,2019,2000,1003,1000,3000,13509,11597,13085,12723,13318,0
Male,High School,Married,55,500000,735,-5,-5,1012,500,0,0,0,1017,500,0,-5,-5,-5,0,0,0
Female,University,Single,32,240000,308013,190907,192181,189877,188205,182325,7000,6615,6401,6503,6393,183907,185566,183476,181702,175932,0
Female,University,Single,25,140000,137585,131666,114989,81475,82812,71484,6200,4246,5000,3000,3000,125466,110743,76475,79812,68484,0
Male,Graduate,Single,24,50000,42058,35340,22110,19837,19855,20151,1367,1606,692,709,721,33973,20504,19145,19146,19430,0
Male,Graduate,Single,27,130000,32464,33805,34810,35194,35951,36703,1867,1872,1256,1500,1500,31938,32938,33938,34451,35203,0
Female,High School,Married,51,50000,50448,34741,21312,17398,17773,17368,2017,2130,500,2000,2000,32724,19182,16898,15773,15368,1
Female,Graduate,Single,25,260000,359,7822,13926,15393,22746,2946,9188,13907,3015,10413,2960,-1366,19,12378,12333,-14,0
Male,University,Married,35,100000,1131,291,291,291,291,502,291,291,291,291,502,0,0,0,0,0,0
Female,High School,Married,47,30000,25280,24589,26160,29927,29336,29820,0,2000,4200,0,1100,24589,24160,25727,29336,28720,1
Male,Graduate,Single,26,60000,440,880,440,880,440,1681,880,0,880,0,1681,0,440,0,440,0,0
Female,High School,Married,35,20000,15791,18218,18621,18024,18434,19826,3000,1000,0,700,1700,15218,17621,18024,17734,18126,1
Female,University,Married,24,60000,33866,33041,35284,31602,32221,30208,0,2900,0,1200,1409,33041,32384,31602,31021,28799,1
Female,University,Other,44,350000,52949,-4577,-4577,-2699,-2699,297301,3682,0,1878,0,300000,-8259,-4577,-4577,-2699,-2699,0
Female,University,Married,41,130000,133894,130312,128653,100795,95299,86564,0,7347,4000,3450,3300,130312,121306,96795,91849,83264,1
Female,University,Single,26,390000,185111,172865,153795,140387,128112,115514,5000,3000,5000,4548,4100,167865,150795,135387,123564,111414,0
Male,Graduate,Married,39,460000,2495,2495,2495,2495,2495,2495,0,0,0,0,0,2495,2495,2495,2495,2495,1
Male,High School,Single,31,30000,27838,28791,27788,29784,0,0,1703,1200,2196,2500,0,27088,26588,27588,-2500,0,1
Female,University,Married,35,170000,10316,2798,4543,3229,2062,0,2798,4022,3229,2062,0,0,521,0,0,0,1
Male,University,Single,27,20000,20771,19935,3110,2140,0,0,0,1000,100,2000,0,19935,2110,2040,-2000,0,1
Male,University,Married,31,260000,12695,9277,7065,0,0,0,4005,4150,0,0,0,5272,2915,0,0,0,0
Female,Graduate,Single,32,190000,161248,157952,157663,161039,161907,161729,6500,7000,10000,7000,6500,151452,150663,151039,154907,155229,0
Male,Graduate,Married,37,480000,470317,469673,450172,371819,390178,383822,18507,19307,13534,28001,14,451166,430865,358285,362177,383808,0
Male,University,Single,33,60000,58760,57635,56706,56452,58542,60273,2500,2000,2100,3000,3210,55135,54706,54352,55542,57063,0
Female,Graduate,Married,38,260000,256359,208852,192782,189886,196398,194568,10027,10107,20000,10000,10000,198825,182675,169886,186398,184568,0
Female,High School,Single,50,50000,48781,50283,51400,9463,9661,9854,2283,2400,9463,350,353,48000,49000,0,9311,9501,0
Female,Graduate,Single,25,160000,76038,64399,52532,39455,26505,13302,2791,3000,1286,890,497,61608,49532,38169,25615,12805,0
Female,Graduate,Single,29,280000,768,786,1379,1885,143,1250,788,1383,1890,143,1253,-2,-4,-5,0,-3,0
Female,High School,Married,29,290000,161623,166345,167924,170227,164584,161912,11200,6000,6000,6000,6700,155145,161924,164227,158584,155212,0
Female,High School,Married,36,240000,8020,717,0,0,0,0,724,0,0,0,0,-7,0,0,0,0,0
Female,University,Married,41,20000,7434,8453,9249,9438,5700,1140,1300,3000,189,0,1140,7153,6249,9249,5700,0,0
Female,High School,Married,40,230000,1856,32254,4805,1600,4712,3466,32254,4819,1600,4712,3466,0,-14,0,0,0,0
Female,University,Married,31,120000,46736,75853,79570,106523,108614,107519,30000,5000,30000,3900,4000,45853,74570,76523,104714,103519,1
Male,Graduate,Single,28,400000,1202,-14,2893,13854,13860,12215,0,2907,13863,13869,12216,-14,-14,-9,-9,-1,0
Male,University,Married,34,80000,64575,65961,64308,65047,66504,74360,3000,0,2400,2500,9000,62961,64308,62647,64004,65360,0
Female,Graduate,Married,37,200000,74418,3251,86800,84144,83699,121930,3251,86804,1820,29000,71439,0,-4,82324,54699,50491,0
Male,University,Married,48,20000,17453,16898,16334,17270,16713,16297,0,0,1500,0,0,16898,16334,15770,16713,16297,1
Male,University,Single,26,100000,214,107,214,107,107,38362,0,214,0,107,38362,107,0,107,0,0,1
Male,University,Other,25,150000,1180,7667,9044,8397,6763,0,7705,9047,8,33,0,-38,-3,8389,6730,0,1
Female,University,Single,23,180000,178239,178856,177754,178191,183051,179546,7969,6379,6319,10671,3000,170887,171375,171872,172380,176546,1
Female,University,Married,47,500000,396,396,396,396,396,396,396,396,396,396,396,0,0,0,0,0,1
Female,University,Single,46,360000,4000,311,913,465,157,4247,311,920,465,157,4247,0,-7,0,0,0,0
Male,Graduate,Single,38,320000,3872,5409,16770,83490,0,52281,5409,16778,83490,0,52281,0,-8,0,0,0,0
Male,Graduate,Married,42,220000,0,0,0,0,0,0,0,0,0,0,0,0,0,0,0,0,1
Female,Graduate,Single,36,50000,29003,29244,30827,31224,30587,32763,1000,2363,1200,0,2700,28244,28464,30024,30587,30063,1
Male,Graduate,Married,47,310000,960,1863,2667,0,2654,0,1869,2681,0,2654,0,-6,-14,0,0,0,0
Male,University,Single,50,50000,16242,13277,10834,10531,10239,5741,1215,1087,297,309,220,12062,9747,10234,9930,5521,0
Female,University,Single,23,160000,21905,22473,21380,283,0,-17149,1373,1000,283,0,0,21100,20380,0,0,-17149,0
Female,University,Married,40,280000,415,415,415,565,830,415,415,415,565,830,0,0,0,0,0,415,0
Male,High School,Single,44,20000,12480,12001,11516,11436,12553,12501,0,0,408,1300,300,12001,11516,11028,11253,12201,1
Male,Graduate,Single,24,60000,390,780,0,0,371,18239,780,0,0,371,18239,0,0,0,0,0,1
Male,University,Married,37,390000,178087,185212,187648,192538,198828,206489,10000,7001,8001,10000,10000,175212,180647,184537,188828,196489,0
Male,University,Single,25,50000,0,0,0,0,0,0,0,0,0,0,0,0,0,0,0,0,0
Male,Graduate,Single,31,450000,757,1422,2469,1562,20030,9248,1422,2000,0,20030,1000,0,469,1562,0,8248,0
Male,University,Single,26,180000,171041,111580,71902,10045,10484,10816,5000,3340,500,1000,1000,106580,68562,9545,9484,9816,0
Male,High School,Single,30,140000,145627,145339,136223,113942,109652,109118,6005,210,7903,0,4183,139334,136013,106039,109652,104935,0
Female,University,Single,33,40000,21576,23242,21057,20746,20613,867,3000,0,1000,1062,1600,20242,21057,19746,19551,-733,0
Male,University,Single,26,80000,24906,26242,27360,27480,29642,28779,2000,1800,1100,3000,0,24242,25560,26380,26642,28779,0
Female,High School,Single,35,240000,4215,0,0,0,0,0,0,0,0,0,0,0,0,0,0,0,0
Male,University,Single,33,80000,69963,64081,62582,47595,44724,44287,5000,2012,2000,3000,44287,59081,60570,45595,41724,0,0
Female,High School,Married,45,360000,167370,183070,190369,185069,195069,27004,20000,16000,5000,20000,30000,163070,174369,180069,175069,-2996,0
Female,University,Married,31,300000,3862,-3,6367,570,3749,127,0,6370,570,3749,1217,-3,-3,0,0,-1090,0
Female,Graduate,Single,29,390000,0,0,1630,1871,2400,3480,0,1630,1871,2400,3480,0,0,0,0,0,0
Male,Graduate,Married,37,320000,14515,0,0,0,0,13439,0,0,0,0,13439,0,0,0,0,0,1
Female,Graduate,Married,26,220000,52593,65221,73395,81697,57517,58920,15000,10000,10000,5000,1776,50221,63395,71697,52517,57144,0
Female,Graduate,Single,29,340000,132024,135687,138933,139824,142461,145269,6400,7000,5000,5200,5500,129287,131933,134824,137261,139769,0
Female,University,Married,32,90000,0,323,0,2520,1651,0,323,0,2520,1651,0,0,0,0,0,0,0
Female,University,Single,33,130000,7547,3773,4329,8638,2279,-1,1011,4345,9261,2285,0,2762,-16,-623,-6,-1,0
Male,University,Married,37,160000,833,833,833,833,833,833,833,833,833,833,833,0,0,0,0,0,1
Male,Graduate,Married,38,280000,101259,7224,11169,2300,0,10551,7259,11055,2311,0,10551,-35,114,-11,0,0,1
Female,University,Single,38,310000,1276,3666,2779,3140,1831,5347,3666,2787,3140,0,5347,0,-8,0,1831,0,0
Male,University,Single,29,130000,30857,43333,0,0,0,0,13333,0,0,0,0,30000,0,0,0,0,0
Female,University,Married,30,180000,149218,217602,96169,70083,59509,78312,10915,5,5050,10000,20000,206687,96164,65033,49509,58312,0
Male,University,Married,39,30000,30559,26457,27469,28013,28614,29636,129,1456,1000,1050,1500,26328,26013,27013,27564,28136,0
Female,University,Single,34,170000,8069,2855,11744,5886,12916,3177,2855,11900,5886,12916,3177,0,-156,0,0,0,1
Male,Graduate,Married,29,240000,17882,367,-4661,-23,4638,2500,403,4838,4638,4661,2500,-36,-9499,-4661,-23,0,0
Male,Graduate,Single,31,70000,52440,55961,63341,64694,67905,59383,5000,10000,3000,5000,3000,50961,53341,61694,62905,56383,0
Female,Graduate,Single,28,110000,-100,200,400,46952,48455,47324,500,400,46952,3000,3000,-300,0,0,45455,44324,1
Female,High School,Married,23,20000,14428,14310,0,0,0,0,480,0,0,0,0,13830,0,0,0,0,1
Female,Graduate,Single,30,210000,7056,2881,1166,13740,6813,2144,3033,1172,13940,0,0,-152,-6,-200,6813,2144,0
Female,University,Single,21,20000,20040,17850,13560,11748,10632,10019,1499,1099,333,2000,2000,16351,12461,11415,8632,8019,0
Female,University,Married,43,360000,1999,10145,4005,19158,3569,31171,10145,4723,19158,3569,31171,0,-718,0,0,0,0
Male,High School,Married,59,80000,71720,73024,74297,33412,30070,30254,3234,3075,1126,1091,1074,69790,71222,32286,28979,29180,0
Female,Graduate,Single,34,170000,55623,49216,46239,36300,29350,28164,2253,1888,1200,3782,1160,46963,44351,35100,25568,27004,0
Female,University,Single,30,70000,3878,4957,6209,6338,6587,6828,1300,1500,380,500,500,3657,4709,5958,6087,6328,0
Male,University,Married,30,110000,26000,9000,63853,59308,60576,42784,1500,63853,1500,2062,0,7500,0,57808,58514,42784,0
Female,Graduate,Single,27,10000,8128,8470,10255,9389,8345,8572,1400,2500,500,0,500,7070,7755,8889,8345,8072,0
Female,Graduate,Single,23,60000,17191,17864,18408,18393,18238,18345,1700,1600,1000,1000,1000,16164,16808,17393,17238,17345,0
Male,Graduate,Married,39,220000,38647,27796,12372,4610,3668,-809,2017,3000,1000,0,0,25779,9372,3610,3668,-809,0
Male,Graduate,Single,33,50000,21171,22698,14125,18025,9063,10747,2028,2000,4000,2000,2000,20670,12125,14025,7063,8747,0
Female,University,Single,22,50000,1470,627,14596,19323,19728,20142,627,14596,5000,716,742,0,0,14323,19012,19400,0
Female,University,Single,26,70000,23790,23880,24843,25338,25461,26008,1425,1388,883,906,952,22455,23455,24455,24555,25056,0
Male,University,Single,26,180000,145574,108617,102711,95652,97661,99656,3907,3600,3415,3542,3616,104710,99111,92237,94119,96040,0
Male,Graduate,Single,31,60000,60705,62352,60745,58828,55606,58551,3200,0,4580,0,4727,59152,60745,54248,55606,53824,1
Female,University,Married,40,100000,44421,45504,46157,46900,47999,49057,2100,1700,1800,2000,2000,43404,44457,45100,45999,47057,1
Male,University,Single,28,500000,24677,28287,32988,21579,26674,28697,7013,8071,3013,8012,5019,21274,24917,18566,18662,23678,0
Male,University,Single,38,50000,26533,16426,0,0,0,0,1000,0,0,0,0,15426,0,0,0,0,0
Female,University,Single,27,340000,24583,1954,11271,6559,1924,10057,1964,11337,6591,1933,10072,-10,-66,-32,-9,-15,0
Male,Graduate,Single,31,450000,3960,4397,2177,17871,11451,3570,4412,2180,17895,11502,3581,-15,-3,-24,-51,-11,0
Male,Graduate,Single,31,160000,813,1351,0,2773,215,2026,1351,0,2773,215,2026,0,0,0,0,0,0
Male,University,Married,33,180000,177017,107267,11426,96562,144345,141659,20135,12099,96562,49000,140000,87132,-673,0,95345,1659,0
Male,University,Married,25,50000,-8,37230,10496,3614,2254,1494,18631,1000,0,0,0,18599,9496,3614,2254,1494,1
Male,University,Married,38,500000,91662,88467,90193,94629,92621,80971,0,4500,7200,8,3403,88467,85693,87429,92613,77568,0
Female,University,Single,23,80000,3796,7913,7012,11009,16418,27694,7913,1000,9000,6000,12000,0,6012,2009,10418,15694,0
Male,High School,Married,49,280000,4792,3410,2295,3105,582,14013,3410,2295,3105,582,14013,0,0,0,0,0,0
Female,Other,Married,41,240000,239633,242710,229923,238940,238775,238202,9000,0,18000,9000,8600,233710,229923,220940,229775,229602,0
Female,Graduate,Single,24,20000,15036,16069,16774,17266,17539,18033,1580,1280,770,700,785,14489,15494,16496,16839,17248,0
Male,University,Single,27,50000,46858,22534,18131,18530,19079,19608,2000,4131,1000,1000,1000,20534,14000,17530,18079,18608,0
Female,Graduate,Married,42,100000,46195,47166,46112,48925,49794,50823,2000,0,3900,1800,2000,45166,46112,45025,47994,48823,1
Female,University,Single,34,80000,84054,82194,78715,26681,0,0,3,5,1075,0,0,82191,78710,25606,0,0,1
Female,Graduate,Single,40,150000,7296,1819,1012,0,0,0,1819,1012,0,0,0,0,0,0,0,0,1
Male,University,Single,30,220000,105348,106432,102996,100198,100357,95471,4268,3251,2900,5000,0,102164,99745,97298,95357,95471,1
Female,University,Single,34,270000,131310,123737,115927,106350,98365,89909,6000,5700,3800,3700,3300,117737,110227,102550,94665,86609,0
Female,High School,Single,25,230000,26214,26504,20010,0,104160,0,2000,1067,0,104160,0,24504,18943,0,0,0,0
Female,University,Married,30,140000,106298,111040,122612,120270,118091,122963,6451,15000,1100,0,7000,104589,107612,119170,118091,115963,1
Male,University,Single,40,180000,4289,1000,0,0,0,0,1000,0,0,0,0,0,0,0,0,0,0
Female,University,Single,27,140000,28332,27464,-1116,90558,92530,83880,0,28,92000,3800,3600,27464,-1144,-1442,88730,80280,0
Male,University,Single,35,30000,20290,24727,24031,25579,25030,25526,5100,0,1949,0,912,19627,24031,23630,25030,24614,1
Male,University,Married,36,80000,25028,26054,20344,7311,6100,2160,3033,3379,0,0,0,23021,16965,7311,6100,2160,0
Male,University,Single,30,140000,131026,130023,76098,50419,47202,43946,5006,2169,1651,2122,3006,125017,73929,48768,45080,40940,0
Male,High School,Single,38,20000,18878,19286,18977,18335,18718,18475,1318,1289,647,669,664,17968,17688,17688,18049,17811,0
Male,Graduate,Married,37,360000,797,357,759,0,0,2318,360,759,0,0,2318,-3,0,0,0,0,0
Female,Graduate,Single,28,130000,9821,8582,0,0,1170,0,8611,0,0,1170,0,-29,0,0,0,0,1
Female,Graduate,Married,36,70000,31919,31123,32203,34656,36927,38308,0,1600,3000,3000,2000,31123,30603,31656,33927,36308,1
Male,Graduate,Single,41,300000,2930,1610,0,800,0,1951,1610,0,800,0,1951,0,0,0,0,0,0
Male,University,Single,32,500000,71731,75357,62407,63706,59452,47868,25487,80389,50132,22208,30167,49870,-17982,13574,37244,17701,0
Male,University,Single,30,20000,39508,16063,17090,17506,17924,18526,2546,1300,700,700,900,13517,15790,16806,17224,17626,0
Male,University,Married,45,140000,104144,106179,106947,107690,109821,107893,5200,4000,4000,4000,0,100979,102947,103690,105821,107893,1
Female,University,Single,27,400000,0,0,890,0,0,1180,0,890,0,0,1180,0,0,0,0,0,0
Female,University,Single,28,30000,15280,16230,17153,17351,19509,18900,1500,1500,780,2600,0,14730,15653,16571,16909,18900,1
Male,Graduate,Married,33,50000,12632,13131,14817,13725,13147,5932,1000,2000,7000,5000,5932,12131,12817,6725,8147,0,0
Male,University,Married,38,380000,88112,91640,93480,95256,96964,71250,4569,4000,3000,5000,5000,87071,89480,92256,91964,66250,0
Female,University,Single,27,360000,5497,3300,512,2512,2593,0,3000,512,2000,2473,0,300,0,512,120,0,1
Female,Graduate,Single,52,620000,31400,32166,17206,164582,75743,54737,32335,17244,154826,76300,55012,-169,-38,9756,-557,-275,0
Male,High School,Married,69,200000,83858,66979,65728,64490,53186,52136,3207,3042,2100,2008,2508,63772,62686,62390,51178,49628,0
Female,University,Married,25,20000,19744,19137,19476,16911,11893,9583,0,1200,0,5000,1000,19137,18276,16911,6893,8583,1
Female,Graduate,Single,29,170000,5539,337,11277,11277,14277,-47,1147,11477,0,3000,0,-810,-200,11277,11277,-47,1
Female,Graduate,Single,26,250000,195126,199972,205635,212608,207919,205377,9500,10800,12018,3000,5000,190472,194835,200590,204919,200377,0
Female,University,Single,25,120000,0,0,0,0,-10810,-15296,0,0,0,0,0,0,0,0,-10810,-15296,1
Male,High School,Married,46,150000,96396,98366,99456,79956,78154,76634,4073,3404,2722,54788,2770,94293,96052,77234,23366,73864,0
Female,High School,Married,41,200000,199802,195038,129415,88682,74132,71281,9231,4872,2894,2637,2591,185807,124543,85788,71495,68690,0
Male,Graduate,Married,39,200000,91415,79928,23532,23632,12852,5799,20387,2023,5060,1549,3029,59541,21509,18572,11303,2770,0
Female,Graduate,Married,44,180000,97925,98817,98495,96309,98484,100319,4303,4200,3500,3700,3600,94514,94295,92809,94784,96719,0
Female,Graduate,Single,34,500000,119451,143348,159291,262663,308074,400050,26000,20000,106700,50000,100000,117348,139291,155963,258074,300050,0
Female,University,Single,24,20000,13867,14834,15931,15850,16226,14411,1500,1450,369,429,288,13334,14481,15481,15797,14123,0
Male,University,Married,39,500000,342548,290244,250186,276579,239874,226502,8628,6242,231888,7945,7840,281616,243944,44691,231929,218662,1
Female,Graduate,Married,47,80000,15739,17253,35369,18351,14249,10637,17253,35369,18351,14249,10637,0,0,0,0,0,0
Female,High School,Single,23,80000,71988,76940,68255,55983,59823,51519,6200,2000,2,6278,0,70740,66255,55981,53545,51519,0
Male,Graduate,Single,30,360000,36590,29751,22581,12936,7970,7970,1400,1000,1000,3000,0,28351,21581,11936,4970,7970,0
Female,Graduate,Single,28,230000,12089,2306,13827,11686,46963,15962,2306,13835,11686,46963,15962,0,-8,0,0,0,0
Male,University,Single,32,70000,21986,21351,22090,22723,24351,23809,0,1400,1000,2000,0,21351,20690,21723,22351,23809,1
Male,University,Single,25,20000,1000,0,16668,16105,16496,16872,0,25464,0,800,800,0,-8796,16105,15696,16072,0
Female,University,Married,37,250000,215928,221963,224949,229577,234221,238960,9510,8160,8364,8493,8625,212453,216789,221213,225728,230335,0
Male,University,Single,33,400000,61705,58018,52383,48139,35898,30754,3000,3000,3000,4000,3000,55018,49383,45139,31898,27754,0
Female,Graduate,Married,30,420000,3790,19292,15068,37435,-1896,18995,19292,15087,37435,287,25087,0,-19,0,-2183,-6092,0
Male,University,Single,37,320000,31989,35554,85376,88585,101546,41685,5001,92586,5001,15001,3011,30553,-7210,83584,86545,38674,0
Male,Graduate,Single,25,30000,29108,29806,30477,30651,30107,26304,1800,1800,1300,1560,1000,28006,28677,29351,28547,25304,1
Male,Graduate,Single,30,470000,290137,294980,276255,241089,223366,207733,15128,12235,10123,10019,10102,279852,264020,230966,213347,197631,0
Male,Graduate,Single,31,70000,65779,34480,33632,35747,38981,43331,3000,0,3000,4000,5000,31480,33632,32747,34981,38331,1
Female,University,Single,23,70000,18193,19241,19346,15754,15855,15011,1352,1237,545,726,353,17889,18109,15209,15129,14658,1
Female,Graduate,Single,25,30000,22399,25859,26540,13842,16299,18547,5000,1500,499,3000,3000,20859,25040,13343,13299,15547,0
Female,University,Married,22,30000,14274,14367,13296,12516,0,0,1000,0,0,0,0,13367,13296,12516,0,0,1
Female,University,Married,45,30000,30330,30948,29480,28805,19733,16543,1400,0,928,602,768,29548,29480,27877,19131,15775,1
Male,University,Single,35,70000,67306,69023,69340,39191,40009,40893,3400,2310,1600,1600,1700,65623,67030,37591,38409,39193,0
Female,High School,Single,50,20000,16350,17382,18488,19179,19720,19822,1300,1400,1000,1000,626,16082,17088,18179,18720,19196,0
Male,University,Single,31,210000,200332,195530,176634,128137,130500,128838,0,6800,4900,4500,4700,195530,169834,123237,126000,124138,1
Female,Graduate,Married,36,170000,1000,1000,3000,1000,1000,1500,1000,3000,0,1000,1500,0,0,1000,0,0,0
Male,University,Single,31,300000,86267,78176,48163,13461,5121,5663,78580,48408,13538,5145,5690,-404,-245,-77,-24,-27,0
Female,University,Single,24,10000,7199,8275,9232,9266,9501,9729,1350,1270,300,350,350,6925,7962,8966,9151,9379,1
Female,Graduate,Single,24,50000,220,220,677,1200,666,1480,220,677,1200,666,1480,0,0,0,0,0,0
Female,University,Married,30,200000,35706,34064,30519,26166,28097,29855,1500,2547,2500,2500,3500,32564,27972,23666,25597,26355,0
Female,Graduate,Single,36,220000,2978,125,15064,101,1011,1411,125,15064,101,1011,1906,0,0,0,0,-495,0
Female,University,Married,34,400000,14986,25772,12621,13983,3378,3770,25772,1500,13983,3378,2000,0,11121,0,0,1770,0
Female,Graduate,Single,30,260000,449,1340,0,0,0,0,1340,0,0,0,0,0,0,0,0,0,0
Female,University,Married,37,10000,10000,7419,7392,8265,8631,17974,7419,1400,1000,500,500,0,5992,7265,8131,17474,0
Male,Graduate,Single,28,140000,23702,23917,24460,435,435,435,1457,1000,435,435,435,22460,23460,0,0,0,0
Male,High School,Single,43,50000,97348,49221,29457,9279,888,19947,3711,1060,212,888,19709,45510,28397,9067,0,238,0
Female,University,Married,42,330000,18516,24202,32912,36710,40442,42283,10000,10000,5000,5000,5000,14202,22912,31710,35442,37283,0
Female,Graduate,Single,29,130000,-200,-200,0,2115,0,0,0,200,2115,0,0,-200,-200,0,0,0,1
Female,Graduate,Single,33,360000,0,883,887,26292,22279,550,883,4,26514,557,550,0,883,-222,21722,0,0
Male,Graduate,Single,28,450000,9845,11991,17111,19585,9756,3282,3000,10000,3000,10000,3300,8991,7111,16585,-244,-18,0
Male,Graduate,Single,36,500000,15401,23032,54759,52030,71797,93159,23128,40105,52221,71852,93218,-96,14654,-191,-55,-59,0
Male,University,Married,33,240000,8383,3470,2220,2220,3356,2220,3470,2220,2220,3356,2220,0,0,0,0,0,0
Female,University,Single,29,60000,9045,7910,6770,6880,5021,4952,1000,1000,1000,2000,2000,6910,5770,5880,3021,2952,0
Male,University,Married,42,340000,76166,83909,169911,130718,131684,126223,10000,115000,5000,6000,10000,73909,54911,125718,125684,116223,0
Female,University,Married,53,500000,7855,17481,12021,132906,122256,37380,17512,12021,132906,0,37380,-31,0,0,122256,0,0
Female,University,Married,33,270000,121065,96197,92217,94082,96367,97793,3500,3349,3400,3800,3300,92697,88868,90682,92567,94493,1
Male,University,Single,33,50000,24060,17474,18297,20114,13235,12482,1400,1183,2000,1200,0,16074,17114,18114,12035,12482,0
Male,High School,Single,29,20000,11455,12866,5596,7337,8063,8769,2000,1500,2000,1000,1000,10866,4096,5337,7063,7769,0
Female,Graduate,Married,36,130000,9164,4603,5000,1500,0,390,4605,5000,1500,0,390,-2,0,0,0,0,0
Female,Graduate,Married,55,200000,110778,111431,96867,77140,81849,78046,3796,4262,2645,5834,2771,107635,92605,74495,76015,75275,1
Female,University,Single,25,360000,336179,173781,161223,145172,131346,134135,6781,7226,5032,5346,15003,167000,153997,140140,126000,119132,0
Female,University,Married,55,90000,15000,1055,-180,2320,1286,1132,1055,0,2500,2000,1132,0,-180,-180,-714,0,1
Female,Graduate,Married,50,200000,1662,2482,19272,22388,21105,3471,2482,19272,10004,10000,3471,0,0,12384,11105,0,0
Female,Graduate,Married,43,80000,21057,2282,-185,-185,-185,665,2282,0,0,0,1000,0,-185,-185,-185,-335,0
Female,High School,Married,45,30000,29334,28198,29497,28268,30817,17219,0,2457,0,3000,344,28198,27040,28268,27817,16875,0
Male,University,Single,28,50000,48566,47893,48760,22967,39687,23755,2000,2313,813,875,1008,45893,46447,22154,38812,22747,0
Male,University,Single,33,50000,53282,50936,49911,19817,20492,20365,3000,2300,715,1000,878,47936,47611,19102,19492,19487,1
Female,Graduate,Married,69,450000,2000,0,1173,0,6265,2374,0,1173,0,6265,2374,0,0,0,0,0,1
Female,University,Married,37,130000,3811,8692,10467,10067,12567,12567,5000,2000,0,2500,0,3692,8467,10067,10067,12567,1
Male,Graduate,Single,33,350000,53562,49396,42968,38575,34226,31026,2045,1660,1338,1300,2000,47351,41308,37237,32926,29026,0
Male,High School,Single,22,20000,20732,19981,431,20786,20355,18752,2,431,20355,0,2732,19979,0,431,20355,16020,1
Male,University,Single,27,170000,21958,22572,14549,10849,12509,64218,1300,2000,1000,2000,52292,21272,12549,9849,10509,11926,0
Female,University,Married,38,240000,47320,46392,51652,54969,42373,48952,0,6000,4059,14,10022,46392,45652,50910,42359,38930,0
Male,Graduate,Single,30,130000,77939,78524,63421,60269,59984,27126,3916,3000,3000,3000,1000,74608,60421,57269,56984,26126,0
Female,Graduate,Married,28,360000,0,0,0,0,0,0,0,0,0,0,0,0,0,0,0,0,0
Male,University,Single,26,10000,9526,9240,8950,8660,8840,9472,0,0,0,468,929,9240,8950,8660,8372,8543,0
Female,High School,Married,42,10000,8965,8640,9412,9604,9800,0,1228,1000,192,196,0,7412,8412,9412,9604,0,1
Female,High School,Single,70,200000,7109,9999,5300,5300,0,0,10025,5300,0,0,0,-26,0,5300,0,0,0
Female,University,Married,35,150000,39883,41045,41701,40699,25218,9340,1806,1462,2000,0,2000,39239,40239,38699,25218,7340,0
Male,Other,Single,33,50000,47423,33843,31251,30935,28905,27487,1600,1600,1200,1200,1000,32243,29651,29735,27705,26487,0
Male,University,Single,26,40000,39826,40690,32183,38897,40234,40536,1900,390,8000,2500,1500,38790,31793,30897,37734,39036,0
Male,Graduate,Single,42,400000,4279,100815,15906,81768,4887,43827,101319,15942,82308,4903,44257,-504,-36,-540,-16,-430,0
Male,University,Single,25,80000,832,416,832,416,832,416,0,832,0,832,0,416,0,416,0,416,1
Male,University,Single,28,50000,2809,187,3135,937,-3,894,0,3141,2,0,897,187,-6,935,-3,-3,0
Male,University,Single,42,170000,142118,144803,133868,119956,121277,122926,7040,6165,5004,5003,5001,137763,127703,114952,116274,117925,0
Male,High School,Single,34,190000,47713,49242,52394,55521,113760,116299,3000,5000,5000,60000,5000,46242,47394,50521,53760,111299,0
Male,University,Married,62,20000,19724,19581,0,0,0,0,1000,0,20500,0,0,18581,0,-20500,0,0,1
Female,Graduate,Single,23,30000,12271,11791,11305,12216,12374,12026,0,0,1100,500,0,11791,11305,11116,11874,12026,0
Male,Graduate,Single,29,20000,14492,15759,17371,17873,18073,10817,1500,2000,651,500,1000,14259,15371,17222,17573,9817,0
Female,University,Single,48,390000,171189,176989,178698,182101,155517,154668,10000,10000,8004,10000,6000,166989,168698,174097,145517,148668,0
Female,High School,Single,66,100000,82583,83398,85103,86802,88912,90400,3035,3100,3100,3500,3500,80363,82003,83702,85412,86900,1
Male,University,Married,34,50000,44849,41873,28077,18291,16886,27476,2550,1636,1000,1000,1000,39323,26441,17291,15886,26476,1
Female,High School,Married,54,120000,67094,69010,70683,71504,73230,73613,3000,3000,2300,2600,2500,66010,67683,69204,70630,71113,0
Female,Graduate,Single,24,80000,329,49,317,827,390,120,500,320,900,400,120,-451,-3,-73,-10,0,0
Female,University,Single,39,340000,132749,134235,128079,64598,12014,710,5290,6706,3003,241,712,128945,121373,61595,11773,-2,0
Female,University,Single,23,110000,111271,111532,107998,79211,77881,80628,6000,4016,3000,3000,4000,105532,103982,76211,74881,76628,0
Female,University,Married,42,90000,390,0,-390,-780,780,0,0,0,0,1560,0,0,-390,-780,-780,0,0
Male,University,Single,26,10000,2989,3454,2917,1473,390,1320,2000,1000,29,390,1320,1454,1917,1444,0,0,1
Male,University,Single,28,160000,0,0,0,0,0,0,0,0,0,0,0,0,0,0,0,0,0
Male,Graduate,Single,34,170000,23535,22876,25674,24963,25640,26278,0,3503,0,1078,1215,22876,22171,24963,24562,25063,0
Female,University,Married,28,440000,8325,-4341,-15641,7059,-4220,-16370,0,752,34000,284,3650,-4341,-16393,-26941,-4504,-20020,0
Male,Graduate,Single,32,310000,6023,23782,26024,26201,20896,6579,18000,3000,1500,500,6579,5782,23024,24701,20396,0,0
Male,University,Married,55,110000,106670,108727,107386,78268,75846,75685,6000,3300,3012,3008,3000,102727,104086,75256,72838,72685,0
Male,High School,Single,23,50000,0,0,0,0,0,0,0,0,0,0,0,0,0,0,0,0,0
Female,Graduate,Married,39,100000,97284,99542,99898,99786,97670,100959,4700,2950,3100,5,6170,94842,96948,96686,97665,94789,1
Female,Graduate,Single,29,350000,42518,31386,24540,22187,12900,7938,1740,1000,452,448,2000,29646,23540,21735,12452,5938,0
Female,University,Single,27,310000,192910,188501,190938,202835,199417,203830,0,7000,15001,1,8001,188501,183938,187834,199416,195829,0
Female,University,Married,40,120000,109399,109397,36850,37739,38381,39142,3900,1700,1500,1400,1400,105497,35150,36239,36981,37742,0
Female,High School,Married,25,50000,-1159,40819,11143,9580,9793,8768,48000,3009,1000,321,2000,-7181,8134,8580,9472,6768,0
Male,Graduate,Single,32,300000,10566,11293,12000,3458,56338,56735,1200,1200,9427,55000,2000,10093,10800,-5969,1338,54735,0
Female,University,Single,29,130000,172094,156589,145398,136115,138893,127502,0,3300,2500,2778,130000,156589,142098,133615,136115,-2498,0
Male,Graduate,Single,30,260000,1943,855,7288,1055,710,755,855,7288,1055,710,755,0,0,0,0,0,0
Male,Graduate,Single,35,490000,-13,2639,1610,1231,1419,14143,2652,1618,1237,1426,14214,-13,-8,-6,-7,-71,0
Male,Graduate,Married,43,500000,14872,53132,74478,61069,37369,2581,53421,74559,1343,907,2592,-289,-81,59726,36462,-11,0
Female,Graduate,Single,25,30000,9634,4476,8830,8153,6422,500,7,7002,13,155,1,4469,1828,8140,6267,499,0
Female,Graduate,Single,31,60000,32632,34099,35525,38820,38066,39681,2000,2000,3900,0,2400,32099,33525,34920,38066,37281,1
Female,University,Married,45,140000,55444,57549,60971,61374,63243,64554,3000,5000,2000,3000,2500,54549,55971,59374,60243,62054,0
Female,Graduate,Single,30,180000,149525,152460,154206,135881,130728,123155,7320,6100,9710,4800,0,145140,148106,126171,125928,123155,0
Male,Graduate,Single,23,20000,18436,19219,6140,6140,0,0,1500,1000,0,0,0,17719,5140,6140,0,0,0
Female,University,Married,29,50000,40117,45598,44570,47133,46249,47179,6138,0,3618,0,1850,39460,44570,43515,46249,45329,1
Female,University,Single,30,400000,24054,25381,26085,26779,29283,29764,1624,1328,1022,3000,1000,23757,24757,25757,26283,28764,0
Male,High School,Single,24,20000,0,5536,18884,18059,18163,16990,5536,14000,137,500,0,0,4884,17922,17663,16990,0
Female,University,Married,43,430000,8894,11198,14861,13846,13451,16162,11198,14861,1400,951,14082,0,0,12446,12500,2080,0
Female,Graduate,Married,32,400000,110,532,2651,0,644,636,587,2651,0,644,636,-55,0,0,0,0,0
Female,University,Single,36,200000,694,2695,660,2315,1290,5745,2721,660,2315,1290,5745,-26,0,0,0,0,1
Female,University,Single,22,10000,656,8748,9644,9541,8971,9645,10128,1200,400,323,1600,-1380,8444,9141,8648,8045,0
Male,High School,Single,43,80000,76292,77465,78834,12577,18376,23766,3006,5250,33,18431,23944,74459,73584,12544,-55,-178,0
Female,Graduate,Single,28,140000,115743,117357,112527,91802,94114,91201,5000,5000,3600,4000,4000,112357,107527,88202,90114,87201,0
Female,University,Single,28,20000,24611,18920,13124,18859,19828,36666,0,1200,7500,1015,15000,18920,11924,11359,18813,21666,1
Female,University,Married,33,340000,411,10983,8548,11190,8210,7981,11038,8591,11246,8251,8021,-55,-43,-56,-41,-40,0
Female,University,Married,44,230000,5630,390,5090,19394,205,0,390,5090,19394,0,3916,0,0,0,205,-3916,1
Female,University,Married,37,120000,200,200,42200,42000,42000,0,0,42000,200,0,0,200,200,41800,42000,0,0
Female,Graduate,Married,34,210000,8011,5832,7906,5111,2069,0,1126,2400,200,205,0,4706,5506,4911,1864,0,0
Female,Graduate,Single,25,80000,45392,46723,41986,40060,38124,37140,5000,2000,2000,2000,3000,41723,39986,38060,36124,34140,0
Male,Graduate,Single,31,150000,3084,-1,600,4102,4102,6121,0,601,4102,0,2019,-1,-1,0,4102,4102,0
Female,University,Married,53,130000,126750,119997,108738,71835,62539,61906,5996,4148,2477,2346,2640,114001,104590,69358,60193,59266,0
Male,Graduate,Single,35,20000,17007,16200,0,8303,8519,9371,0,0,8303,500,1000,16200,0,0,8019,8371,1
Female,University,Married,29,200000,204541,170572,80620,82300,0,0,7186,3900,3900,0,0,163386,76720,78400,0,0,0
Male,Graduate,Single,29,200000,99,99,99,99,99,348,99,99,99,99,348,0,0,0,0,0,0
Female,Graduate,Single,22,80000,78028,79347,76022,58897,54512,51937,3200,2229,1900,4000,5000,76147,73793,56997,50512,46937,0
Male,University,Single,30,80000,2688,2208,0,1000,0,0,2208,0,1000,0,0,0,0,0,0,0,1
Male,Graduate,Married,44,500000,150758,62931,21296,19897,4460,4195,63256,21408,19996,4482,4212,-325,-112,-99,-22,-17,0
Male,University,Married,43,50000,15641,15105,16545,16977,16563,17688,0,2000,1000,0,1400,15105,14545,15977,16563,16288,1
Female,Graduate,Married,44,200000,798,4130,6952,827,1426,763,4150,6952,827,1426,763,-20,0,0,0,0,0
Male,University,Married,45,80000,4089,5015,2521,531,9766,10042,1042,1000,531,9354,438,3973,1521,0,412,9604,0
Male,University,Single,26,50000,47169,48197,47738,47676,46694,47807,1804,1746,1681,1695,1890,46393,45992,45995,44999,45917,0
Male,University,Single,37,130000,117471,104341,96395,82476,84205,84162,3857,3734,2924,3029,3009,100484,92661,79552,81176,81153,0
Female,Graduate,Married,35,310000,2948,62593,152141,125325,109142,103020,62635,100042,4017,9184,4081,-42,52099,121308,99958,98939,0
Male,University,Married,37,190000,2461,8040,9640,0,5100,2350,8040,2000,0,5100,0,0,7640,0,0,2350,1
Male,University,Single,29,100000,70878,72753,58789,53091,55229,57144,3100,2640,2000,3000,3000,69653,56149,51091,52229,54144,1
Female,Graduate,Married,38,230000,2130,62469,62583,59047,52574,43723,62469,5000,2000,5000,5000,0,57583,57047,47574,38723,0
Female,University,Single,25,70000,66174,67555,25059,26834,14112,28191,3000,2000,2400,2012,14500,64555,23059,24434,12100,13691,1
Female,Graduate,Married,30,500000,8371,8759,5574,10403,2293,2702,1015,5584,6348,46,2702,7744,-10,4055,2247,0,0
Male,University,Married,36,50000,49732,48658,51802,50737,48763,50908,0,4000,7,1900,3903,48658,47802,50730,46863,47005,1
Male,University,Single,35,120000,0,0,0,0,0,0,0,0,0,0,0,0,0,0,0,0,0
Female,University,Married,39,80000,51644,53177,52446,49999,41411,42328,3000,2037,2000,1499,2000,50177,50409,47999,39912,40328,0
Female,University,Married,34,50000,11367,10982,10243,10826,11699,10146,3000,1000,1000,1000,2000,7982,9243,9826,10699,8146,0
Male,University,Single,51,350000,39943,40859,45398,50634,60540,65074,1859,5398,5634,10540,5096,39000,40000,45000,50000,59978,0
Female,University,Single,29,60000,60000,60594,57606,33159,36183,27572,3100,2000,3000,3800,0,57494,55606,30159,32383,27572,0
Female,Graduate,Married,47,200000,935,1418,-2,120,150,928,1418,0,122,300,928,0,-2,-2,-150,0,1
Female,University,Single,23,50000,45078,44291,39408,29689,23879,23355,3000,3000,947,1000,837,41291,36408,28742,22879,22518,0
Female,University,Married,43,90000,7489,5798,15112,0,0,0,5833,15114,0,0,0,-35,-2,0,0,0,0
Male,University,Single,31,360000,744,9613,18748,18694,11606,7516,9667,18781,6729,58,7553,-54,-33,11965,11548,-37,0
Female,University,Single,25,440000,225416,220405,226731,231456,237707,243555,0,10000,10000,10000,10000,220405,216731,221456,227707,233555,1
Female,University,Married,52,170000,168516,168529,169956,119844,117944,118163,6791,7333,4218,4269,4481,161738,162623,115626,113675,113682,0
Female,University,Married,33,190000,142272,143386,141711,142569,141733,142982,8007,8000,8000,5500,5339,135379,133711,134569,136233,137643,0
Male,Graduate,Single,29,290000,0,0,0,0,0,0,0,0,0,0,0,0,0,0,0,0,1
Male,Graduate,Single,37,210000,0,1422,0,0,0,478,1422,0,0,0,478,0,0,0,0,0,0
Male,Graduate,Single,24,20000,3395,2296,396,396,8972,3984,2296,396,396,8972,3984,0,0,0,0,0,1
Female,Graduate,Married,35,400000,10043,17883,9322,15693,5588,10161,18057,9368,15771,5616,10173,-174,-46,-78,-28,-12,0
Female,Graduate,Married,32,360000,0,0,0,0,0,0,0,0,0,0,0,0,0,0,0,0,1
Male,Graduate,Married,53,250000,0,4190,21500,0,10180,7680,4190,25690,0,10180,7680,0,-4190,0,0,0,1
Male,University,Married,30,30000,27836,28998,29480,29500,0,0,2000,1200,1000,0,1500,26998,28280,28500,0,-1500,0
Female,Graduate,Married,47,280000,257561,270827,212405,194345,161084,174622,20000,15000,0,161084,15000,250827,197405,194345,0,159622,0
Female,High School,Married,59,70000,68766,70772,71622,68443,72210,70267,3700,2604,0,5001,9,67072,69018,68443,67209,70258,1
Male,Graduate,Single,26,70000,35666,18116,18397,17262,24921,0,5000,17831,17262,15001,0,13116,566,0,9920,0,0
Male,University,Single,47,20000,14591,16254,16686,17406,18123,19680,1900,1000,1000,1000,1864,14354,15686,16406,17123,17816,0
Male,Graduate,Single,32,350000,15179,4981,19194,4389,1717,4066,4983,15084,2028,1725,4086,-2,4110,2361,-8,-20,0
Female,Graduate,Single,37,200000,21111,25562,8603,28692,29019,43308,5000,5000,20089,30000,15093,20562,3603,8603,-981,28215,0
Male,High School,Single,25,90000,6822,6995,7884,0,0,0,1172,1061,0,0,0,5823,6823,0,0,0,1
Female,Graduate,Married,52,100000,4740,3584,3609,3381,3666,2233,2000,2000,2054,2000,0,1584,1609,1327,1666,2233,0
Female,University,Married,22,50000,48255,41550,35553,23711,25975,900,2400,1842,1000,1928,900,39150,33711,22711,24047,0,0
Female,High School,Married,51,280000,2158,0,0,0,0,0,0,0,0,0,0,0,0,0,0,0,0
Male,High School,Married,38,50000,51106,50059,48988,47917,47020,48027,0,0,0,0,1943,50059,48988,47917,47020,46084,1
Female,University,Single,29,120000,3570,3362,0,0,0,0,0,0,0,0,0,3362,0,0,0,0,1
Male,High School,Single,25,100000,96889,102893,99176,80358,75007,76805,8513,128,3011,3000,3200,94380,99048,77347,72007,73605,1
Male,University,Single,29,130000,3920,3848,942,942,768,-174,4000,942,942,768,0,-152,0,0,0,-174,0
Female,Graduate,Single,30,200000,196845,189104,183255,147612,148088,99985,8990,7000,5500,6000,4220,180114,176255,142112,142088,95765,0
Male,Graduate,Single,34,350000,147070,109978,77151,73814,79692,79949,7331,10000,5000,10000,5000,102647,67151,68814,69692,74949,0
Female,Graduate,Single,44,20000,19018,18581,19864,20181,20210,20043,1327,2000,1000,710,1043,17254,17864,19181,19500,19000,0
Female,Graduate,Single,32,150000,125995,127467,130080,131238,141612,140868,5000,4723,3323,11086,0,122467,125357,127915,130526,140868,0
Female,Graduate,Married,30,130000,9255,10264,7060,4480,3000,0,1204,1000,3990,3000,0,9060,6060,490,0,0,0
Female,Graduate,Single,34,330000,173630,178833,187820,190202,194964,199008,8000,12000,7000,8000,7287,170833,175820,183202,186964,191721,0
Female,University,Other,52,80000,63134,57072,55618,50345,52031,53141,2087,2019,2000,2500,2095,54985,53599,48345,49531,51046,0
Male,Other,Single,35,10000,10281,9949,8838,8838,0,0,25,4000,0,1000,0,9924,4838,8838,-1000,0,0
Male,Graduate,Single,29,360000,-1808,-1808,6458,825,825,825,0,9091,825,825,825,-1808,-2633,0,0,0,0
Male,Graduate,Married,36,120000,43488,44785,47195,12432,13226,14258,2000,3200,37432,1000,1258,42785,43995,-25000,12226,13000,0
Female,University,Single,22,20000,7130,8185,9084,8667,8848,5328,1177,1076,249,258,500,7008,8008,8418,8590,4828,0
Female,Graduate,Single,35,280000,199,199,-127,1012,536,982,0,0,1548,0,982,199,-127,-536,536,0,0
Female,University,Married,45,100000,0,0,0,0,0,1505,0,0,0,0,1505,0,0,0,0,0,0
Male,University,Single,31,70000,63441,29091,29802,30395,31034,31668,1789,1500,1089,1130,1150,27302,28302,29306,29904,30518,0
Female,Graduate,Married,31,350000,7914,4221,23907,28528,24965,5727,4221,23916,25528,2965,5753,0,-9,3000,22000,-26,0
Male,University,Married,36,50000,22430,23763,24564,26145,26774,27476,2000,1500,2000,1200,1300,21763,23064,24145,25574,26176,0
Female,Graduate,Single,35,470000,37342,39348,43806,48213,52585,56883,2500,5000,5000,5000,5000,36848,38806,43213,47585,51883,0
Male,Graduate,Single,31,350000,297967,286352,160042,131977,133067,41470,100066,5715,6005,6287,2103,186286,154327,125972,126780,39367,0
Male,Graduate,Single,56,140000,140630,142166,51334,51533,52233,53826,6100,2411,2000,2041,3000,136066,48923,49533,50192,50826,0
Female,University,Single,23,140000,49235,45173,39585,36189,21772,21417,2517,1559,2000,1003,1000,42656,38026,34189,20769,20417,0
Male,Graduate,Single,27,380000,73903,66541,58665,43837,72069,61925,2924,2555,1515,37056,2413,63617,56110,42322,35013,59512,0
Male,University,Single,24,50000,33991,33168,34805,34933,36692,37934,0,2500,1000,2900,2000,33168,32305,33933,33792,35934,1
Female,High School,Married,48,260000,97908,84773,70259,58341,58730,52789,2980,2338,1911,5014,5004,81793,67921,56430,53716,47785,0
Female,High School,Married,25,20000,19045,20438,19771,20241,19364,18260,2000,0,1000,0,1000,18438,19771,19241,19364,17260,0
Female,High School,Married,39,190000,157,-1049,-2681,1975,2244,3294,0,0,6475,2244,2284,-1049,-2681,-4500,0,1010,0
Male,University,Married,39,220000,187665,175338,163018,128157,131067,108683,0,11,0,4561,5007,175338,163007,128157,126506,103676,0
Female,Graduate,Single,36,230000,111691,117858,121697,119772,115730,111222,8000,6000,5000,5000,5000,109858,115697,114772,110730,106222,0
Female,University,Married,43,20000,7470,8492,9547,20766,12197,12994,1145,1200,2000,3000,1000,7347,8347,18766,9197,11994,0
Male,University,Married,52,100000,21641,22983,24290,25080,25768,27407,2000,2000,1500,1093,2228,20983,22290,23580,24675,25179,0
Female,Graduate,Single,26,150000,38052,0,18600,18400,1527,1527,0,18600,0,1527,0,0,0,18400,0,1527,0
Female,Graduate,Single,28,320000,11684,1127,1943,13312,-5,-5,1135,1952,13375,5,0,-8,-9,-63,-10,-5,0
Female,University,Married,33,50000,76025,78548,77882,79471,81121,1685,3750,1558,1589,1650,9980,74798,76324,77882,79471,-8295,1
Male,University,Single,53,50000,50302,49440,49891,20503,20159,20268,2100,1793,700,731,735,47340,48098,19803,19428,19533,0
Female,University,Single,39,370000,181221,180616,114073,57660,23093,18436,10073,6367,5100,2000,3000,170543,107706,52560,21093,15436,0
Female,Graduate,Married,37,150000,58337,0,0,14515,8758,6882,0,0,14515,8758,6880,0,0,0,0,2,0
Female,University,Married,40,200000,390,390,390,390,390,390,390,390,390,390,390,0,0,0,0,0,1
Male,University,Married,34,200000,170,1512,-15,1067,2176,3378,1525,0,1082,2179,2013,-13,-15,-15,-3,1365,1
Male,University,Single,37,30000,1197,2536,1100,710,320,-70,2600,0,0,0,0,-64,1100,710,320,-70,1
Female,University,Single,46,200000,121198,123834,136629,139504,142269,145250,4593,14955,5143,5166,5349,119241,121674,134361,137103,139901,0
Male,Graduate,Single,26,200000,0,1516,11533,9463,3884,3033,1516,11533,189,1000,2050,0,0,9274,2884,983,0
Female,University,Single,26,240000,138859,136521,135459,117308,107928,103799,5308,4915,4100,4000,4002,131213,130544,113208,103928,99797,1
Female,University,Married,24,40000,28953,35389,34205,39361,35125,35890,6918,0,6000,0,2000,28471,34205,33361,35125,33890,1
Male,Graduate,Single,31,140000,97448,70631,0,0,0,0,1413,0,0,0,0,69218,0,0,0,0,0
Male,University,Single,35,50000,50497,49289,36295,20067,20197,20202,2011,5009,2000,1000,1500,47278,31286,18067,19197,18702,0
Female,High School,Married,48,50000,38031,31677,27240,31505,25979,25925,2000,2000,5000,2000,21000,29677,25240,26505,23979,4925,0
Female,University,Single,25,160000,227,0,354,355,47,605,861,354,1,48,906,-861,0,354,-1,-301,0
Male,Graduate,Single,32,140000,12319,0,0,61,561,528,0,0,61,500,528,0,0,0,61,0,0
Female,High School,Married,28,240000,230184,228640,227399,200357,197198,186551,9000,9000,7000,7000,6512,219640,218399,193357,190198,180039,1
Female,Graduate,Single,29,230000,495,466,3432,495,495,495,466,3461,495,495,495,0,-29,0,0,0,0
Female,University,Single,32,200000,165074,170905,186093,188139,141208,144242,10000,20000,6000,5300,5500,160905,166093,182139,135908,138742,0
Female,Graduate,Married,49,50000,44767,45719,45665,49287,48290,50000,5001,2007,5003,303,3000,40718,43658,44284,47987,47000,0
Female,Graduate,Single,30,360000,23725,45913,80945,54064,52342,33074,61137,79800,42015,53710,33074,-15224,1145,12049,-1368,0,0
Female,Graduate,Married,42,500000,0,0,1680,0,6745,0,0,1680,0,6745,0,0,0,0,0,0,0
Male,High School,Single,22,20000,18977,18374,18458,18852,19546,21165,0,1680,1000,1000,2100,18374,16778,17852,18546,19065,0
Male,University,Single,30,80000,73113,74639,75408,76618,77459,75327,3300,2600,3000,3000,1580,71339,72808,73618,74459,73747,0
Female,Graduate,Married,44,30000,616,0,0,0,0,0,0,0,0,0,0,0,0,0,0,0,0
Female,University,Married,35,80000,14376,15689,16393,16724,17086,17431,1435,1139,470,500,490,14254,15254,16254,16586,16941,0
Female,University,Married,52,30000,27101,30360,28002,23879,4178,0,4110,94,1879,84,0,26250,27908,22000,4094,0,0
Female,High School,Married,48,200000,0,0,0,0,0,0,0,0,0,0,0,0,0,0,0,0,0
Male,Other,Single,29,240000,219419,151914,159320,148705,134563,195628,7000,10082,8095,7015,67006,144914,149238,140610,127548,128622,0
Male,University,Single,29,280000,255317,259137,276794,281455,276403,234607,9439,22000,10694,0,8475,249698,254794,270761,276403,226132,1
Female,University,Single,33,170000,1547,0,0,0,0,0,0,0,0,0,0,0,0,0,0,0,0
Female,High School,Single,44,100000,89988,92388,94478,59387,60953,59786,3852,4135,2200,2521,2162,88536,90343,57187,58432,57624,0
Female,University,Single,24,70000,65508,50382,49271,50449,51636,53666,4000,0,2000,2000,3000,46382,49271,48449,49636,50666,1
Female,University,Other,27,110000,91538,84348,78925,49341,50289,44221,3354,2745,2341,1959,5000,80994,76180,47000,48330,39221,0
Female,High School,Single,27,100000,83587,85389,86981,81522,81171,79766,3151,3065,2892,2936,3000,82238,83916,78630,78235,76766,0
Male,Graduate,Single,39,80000,78246,79404,80388,78128,75762,73873,3000,3001,0,2703,3100,76404,77387,78128,73059,70773,1
Female,University,Married,33,300000,1496,1496,1496,2490,1996,1494,1500,1500,2494,1006,1498,-4,-4,-4,990,-4,0
Female,Graduate,Married,40,150000,52097,30188,20242,5332,61826,5220,2000,1000,5003,61826,5000,28188,19242,329,0,220,0
Male,University,Single,26,150000,69358,42457,92213,70406,70037,14461,4213,92457,5023,4311,7030,38244,-244,65383,65726,7431,0
Male,High School,Married,52,10000,6969,6712,7722,7875,8041,8357,0,1128,281,292,450,6712,6594,7594,7749,7907,1
Female,Graduate,Single,35,210000,0,0,0,820,0,0,0,0,820,0,0,0,0,0,0,0,0
Male,University,Single,25,20000,19770,19463,20998,19468,36702,0,1465,4000,0,367,0,17998,16998,19468,36335,0,1
Male,University,Married,38,20000,6715,7736,8745,9394,9101,9282,1287,1296,945,0,481,6449,7449,8449,9101,8801,0
Female,High School,Married,48,80000,63695,33283,22442,15553,5593,1350,6056,652,517,0,27,27227,21790,15036,5593,1323,0
Male,University,Married,49,270000,-173,-173,-173,-173,-173,-173,0,0,0,0,0,-173,-173,-173,-173,-173,0
Female,Graduate,Married,33,200000,0,225,5628,5540,16378,4850,225,5628,23,16378,4850,0,0,5517,0,0,0
Male,Graduate,Married,34,200000,2727,1332,2003,816,4530,4245,1332,2003,816,4530,0,0,0,0,0,4245,0
Male,University,Single,34,10000,9323,8708,0,9601,10005,9058,1000,0,9601,800,1000,7708,0,0,9205,8058,0
Male,Graduate,Single,34,360000,5275,24267,33473,51900,30424,48646,24267,10000,20000,3003,20000,0,23473,31900,27421,28646,0
Male,University,Married,40,20000,20138,19531,18867,19253,20003,19470,0,1146,532,900,781,19531,17721,18721,19103,18689,1
Female,Graduate,Married,27,40000,40856,39045,39825,38847,31535,32159,2023,1803,1425,1293,1300,37022,38022,37422,30242,30859,0
Male,High School,Married,50,110000,109192,106322,67727,47313,47255,47255,4300,3000,2000,1700,1800,102022,64727,45313,45555,45455,0
Male,High School,Married,50,50000,63889,65512,68764,14353,16110,17832,2800,4000,0,2000,2000,62712,64764,14353,14110,15832,0
Female,Graduate,Single,28,100000,46430,47679,48783,49981,44211,48568,2000,2000,2000,1514,5000,45679,46783,47981,42697,43568,0
Male,University,Single,21,50000,21023,27270,11342,8305,7288,0,3000,1000,0,0,0,24270,10342,8305,7288,0,0
Female,High School,Married,23,30000,15955,15410,17149,18362,18919,19161,0,2000,1500,1000,700,15410,15149,16862,17919,18461,1
Male,Graduate,Single,23,20000,7040,7897,7622,8294,8016,9382,1128,0,800,0,1500,6769,7622,7494,8016,7882,1
Male,University,Married,44,100000,30094,31111,31407,30603,31411,32089,1800,1100,0,1300,1200,29311,30307,30603,30111,30889,1
Female,University,Married,24,80000,1462,2472,0,492,0,0,1502,0,492,0,0,970,0,0,0,0,0
Male,Graduate,Single,29,120000,118303,98232,150952,77639,79966,61248,3358,3400,6000,3200,4000,94874,147552,71639,76766,57248,1
Male,University,Single,36,30000,3024,3462,390,240,2150,780,3462,0,240,2300,780,0,390,0,-150,0,0
Male,Other,Married,25,80000,59366,49079,0,16638,18367,33081,15027,0,16638,2000,15081,34052,0,0,16367,18000,0
Female,Graduate,Single,30,170000,0,0,550,0,0,0,0,550,0,0,0,0,0,0,0,0,1
Male,Graduate,Married,40,20000,30832,17896,17258,18981,19496,18594,3500,1500,2000,800,800,14396,15758,16981,18696,17794,0
Female,High School,Married,36,50000,46311,47579,47897,28263,8548,8906,2014,1332,698,310,500,45565,46565,27565,8238,8406,0
Female,Graduate,Married,31,300000,149893,152529,152882,113347,114554,116357,7000,6000,4084,4056,4300,145529,146882,109263,110498,112057,0
Female,Graduate,Single,26,20000,300,300,300,300,300,300,0,0,0,0,0,300,300,300,300,300,1
Male,University,Single,29,130000,29252,30086,30680,30797,31147,31996,2000,1793,1300,1223,1851,28086,28887,29497,29924,30145,0
Female,University,Married,41,500000,2503,613,2339,4333,1285,1969,1043,4401,3150,0,1000,-430,-2062,1183,1285,969,0
Male,University,Single,41,30000,9736,10453,11771,13032,12538,12187,1182,1500,1761,0,0,9271,10271,11271,12538,12187,0
Female,University,Married,41,180000,139184,141752,122164,111328,113890,116823,6411,6000,5000,4500,5000,135341,116164,106328,109390,111823,0
Male,Graduate,Single,33,340000,8427,10289,9452,22630,8819,9327,10300,9461,22676,8007,9336,-11,-9,-46,812,-9,0
Female,Graduate,Single,29,480000,0,0,0,0,0,0,0,0,0,0,0,0,0,0,0,0,0
Female,University,Single,30,80000,0,0,0,0,0,0,0,0,0,0,0,0,0,0,0,0,0
Female,High School,Single,24,140000,20923,19713,19385,19244,17185,36377,1633,1600,800,1753,20000,18080,17785,18444,15432,16377,0
Female,High School,Single,30,180000,105873,90251,62144,56728,52918,20856,5000,3500,1000,1420,1000,85251,58644,55728,51498,19856,0
Female,University,Single,30,30000,16570,18989,18387,22047,23691,25547,3000,0,4000,2000,2250,15989,18387,18047,21691,23297,0
Male,Graduate,Other,55,290000,7970,10320,10005,10838,11663,13301,2482,0,1000,1000,2000,7838,10005,9838,10663,11301,1
Female,High School,Single,45,110000,9242,9484,13922,18766,28498,30667,5000,5000,5000,10000,5000,4484,8922,13766,18498,25667,0
Male,Graduate,Single,25,60000,24200,34708,25326,27914,30476,31982,11000,2000,3000,3000,2000,23708,23326,24914,27476,29982,0
Female,Graduate,Married,35,80000,3614,82,3723,303,662,3295,0,3723,891,662,3295,82,0,-588,0,0,0
Male,Graduate,Single,25,110000,64155,65743,66533,67677,39066,39884,2621,2123,1952,2000,1468,63122,64410,65725,37066,38416,0
Male,University,Married,42,20000,17614,17042,18052,18562,18814,19500,0,1300,810,700,1000,17042,16752,17752,18114,18500,1
Male,High School,Single,31,150000,4213,5897,2365,5004,5531,3567,5914,2378,5019,5547,3576,-17,-13,-15,-16,-9,0
Female,High School,Married,44,240000,24469,11511,4670,17480,5489,7740,11511,4670,17480,0,7740,0,0,0,5489,0,0
Male,Graduate,Married,44,400000,18432,24198,22584,22655,23417,16845,6838,2159,1000,3000,1008,17360,20425,21655,20417,15837,0
Male,Graduate,Married,34,120000,97463,99018,100493,101937,104159,102324,4000,4000,4000,4000,0,95018,96493,97937,100159,102324,1
Male,Graduate,Single,39,330000,365672,346014,334826,265256,264516,264079,12350,12780,9400,20000,9610,333664,322046,255856,244516,254469,0
Male,University,Single,29,30000,390,390,390,1438,719,1588,390,390,1438,0,1588,0,0,0,719,0,0
Male,High School,Married,55,100000,435,435,285,-150,-585,1020,435,285,0,0,2040,0,0,-150,-585,-1020,0
Male,Graduate,Single,37,140000,291,291,291,291,291,441,291,291,291,291,441,0,0,0,0,0,0
Male,Other,Single,33,50000,45226,46080,32218,20650,0,0,1618,1647,1050,0,0,44462,30571,19600,0,0,0
Male,Graduate,Single,37,310000,0,0,0,0,0,0,0,0,0,0,0,0,0,0,0,0,1
Female,High School,Married,49,160000,741,6339,3334,3086,6959,5404,6339,3338,3090,6971,5410,0,-4,-4,-12,-6,0
Female,Graduate,Single,25,110000,86107,83894,85037,44819,24512,25447,0,4000,2100,2000,1500,83894,81037,42719,22512,23947,0
Male,University,Married,45,20000,1651,0,390,390,780,0,0,390,390,780,0,0,0,0,0,0,0
Female,High School,Single,23,30000,528,913,10773,916,3091,700,913,10773,916,3091,700,0,0,0,0,0,0
Male,University,Married,47,50000,0,835,226,-1300,-1300,-1300,835,226,0,0,0,0,0,-1300,-1300,-1300,0
Male,High School,Single,24,20000,13470,14748,15761,17497,17075,19777,1500,1264,2000,0,3000,13248,14497,15497,17075,16777,1
Female,Graduate,Single,36,220000,1838,921,943,1467,25075,6862,923,945,1471,25150,6882,-2,-2,-4,-75,-20,0
Male,Graduate,Single,36,460000,11469,13749,32838,33203,3129,5945,13766,32871,21000,165,3551,-17,-33,12203,2964,2394,0
Female,Graduate,Single,34,150000,0,0,0,0,552,252,0,0,0,552,0,0,0,0,0,252,1
Female,High School,Married,53,50000,20211,48672,34694,35503,2025,0,36396,1662,1471,2125,0,12276,33032,34032,-100,0,0
Female,Graduate,Married,32,100000,98033,97995,98781,97946,101885,98015,4620,4700,3900,7900,0,93375,94081,94046,93985,98015,0
Male,Graduate,Married,50,260000,115937,118957,119649,122448,-3353,123939,5800,6000,8000,40000,127292,113157,113649,114448,-43353,-3353,0
Male,High School,Married,41,50000,52955,51847,50307,27707,28479,28979,0,0,0,974,31100,51847,50307,27707,27505,-2121,1
Female,University,Single,27,50000,46465,47776,47626,45227,29436,10363,2367,1606,1198,1196,343,45409,46020,44029,28240,10020,0
Female,Graduate,Single,34,240000,4970,0,0,0,0,0,0,0,0,0,0,0,0,0,0,0,0
Male,High School,Single,24,230000,82066,80317,70854,74413,72447,73418,4000,3500,6000,0,3000,76317,67354,68413,72447,70418,0
Female,University,Single,28,90000,69186,72450,73798,74682,79586,78261,5000,3158,2600,6000,0,67450,70640,72082,73586,78261,0
Female,University,Single,22,20000,5473,7492,4988,11680,6590,0,2300,0,102,1500,0,5192,4988,11578,5090,0,0
Female,High School,Single,25,70000,68658,68618,61208,50111,49207,50524,4500,2783,25000,0,3000,64118,58425,25111,49207,47524,0
Male,Graduate,Single,29,260000,128208,100939,92549,90038,88772,111287,17000,6000,5000,6500,25000,83939,86549,85038,82272,86287,0
Female,University,Single,35,20000,14181,12467,6689,0,0,0,0,1000,0,0,0,12467,5689,0,0,0,1
Female,University,Single,29,150000,94409,92047,79088,81399,74009,65871,5000,5000,5000,6000,5000,87047,74088,76399,68009,60871,0
Female,High School,Single,51,200000,196875,180428,131111,112995,107300,101918,7657,4814,3921,4000,4365,172771,126297,109074,103300,97553,0
Male,Graduate,Single,57,50000,50770,50709,49814,51199,20306,20306,1814,1816,2201,716,721,48895,47998,48998,19590,19585,0
Male,University,Married,39,210000,1443,1443,1443,1443,1443,1443,1443,1443,1443,1443,1443,0,0,0,0,0,0
Male,Graduate,Single,27,360000,759,5695,1390,8531,8531,-33,5702,1395,8531,0,0,-7,-5,0,8531,-33,0
Female,University,Single,34,30000,23860,23192,30042,28276,30483,29848,0,7300,0,2666,0,23192,22742,28276,27817,29848,0
Female,University,Single,35,170000,13500,7499,7301,10342,14295,20471,1315,1200,10342,14295,20471,6184,6101,0,0,0,0
Female,University,Single,32,500000,44462,37890,28527,27030,27454,30486,7000,7000,8000,10000,12000,30890,21527,19030,17454,18486,0
Male,University,Single,31,80000,45605,46669,47892,49098,50152,51812,1800,2000,2000,2000,2500,44869,45892,47098,48152,49312,0
Male,University,Single,24,70000,63000,64397,65253,63609,68397,69605,3000,2500,0,6000,2500,61397,62753,63609,62397,67105,1
Male,High School,Single,26,100000,30627,31894,33049,33112,0,715,2326,2000,1300,0,715,29568,31049,31812,0,0,0
Female,University,Married,26,300000,316,316,316,316,316,466,316,316,316,316,466,0,0,0,0,0,0
Female,University,Married,49,200000,3024,11080,8736,26383,27959,20360,10000,0,20000,10000,5000,1080,8736,6383,17959,15360,0
Male,Graduate,Single,30,190000,25953,1590,478,10035,24345,1150,1698,478,10035,24345,1191,-108,0,0,0,-41,0
Female,High School,Married,43,30000,23101,16480,15459,15366,15680,15000,1481,1400,307,314,300,14999,14059,15059,15366,14700,0
Female,High School,Married,58,230000,0,0,3000,1800,29387,22980,0,3000,1800,29387,1200,0,0,0,0,21780,0
Male,Graduate,Married,46,80000,39115,40176,39681,29213,25356,22723,2000,2490,1522,1100,960,38176,37191,27691,24256,21763,0
Female,Graduate,Single,36,280000,124,0,0,428,0,0,0,0,428,0,0,0,0,0,0,0,0
Female,Graduate,Single,29,140000,144922,141289,137377,93261,95368,97063,17,5547,3242,3512,3333,141272,131830,90019,91856,93730,0
Female,High School,Married,35,30000,27160,26444,28694,27936,29930,29302,0,3000,0,2600,0,26444,25694,27936,27330,29302,1
Female,University,Married,36,30000,16818,20213,19590,21261,20783,22081,4000,0,2000,0,1800,16213,19590,19261,20783,20281,1
Male,University,Married,51,20000,18673,17572,18584,19097,19328,37576,1297,1309,822,682,0,16275,17275,18275,18646,37576,0
Female,University,Married,30,230000,3686,5557,5816,1288,23196,15072,5619,5838,7,23312,15147,-62,-22,1281,-116,-75,0
Male,University,Single,23,20000,16831,20404,19621,14051,0,0,4183,0,281,0,0,16221,19621,13770,0,0,1
Female,Graduate,Single,27,360000,21275,22517,23707,24145,24068,24350,1800,1800,1000,1649,1003,20717,21907,23145,22419,23347,1
Female,Graduate,Single,24,60000,56119,57282,58533,59349,55302,56563,2664,2800,2400,2100,2181,54618,55733,56949,53202,54382,0
Female,University,Single,48,20000,14218,15247,16986,16418,16615,16944,1562,2301,0,610,604,13685,14685,16418,16005,16340,1
Male,Graduate,Married,44,500000,367,15272,12925,75667,67609,71946,16652,76146,67697,67609,71946,-1380,-63221,7970,0,0,0
Male,University,Married,39,380000,0,4107,2517,710,0,0,4107,2517,716,0,0,0,0,-6,0,0,0
Male,Graduate,Single,27,160000,-1860,-2790,-4650,930,930,2010,0,0,5580,930,2010,-2790,-4650,-4650,0,0,0
Male,Graduate,Single,48,170000,2400,2400,2400,2400,2400,2400,0,0,0,0,0,2400,2400,2400,2400,2400,0
Female,Graduate,Single,29,430000,67336,53400,52214,32386,32848,28557,3261,3051,1199,2000,2000,50139,49163,31187,30848,26557,0
Male,Graduate,Married,39,320000,8374,17634,38000,1140,997,1633,17634,21000,1140,997,1633,0,17000,0,0,0,0
Male,Graduate,Married,31,180000,1100,860,1480,380,740,1100,860,1000,0,740,1100,0,480,380,0,0,1
Male,University,Single,42,50000,47612,97918,49376,19693,19677,19657,2113,1949,685,700,712,95805,47427,19008,18977,18945,0
Male,University,Single,29,60000,47631,48574,49476,50360,50509,52522,2000,2000,2000,1100,3000,46574,47476,48360,49409,49522,0
Female,High School,Single,38,360000,-507,751,15369,7845,6786,0,1502,15369,200,0,0,-751,0,7645,6786,0,0
Female,University,Single,23,80000,80998,63184,58346,56361,55933,56936,4500,1973,3000,5000,2100,58684,56373,53361,50933,54836,0
Male,High School,Married,41,50000,26948,16272,1000,0,0,0,5017,1103,0,0,0,11255,-103,0,0,0,0
Female,University,Single,37,200000,214261,210315,206563,202896,173111,170326,8000,9000,8000,7000,7200,202315,197563,194896,166111,163126,0
Female,Graduate,Single,36,460000,58312,36388,52920,50106,50147,1341,36570,52937,1006,1019,1347,-182,-17,49100,49128,-6,0
Female,University,Single,23,130000,78426,77613,62963,58470,59069,51599,3000,3000,3000,2500,2000,74613,59963,55470,56569,49599,0
Male,University,Single,29,440000,430990,436979,329814,289341,287809,293176,18887,12076,10042,11005,11069,418092,317738,279299,276804,282107,0
Male,University,Single,38,280000,168581,170775,166749,168739,166757,161777,6000,5,5858,5741,5608,164775,166744,162881,161016,156169,1
Male,High School,Single,39,20000,6530,8389,10090,3450,13030,9507,8389,5000,3450,13030,9507,0,5090,0,0,0,0
Female,University,Single,24,60000,57925,58188,58411,58743,60042,57781,2100,3000,2500,2500,2300,56088,55411,56243,57542,55481,0
Female,University,Single,38,210000,194358,185907,180618,184110,189134,194966,8000,10000,8000,8000,9000,177907,170618,176110,181134,185966,0
Female,High School,Single,46,100000,56009,58104,62126,68082,73858,77226,3000,5000,7000,6900,4600,55104,57126,61082,66958,72626,0
Male,Graduate,Married,46,240000,0,0,0,0,0,0,0,0,0,0,0,0,0,0,0,0,0
Female,High School,Single,43,280000,194868,178774,172045,175487,179270,183394,7000,7000,6200,6500,7000,171774,165045,169287,172770,176394,0
Female,Graduate,Single,29,130000,78,78,78,78,78,-121,0,0,0,0,0,78,78,78,78,-121,0
Male,Graduate,Single,35,360000,1533,-12,2493,-6,1299,-2,24,2505,0,1305,0,-36,-12,-6,-6,-2,1
Female,High School,Single,36,210000,203447,206683,99411,63322,73433,75381,6549,4500,2407,12700,3200,200134,94911,60915,60733,72181,0
Male,High School,Single,23,20000,15034,17676,17100,19111,18525,18080,3200,0,2600,0,0,14476,17100,16511,18525,18080,1
Female,University,Single,23,20000,4731,6642,11508,16953,17310,18466,2000,5000,6000,626,1441,4642,6508,10953,16684,17025,0
Male,University,Married,34,50000,16501,15947,18134,17622,19249,14259,0,2500,0,2000,0,15947,15634,17622,17249,14259,1
Female,University,Married,39,100000,97040,65668,66046,66779,45833,46369,2617,2098,1916,1707,1732,63051,63948,64863,44126,44637,0
Male,High School,Single,29,50000,0,0,0,0,0,0,0,0,0,0,0,0,0,0,0,0,0
Male,University,Single,27,130000,123371,125905,126524,127534,130524,132416,6000,4300,4400,5000,4000,119905,122224,123134,125524,128416,1
Female,Graduate,Single,31,270000,13759,0,0,2786,4686,3184,0,0,2786,4686,0,0,0,0,0,3184,0
Female,University,Single,24,50000,390,390,390,780,780,0,390,390,780,0,0,0,0,0,780,0,0
Female,University,Married,35,80000,9647,10390,10816,9746,9798,10401,1206,1131,322,490,1402,9184,9685,9424,9308,8999,0
Female,Graduate,Single,29,10000,1727,1508,3096,3400,4522,-240,1508,3098,3400,4522,0,0,-2,0,0,-240,0
Female,University,Married,34,190000,500,300,0,0,418,964,300,0,0,418,964,0,0,0,0,0,0
Male,Graduate,Single,27,50000,40688,43816,42816,43528,46258,47340,4100,0,1723,3600,2000,39716,42816,41805,42658,45340,0
Female,High School,Married,46,100000,42674,45983,46927,47759,46865,47930,4000,2000,1900,0,2000,41983,44927,45859,46865,45930,1
Male,University,Single,49,150000,151822,86002,75782,76333,77956,77553,2985,2700,5000,2823,2865,83017,73082,71333,75133,74688,1
Male,High School,Single,30,510000,548,0,0,0,0,1769,0,0,0,0,1769,0,0,0,0,0,0
Female,University,Single,24,110000,1362,1352,1867,36986,40053,41196,1352,1867,36986,5000,3000,0,0,0,35053,38196,0
Female,Graduate,Married,58,150000,1657,2277,4049,1665,559,0,2277,4066,1665,559,0,0,-17,0,0,0,0
Female,University,Married,54,50000,48403,48119,43590,18264,18659,18918,2020,3128,1000,656,645,46099,40462,17264,18003,18273,0
Female,University,Single,23,50000,25622,33564,25680,13577,1148,-6,10122,10028,5000,6,0,23442,15652,8577,1142,-6,0
Female,University,Married,29,360000,0,828,414,414,414,414,1244,2,416,416,416,-416,412,-2,-2,-2,0
Female,Graduate,Single,24,10000,6524,7559,9564,9264,9862,10050,1300,2300,0,900,500,6259,7264,9264,8962,9550,0
Female,Graduate,Single,26,210000,120098,121222,117783,120126,122643,125123,4500,0,4302,4455,4523,116722,117783,115824,118188,120600,0
Male,University,Single,28,370000,261021,265512,269491,223905,226566,226817,10001,10000,10000,8207,7641,255511,259491,213905,218359,219176,0
Female,University,Married,33,360000,3177,0,0,1672,0,986,0,0,1672,0,986,0,0,0,0,0,0
Female,University,Married,31,50000,44970,48101,46993,47940,50903,49794,3855,0,1694,3713,2000,44246,46993,46246,47190,47794,1
Male,University,Single,38,360000,0,0,0,0,3189,177585,0,0,0,3189,177000,0,0,0,0,585,0
Female,Graduate,Married,35,170000,86239,75600,2800,21881,0,6780,1512,2800,21881,0,6780,74088,0,0,0,0,0
Male,University,Single,26,70000,67864,68284,67375,71270,71157,71008,3517,3700,71270,3000,3000,64767,63675,0,68157,68008,1
Female,Graduate,Single,34,360000,8871,6378,26648,6707,3450,0,6411,26987,6740,3467,0,-33,-339,-33,-17,0,0
Male,Other,Married,42,230000,92230,90614,90385,59317,60404,61604,3292,2755,2270,2193,2205,87322,87630,57047,58211,59399,0
Male,Graduate,Married,38,50000,12650,0,0,0,0,0,0,0,0,0,0,0,0,0,0,0,0
Male,Graduate,Married,41,200000,1378,-22,5440,-2,796,1390,0,5462,0,798,1394,-22,-22,-2,-2,-4,0
Male,University,Single,30,140000,326,326,326,326,326,326,326,326,326,326,326,0,0,0,0,0,1
Female,University,Single,33,120000,120411,122717,118886,117170,117403,117388,6300,6100,4600,5000,4800,116417,112786,112570,112403,112588,0
Female,High School,Single,46,280000,1401,5201,3615,1963,2086,1297,5201,3615,1963,2086,1297,0,0,0,0,0,0
Female,Graduate,Single,29,300000,26857,9505,8933,14357,24549,3031,9511,8933,14357,15000,3031,-6,0,0,9549,0,0
Female,University,Single,22,20000,15169,17793,17207,20409,20844,20349,2874,0,3490,900,0,14919,17207,16919,19944,20349,0
Female,University,Single,25,160000,158629,162097,163567,163617,156554,156557,7500,5600,5822,14,5700,154597,157967,157795,156540,150857,1
Male,Graduate,Single,24,20000,17781,19388,19933,17331,12822,19924,2000,1300,390,388,10000,17388,18633,16941,12434,9924,1
Male,University,Married,41,120000,44966,45726,40795,39938,40610,39397,1690,2562,1392,1442,1415,44036,38233,38546,39168,37982,0
Female,University,Married,37,290000,1961,3144,500,0,0,0,3148,501,0,0,0,-4,-1,0,0,0,0
Male,University,Married,32,60000,30781,25870,26964,27265,30329,24104,1505,1599,900,4500,0,24365,25365,26365,25829,24104,0
Female,Graduate,Single,29,110000,69718,67961,68306,69786,48728,18574,3000,2000,2049,2000,1000,64961,66306,67737,46728,17574,0
Female,High School,Married,43,50000,42874,43727,28742,8150,6771,6713,1862,1077,1000,1000,1000,41865,27665,7150,5771,5713,0
Male,Graduate,Single,32,630000,2731,3817,4679,5679,6679,6850,1138,1000,1000,1000,171,2679,3679,4679,5679,6679,0
Male,Graduate,Single,28,30000,23837,24948,25611,29245,28686,26549,1800,1400,4000,0,2631,23148,24211,25245,28686,23918,0
Male,University,Single,33,50000,50094,50461,50994,30521,30242,30193,2479,2412,1162,1199,1223,47982,48582,29359,29043,28970,0
Male,University,Married,42,60000,49244,48310,41746,25488,26199,28200,2000,2000,1000,1501,3000,46310,39746,24488,24698,25200,0
Male,University,Single,27,150000,12593,39494,33616,24519,10656,30168,38018,1203,41,2587,31382,1476,32413,24478,8069,-1214,0
Male,High School,Single,24,10000,273,8327,9379,9566,9766,10042,8327,1200,342,354,438,0,8179,9224,9412,9604,0
Male,University,Single,27,20000,18860,17904,15300,12776,3585,0,1360,1206,256,72,0,16544,14094,12520,3513,0,0
Male,High School,Single,32,80000,71375,18353,94675,90470,85449,80309,1414,83402,4000,3058,2903,16939,11273,86470,82391,77406,0
Female,University,Single,52,160000,38695,40757,42769,44448,46269,48036,3000,2700,2700,2700,2700,37757,40069,41748,43569,45336,0
Male,University,Single,43,100000,103601,105282,83616,67825,66756,57075,5088,3098,5010,3038,4031,100194,80518,62815,63718,53044,0
Female,High School,Married,34,90000,49771,52930,48683,44102,35577,28500,4000,0,1312,1200,1070,48930,48683,42790,34377,27430,0
Female,High School,Single,60,50000,27943,31060,31293,29256,29870,30503,3577,1042,0,1080,1515,27483,30251,29256,28790,28988,0
Male,Graduate,Single,30,170000,117010,119463,123476,124934,127918,130782,4337,6000,5000,5000,5000,115126,117476,119934,122918,125782,0
Female,Graduate,Single,32,240000,5695,9420,16278,8998,10242,19098,9420,16290,8998,10421,19098,0,-12,0,-179,0,0
Female,University,Single,25,80000,3002,1921,13454,1807,3560,3337,1921,13454,1807,3560,3337,0,0,0,0,0,0
Female,Graduate,Single,30,80000,69533,71314,73027,74215,75865,77448,3500,3500,3000,3000,3000,67814,69527,71215,72865,74448,0
Female,University,Married,37,360000,0,0,0,0,474,0,0,0,0,474,0,0,0,0,0,0,0
Male,Graduate,Married,31,140000,51028,52112,55232,55932,54910,57344,2500,4600,2200,0,3513,49612,50632,53732,54910,53831,0
Male,University,Single,49,60000,81411,52017,35423,24023,20175,16137,38709,1609,661,656,1000,13308,33814,23362,19519,15137,0
Male,High School,Single,27,110000,55567,65753,65379,65467,64596,62405,15753,5379,5467,4596,3405,50000,60000,60000,60000,59000,0
Female,Graduate,Single,28,160000,164262,158903,150548,152170,155476,165902,7900,7000,5600,5900,13200,151003,143548,146570,149576,152702,0
Female,High School,Married,45,200000,80,-460,4091,5463,4978,975,2230,5029,5463,100,975,-2690,-938,0,4878,0,1
Female,University,Married,29,280000,233717,87171,87786,86510,83560,84808,10004,3066,3171,3501,3030,77167,84720,83339,80059,81778,0
Male,University,Married,33,360000,296148,304249,383030,377145,370850,364365,14906,97225,0,0,0,289343,285805,377145,370850,364365,0
Female,Graduate,Single,26,90000,13416,5206,0,0,1980,170,7380,0,0,1980,170,-2174,0,0,0,0,1
Male,University,Single,46,200000,18564,77518,82794,80248,64174,51204,60000,20000,20248,45000,40000,17518,62794,60000,19174,11204,0
Male,Graduate,Married,50,50000,29394,31722,30928,30134,32085,32609,3100,0,0,2600,1200,28622,30928,30134,29485,31409,1
Female,Graduate,Married,32,400000,7217,-507,-3,8067,1154,2061,0,1000,8070,1154,2061,-507,-1003,-3,0,0,0
Male,Graduate,Married,49,360000,-3,630,1019,320,5817,907,633,1030,321,5846,911,-3,-11,-1,-29,-4,0
Male,High School,Married,50,150000,88900,91812,92411,94416,96328,74550,4161,2971,3151,3200,3990,87651,89440,91265,93128,70560,0
Female,High School,Single,61,50000,47731,45925,47041,49180,47500,48479,0,2200,3600,0,1763,45925,44841,45580,47500,46716,1
Male,University,Single,35,150000,6008,8765,19674,57858,53588,56892,8008,20155,63992,3004,6002,757,-481,-6134,50584,50890,0
Female,University,Single,37,100000,3492,3293,326,324,174,1367,10,650,324,0,1367,3283,-324,0,174,0,1
Female,Graduate,Married,30,310000,27289,28020,31140,27695,17338,17731,1489,4415,1084,491,540,26531,26725,26611,16847,17191,0
Male,University,Single,39,120000,0,780,780,0,0,0,1170,0,0,0,0,-390,780,0,0,0,0
Female,University,Married,44,90000,82253,88238,83204,81645,84629,87981,8238,3200,3000,5000,5000,80000,80004,78645,79629,82981,0
Female,Graduate,Married,36,150000,14843,14528,11317,14037,12030,10738,14528,11322,14042,12030,10738,0,-5,-5,0,0,0
Male,University,Married,42,50000,35255,21317,22252,22541,22863,20288,1690,1620,900,780,750,19627,20632,21641,22083,19538,0
Male,Graduate,Married,53,210000,6060,5934,9303,10976,2543,3483,5983,9331,11008,2550,3493,-49,-28,-32,-7,-10,0
Female,University,Single,42,300000,28077,1063,11510,10310,0,0,1500,11516,0,0,0,-437,-6,10310,0,0,0
Female,University,Married,33,110000,87514,75394,82627,57533,59289,60828,4000,10090,2100,3000,3000,71394,72537,55433,56289,57828,1
Female,Graduate,Single,25,150000,150562,148689,147296,144927,54116,6072,5196,3171,3699,69245,1030,143493,144125,141228,-15129,5042,0
Male,Graduate,Married,42,210000,1729,1262,6867,2271,1054,1197,1315,6867,2271,1054,1197,-53,0,0,0,0,0
Male,Graduate,Single,34,30000,21107,24117,24424,24627,24093,24785,3374,1000,900,0,1094,20743,23424,23727,24093,23691,1
Female,University,Married,42,240000,632,0,316,632,0,316,0,316,632,0,316,0,0,0,0,0,0
Male,University,Single,34,120000,856,856,856,856,856,856,856,856,856,856,856,0,0,0,0,0,0
Female,Graduate,Single,24,80000,31815,30672,33185,28600,29101,28939,4038,3199,914,850,2055,26634,29986,27686,28251,26884,0
Female,University,Single,25,80000,31040,30259,31712,33734,29822,30966,0,2000,2444,0,3000,30259,29712,31290,29822,27966,1
Male,Graduate,Married,32,360000,2612,3218,6989,2729,1436,-14,3234,7021,6,7,0,-16,-32,2723,1429,-14,0
Male,Graduate,Single,34,130000,72996,75241,73442,75115,79230,81278,4000,0,3500,5500,3500,71241,73442,71615,73730,77778,1
Male,University,Married,36,290000,322,326,652,326,326,11757,330,652,0,326,11757,-4,0,326,0,0,0
Female,High School,Married,33,240000,129600,133161,30098,366,725,2576,7000,1030,7,725,2217,126161,29068,359,0,359,0
Male,University,Single,23,60000,4553,7730,12944,-7511,12606,6540,3258,0,0,28000,2000,4472,12944,-7511,-15394,4540,0
Female,University,Married,60,200000,0,0,0,0,0,0,0,0,0,0,0,0,0,0,0,0,1
Female,University,Married,28,150000,99294,96094,97642,70371,72257,72536,5008,5000,2499,3000,2789,91086,92642,67872,69257,69747,0
Male,High School,Single,29,300000,103792,108297,75385,76864,124477,192001,8401,4266,3087,49195,70000,99896,71119,73777,75282,122001,0
Female,University,Single,24,30000,2590,8346,8069,13042,12690,15503,6000,0,5464,0,3027,2346,8069,7578,12690,12476,0
Male,University,Married,40,250000,142477,85965,71453,54063,52723,56752,7000,3000,2000,3500,5000,78965,68453,52063,49223,51752,1
Male,High School,Single,40,20000,17180,17715,18841,18989,11583,11859,1500,1500,1000,1000,1000,16215,17341,17989,10583,10859,0
Female,Graduate,Single,34,370000,206161,203907,178625,164483,157497,141493,10000,7014,6000,6000,6000,193907,171611,158483,151497,135493,0
Female,Graduate,Single,23,20000,6081,3408,4016,3282,1814,2232,0,1000,100,1814,1000,3408,3016,3182,0,1232,1
Female,University,Single,23,120000,7945,3077,700,268,632,8815,1000,1200,200,632,8815,2077,-500,68,0,0,1
Male,University,Single,23,50000,19766,14066,11524,10812,11643,12458,1300,1162,1000,1000,1000,12766,10362,9812,10643,11458,0
Female,Graduate,Single,27,190000,72656,38054,39410,38288,39276,36885,2000,2000,1500,1500,1300,36054,37410,36788,37776,35585,1
Female,University,Single,22,20000,15034,16285,20498,19509,20038,18982,1500,4500,0,1600,0,14785,15998,19509,18438,18982,0
Female,University,Married,42,240000,15100,14557,24893,14782,2381,2381,0,14782,0,2381,2381,14557,10111,14782,0,0,0
Male,University,Single,32,150000,80437,84560,35726,27886,32415,39531,7000,3000,3000,5000,8000,77560,32726,24886,27415,31531,0
Female,University,Married,35,180000,8694,7607,6801,6759,6918,9777,1500,2000,1000,3000,4000,6107,4801,5759,3918,5777,0
Male,University,Single,36,180000,136613,133557,129909,133043,133835,132587,6600,6000,6000,6000,5000,126957,123909,127043,127835,127587,0
Male,Graduate,Single,31,70000,45450,0,0,0,0,0,0,0,0,0,0,0,0,0,0,0,0
Female,Graduate,Single,32,230000,441,28641,713,1344,3786,6571,28200,720,1344,4674,6571,441,-7,0,-888,0,0
Male,Graduate,Single,27,360000,5810,4036,2310,1300,0,348,4041,2310,1300,0,348,-5,0,0,0,0,0
Female,University,Single,33,120000,52266,53351,54425,54925,59010,60191,2522,2559,2000,5000,2300,50829,51866,52925,54010,57891,0
Male,High School,Married,49,90000,74766,76470,77514,78730,80316,82321,3500,2900,3100,3000,3500,72970,74614,75630,77316,78821,1
Male,University,Married,32,110000,110198,107710,83913,47369,48905,46046,3851,3021,1649,3513,0,103859,80892,45720,45392,46046,0
Female,High School,Married,53,100000,36838,37785,32905,29866,30503,28518,1607,1385,971,1018,984,36178,31520,28895,29485,27534,0
Male,Graduate,Single,26,90000,58518,52526,45640,41539,39373,32080,3006,99,1500,1500,2015,49520,45541,40039,37873,30065,0
Female,Graduate,Married,35,50000,47438,46400,49276,48286,47915,48386,0,3700,0,2000,6000,46400,45576,48286,45915,42386,0
Female,University,Single,53,50000,7343,7969,8832,10931,11578,10547,1139,1002,13359,800,0,6830,7830,-2428,10778,10547,0
Female,Graduate,Married,28,180000,0,0,0,0,0,0,0,0,0,0,0,0,0,0,0,0,0
Male,University,Married,41,50000,36696,46041,47890,8412,9412,0,10000,3012,1000,1000,0,36041,44878,7412,8412,0,0
Female,High School,Single,26,20000,13804,14578,15893,16330,16517,16944,1300,1563,1000,600,700,13278,14330,15330,15917,16244,0
Male,University,Single,26,20000,36060,31741,30013,25938,28447,24288,0,2600,0,6500,0,31741,27413,25938,21947,24288,0
Female,University,Married,23,20000,7979,8700,9907,9599,14422,18885,1000,1500,0,5000,5000,7700,8407,9599,9422,13885,0
Male,High School,Single,49,20000,19363,19609,-391,19413,12223,2110,1200,160,20394,347,2110,18409,-551,-981,11876,0,0
Female,High School,Married,48,50000,390,390,390,390,390,390,390,390,390,390,390,0,0,0,0,0,1
Male,University,Married,46,210000,0,1828,765,0,0,0,1828,765,0,0,0,0,0,0,0,0,0
Male,Other,Married,51,490000,4770,16917,739,-11,5132,2724,17143,742,0,5143,13,-226,-3,-11,-11,2711,0
Female,Graduate,Single,28,280000,0,5072,4872,4284,4322,9887,5072,4900,0,4322,9887,0,-28,4284,0,0,1
Female,High School,Single,54,200000,880,1948,3635,1186,0,0,1948,3635,1362,0,0,0,0,-176,0,0,0
Female,University,Single,24,100000,0,670,0,0,0,150,670,0,0,0,150,0,0,0,0,0,1
Male,Graduate,Single,56,250000,777,-3,772,-8,-8,1726,0,775,0,0,1734,-3,-3,-8,-8,-8,0
Male,University,Single,54,240000,7832,64445,11680,4060,17903,15961,64461,11680,0,17964,61,-16,0,4060,-61,15900,0
Female,University,Married,26,80000,75405,75681,72263,50312,49878,50101,3000,2200,1730,1800,2500,72681,70063,48582,48078,47601,0
Male,High School,Married,67,100000,16918,20511,19944,22915,23472,23016,4145,0,3260,1000,0,16366,19944,19655,22472,23016,1
Female,High School,Married,41,30000,0,18393,7501,11216,14333,0,18393,7501,11216,14387,0,0,0,0,-54,0,0
Female,Graduate,Single,42,180000,177061,180778,3647,1593,1228,1006,8000,3653,32,0,1006,172778,-6,1561,1228,0,0
Female,Graduate,Single,32,80000,60918,62445,63905,67943,68811,70526,2500,2500,5100,2100,3000,59945,61405,62843,66711,67526,0
Female,University,Married,46,110000,1495,83590,82293,78622,78430,78120,86367,2846,2755,2838,2808,-2777,79447,75867,75592,75312,0
Female,University,Married,30,180000,39259,41054,25590,5817,13623,-2202,3000,6000,1000,13623,388,38054,19590,4817,0,-2590,0
Female,University,Married,29,150000,99986,103662,103978,105272,106437,109108,6800,3500,4500,3000,4600,96862,100478,100772,103437,104508,1
Female,University,Married,52,50000,15377,17121,17832,18532,19233,20650,2000,1300,1000,1000,2000,15121,16532,17532,18233,18650,0
Female,University,Single,23,230000,1050,2203,2005,0,0,780,2203,0,0,0,780,0,2005,0,0,0,1
Male,Graduate,Married,41,340000,624,2431,595,1193,25235,5868,2431,595,1193,25235,5868,0,0,0,0,0,1
Male,University,Single,25,30000,26623,27703,26753,30107,30614,27190,1800,0,4100,900,0,25903,26753,26007,29714,27190,1
Female,University,Married,45,270000,17074,28137,32602,9462,8835,8054,15000,5000,5000,5000,5000,13137,27602,4462,3835,3054,0
Female,Graduate,Single,36,50000,11684,45135,34539,7000,6000,0,45135,34539,7000,6000,0,0,0,0,0,0,0
Female,High School,Married,43,130000,74020,71527,66370,43882,41063,29215,5000,3000,2500,4100,0,66527,63370,41382,36963,29215,0
Female,Graduate,Single,27,200000,31789,22289,29815,35442,8321,20718,22091,29851,283,1387,20057,198,-36,35159,6934,661,0
Male,Graduate,Married,46,360000,14591,14828,14250,13780,15077,14009,3005,3024,4004,4008,3008,11823,11226,9776,11069,11001,1
Male,University,Single,27,500000,131519,127055,122368,108543,93906,82288,6662,12105,8610,3555,4073,120393,110263,99933,90351,78215,0
Female,Graduate,Single,25,100000,11801,12905,14378,14838,15447,16539,1600,2000,1000,1000,1500,11305,12378,13838,14447,15039,0
Female,University,Married,50,270000,22821,24949,26526,27778,29322,30677,2500,2000,2000,2000,2000,22449,24526,25778,27322,28677,0
Male,University,Married,52,100000,64254,21178,101565,82087,81201,77928,2211,81565,2625,3931,2900,18967,20000,79462,77270,75028,1
Female,University,Single,25,20000,17950,17330,18560,14509,17972,15352,2000,2000,1000,6000,1000,15330,16560,13509,11972,14352,0
Female,University,Married,45,50000,47823,48468,50955,49813,49290,50603,3144,3878,3000,2500,2000,45324,47077,46813,46790,48603,0
Female,University,Single,32,200000,2147,1173,912,1140,293,0,1173,912,1140,293,0,0,0,0,0,0,0
Male,Graduate,Married,44,170000,84947,78724,68387,51511,33939,34330,2000,2000,3057,2000,5000,76724,66387,48454,31939,29330,1
Female,Graduate,Single,28,20000,18540,19726,8564,19775,19878,19898,2000,8568,19000,800,1000,17726,-4,775,19078,18898,1
Male,High School,Married,50,70000,56781,55327,52927,30432,16546,16722,2,3,2214,0,600,55325,52924,28218,16546,16122,1
Female,Graduate,Single,38,260000,252,0,0,0,0,0,0,0,0,0,0,0,0,0,0,0,0
Female,Graduate,Married,28,200000,1760,0,0,0,0,0,0,0,0,0,0,0,0,0,0,0,0
Female,Graduate,Single,25,190000,106223,103922,106082,95645,89762,91835,7500,16027,9000,2919,3220,96422,90055,86645,86843,88615,0
Male,High School,Married,58,220000,22599,23875,0,0,0,52884,1875,0,0,0,52884,22000,0,0,0,0,0
Female,High School,Single,30,170000,38903,37979,37069,37960,38796,39267,5144,0,1508,1600,1264,32835,37069,36452,37196,38003,0
Female,Graduate,Single,47,290000,281950,263710,262786,254495,247060,220298,11900,11000,7900,9050,6900,251810,251786,246595,238010,213398,0
Female,Graduate,Single,25,60000,31493,32634,30312,22999,23484,24438,2000,2000,1000,1005,1500,30634,28312,21999,22479,22938,0
Female,High School,Married,50,100000,36925,38324,39680,41687,43607,43739,2000,2000,2680,2600,1000,36324,37680,39007,41007,42739,1
Female,High School,Married,44,130000,632,316,0,632,316,316,0,0,948,0,316,316,0,-316,316,0,0
Male,Graduate,Married,40,360000,1126,3449,3168,1469,1833,1449,3455,3168,1469,1833,1449,-6,0,0,0,0,0
Female,University,Married,38,30000,3379,1715,1170,780,390,150,0,1100,0,0,150,1715,70,780,390,0,0
Male,High School,Single,28,20000,16122,16787,14459,14743,16351,17126,2000,2000,2000,2000,2000,14787,12459,12743,14351,15126,1
Female,Graduate,Single,37,110000,600,600,600,600,600,600,0,0,0,0,0,600,600,600,600,600,1
Female,University,Single,43,130000,87289,81818,41268,31836,33559,10390,5000,2000,2000,2000,2000,76818,39268,29836,31559,8390,0
Female,University,Single,23,50000,49026,48983,38417,27038,26254,26352,1748,1408,1000,1000,1000,47235,37009,26038,25254,25352,0
Male,University,Married,48,110000,107767,108561,108895,78194,76385,76858,5700,5000,2700,2901,3000,102861,103895,75494,73484,73858,0
Female,Graduate,Single,25,80000,78327,79322,76290,58987,57947,58077,3000,2454,2059,2100,2149,76322,73836,56928,55847,55928,0
Female,University,Married,34,150000,316,1801,1139,2246,5435,466,1801,1139,2246,5435,466,0,0,0,0,0,0
Female,University,Married,29,80000,56340,57022,55081,55350,55906,57538,2600,0,2200,2028,3000,54422,55081,53150,53878,54538,0
Male,Graduate,Single,35,320000,164511,177809,155421,166507,170930,171359,15000,34000,12000,5000,81000,162809,121421,154507,165930,90359,0
Female,Graduate,Single,35,170000,897,861,3749,1487,1939,588,861,3761,1495,1939,0,0,-12,-8,0,588,0
Female,Graduate,Single,26,60000,41525,33907,27517,27506,28115,28815,1815,1760,1100,1052,1200,32092,25757,26406,27063,27615,0
Male,Graduate,Single,23,180000,157074,158088,166492,168487,172662,172027,5000,12552,6200,7000,2304,153088,153940,162287,165662,169723,1
Male,University,Single,29,470000,59235,47091,34901,33953,34188,35444,3106,5017,3007,2001,2093,43985,29884,30946,32187,33351,0
Female,High School,Married,47,70000,30950,33087,42935,28346,27279,28976,3107,48323,0,2001,3000,29980,-5388,28346,25278,25976,0
Female,University,Married,41,280000,40483,42538,44561,45450,46715,47642,2718,2741,1630,2000,1705,39820,41820,43820,44715,45937,0
Female,Graduate,Single,26,210000,231,1608,0,0,312,0,1624,0,0,312,0,-16,0,0,0,0,0
Male,Graduate,Single,30,300000,185327,29446,21689,12500,12500,12500,1500,5000,3500,12500,12500,27946,16689,9000,0,0,0
Female,University,Married,42,140000,158495,160681,144194,144802,147311,150207,5530,6600,5100,5460,5460,155151,137594,139702,141851,144747,0
Male,Graduate,Married,41,450000,70825,17236,8680,113233,5907,0,17913,9278,114865,6411,0,-677,-598,-1632,-504,0,0
Female,University,Married,38,160000,105313,109030,109731,116452,114481,121885,5416,4002,8565,0,9502,103614,105729,107887,114481,112383,0
Female,High School,Married,45,50000,0,0,0,0,0,0,0,0,0,0,0,0,0,0,0,0,0
Male,Graduate,Single,42,50000,12751,19660,14659,14951,14195,14471,22660,1300,519,518,515,-3000,13359,14432,13677,13956,0
Male,University,Married,32,50000,50669,48942,27836,40346,38668,20016,1613,1484,3675,698,1000,47329,26352,36671,37970,19016,0
Female,Graduate,Single,25,150000,129911,140013,137279,143848,146986,149805,12200,1000,10400,5600,5400,127813,136279,133448,141386,144405,1
Male,Graduate,Married,53,90000,23551,23607,22132,63204,19412,18099,2400,1582,770,1696,820,21207,20550,62434,17716,17279,0
Female,University,Married,42,270000,225245,211517,165608,223292,220582,218090,10000,118000,113300,9000,8000,201517,47608,109992,211582,210090,0
Male,Graduate,Single,36,70000,65275,68595,67916,56766,50395,42214,5000,3000,3000,3000,7000,63595,64916,53766,47395,35214,0
Male,University,Single,33,360000,9582,2119,10549,4409,2567,6234,2139,10580,110,2578,6265,-20,-31,4299,-11,-31,0
Female,University,Married,34,200000,2500,9814,0,4379,1699,0,9814,0,4379,0,0,0,0,0,1699,0,1
Female,Graduate,Married,42,250000,249406,256400,13600,3274,2446,26710,11400,13600,3274,0,26710,245000,0,0,2446,0,0
Female,University,Single,34,360000,205363,207315,211278,215020,218771,222172,8000,8000,8000,7766,7803,199315,203278,207020,211005,214369,0
Female,University,Married,39,20000,19565,18968,19612,16213,16812,18382,0,1300,717,1000,2000,18968,18312,15496,15812,16382,0
Female,Graduate,Single,28,250000,21404,48774,28705,32017,19052,9847,28705,0,4000,3000,1500,20069,28705,28017,16052,8347,1
Female,University,Single,25,60000,600,600,600,600,300,150,0,0,0,0,0,600,600,600,300,150,1
Male,University,Single,36,200000,0,0,0,0,0,0,0,0,0,0,0,0,0,0,0,0,0
Female,High School,Single,38,30000,25546,28820,28538,28208,29326,29508,3700,718,1500,1500,3000,25120,27820,26708,27826,26508,1
Female,Graduate,Single,39,500000,0,0,0,0,0,0,0,0,0,0,0,0,0,0,0,0,0
Female,High School,Married,45,280000,50415,59538,67642,39396,26096,34104,10000,10000,36432,0,10000,49538,57642,2964,26096,24104,0
Female,University,Married,42,200000,1261,0,2521,6934,2255,3021,0,2521,6935,2255,3021,0,0,-1,0,0,0
Female,University,Married,35,360000,0,0,0,3602,1197,0,0,0,3602,1197,0,0,0,0,0,0,0
Female,High School,Single,44,50000,42115,41164,43658,44644,43798,44912,0,3500,2000,0,2000,41164,40158,42644,43798,42912,1
Male,University,Single,30,60000,57041,58268,59568,61298,29587,27267,2148,2303,2669,1032,1000,56120,57265,58629,28555,26267,0
Male,University,Married,42,110000,100534,90201,77817,64246,65746,57715,3678,1948,1285,1500,60589,86523,75869,62961,64246,-2874,0
Female,High School,Married,44,200000,34760,37871,39879,42946,46141,46305,4000,3000,4000,4000,3000,33871,36879,38946,42141,43305,0
Female,University,Single,39,70000,67607,69623,71030,30087,29742,29191,3700,3700,1300,1300,1100,65923,67330,28787,28442,28091,0
Female,Other,Married,37,220000,189976,189665,171669,167294,172042,162565,15510,0,5500,7250,6500,174155,171669,161794,164792,156065,1
Female,Graduate,Single,24,20000,379,0,0,0,0,0,0,0,0,0,0,0,0,0,0,0,0
Female,Graduate,Single,27,220000,4289,4637,1252,8069,18117,23176,1031,3077,7500,10048,15010,3606,-1825,569,8069,8166,0
Male,University,Married,40,180000,172584,167622,130083,64398,62277,58216,1000,4052,2293,2295,2400,166622,126031,62105,59982,55816,0
Male,University,Married,53,100000,43611,45415,47053,47747,48459,49560,2500,2400,1845,2400,2500,42915,44653,45902,46059,47060,1
Female,Graduate,Married,41,200000,6402,5189,2394,15612,525,0,5189,2394,15648,0,0,0,0,-36,525,0,0
Male,High School,Single,34,200000,138839,142121,193777,189225,192304,188695,7001,56100,5,7269,28,135120,137677,189220,185035,188667,0
Female,Graduate,Married,38,400000,123,123,123,0,349,0,123,123,0,349,0,0,0,0,0,0,0
Male,Graduate,Married,38,60000,59310,60482,58748,49375,38433,38378,2700,0,2100,1600,1600,57782,58748,47275,36833,36778,0
Male,University,Single,22,60000,59575,51991,35435,19262,19285,19565,2051,1653,680,700,700,49940,33782,18582,18585,18865,0
Female,University,Married,37,210000,1094,1335,3056,213,825,1240,1335,3056,213,825,1240,0,0,0,0,0,0
Male,Graduate,Married,32,200000,30144,32649,32425,32625,9687,5526,3000,1000,1000,400,1000,29649,31425,31625,9287,4526,0
Female,Graduate,Single,29,50000,0,0,0,0,2900,0,0,0,0,2900,0,0,0,0,0,0,0
Female,Graduate,Single,38,300000,2984,-46,154,154,1626,976,0,200,0,1626,0,-46,-46,154,0,976,1
Female,Graduate,Married,48,510000,9686,19121,9891,8600,3365,6011,19121,9922,8600,3365,6011,0,-31,0,0,0,0
Female,Graduate,Single,32,160000,0,0,0,0,0,0,0,0,0,0,0,0,0,0,0,0,0
Female,University,Married,36,50000,3477,1909,1726,991,5777,5968,1909,1726,991,5782,5968,0,0,0,-5,0,0
Female,Graduate,Single,32,220000,21332,27844,33260,9142,15687,9148,28567,34393,9203,15765,9194,-723,-1133,-61,-78,-46,0
Male,University,Single,22,20000,6792,6540,7278,7013,7398,8775,0,1000,0,500,1500,6540,6278,7013,6898,7275,1
Male,Graduate,Single,31,410000,4182,0,4120,4120,0,3086,0,4120,0,0,3086,0,0,4120,0,0,1
Female,University,Married,25,50000,42726,43072,34984,30090,23820,18012,3941,1432,1000,2000,2036,39131,33552,29090,21820,15976,1
Male,High School,Married,38,50000,10825,11377,10760,10973,10693,9888,1500,1155,368,372,356,9877,9605,10605,10321,9532,0
Male,High School,Married,48,50000,10420,8451,9641,9468,9294,9263,1310,1500,500,500,500,7141,8141,8968,8794,8763,0
Female,University,Single,29,70000,4059,5791,208,4170,4563,5331,2000,0,4170,1000,1000,3791,208,0,3563,4331,0
Male,University,Single,25,120000,120633,118741,104754,79227,77751,69889,4622,3384,2589,3000,2460,114119,101370,76638,74751,67429,0
Male,University,Married,30,170000,416,416,632,416,416,566,832,632,200,416,566,-416,0,216,0,0,0
Male,Graduate,Married,51,160000,1380,1481,2623,2457,4912,3669,1331,2473,0,2500,0,150,150,2457,2412,3669,1
Female,University,Single,22,30000,30397,31148,28755,30720,28298,9064,3500,0,3500,694,343,27648,28755,27220,27604,8721,0
Female,University,Married,40,10000,0,1912,3071,4012,9882,5857,1912,1200,1000,1000,1000,0,1871,3012,8882,4857,0
Female,University,Married,33,160000,189935,183501,175363,172417,165800,158671,8113,6395,10000,6160,5772,175388,168968,162417,159640,152899,0
Male,University,Single,33,20000,17439,18498,21335,33247,17261,17601,1340,3177,0,1546,776,17158,18158,33247,15715,16825,0
Female,Graduate,Single,35,250000,0,0,26267,26599,2948,2065,0,26267,532,2948,2065,0,0,26067,0,0,0
Female,University,Single,26,30000,23064,25479,24705,25202,26608,25926,3100,0,791,1699,0,22379,24705,24411,24909,25926,1
Female,Graduate,Single,29,180000,123154,126078,78070,50730,48039,47665,5200,3045,3500,2700,2720,120878,75025,47230,45339,44945,0
Female,University,Single,34,240000,3403,2858,3619,3262,3228,3127,3502,4099,3500,3228,3127,-644,-480,-238,0,0,1
Female,University,Single,25,30000,16368,15825,15274,17018,16608,18020,0,0,2000,0,2000,15825,15274,15018,16608,16020,0
Female,Graduate,Single,28,50000,4323,3851,2808,3325,3989,3610,0,602,569,718,0,3851,2206,2756,3271,3610,0
Female,University,Single,24,280000,1481,11884,-27,5443,-13,-13,11943,0,5470,0,0,-59,-27,-27,-13,-13,1
Male,Graduate,Single,37,20000,14688,16827,17251,17672,17250,18305,2700,1000,1000,0,1500,14127,16251,16672,17250,16805,1
Female,High School,Married,54,130000,77506,78535,72776,66053,52505,12242,2900,2564,2368,2200,364,75635,70212,63685,50305,11878,0
Male,Graduate,Single,29,70000,71267,67401,63239,23163,41106,42021,5,2910,1000,20000,1600,67396,60329,22163,21106,40421,1
Female,University,Married,32,180000,1991,991,7658,1000,1650,1000,0,7667,0,1650,1000,991,-9,1000,0,0,0
Male,Graduate,Married,46,320000,3266,12186,1403,24305,7463,1957,12253,3290,11465,7537,1966,-67,-1887,12840,-74,-9,0
Female,University,Married,33,30000,31947,31564,34804,33808,31740,31135,1872,5550,1238,0,1515,29692,29254,32570,31740,29620,1
Female,University,Single,33,280000,0,0,0,0,0,35833,0,0,0,0,35833,0,0,0,0,0,0
Female,University,Single,50,80000,8985,5305,2992,2984,2992,2992,2000,2992,2984,3000,2992,3305,0,0,-8,0,0
Female,University,Single,27,140000,136899,139889,142460,142020,139879,140810,5200,6000,5500,5900,5200,134689,136460,136520,133979,135610,0
Male,University,Married,27,180000,181219,183311,183936,181370,179904,172758,7000,8021,6315,6432,6409,176311,175915,175055,173472,166349,0
Male,University,Single,55,20000,11736,11180,780,0,0,0,780,0,0,0,0,10400,780,0,0,0,0
Female,Graduate,Single,29,420000,105582,97913,75353,78322,77048,23007,23004,20002,7096,20261,3068,74909,55351,71226,56787,19939,0
Female,Graduate,Single,29,200000,53493,3123,3221,3287,63687,65034,1060,1000,66,65437,2422,2063,2221,3221,-1750,62612,1
Female,Graduate,Single,25,140000,45068,44158,48437,50667,52888,54060,5000,5000,3000,3000,2000,39158,43437,47667,49888,52060,0
Female,High School,Single,33,170000,166348,162319,165592,167482,171106,164042,7354,7464,6127,6550,6100,154965,158128,161355,164556,157942,0
Female,University,Single,24,30000,18220,20606,22880,22217,23694,24151,3000,2620,0,2000,1000,17606,20260,22217,21694,23151,0
Female,Graduate,Single,26,50000,0,0,0,6954,7361,6957,0,0,6954,500,1000,0,0,0,6861,5957,0
Female,Graduate,Married,45,150000,123580,126136,128709,131292,134011,136711,3575,3647,3678,3793,3835,122561,125062,127614,130218,132876,0
Male,University,Single,30,30000,6933,9640,10094,10300,10300,0,3000,1000,206,0,0,6640,9094,10094,10300,0,1
Male,High School,Single,38,50000,50174,32012,34274,38668,40416,20355,3000,3000,5000,2000,3000,29012,31274,33668,38416,17355,0
Female,Graduate,Single,39,300000,2019,-1,-1,-1,-1,-1,1,0,0,0,0,-2,-1,-1,-1,-1,1
Female,High School,Other,34,80000,59451,29668,22740,13099,6551,0,1834,2124,0,0,0,27834,20616,13099,6551,0,0
Female,Graduate,Single,27,50000,39607,40399,36712,33485,37712,40065,5014,5000,5000,5000,5000,35385,31712,28485,32712,35065,0
Female,University,Married,41,110000,100143,98338,92457,79496,72458,72168,4000,4000,3530,4000,4000,94338,88457,75966,68458,68168,0
Female,Graduate,Single,32,110000,0,1670,11693,7903,-18,-18,1670,10200,0,0,0,0,1493,7903,-18,-18,0
Female,Graduate,Married,34,390000,3060,60248,53157,73183,69592,24629,60248,7183,66000,0,24629,0,45974,7183,69592,0,0
Male,High School,Single,46,200000,396,396,396,396,396,396,396,396,396,396,396,0,0,0,0,0,0
Male,Graduate,Married,38,30000,35031,34552,33756,32960,31881,31085,0,0,0,0,0,34552,33756,32960,31881,31085,1
Male,Graduate,Single,30,230000,101874,97302,97383,97487,96588,95221,8000,5016,5000,5000,5000,89302,92367,92487,91588,90221,0
Female,Graduate,Married,44,210000,0,70,24329,780,0,1615,70,24259,780,0,1615,0,70,0,0,0,0
Female,University,Married,54,30000,3334,3366,890,2662,1542,-2695,3366,890,2662,1542,0,0,0,0,0,-2695,0
Female,High School,Married,41,130000,101885,72686,70672,64530,63041,56493,3500,2389,2368,5000,1964,69186,68283,62162,58041,54529,0
Male,High School,Single,37,130000,-896,-896,2604,2604,1,1,0,3500,0,0,0,-896,-896,2604,1,1,0
Female,Graduate,Single,27,480000,12759,15410,20116,10060,9301,923,3001,5000,500,500,500,12409,15116,9560,8801,423,0
Female,Graduate,Married,37,160000,9293,5875,9121,2412,2271,2187,5902,9128,2412,2271,2187,-27,-7,0,0,0,0
Male,Graduate,Single,27,10000,6599,7736,8492,8138,4990,1598,1400,1000,1009,1000,1598,6336,7492,7129,3990,0,0
Female,University,Single,33,360000,8552,1118,1227,1541,1389,390,1118,1227,1541,1389,390,0,0,0,0,0,0
Female,University,Married,28,260000,251811,256753,143240,150000,14098,28736,9388,5000,10000,14098,15000,247365,138240,140000,0,13736,0
Female,University,Married,45,330000,47644,48906,50531,50595,40491,31020,2000,2500,1309,1243,2027,46906,48031,49286,39248,28993,0
Female,University,Married,47,30000,5163,2475,0,0,0,0,0,0,0,0,0,2475,0,0,0,0,1
Male,University,Married,31,80000,81712,78535,0,0,0,0,3271,0,0,0,0,75264,0,0,0,0,1
Female,University,Married,29,120000,7778,3157,5456,0,2777,0,3179,5463,0,2777,0,-22,-7,0,0,0,1
Male,University,Single,30,170000,6383,7189,-1,192,0,397,1000,0,193,0,397,6189,-1,-1,0,0,1
Female,Graduate,Single,31,140000,0,241,0,0,0,0,241,0,0,0,0,0,0,0,0,0,0
Female,University,Single,37,80000,3946,0,0,0,0,0,0,0,0,0,0,0,0,0,0,0,0
Male,High School,Married,44,200000,138877,144085,142520,151078,176717,168431,6437,5000,10000,27080,10017,137648,137520,141078,149637,158414,0
Female,University,Single,26,80000,780,780,0,0,0,0,0,0,0,0,0,780,0,0,0,0,1
Male,University,Married,36,230000,19505,20715,19750,19506,19255,17479,3000,3000,3000,3000,3000,17715,16750,16506,16255,14479,0
Female,Graduate,Married,40,260000,2500,0,0,0,0,0,0,0,0,0,0,0,0,0,0,0,0
Female,University,Single,28,50000,780,0,390,390,885,885,0,390,390,885,885,0,0,0,0,0,0
Male,University,Married,35,340000,-6,-6,-6,-6,-6,-6,0,0,0,0,0,-6,-6,-6,-6,-6,0
Male,Graduate,Single,39,50000,49869,42146,43927,19234,18799,16412,2146,3927,1234,1000,1450,40000,40000,18000,17799,14962,0
Female,High School,Single,45,200000,666,1928,-15,1753,4717,1230,1937,0,1768,6137,0,-9,-15,-15,-1420,1230,0
Female,University,Single,36,280000,91093,92775,81718,83347,85623,87252,3224,2965,2987,3623,3148,89551,78753,80360,82000,84104,0
Male,University,Single,35,170000,115634,118823,120475,109993,115151,112232,5935,6040,4000,8000,0,112888,114435,105993,107151,112232,0
Female,University,Married,38,100000,37516,38622,37706,38148,40630,39827,2000,0,1369,3100,0,36622,37706,36779,37530,39827,0
Female,Graduate,Married,48,360000,491,3670,-114,-200,-200,-200,3700,0,0,0,0,-30,-114,-200,-200,-200,1
Female,Graduate,Single,23,30000,14790,19563,16671,13353,13232,9601,12037,10038,8057,6000,4221,7526,6633,5296,7232,5380,1
Female,University,Single,26,150000,2341,340,380,462,3,166,340,380,462,103,266,0,0,0,-100,-100,0
Male,University,Single,29,50000,15519,19259,18652,24312,28903,28294,4000,0,6000,5000,0,15259,18652,18312,23903,28294,0
Female,Graduate,Single,35,40000,26801,36208,25378,28058,31145,38030,10000,5000,5000,5000,7500,26208,20378,23058,26145,30530,0
Male,High School,Single,58,30000,390,390,1170,780,780,0,390,1170,0,0,0,0,0,780,780,0,0
Female,Graduate,Married,35,140000,26187,28431,26141,24958,27574,27151,3000,2000,2000,3000,1661,25431,24141,22958,24574,25490,0
Male,University,Single,30,150000,8821,5943,6569,24604,4878,1477,5964,6588,24677,4896,1477,-21,-19,-73,-18,0,0
Female,University,Single,37,150000,152349,152359,150257,79162,79617,79670,7000,7000,5000,3000,4000,145359,143257,74162,76617,75670,0
Female,Graduate,Single,47,360000,366577,345484,354469,187836,186172,189759,0,14148,11500,0,5324,345484,340321,176336,186172,184435,0
Male,University,Single,43,170000,136485,87236,79244,59144,60228,61578,3602,3903,2265,2188,2353,83634,75341,56879,58040,59225,0
Male,Graduate,Single,26,50000,44838,45894,47121,45625,49367,46001,1769,1996,1800,4603,0,44125,45125,43825,44764,46001,1
Female,Graduate,Married,43,260000,3209,0,2552,2236,2236,2450,0,2552,2236,0,2500,0,0,0,2236,-50,0
Female,High School,Married,32,350000,70910,30372,90588,3047,-4,920,30516,91041,3062,0,924,-144,-453,-15,-4,-4,0
Female,University,Married,41,210000,17605,2032,106,-10,-10,-10,2164,106,0,0,0,-132,0,-10,-10,-10,0
Female,University,Married,39,50000,5171,4925,-350,-350,-350,-350,0,350,0,0,0,4925,-700,-350,-350,-350,0
Male,University,Married,46,170000,94791,89330,88384,84456,69871,62012,4300,3314,3050,2600,2600,85030,85070,81406,67271,59412,1
Female,University,Single,24,50000,48600,47819,48527,39147,38314,37758,2200,1889,1510,1400,1700,45619,46638,37637,36914,36058,1
Female,University,Married,32,50000,24402,26872,28430,29160,31187,30537,8442,2000,1200,2500,0,18430,26430,27960,28687,30537,0
Female,University,Single,33,280000,281,5631,5525,0,21339,607,5631,5549,0,21339,607,0,-24,0,0,0,0
Male,University,Single,42,430000,59648,52811,45441,39174,28261,25411,2035,1587,1161,1943,995,50776,43854,38013,26318,24416,0
Female,Graduate,Single,30,340000,8571,21012,10607,47258,35675,20691,21041,10607,47258,983,20691,-29,0,0,34692,0,0
Female,Graduate,Single,32,310000,90654,20784,5649,9141,5122,380,27778,5649,9141,5122,380,-6994,0,0,0,0,0
Male,Graduate,Married,41,120000,416,0,0,832,416,416,0,416,1248,0,416,0,-416,-416,416,0,0
Male,University,Single,27,200000,1990,2035,1577,2424,671,1606,2035,1577,2424,671,1606,0,0,0,0,0,1
Female,University,Single,41,500000,48650,15183,11626,8986,4465,24166,15183,11727,8986,0,24166,0,-101,0,4465,0,0
Male,High School,Married,53,270000,239963,224278,196747,108242,72480,36440,8710,8119,4500,3000,2000,215568,188628,103742,69480,34440,1
Male,Graduate,Single,26,190000,184136,186387,172506,89806,91744,93903,9000,6500,3500,3500,3800,177387,166006,86306,88244,90103,0
Female,High School,Married,37,340000,16275,20037,9085,9461,12654,7296,20047,9126,9481,12657,7306,-10,-41,-20,-3,-10,0
Female,High School,Single,30,390000,338174,256104,221739,184529,175781,173442,8738,6545,6601,5700,6100,247366,215194,177928,170081,167342,0
Female,Graduate,Single,31,90000,63872,66983,63070,1184,4154,3502,5003,0,1000,4000,3502,61980,63070,184,154,0,0
Female,University,Married,27,200000,174381,177078,184026,192069,198862,176770,7000,10000,11000,10043,0,170078,174026,181069,188819,176770,0
Female,Graduate,Married,43,230000,0,0,200,43998,23400,13000,0,200,43998,52,13000,0,0,0,23348,0,0
Female,High School,Married,39,100000,1890,24105,52262,9920,8633,53312,24105,52282,9920,8633,53312,0,-20,0,0,0,0
Female,Graduate,Single,24,30000,11483,12810,13591,14530,14154,15320,1519,1300,1166,0,1400,11291,12291,13364,14154,13920,1
Male,University,Married,50,50000,6449,7314,8474,8488,8665,8843,1129,1289,303,313,321,6185,7185,8185,8352,8522,0
Female,Graduate,Married,44,200000,-40,-40,-40,-40,-40,-40,0,0,0,0,0,-40,-40,-40,-40,-40,0
Female,University,Married,39,50000,42822,43872,25400,24202,25904,27567,2000,2000,1000,2000,2000,41872,23400,23202,23904,25567,0
Male,University,Single,31,130000,5551,6953,8176,8884,9737,11404,1500,1500,1000,1000,2000,5453,6676,7884,8737,9404,1
Male,University,Married,46,260000,29562,22429,11333,11651,12651,9247,1500,1000,1000,1000,205,20929,10333,10651,11651,9042,0
Female,Graduate,Married,28,80000,9598,6278,8721,3589,8209,10253,60,8721,3589,8209,10253,6218,0,0,0,0,0
Male,University,Single,30,20000,-2610,390,0,780,0,0,3000,0,780,0,0,-2610,0,0,0,0,0
Female,University,Married,27,160000,31666,31865,32691,31490,28324,30798,3000,3000,3000,3000,3000,28865,29691,28490,25324,27798,0
Female,High School,Single,24,70000,65429,67513,67767,69275,1058,48376,3136,2076,2243,1058,48000,64377,65691,67032,0,376,0
Male,Graduate,Single,26,70000,60701,61865,63063,10879,11127,13004,2735,2726,311,343,3000,59130,60337,10568,10784,10004,0
Male,Graduate,Single,38,400000,3456,49709,8834,57959,49590,22972,50263,8834,50000,0,8695,-554,0,7959,49590,14277,1
Male,Graduate,Single,26,30000,0,780,0,0,0,0,780,0,8000,0,0,0,0,-8000,0,0,0
Female,Graduate,Single,35,240000,18336,19648,11138,11481,18265,4365,5118,5015,5000,10000,2000,14530,6123,6481,8265,2365,0
Female,University,Married,43,40000,36415,37409,30019,30426,22867,12900,1939,1399,806,862,258,35470,28620,29620,22005,12642,0
Female,High School,Married,61,510000,181733,192903,181801,178179,223100,216225,17000,0,6508,50000,7000,175903,181801,171671,173100,209225,0
Female,University,Single,23,20000,17538,16975,17651,17603,17962,0,0,1400,352,1139,0,16975,16251,17251,16823,0,0
Male,University,Single,26,80000,60315,61650,0,0,0,0,2850,0,0,0,0,58800,0,0,0,0,0
Female,Graduate,Married,37,10000,5300,0,0,0,0,0,0,0,0,0,0,0,0,0,0,0,0
Female,High School,Married,61,50000,38158,35961,37417,24663,24655,26088,2220,2943,0,887,2000,33741,34474,24663,23768,24088,0
Male,University,Married,31,200000,29070,31302,29192,28170,28763,28453,3019,6,991,1032,1310,28283,29186,27179,27731,27143,0
Male,High School,Married,59,140000,129684,130838,131910,136810,133090,134415,6193,6200,10000,0,5000,124645,125710,126810,133090,129415,0
Male,University,Single,28,60000,60721,61452,59797,30372,45283,24588,4000,1353,27826,1300,1903,57452,58444,2546,43983,22685,1
Male,Graduate,Single,27,100000,5552,4784,4743,2805,354,443,1120,1000,0,354,443,3664,3743,2805,0,0,1
Female,University,Married,34,30000,30082,29315,30369,29787,30284,29057,0,1750,1025,1100,1500,29315,28619,28762,29184,27557,0
Male,University,Married,42,500000,1131,0,157,2025,-1,-1,0,157,2029,0,0,0,0,-4,-1,-1,0
Female,University,Single,31,420000,50771,48196,46932,45546,46369,42651,1862,2010,1700,1622,1520,46334,44922,43846,44747,41131,0
Female,University,Married,36,130000,131989,128467,131073,132399,140254,139209,0,6230,5000,10200,4400,128467,124843,127399,130054,134809,1
Female,Graduate,Married,56,360000,60206,7690,0,0,0,6232,7690,0,0,0,6232,0,0,0,0,0,0
Female,Graduate,Single,36,150000,9788,6252,30244,2434,29139,26987,6252,30620,2434,29139,1210,0,-376,0,0,25777,0
Male,Graduate,Single,33,360000,845,-4,831,899,1172,820,0,835,899,1172,820,-4,-4,0,0,0,0
Female,University,Single,29,230000,157107,119402,78875,76117,75428,150130,6000,3020,3000,2500,80000,113402,75855,73117,72928,70130,0
Female,Graduate,Married,31,180000,18710,45460,3700,0,228,-372,45460,3700,0,228,0,0,0,0,0,-372,0
Female,Graduate,Married,34,160000,-49,-375,-1027,603,277,1451,0,0,1630,0,1500,-375,-1027,-1027,277,-49,1
Female,University,Married,43,250000,399,508,-3,-3,51169,51482,508,3,24,51800,1826,0,-6,-27,-631,49656,0
Male,High School,Married,40,170000,6115,868,2687,2885,2092,36612,872,2700,2899,2102,101556,-4,-13,-14,-10,-64944,0
Female,University,Married,28,100000,95251,98226,98295,100406,100430,101392,5401,3576,3754,3806,3796,92825,94719,96652,96624,97596,0
Female,Graduate,Married,37,200000,3660,16991,19200,18856,14301,913,17302,20891,7377,2000,0,-311,-1691,11479,12301,913,1
Female,University,Married,53,60000,55505,57374,35751,25824,25831,27393,3000,2015,2000,1000,2000,54374,33736,23824,24831,25393,0
Male,Graduate,Married,44,300000,58137,51459,49737,48015,36004,6748,3000,2000,1500,3000,1000,48459,47737,46515,33004,5748,0
Male,University,Single,29,290000,22277,21451,2467,166,4030,9097,0,2467,200,6000,6000,21451,0,-34,-1970,3097,0
Female,University,Single,23,30000,19674,21050,20414,22008,23480,23777,2000,0,1934,1824,830,19050,20414,20074,21656,22947,0
Male,University,Married,35,340000,292302,88857,92068,91367,89601,86899,3904,4708,3163,3209,3102,84953,87360,88204,86392,83797,0
Male,University,Single,31,90000,34704,36426,35387,36838,35867,36841,3000,1549,2000,2000,2000,33426,33838,34838,33867,34841,0
Female,Graduate,Single,28,140000,99215,96776,98949,100673,106935,104427,0,3932,3717,8000,0,96776,95017,96956,98935,104427,1
Male,Graduate,Single,31,150000,110921,64600,58158,24856,704,1899,3000,1500,1000,704,1899,61600,56658,23856,0,0,0
Male,High School,Married,47,70000,62080,67523,68334,67132,66796,67743,6874,2030,0,1866,1878,60649,66304,67132,64930,65865,1
Female,Graduate,Married,41,750000,184022,163441,92767,75696,35485,4889,6817,2330,2705,50854,4913,156624,90437,72991,-15369,-24,0
Female,University,Single,26,200000,116070,111996,88327,73717,56921,48160,5096,2700,4017,7921,10160,106900,85627,69700,49000,38000,0
Female,University,Married,39,230000,183718,187811,176457,125552,127993,112107,7236,5603,4187,4327,5237,180575,170854,121365,123666,106870,1
Female,High School,Married,43,180000,1473,22969,27315,13315,8194,12800,22969,27392,13315,9000,12800,0,-77,0,-806,0,0
Female,University,Married,40,210000,2216,6142,1108,1499,2447,888,5258,0,1500,2500,1000,884,1108,-1,-53,-112,0
Male,University,Single,31,170000,136330,173367,160847,87399,74761,67855,46000,10002,3046,5000,0,127367,150845,84353,69761,67855,0
Female,University,Single,26,30000,8009,10181,10064,150,1150,1000,2316,199,0,1150,0,7865,9865,150,0,1000,0
Male,Graduate,Single,24,30000,28749,29457,29530,28433,21365,0,2004,2169,1260,819,0,27453,27361,27173,20546,0,0
Female,University,Married,33,90000,76395,79168,84904,87914,90043,91534,4000,8000,5348,3700,3128,75168,76904,82566,86343,88406,0
Female,University,Married,30,50000,29826,29068,29778,30370,31003,32291,0,1496,1088,1123,1800,29068,28282,29282,29880,30491,1
Female,Graduate,Single,28,240000,0,1748,0,14944,968,10408,1748,0,14944,968,10408,0,0,0,0,0,1
Female,Graduate,Married,63,280000,4108,2219,4734,0,1420,2705,2219,4734,0,1420,2705,0,0,0,0,0,0
Female,High School,Single,31,410000,0,0,0,0,0,3932,0,0,0,0,3932,0,0,0,0,0,0
Female,University,Married,42,30000,4641,7071,6811,6795,7342,7075,2521,0,245,658,0,4550,6811,6550,6684,7075,1
Male,Graduate,Married,40,260000,524,248,552,0,80,121,248,552,0,80,121,0,0,0,0,0,0
Female,University,Married,51,30000,16883,17909,18920,19297,19699,20091,1303,1314,691,713,718,16606,17606,18606,18986,19373,0
Male,University,Married,23,10000,8679,8399,8101,8995,8216,7756,0,0,1000,0,500,8399,8101,7995,8216,7256,0
Male,Graduate,Married,41,290000,0,0,0,0,0,0,0,0,0,0,0,0,0,0,0,0,0
Female,Graduate,Single,37,150000,2195,0,0,0,0,0,0,0,0,0,0,0,0,0,0,0,1
Male,University,Married,24,30000,29416,30476,30386,29769,30395,30348,1540,1447,1027,1066,1288,28936,28939,28742,29329,29060,0
Female,Graduate,Single,44,360000,347696,329864,322159,289377,146946,130085,20000,20009,30000,10000,10000,309864,302150,259377,136946,120085,0
Female,University,Married,47,240000,0,0,0,0,0,0,0,0,0,0,0,0,0,0,0,0,0
Male,Graduate,Single,28,60000,0,3132,3144,3638,3436,22219,3132,1053,547,0,19000,0,2091,3091,3436,3219,1
Female,University,Single,31,50000,9514,2067,-6,-409,793,2385,2100,405,0,2385,2385,-33,-411,-409,-1592,0,0
Female,Graduate,Single,42,50000,1618,0,0,0,0,3702,0,0,0,0,3702,0,0,0,0,0,0
Male,University,Single,29,50000,23236,19132,15138,14036,14752,15445,1660,1065,5000,5000,5000,17472,14073,9036,9752,10445,0
Male,University,Single,24,10000,4231,5508,5271,6182,5937,6838,1500,0,1000,0,1000,4008,5271,5182,5937,5838,1
Female,High School,Married,48,110000,35341,24107,34090,24843,18105,16952,0,11412,739,1560,0,24107,22678,24104,16545,16952,1
Female,Graduate,Single,29,220000,0,3003,2646,1125,0,3455,3003,2646,1125,0,3455,0,0,0,0,0,0
Female,High School,Married,44,400000,120456,113855,87798,19583,20453,21309,3557,2350,5700,1000,1000,110298,85448,13883,19453,20309,0
Female,University,Single,26,90000,70206,71353,72707,74101,72818,73940,3300,3168,3143,2700,3600,68053,69539,70958,70118,70340,0
Female,High School,Married,48,150000,84647,76858,62650,59255,45983,52986,5950,0,10000,0,20000,70908,62650,49255,45983,32986,1
Female,University,Single,26,80000,77037,71799,75743,67626,69081,70772,3300,5800,0,2700,3000,68499,69943,67626,66381,67772,0
Male,High School,Single,23,50000,7965,8404,10240,170,-220,390,1500,2000,170,0,1000,6904,8240,0,-220,-610,0
Male,University,Single,33,50000,48355,49715,49736,17599,16753,10582,2140,1161,510,503,500,47575,48575,17089,16250,10082,0
Male,University,Married,38,20000,6313,8625,8338,9199,9378,9081,2426,0,1000,471,0,6199,8338,8199,8907,9081,0
Male,University,Single,29,50000,10498,8238,6411,5341,3483,4093,1345,1000,2000,1000,1000,6893,5411,3341,2483,3093,0
Female,University,Single,27,140000,62986,64498,63093,58650,54946,53773,5000,3000,5000,3000,3000,59498,60093,53650,51946,50773,0
Female,Graduate,Married,36,280000,4480,2120,1627,2649,0,0,2120,1627,2649,0,0,0,0,0,0,0,1
Female,University,Married,37,130000,67612,65997,70604,68904,70369,71682,0,6300,0,2700,2600,65997,64304,68904,67669,69082,1
Female,Graduate,Married,25,70000,0,0,0,398,248,3408,0,0,398,0,3408,0,0,0,248,0,0
Male,Graduate,Married,38,470000,156454,152017,153651,155381,155287,160843,5526,5484,5504,5655,9471,146491,148167,149877,149632,151372,0
Male,University,Single,33,500000,134503,114682,124240,131006,137911,119343,20031,20029,20058,20127,10000,94651,104211,110948,117784,109343,0
Male,University,Single,35,40000,21072,20454,19977,20650,0,0,1504,1427,1100,0,0,18950,18550,19550,0,0,0
Female,University,Married,45,40000,40910,39592,40135,37403,30159,27854,0,2196,4,603,925,39592,37939,37399,29556,26929,0
Female,Graduate,Married,22,50000,5856,8725,10000,17916,6789,150,3005,2700,7916,0,150,5720,7300,10000,6789,0,0
Female,Graduate,Single,24,40000,780,390,390,780,390,150,0,390,780,0,150,390,0,0,390,0,1
Female,University,Single,26,50000,48457,44932,20024,18830,18087,17616,1351,1561,628,775,1602,43581,18463,18202,17312,16014,0
Female,University,Single,44,310000,6571,1156,1156,1889,3367,2267,1156,1156,1889,3367,2267,0,0,0,0,0,0
Female,University,Single,34,140000,27098,29832,29354,30609,29981,30581,3485,300,2038,0,1100,26347,29054,28571,29981,29481,1
Female,University,Single,27,80000,36406,31472,10246,20202,20077,20247,2000,5056,20202,726,891,29472,5190,0,19351,19356,1
Male,University,Single,26,210000,0,0,0,0,1290,990,0,0,0,1290,0,0,0,0,0,990,1
Female,Graduate,Single,23,50000,18975,19763,21081,21432,21933,22569,1400,1649,1000,1000,1000,18363,19432,20432,20933,21569,0
Male,Graduate,Single,39,400000,50747,49666,52727,51286,55077,55500,0,4500,0,4800,1600,49666,48227,51286,50277,53900,0
Female,University,Married,36,60000,57262,27275,22095,14293,12217,16170,5816,1000,5000,12217,8000,21459,21095,9293,0,8170,0
Female,High School,Single,54,160000,0,0,0,1690,0,0,0,0,1690,0,0,0,0,0,0,0,0
Male,Graduate,Single,31,400000,-166,-490,29186,30789,7879,13928,1,30001,2128,3009,8006,-491,-815,28661,4870,5922,0
Female,Graduate,Married,46,450000,28205,3760,4148,2312,6909,4189,3793,4148,2312,6909,4189,-33,0,0,0,0,1
Female,High School,Single,35,20000,10704,11352,13297,12418,12581,12305,1517,2852,0,500,700,9835,10445,12418,12081,11605,0
Female,University,Married,47,50000,47500,46937,44681,47537,46644,49765,2700,2000,3600,0,3890,44237,42681,43937,46644,45875,0
Female,University,Married,41,200000,23570,735,0,0,0,0,742,0,0,0,0,-7,0,0,0,0,1
Male,Graduate,Single,42,160000,51997,0,0,0,0,0,0,0,0,0,0,0,0,0,0,0,0
Female,University,Single,48,60000,60717,59183,62075,60501,61808,60668,0,4500,0,2400,0,59183,57575,60501,59408,60668,1
Female,University,Single,30,280000,3510,-32,4628,2589,3120,4334,0,4660,2601,3135,4354,-32,-32,-12,-15,-20,0
Female,University,Single,28,200000,1243,0,0,0,0,0,0,0,0,0,0,0,0,0,0,0,0
Male,University,Married,56,100000,96392,87986,89230,90745,92774,101275,4424,3600,3000,3200,9800,83562,85630,87745,89574,91475,0
Female,Graduate,Single,22,10000,6579,7611,8926,8634,9442,9144,1300,1602,0,948,0,6311,7324,8634,8494,9144,1
Male,Graduate,Single,28,80000,49740,48501,48117,48502,48610,49650,2000,2000,2000,1800,1800,46501,46117,46502,46810,47850,1
Male,Graduate,Single,35,440000,421895,413687,420892,352705,359770,351535,15100,16076,12445,13183,12874,398587,404816,340260,346587,338661,1
Female,University,Single,36,500000,11168,9287,9963,17145,7645,16079,9287,9963,17223,7645,16079,0,0,-78,0,0,0
Male,High School,Single,24,20000,14628,16391,18045,18055,0,0,3000,2000,1000,0,0,13391,16045,17055,0,0,0
Female,Graduate,Single,30,500000,5800,7210,229,3377,441,24116,7210,229,3377,441,24116,0,0,0,0,0,0
Male,Graduate,Single,24,30000,8217,3000,0,504,279,254,5000,0,504,300,500,-2000,0,0,-21,-246,0
Female,Graduate,Single,32,180000,326,2241,2579,326,1005,625,2241,2583,326,1005,625,0,-4,0,0,0,0
Female,Graduate,Single,23,120000,100904,91354,160932,54967,42017,30455,6629,3117,1551,2000,1273,84725,157815,53416,40017,29182,0
Female,High School,Single,50,120000,149540,118675,120047,100637,79613,79286,125000,4065,4000,3000,3000,-6325,115982,96637,76613,76286,1
Male,University,Married,40,140000,77356,80113,82083,83029,84737,94101,4000,3900,3200,3200,10800,76113,78183,79829,81537,83301,0
Male,University,Single,26,60000,23146,23868,26447,28109,28720,28308,1400,3000,2100,1200,1200,22468,23447,26009,27520,27108,1
Female,University,Single,22,10000,528,0,264,264,264,264,0,264,264,264,264,0,0,0,0,0,1
Female,Graduate,Married,39,120000,51662,30285,24879,29479,27553,14587,10000,6000,5000,7553,14587,20285,18879,24479,20000,0,0
Female,University,Single,26,70000,28986,30609,31301,31980,32813,33614,2400,1500,1500,1500,1500,28209,29801,30480,31313,32114,0
Female,Graduate,Single,28,330000,0,1056,2006,-2,1683,1382,1056,2014,0,1685,1388,0,-8,-2,-2,-6,0
Female,University,Single,40,70000,65059,65204,55018,27430,25498,27678,3141,7000,5505,3000,4000,62063,48018,21925,22498,23678,0
Female,High School,Married,48,410000,6578,43564,16813,11080,16595,15843,43821,16865,11100,16615,15866,-257,-52,-20,-20,-23,0
Male,Graduate,Married,57,360000,2505,4070,3307,0,380,2566,4070,3307,0,380,2566,0,0,0,0,0,0
Male,Graduate,Single,28,200000,0,0,0,0,0,0,0,0,0,0,0,0,0,0,0,0,0
Female,High School,Married,34,20000,1030,4177,1786,1050,0,0,4177,1786,1050,0,0,0,0,0,0,0,0
Female,High School,Married,49,90000,69380,70886,69402,1332,1604,958,2800,0,0,272,166,68086,69402,1332,1332,792,0
Female,University,Married,30,60000,36082,37127,38117,38874,38667,39544,1628,1618,1375,1403,1520,35499,36499,37499,37264,38024,0
Male,Graduate,Single,34,120000,-325,279,-117,-513,1091,545,1000,0,0,2000,0,-721,-117,-513,-909,545,0
Female,Graduate,Single,30,210000,0,0,0,830,0,10533,0,0,830,0,10533,0,0,0,0,0,0
Female,University,Single,25,40000,25741,26772,27794,29333,29816,30577,1750,1772,2311,1100,1400,25022,26022,27022,28716,29177,1
Female,High School,Married,42,130000,105406,95012,83245,76631,75607,73006,4349,3000,2410,7639,12962,90663,80245,74221,67968,60044,0
Female,Graduate,Single,38,150000,675,0,0,0,0,0,0,0,0,0,0,0,0,0,0,0,0
Male,University,Married,39,30000,22595,24928,24230,26811,28702,28092,3000,0,3000,2327,0,21928,24230,23811,26375,28092,1
Male,High School,Married,52,380000,390409,369065,375150,383319,385813,365587,15353,14219,15022,29000,0,353712,360931,368297,356813,365587,0
Female,High School,Married,40,150000,56690,58775,62769,64233,65704,69835,3606,5600,2500,2500,5400,55169,57169,61733,63204,64435,1
Female,Graduate,Single,22,50000,41632,44069,37395,32284,32805,33751,3509,0,1302,1191,1492,40560,37395,30982,31614,32259,1
Male,Graduate,Single,27,170000,17066,20456,24644,25739,30372,34924,4000,5000,5000,5000,5000,16456,19644,20739,25372,29924,0
Male,High School,Married,41,360000,498,498,498,498,498,498,498,498,498,498,498,0,0,0,0,0,1
Female,Graduate,Married,38,500000,238708,313903,323841,319331,316208,304388,90012,28000,15000,9494,108914,223891,295841,304331,306714,195474,0
Female,Graduate,Single,36,200000,12099,0,1540,0,3045,0,0,1540,0,3045,0,0,0,0,0,0,0
Female,Graduate,Married,33,240000,30973,32008,32889,33410,34327,34500,1537,1418,939,1193,690,30471,31471,32471,33134,33810,0
Female,University,Married,38,210000,142,307,307,614,307,307,307,307,307,614,307,0,0,307,-307,0,0
Female,University,Married,28,110000,66831,62435,59977,59411,55112,45025,3021,2800,2710,5227,0,59414,57177,56701,49885,45025,0
Male,High School,Married,46,10000,6277,7019,9557,9269,8836,8548,1000,2819,0,0,0,6019,6738,9269,8836,8548,1
Female,Graduate,Single,34,180000,1599,0,0,0,0,0,0,0,0,0,0,0,0,0,0,0,0
Female,University,Married,41,50000,29463,28715,28950,29684,29078,29944,0,1000,1500,0,1500,28715,27950,28184,29078,28444,0
Male,Graduate,Single,32,180000,63461,54673,53358,41379,32620,19061,3018,3071,3042,1161,3023,51655,50287,38337,31459,16038,0
Female,University,Single,24,40000,38221,34975,19606,21272,22923,24539,3107,3000,2000,2000,2000,31868,16606,19272,20923,22539,1
Male,Graduate,Single,25,50000,910,1597,997,-3,999,491,1607,1000,0,1002,492,-10,-3,-3,-3,-1,0
Female,Graduate,Single,29,200000,390,390,192,-198,-588,691,390,192,140,0,1727,0,0,-338,-588,-1036,0
Female,Graduate,Single,27,120000,500,0,0,41150,0,125,0,0,41150,0,125,0,0,0,0,0,0
Male,High School,Married,62,90000,98784,52485,46978,47512,48111,48761,1050,47003,1680,1734,1828,51435,-25,45832,46377,46933,0
Male,University,Single,32,130000,65599,63875,57122,56003,57992,61049,3000,3000,4000,4000,4000,60875,54122,52003,53992,57049,0
Female,University,Single,48,120000,72528,74047,75564,77242,81826,83630,2680,2741,2933,6000,3300,71367,72823,74309,75826,80330,0
Female,Graduate,Married,46,350000,102060,86242,63012,47172,19482,125875,10069,5631,20036,5000,125000,76173,57381,27136,14482,875,0
Male,Graduate,Single,28,200000,778,504,3724,445,8963,482,506,3742,447,9007,484,-2,-18,-2,-44,-2,0
Male,University,Single,26,80000,76158,81858,80337,61002,58148,52515,8000,5000,4000,5000,3000,73858,75337,57002,53148,49515,0
Female,Graduate,Other,45,50000,4736,0,0,0,4881,4634,0,0,0,4881,0,0,0,0,0,4634,0
Female,University,Single,46,20000,15481,16537,15979,16410,17142,17705,1600,0,1000,1000,1000,14937,15979,15410,16142,16705,0
Female,University,Single,31,90000,23418,24443,26695,25967,26946,28346,1408,2660,0,1400,2000,23035,24035,25967,25546,26346,0
Female,University,Married,34,160000,5283,5920,6999,8109,8596,9455,1500,1200,2000,1000,1000,4420,5799,6109,7596,8455,1
Male,High School,Married,41,50000,31303,35716,30087,29610,40736,25690,5700,0,1000,12000,2000,30016,30087,28610,28736,23690,0
Female,Graduate,Single,30,220000,29007,23428,339,207,207,12890,0,339,500,0,12999,23428,0,-293,207,-109,0
Female,Graduate,Married,29,70000,68532,69475,69582,69589,68728,69304,3300,3100,2800,2600,2940,66175,66482,66789,66128,66364,0
Male,High School,Married,52,30000,31521,30749,29506,29106,29106,29700,0,0,0,0,594,30749,29506,29106,29106,29106,0
Female,High School,Married,46,80000,58934,52253,34721,5544,9318,7298,2254,2086,19,9346,7319,49999,32635,5525,-28,-21,1
Male,University,Single,23,10000,3072,2529,390,9478,8170,953,2535,390,9478,0,953,-6,0,0,8170,0,0
Female,University,Married,46,80000,4742,3913,6383,5016,1760,2783,1277,6387,102,35,1850,2636,-4,4914,1725,933,0
Male,High School,Single,25,50000,45943,45922,34514,23610,21760,6398,1818,1400,472,435,128,44104,33114,23138,21325,6270,0
Male,Graduate,Other,47,60000,49689,2497,59271,28101,29724,25664,3007,59274,1500,2013,1000,-510,-3,26601,27711,24664,0
Male,University,Single,41,50000,40710,42736,43751,44619,45900,46845,3000,1729,1597,2000,1709,39736,42022,43022,43900,45136,0
Female,High School,Single,26,80000,78513,76475,80131,75920,75421,73991,3000,5000,3500,8000,3000,73475,75131,72420,67421,70991,0
Male,University,Single,32,120000,113650,105592,105428,76543,144089,74115,3999,6025,3069,3001,6000,101593,99403,73474,141088,68115,0
Female,High School,Other,60,80000,30959,15774,9365,6515,6845,5789,1458,1230,250,800,0,14316,8135,6265,6045,5789,0
Male,Graduate,Single,33,110000,111249,111480,64237,57066,112716,57044,4000,2800,2200,2200,3000,107480,61437,54866,110516,54044,0
Female,High School,Married,51,140000,58213,60764,59949,40979,42339,43529,3500,2000,1447,2000,2184,57264,57949,39532,40339,41345,0
Female,University,Single,22,50000,5139,4911,5924,6822,7411,9146,0,1102,1000,1000,2000,4911,4822,5822,6411,7146,0
Male,High School,Married,38,50000,44837,45385,45763,27659,28236,28797,1871,1852,990,1023,1029,43514,43911,26669,27213,27768,0
Male,Graduate,Married,42,320000,19252,21351,20819,20993,19089,16062,4027,5048,10029,10470,7027,17324,15771,10964,8619,9035,0
Male,University,Married,38,140000,131877,135309,131671,138771,141146,127184,7000,0,10800,4800,0,128309,131671,127971,136346,127184,0
Female,University,Single,35,180000,827,669,785,1809,2067,0,675,785,1809,2067,0,-6,0,0,0,0,0
Male,University,Single,25,50000,21679,18566,19918,19584,18508,20047,0,2000,1500,1000,2000,18566,17918,18084,17508,18047,1
Male,University,Married,36,310000,52191,36758,29180,22426,18592,14976,3012,5000,2000,5000,5000,33746,24180,20426,13592,9976,0
Female,Graduate,Single,23,50000,1300,628,4050,3050,1243,865,628,4050,0,1243,865,0,0,3050,0,0,0
Male,High School,Married,62,160000,37615,38707,40460,41149,-1,-1,1700,2400,2000,0,0,37007,38060,39149,-1,-1,0
Female,University,Married,33,220000,9649,8300,1590,1341,8171,14253,8300,1590,1341,8171,14253,0,0,0,0,0,0
Male,University,Married,41,140000,57607,60676,64072,62444,67411,71144,4000,5000,0,6000,5000,56676,59072,62444,61411,66144,0
Male,Graduate,Married,49,50000,50430,46924,48351,28442,29481,30232,2500,2500,1500,1500,1256,44424,45851,26942,27981,28976,0
Male,University,Single,24,60000,57480,60491,57187,57619,57033,58493,4207,1000,1690,1473,2354,56284,56187,55929,55560,56139,0
Male,High School,Single,28,20000,3515,4301,5075,4845,6753,9615,1000,1000,0,2000,3000,3301,4075,4845,4753,6615,1
Female,Graduate,Married,27,100000,39056,43420,42417,40287,42938,42095,5000,0,1500,3300,0,38420,42417,38787,39638,42095,0
Female,High School,Married,29,150000,149278,142117,144947,140696,143607,136575,3984,3825,3361,3469,3812,138133,141122,137335,140138,132763,0
Male,University,Single,30,260000,326,326,326,326,476,326,326,326,326,476,326,0,0,0,0,0,0
Male,High School,Married,38,50000,31304,33479,34617,35735,37154,38380,3000,2000,2000,2000,2000,30479,32617,33735,35154,36380,0
Male,Graduate,Single,29,320000,838,4288,24495,29226,41415,20738,4309,24495,5036,20004,1250,-21,0,24190,21411,19488,0
Male,University,Married,35,180000,95757,76696,77720,79430,81098,82791,3400,2900,3000,3100,3200,73296,74820,76430,77998,79591,0
Female,University,Married,35,120000,0,0,0,0,54683,2657,0,0,0,54683,0,0,0,0,0,2657,1
Female,Graduate,Married,41,500000,5094,5626,1715,-285,1715,1395,6000,1715,0,2000,0,-374,0,-285,-285,1395,0
Male,Graduate,Married,32,220000,8757,-2323,-3322,-3322,-3622,-2852,9,23000,0,0,3000,-2332,-26322,-3322,-3622,-5852,0
Male,University,Single,26,50000,0,0,0,0,0,0,0,0,0,0,0,0,0,0,0,0,0
Female,High School,Married,56,180000,440,440,440,440,440,440,440,440,440,440,440,0,0,0,0,0,1
Female,University,Single,33,230000,-133,611,19640,13242,1782,3106,744,19640,13242,1782,3106,-133,0,0,0,0,0
Female,Graduate,Single,36,220000,4952,1734,819,3750,657,0,1734,827,3750,0,0,0,-8,0,657,0,0
Male,University,Married,41,160000,2524,0,0,0,0,0,0,0,0,0,0,0,0,0,0,0,1
Male,Graduate,Single,23,50000,17528,17921,0,940,0,0,1000,0,940,0,0,16921,0,0,0,0,0
Male,University,Married,41,100000,100284,90952,92840,99296,101872,99555,3500,3400,8000,4300,0,87452,89440,91296,97572,99555,0
Male,Graduate,Married,32,360000,2708,5562,3906,8413,3079,4075,5588,3924,8454,3093,4095,-26,-18,-41,-14,-20,0
Female,University,Married,38,160000,6000,6000,6228,6000,6000,6000,6000,6228,6000,6000,6000,0,0,0,0,0,0
Female,Graduate,Single,25,100000,9424,1259,586,3195,3732,42605,1259,586,3195,3732,42605,0,0,0,0,0,0
Female,Graduate,Single,24,170000,171465,145196,110163,112157,106497,108832,18500,13998,3760,4000,12212,126696,96165,108397,102497,96620,0
Female,University,Single,26,80000,11284,10110,10859,59187,111059,56320,1500,1000,56500,2500,2500,8610,9859,2687,108559,53820,0
Male,University,Married,44,50000,38736,28402,28813,29550,29106,29718,3000,2000,1500,1100,1096,25402,26813,28050,28006,28622,0
Female,University,Married,32,500000,0,0,293,0,0,259,0,293,0,0,259,0,0,0,0,0,0
Male,Graduate,Other,47,20000,16888,17928,20312,19696,19648,20154,1616,3000,0,408,826,16312,17312,19696,19240,19328,0
Female,University,Single,26,30000,14923,16277,17003,17420,17790,18993,1600,1300,700,650,1500,14677,15703,16720,17140,17493,0
Female,Graduate,Single,30,60000,0,0,0,0,0,0,0,0,0,0,0,0,0,0,0,0,0
Male,Graduate,Married,44,360000,18295,3199,6131,7662,19423,28351,3204,6195,7664,19423,28351,-5,-64,-2,0,0,0
Male,Graduate,Married,50,240000,52771,54522,55634,56628,58228,59985,3000,2400,2300,2300,2500,51522,53234,54328,55928,57485,0
Female,High School,Married,36,50000,49212,49243,5112,48455,48456,47234,5450,0,45554,2100,1900,43793,5112,2901,46356,45334,0
Male,University,Single,46,50000,49423,48332,46043,18759,19161,19516,10,2000,655,688,666,48322,44043,18104,18473,18850,0
Female,High School,Married,29,60000,59190,56704,48980,34416,28818,28546,2200,2300,3000,1100,1000,54504,46680,31416,27718,27546,0
Female,Graduate,Single,25,210000,0,0,0,0,0,0,0,0,0,0,0,0,0,0,0,0,0
Male,University,Married,42,330000,870,0,870,0,435,435,0,870,0,435,435,0,0,0,0,0,0
Female,Graduate,Single,25,90000,3407,10839,4788,7370,1051,14014,10850,5,5042,0,14014,-11,4783,2328,1051,0,0
Female,Graduate,Single,27,380000,44986,109142,43758,39106,37978,33428,70000,2014,1004,3000,2000,39142,41744,38102,34978,31428,0
Female,University,Married,34,500000,60278,56247,46940,45607,41412,31200,1745,1635,2000,3450,3000,54502,45305,43607,37962,28200,0
Female,High School,Married,35,30000,23697,20523,20762,22535,22622,11400,3000,3102,3008,3136,1103,17523,17660,19527,19486,10297,0
Male,University,Single,33,50000,29616,34040,30385,18399,19037,17945,5000,2000,0,2000,726,29040,28385,18399,17037,17219,1
Female,Graduate,Married,33,360000,364367,365353,346416,261694,230654,201528,14050,11992,8581,7991,9083,351303,334424,253113,222663,192445,0
Female,Graduate,Single,28,310000,3473,35890,29935,20339,12924,839,201153,20146,3000,512,839,-165263,9789,17339,12412,0,0
Female,University,Single,26,60000,58603,58918,55709,54173,54065,57499,2000,2500,3200,1000,4500,56918,53209,50973,53065,52999,0
Female,High School,Married,47,120000,118148,118593,101152,80503,75407,77157,5033,5000,3007,3000,3000,113560,96152,77496,72407,74157,0
Female,Graduate,Married,33,140000,27234,20191,26276,26847,21713,22143,1389,12000,915,788,791,18802,14276,25932,20925,21352,0
Female,Graduate,Married,41,220000,219198,114930,100749,74457,68604,53333,5068,5000,2000,3000,3000,109862,95749,72457,65604,50333,0
Male,Graduate,Single,29,400000,31348,27887,38915,29926,24383,45588,28102,39186,30153,12029,38220,-215,-271,-227,12354,7368,0
Female,University,Married,56,50000,48836,48049,47060,19171,18624,18923,2000,2000,1000,1000,1000,46049,45060,18171,17624,17923,0
Male,University,Single,35,80000,0,0,0,19980,173,0,0,0,19980,173,0,0,0,0,0,0,1
Female,High School,Married,33,150000,21112,13155,14534,3334,318,1963,5000,4500,3300,300,2029,8155,10034,34,18,-66,0
Male,Graduate,Single,26,50000,28408,29117,28764,28390,29443,29041,1477,1444,1100,1500,1100,27640,27320,27290,27943,27941,0
Female,University,Married,50,50000,50224,47178,48400,29781,30082,26609,2200,2520,1000,1100,1000,44978,45880,28781,28982,25609,0
Male,University,Single,25,210000,96518,35523,34809,25199,25395,25692,1681,1409,886,912,1035,33842,33400,24313,24483,24657,0
Male,Graduate,Single,30,90000,41789,42913,44388,45348,48454,47524,2100,2500,2000,4000,0,40813,41888,43348,44454,47524,0
Male,Graduate,Single,31,320000,1391,48556,49210,50052,53325,53765,50006,3011,4000,4019,5000,-1450,46199,46052,49306,48765,0
Female,High School,Single,29,180000,0,0,0,0,0,0,0,0,0,0,0,0,0,0,0,0,0
Male,University,Single,24,310000,165477,167227,103601,102895,101017,95530,6000,4500,4348,3407,4000,161227,99101,98547,97610,91530,0
Female,University,Single,23,50000,48529,44669,45684,46592,47568,48907,1743,1758,1666,1725,2128,42926,43926,44926,45843,46779,0
Male,Graduate,Single,41,120000,113796,116467,116060,115711,121575,120940,6000,4500,4500,7900,3000,110467,111560,111211,113675,117940,0
Female,University,Single,36,150000,1374,-4,-4,6340,4998,5710,0,0,6344,4998,5712,-4,-4,-4,0,-2,0
Male,University,Married,47,20000,8424,4310,16990,3820,4350,3180,0,16990,0,4350,3180,4310,0,3820,0,0,0
Female,High School,Married,43,180000,130500,47346,48176,49140,48129,45759,47346,1678,1642,2000,2000,0,46498,47498,46129,43759,0
Female,University,Married,39,120000,114644,117110,117050,117486,117720,118773,4320,4200,4200,4300,4400,112790,112850,113286,113420,114373,0
Male,Graduate,Single,27,100000,0,429,858,429,429,429,429,858,0,429,429,0,0,429,0,0,0
Female,Graduate,Married,51,210000,1900,0,0,0,0,0,0,0,0,0,0,0,0,0,0,0,0
Female,University,Single,23,100000,85435,85957,86295,86945,94526,91630,3143,3052,3264,10398,0,82814,83243,83681,84128,91630,0
Female,University,Married,41,120000,7877,11532,13695,2050,804,0,11532,13740,2050,804,0,0,-45,0,0,0,0
Female,High School,Married,54,190000,88,-468,-1024,-1397,-1953,-825,0,0,1580,556,2047,-468,-1024,-2977,-2509,-2872,0
Male,Other,Single,30,80000,59292,13943,0,0,0,0,5009,0,0,0,0,8934,0,0,0,0,0
Male,University,Married,34,70000,59841,60021,58476,20717,11473,22021,2610,1366,414,229,22021,57411,57110,20303,11244,0,0
Male,University,Single,42,60000,60560,56471,36057,35077,69251,71478,2065,1988,2500,62731,3600,54406,34069,32577,6520,67878,1
Female,Graduate,Single,25,50000,8107,4895,12128,12128,6000,0,1000,12128,0,0,0,3895,0,12128,6000,0,0
Female,University,Married,45,110000,108214,107512,82828,47978,47276,48109,5300,3300,1700,1900,1770,102212,79528,46278,45376,46339,0
Female,Graduate,Single,47,200000,8172,20004,7737,8586,4291,52605,20003,9189,8586,4291,52605,1,-1452,0,0,0,0
Female,Graduate,Single,33,210000,0,0,0,25478,9485,0,0,0,25478,9485,0,0,0,0,0,0,0
Male,High School,Married,50,30000,22320,21674,22995,24310,23781,25383,0,1685,2000,0,2000,21674,21310,22310,23781,23383,1
Female,Graduate,Single,32,160000,1179,4042,270,52,0,394,4042,270,0,0,394,0,0,52,0,0,1
Female,High School,Single,23,20000,13884,16344,15784,17517,17097,18654,3000,0,2000,0,2000,13344,15784,15517,17097,16654,1
Male,University,Single,42,70000,66681,68768,69699,69484,71067,67568,3768,2699,2660,2879,2568,65000,67000,66824,68188,65000,0
Female,High School,Married,51,260000,1821,7091,1546,37708,4080,11036,7091,1555,37708,303,7500,0,-9,0,3777,3536,0
Female,University,Single,51,260000,200964,205714,208756,168828,155644,159135,8000,8065,7000,10000,10000,197714,200691,161828,145644,149135,0
Female,High School,Single,54,50000,42659,35552,31512,25361,26946,28492,1500,2000,2000,2000,2000,34052,29512,23361,24946,26492,0
Female,University,Single,26,170000,16237,15692,17120,17836,18396,18935,0,2000,1000,1000,1000,15692,15120,16836,17396,17935,0
Male,University,Single,25,20000,15863,14498,15064,13605,11844,10152,0,1157,574,423,374,14498,13907,13031,11421,9778,0
Female,Graduate,Single,24,40000,9958,12140,11653,11762,12418,13108,2500,0,600,1000,900,9640,11653,11162,11418,12208,0
Male,High School,Married,39,220000,192815,208365,88004,31237,15980,529,20000,5003,3047,5000,1000,188365,83001,28190,10980,-471,0
Female,University,Married,23,30000,29336,30047,29904,32025,32479,30894,1800,1470,3500,2000,0,28247,28434,28525,30479,30894,1
Male,University,Single,22,20000,17676,18833,19002,18982,13762,0,1451,1400,380,0,0,17382,17602,18602,13762,0,1
Female,Graduate,Single,34,120000,67253,31954,16991,18730,21076,24134,1954,1991,3730,9076,4134,30000,15000,15000,12000,20000,0
Female,Graduate,Single,32,110000,30852,31957,37051,36303,42800,38381,1906,6000,0,8000,0,30051,31051,36303,34800,38381,0
Female,University,Married,23,170000,160189,150377,138779,129548,121625,108462,5936,4584,4002,4093,4187,144441,134195,125546,117532,104275,0
Female,Graduate,Single,32,90000,32226,33255,32426,32763,33602,34193,1839,0,1176,1367,1300,31416,32426,31587,32235,32893,1
Male,Graduate,Single,35,140000,2000,0,0,0,0,0,0,0,0,0,0,0,0,0,0,0,0
Male,University,Married,41,200000,23025,22369,23344,23627,3977,1100,0,1400,1110,1000,0,22369,21944,22517,2977,1100,1
Male,University,Single,27,50000,46301,47731,46649,48020,49439,45771,2187,1700,2000,2044,1319,45544,44949,46020,47395,44452,0
Female,University,Single,23,70000,0,3999,44446,21436,19987,19939,3999,44446,41,19995,6000,0,0,21395,-8,13939,0
Female,University,Married,45,50000,49073,12630,9215,9215,8011,5615,2022,2000,0,1000,1904,10608,7215,9215,7011,3711,0
Male,University,Single,57,20000,20104,19887,19486,19501,19274,19703,3000,1500,1600,900,900,16887,17986,17901,18374,18803,0
Female,University,Married,47,20000,17772,18487,17892,19294,19840,19376,1300,0,1700,1000,0,17187,17892,17594,18840,19376,1
Male,Graduate,Single,32,200000,18726,18141,20838,20217,22896,22400,0,3000,0,3000,0,18141,17838,20217,19896,22400,1
Male,Graduate,Single,28,460000,17919,13041,9681,3284,732,2732,1500,9681,3284,732,2000,11541,0,0,0,732,0
Female,Graduate,Single,28,140000,0,0,0,0,50000,0,0,0,0,50000,0,0,0,0,0,0,0
Male,Graduate,Other,65,240000,4110,5000,0,1000,0,167747,1000,0,1000,0,167747,4000,0,0,0,0,0
Female,University,Married,53,70000,24645,0,14000,0,0,0,0,14000,0,0,0,0,0,0,0,0,0
Female,Graduate,Married,53,410000,4213,187,7884,1842,1129,7592,187,7898,1842,1129,7592,0,-14,0,0,0,0
Male,University,Single,28,90000,91431,88920,88344,50209,48262,49316,4672,4042,1748,1892,2000,84248,84302,48461,46370,47316,0
Male,University,Married,35,260000,228,340,352,364,376,388,500,400,400,400,400,-160,-48,-36,-24,-12,0
Male,High School,Married,53,260000,3304,7378,3641,4726,2966,5946,7378,3696,4726,2966,5946,0,-55,0,0,0,0
Male,High School,Married,36,200000,1762,881,24842,28367,28721,20139,4,24846,5004,1540,4,877,-4,23363,27181,20135,1
Male,Graduate,Single,35,500000,4814,12939,19502,128406,-200,-200,13275,19522,128406,0,0,-336,-20,0,-200,-200,0
Male,Graduate,Married,35,20000,5745,6023,7053,5909,3287,3604,2224,1171,500,500,500,3799,5882,5409,2787,3104,1
Male,University,Single,40,20000,17068,18283,19424,19208,19600,20000,1800,1600,384,392,400,16483,17824,18824,19208,19600,1
Female,University,Single,24,20000,19096,20087,16752,15017,13754,4699,1335,5000,370,350,176,18752,11752,14647,13404,4523,0
Male,High School,Married,58,360000,1351,554,1090,780,390,388,554,1096,780,0,388,0,-6,0,390,0,0
Male,University,Single,43,20000,9286,10176,12298,11809,12333,11986,1200,2300,0,1015,0,8976,9998,11809,11318,11986,1
Male,University,Single,25,30000,18585,19301,19702,19102,19508,19899,1300,1000,0,700,700,18001,18702,19102,18808,19199,1
Male,Graduate,Married,44,180000,18896,20166,16995,15324,6758,5730,2006,6995,282,0,200,18160,10000,15042,6758,5530,0
Male,High School,Married,48,30000,20817,23860,24372,25776,25088,24537,3400,1200,2100,0,0,20460,23172,23676,25088,24537,0
Female,Other,Married,48,190000,146034,142003,135885,102718,68604,45976,5704,4305,2800,2366,2066,136299,131580,99918,66238,43910,0
Female,Graduate,Single,35,220000,11636,11004,8392,10887,16542,10164,3004,3392,4000,6542,5000,8000,5000,6887,10000,5164,0
Male,Graduate,Married,37,40000,12745,6889,8530,4610,-220,1060,1500,3005,0,0,2000,5389,5525,4610,-220,-940,0
Male,Graduate,Married,30,100000,85806,85195,85464,86921,88524,91241,3100,4000,4000,3500,5000,82095,81464,82921,85024,86241,1
Female,Graduate,Single,41,30000,22346,26357,29043,29419,29848,29306,8816,4021,2000,5000,6000,17541,25022,27419,24848,23306,0
Female,High School,Single,40,60000,35602,35911,36246,29831,29667,30062,1654,1762,1044,1065,1266,34257,34484,28787,28602,28796,0
Female,University,Single,28,80000,44739,46708,49611,50496,51543,50563,3000,4000,2000,2000,0,43708,45611,48496,49543,50563,0
Female,University,Married,41,180000,106944,78405,47542,44952,24904,26825,3500,2000,1500,2000,3000,74905,45542,43452,22904,23825,0
Female,University,Single,32,90000,-295,-295,-295,-295,-295,9727,0,0,0,1,10022,-295,-295,-295,-296,-295,0
Female,Graduate,Single,32,230000,0,351,0,0,0,0,351,0,0,0,0,0,0,0,0,0,0
Female,University,Single,26,90000,83900,84236,79623,70039,70962,71013,4022,2917,2500,2451,2600,80214,76706,67539,68511,68413,1
Female,University,Married,39,290000,316,316,316,316,316,297,316,316,316,316,297,0,0,0,0,0,0
Female,University,Married,58,100000,87851,85594,87095,88357,77155,80108,0,3300,2839,3000,4000,85594,83795,85518,74155,76108,1
Female,Graduate,Married,37,360000,4644,1417,3588,2589,1549,1278,1417,3588,0,0,1278,0,0,2589,1549,0,0
Male,University,Single,28,100000,61396,60621,58855,48570,47651,38481,3012,2500,1700,2100,2500,57609,56355,46870,45551,35981,0
Female,Graduate,Single,33,200000,846,4292,0,0,0,0,4974,0,0,0,0,-682,0,0,0,0,0
Female,Graduate,Single,30,70000,19492,20054,14016,14782,15249,15595,1600,1300,1000,701,1000,18454,12716,13782,14548,14595,0
Female,University,Single,26,200000,0,0,0,0,0,0,0,0,0,0,0,0,0,0,0,0,0
Female,Graduate,Single,24,70000,68689,68161,69534,67399,66963,66797,3120,3166,2609,2574,3000,65041,66368,64790,64389,63797,0
Female,University,Single,33,460000,877,0,3352,0,0,44849,0,3352,0,0,44849,0,0,0,0,0,0
Female,University,Married,47,80000,7345,4596,0,0,0,0,4596,0,0,0,0,0,0,0,0,0,0
Female,University,Married,49,90000,316,714,1443,13982,4105,1594,714,1443,13982,4105,1765,0,0,0,0,-171,0
Female,Graduate,Single,29,310000,760,3674,368,-2444,-2444,151306,3674,500,0,0,155438,0,-132,-2444,-2444,-4132,0
Female,Graduate,Married,38,310000,0,0,0,0,0,69,0,0,0,0,69,0,0,0,0,0,1
Female,University,Single,29,50000,48517,49391,27780,28585,28130,29005,3000,2000,1200,1000,1300,46391,25780,27385,27130,27705,0
Female,Graduate,Single,30,220000,15069,0,14129,28246,9995,198,680,14129,16000,5000,198,-680,0,12246,4995,0,0
Female,Graduate,Single,25,70000,31680,28410,24046,19194,16621,10797,2000,2000,2000,3000,2500,26410,22046,17194,13621,8297,0
Male,Graduate,Married,34,60000,37749,38785,39803,40837,41783,42689,1948,1966,2000,1600,1600,36837,37837,38837,40183,41089,0
Male,Graduate,Married,54,450000,727,0,419,0,0,0,0,419,0,0,0,0,0,0,0,0,0
Female,Graduate,Single,29,20000,342,792,677,-1,213,856,792,677,0,214,856,0,0,-1,-1,0,0
Female,Graduate,Single,33,420000,6135,-2314,-3859,172,3859,8274,51,0,4031,3859,5000,-2365,-3859,-3859,0,3274,1
Male,University,Single,22,10000,6579,7599,8608,8780,9114,9234,1134,1143,315,476,420,6465,7465,8465,8638,8814,1
Female,University,Married,25,20000,1650,1650,1650,1650,1650,1650,0,0,0,0,0,1650,1650,1650,1650,1650,1
Female,University,Single,49,200000,91140,93011,90634,95464,99894,98171,4200,0,7260,6100,0,88811,90634,88204,93794,98171,1
Female,University,Married,25,80000,78639,80188,80711,59119,62019,60955,3200,2500,2182,4700,0,76988,78211,56937,57319,60955,0
Male,High School,Single,30,80000,78010,5976,5812,4788,3758,3812,1106,1060,154,147,127,4870,4752,4634,3611,3685,1
Male,Graduate,Single,23,60000,59318,54553,51323,38031,38825,39255,2065,1597,1473,1521,1538,52488,49726,36558,37304,37717,0
Male,Graduate,Single,28,230000,326,326,326,326,1176,326,326,326,326,1176,326,0,0,0,0,0,0
Male,Graduate,Single,30,100000,94432,92080,93046,94898,97763,99102,0,3400,3383,4380,4300,92080,89646,91515,93383,94802,0
Male,Graduate,Single,29,200000,0,0,0,0,0,0,0,0,0,0,0,0,0,0,0,0,1
Male,Graduate,Single,26,110000,57861,47409,47743,45654,26525,22937,2191,1525,18236,1500,2000,45218,46218,27418,25025,20937,0
Male,University,Single,22,50000,47478,43300,0,0,0,0,1000,0,0,0,0,42300,0,0,0,0,0
Male,Graduate,Married,53,260000,0,990,0,1930,4304,150,990,0,1930,4304,0,0,0,0,0,150,1
Female,Graduate,Single,32,220000,205310,203343,209214,210965,214989,203159,7600,9800,7200,7700,7500,195743,199414,203765,207289,195659,0
Male,Graduate,Married,32,200000,1727,1796,-4,-4,1565,1686,1809,0,0,1569,1691,-13,-4,-4,-4,-5,0
Female,University,Married,26,10000,5015,4789,6199,5951,6255,6401,0,1500,0,400,400,4789,4699,5951,5855,6001,1
Male,University,Married,34,180000,37671,39009,40213,41702,43687,44982,1800,2000,2000,2500,2000,37209,38213,39702,41187,42982,0
Female,University,Single,30,210000,45998,47107,50999,51884,50926,54404,2150,5000,2020,0,4500,44957,45999,49864,50926,49904,0
Male,Graduate,Single,29,310000,45153,36123,26113,22661,20351,16639,2904,1500,1000,2000,1000,33219,24613,21661,18351,15639,1
Male,Graduate,Single,29,360000,12018,31282,28823,51120,2222,-34,32038,28982,51379,2233,0,-756,-159,-259,-11,-34,0
Male,Graduate,Married,51,200000,102847,52556,34369,14240,23762,18198,52556,2003,1000,26068,10019,0,32366,13240,-2306,8179,0
Male,University,Married,39,180000,180645,184303,179230,181763,180019,171711,8000,0,7000,7000,6150,176303,179230,174763,173019,165561,1
Male,University,Single,27,140000,34229,35262,38079,37167,41146,40332,1583,3400,0,4600,0,33679,34679,37167,36546,40332,0
Female,Graduate,Single,32,50000,20091,20175,22718,22057,23044,24990,700,3200,0,1500,2340,19475,19518,22057,21544,22650,1
Male,High School,Married,33,60000,59615,59570,60851,56113,30326,30038,2300,2317,2500,1100,1300,57270,58534,53613,29226,28738,0
Female,University,Married,27,90000,0,0,0,0,0,0,0,0,0,0,0,0,0,0,0,0,0
Male,University,Single,40,100000,86208,173340,36562,37298,39687,40044,3595,3218,1345,3000,1275,169745,33344,35953,36687,38769,0
Male,High School,Single,24,20000,-1400,-1400,-1400,-1000,-1000,0,0,0,1000,0,1000,-1400,-1400,-2000,-1000,-1000,0
Male,Graduate,Single,29,110000,18166,18364,19742,23886,29949,34969,3000,3500,5500,10000,6000,15364,16242,18386,19949,28969,0
Female,Graduate,Single,25,70000,24526,25532,25971,14859,14930,15091,1790,1229,519,687,557,23742,24742,14340,14243,14534,0
Female,University,Married,33,170000,4018,6302,6844,1467,4797,2659,6330,6844,1467,9594,2659,-28,0,0,-4797,0,0
Male,Graduate,Married,64,500000,0,0,0,0,0,0,0,0,0,0,0,0,0,0,0,0,1
Male,University,Married,38,30000,9303,9009,13861,13344,13972,18735,0,5000,0,1000,5000,9009,8861,13344,12972,13735,0
Female,University,Single,23,50000,33109,32856,27438,4786,768,-579,1660,1600,624,768,173,31196,25838,4162,0,-752,0
Female,University,Single,22,10000,9721,11756,10844,10468,10101,9911,2939,0,507,365,404,8817,10844,9961,9736,9507,0
Female,Graduate,Single,35,200000,13766,39072,44758,45571,40592,7145,39124,15000,1622,2068,1000,-52,29758,43949,38524,6145,0
Female,Graduate,Single,29,390000,196172,196262,157388,123706,115813,112143,9599,10054,4242,4346,5000,186663,147334,119464,111467,107143,0
Female,University,Single,32,140000,76187,84734,91142,88800,90750,88591,9834,8742,0,3500,0,74900,82400,88800,87250,88591,1
Female,High School,Married,50,220000,612,10612,2225,4782,416,12287,10612,2225,4782,5286,12287,0,0,0,-4870,0,0
Female,Graduate,Married,40,500000,2121,0,0,0,0,522,0,0,0,0,522,0,0,0,0,0,0
Female,University,Married,49,100000,1261,1261,1261,390,390,390,1261,1261,390,390,390,0,0,0,0,0,0
Female,High School,Married,30,400000,121219,113770,355718,298654,263190,202907,4981,263106,10900,10063,7708,108789,92612,287754,253127,195199,0
Male,Graduate,Single,26,80000,76436,75437,58309,59217,59955,57100,5990,2500,3000,2500,3000,69447,55809,56217,57455,54100,0
Male,University,Single,39,30000,28138,28401,28949,28218,27262,27434,1793,1731,1200,1000,1009,26608,27218,27018,26262,26425,0
Male,Graduate,Married,35,240000,160161,159484,162231,163255,165436,168178,7405,8005,6005,30912,5000,152079,154226,157250,134524,163178,1
Male,Graduate,Single,49,500000,478030,419644,309019,292878,152025,110034,205,10500,9692,4823,3986,419439,298519,283186,147202,106048,1
Male,University,Married,36,50000,42150,44148,45333,27095,28508,28814,3000,3000,2000,2000,967,41148,42333,25095,26508,27847,0
Male,University,Married,34,180000,1341,4185,291,570,2260,1583,4185,291,570,2260,1583,0,0,0,0,0,0
Female,University,Married,33,100000,70096,71667,73043,73928,80682,77485,3300,3200,2650,9000,0,68367,69843,71278,71682,77485,0
Female,University,Single,29,180000,85465,95546,93000,93526,66726,42668,11508,0,2340,1850,4000,84038,93000,91186,64876,38668,0
Male,High School,Single,40,50000,52828,93362,46645,19114,19341,20047,3000,2403,6700,1000,1000,90362,44242,12414,18341,19047,0
Male,Graduate,Single,29,360000,51400,0,0,0,0,0,0,0,0,0,0,0,0,0,0,0,0
Female,University,Married,27,330000,0,0,0,0,0,0,0,0,0,0,0,0,0,0,0,0,1
Male,Graduate,Married,38,200000,3048,0,100000,0,0,0,0,100000,0,0,0,0,0,0,0,0,0
Male,University,Single,22,40000,900,2833,9495,6965,2759,0,2833,9495,0,0,0,0,0,6965,2759,0,0
Male,Graduate,Single,37,260000,36664,22228,39330,39880,78787,52790,1690,19342,15000,53787,22790,20538,19988,24880,25000,30000,0
Male,Graduate,Married,40,320000,10853,33968,86024,232017,15622,7463,34151,86466,232242,3199,7500,-183,-442,-225,12423,-37,0
Female,University,Married,22,10000,390,390,9159,9363,8160,7552,390,9159,700,279,1000,0,0,8663,7881,6552,0
Female,University,Married,30,230000,218495,223270,227807,218047,223370,206937,8270,8366,6012,9474,6962,215000,219441,212035,213896,199975,0
Female,University,Single,24,10000,5666,576,1709,1470,2010,780,576,1709,1470,2010,0,0,0,0,0,780,1
Male,Graduate,Single,25,30000,581,1312,731,7300,6071,7849,1312,0,7300,6071,8000,0,731,0,0,-151,1
Male,University,Married,41,90000,45431,46338,45129,45640,46175,46716,2749,2206,1113,1135,1153,43589,42923,44527,45040,45563,0
Female,High School,Married,41,300000,390,390,780,390,390,5144,390,780,0,390,5144,0,0,390,0,0,0
Female,University,Single,31,230000,17587,19297,19580,8247,-6666,13334,2000,1000,2000,0,20000,17297,18580,6247,-6666,-6666,0
Male,University,Single,27,150000,9489,11757,12438,14240,15288,-1000,2500,1202,3000,1048,0,9257,11236,11240,14240,-1000,0
Male,University,Married,52,60000,56893,58170,56539,29425,28013,29075,3000,2000,1000,1000,1500,55170,54539,28425,27013,27575,0
Male,University,Single,25,50000,41739,20650,0,0,0,0,1650,0,0,0,0,19000,0,0,0,0,0
Male,University,Single,31,140000,64300,62758,77133,71397,71546,83412,20009,32637,15027,10021,20055,42749,44496,56370,61525,63357,0
Female,High School,Married,25,90000,80603,73487,70581,67336,67069,67890,2827,2370,2300,2300,2700,70660,68211,65036,64769,65190,0
Female,High School,Married,50,80000,67328,69356,73445,74645,73330,78032,3113,5850,3000,0,6103,66243,67595,71645,73330,71929,1
Female,University,Married,38,260000,892,2955,10319,4078,749,1040,2955,10319,4078,0,1040,0,0,0,749,0,0
Female,High School,Married,53,60000,747,498,249,0,58628,59550,0,0,0,115800,2141,498,249,0,-57172,57409,0
Male,University,Married,48,50000,44489,45470,46424,45377,48441,47511,2000,2000,0,3800,0,43470,44424,45377,44641,47511,1
Male,Graduate,Single,34,150000,40749,39815,46887,45832,52968,60034,0,8538,0,8810,8942,39815,38349,45832,44158,51092,0
Female,Graduate,Married,36,220000,307,191,-125,-441,10243,9927,200,0,0,11000,10000,-9,-125,-441,-757,-73,0
Female,Graduate,Married,36,330000,95255,101046,100349,100218,100334,98097,10500,4074,3600,4005,3600,90546,96275,96618,96329,94497,0
Female,University,Single,37,300000,67943,69969,71387,72340,73853,75316,3121,3175,2736,2829,2843,66848,68212,69604,71024,72473,0
Female,University,Married,29,70000,71232,71262,71509,70695,71189,70554,2751,3600,2694,2800,2743,68511,67909,68001,68389,67811,0
Female,Graduate,Single,29,300000,-1282,-1282,132218,133533,136877,139940,0,133500,5000,5500,5500,-1282,-1282,128533,131377,134440,0
Female,University,Married,43,70000,31652,35809,34934,35652,38079,37314,5000,0,1300,3000,0,30809,34934,34352,35079,37314,0
Male,University,Single,24,110000,101402,104878,105325,102220,107970,103301,6600,3700,0,7500,0,98278,101625,102220,100470,103301,0
Female,University,Single,28,240000,121109,124460,126384,126917,90822,83742,6000,5000,4000,4000,4000,118460,121384,122917,86822,79742,0
Female,High School,Single,54,80000,60980,1541,4822,4918,5188,5797,1541,4822,324,500,700,0,0,4594,4688,5097,0
Male,High School,Single,26,50000,0,0,0,0,0,0,0,0,0,0,0,0,0,0,0,0,0
Female,Graduate,Married,32,420000,45465,46232,31233,22768,22588,22172,1706,1401,804,852,0,44526,29832,21964,21736,22172,0
Female,University,Married,41,220000,27094,27819,30363,29579,48933,97187,1465,3009,0,20000,50000,26354,27354,29579,28933,47187,0
Female,Graduate,Single,31,150000,90121,51385,26352,27607,29457,40706,2031,2000,2000,2457,12060,49354,24352,25607,27000,28646,0
Female,Graduate,Single,31,60000,9815,11093,699,699,0,1000,11160,699,0,0,1430,-67,0,699,0,-430,0
Female,University,Married,46,260000,0,135,0,0,109,945,135,0,0,109,945,0,0,0,0,0,0
Female,Graduate,Single,34,180000,0,0,0,4279,488,659,0,0,4279,488,659,0,0,0,0,0,1
Female,University,Single,25,130000,39728,38815,39828,40468,41315,42133,0,1960,1600,1650,1655,38815,37868,38868,39665,40478,0
Female,University,Married,45,220000,204052,207977,214117,216712,194521,198246,7600,10000,8255,7200,7500,200377,204117,208457,187321,190746,0
Male,Other,Single,40,200000,58118,205712,194265,139360,82750,0,150000,7673,5000,5000,0,55712,186592,134360,77750,0,0
Male,Graduate,Single,27,130000,326,326,326,2400,1075,1650,326,326,2400,0,1650,0,0,0,1075,0,1
Female,Graduate,Single,41,420000,22186,15258,13513,80831,39333,26831,15262,13523,80854,787,850,-4,-10,-23,38546,25981,0
Female,Graduate,Married,23,30000,26669,28080,28836,28812,29400,30000,1844,1600,576,588,600,26236,27236,28236,28812,29400,1
Male,High School,Married,43,110000,390,5050,63032,33228,31073,25035,5050,63032,1100,1100,1000,0,0,32128,29973,24035,0
Female,University,Single,25,150000,0,0,0,0,0,0,0,0,0,0,0,0,0,0,0,0,1
Female,University,Married,38,50000,0,0,0,0,0,0,0,0,0,0,0,0,0,0,0,0,0
Female,Graduate,Married,41,200000,0,0,0,0,0,0,0,0,0,0,0,0,0,0,0,0,0
Female,Graduate,Married,33,170000,170440,170060,115372,211577,120407,122952,8200,5200,5000,5000,5000,161860,110172,206577,115407,117952,1
Female,Other,Single,25,200000,134857,123653,108765,96918,98685,97621,4257,3274,3025,3266,3145,119396,105491,93893,95419,94476,0
Female,University,Married,31,200000,153829,153229,148438,143121,141466,128846,7022,6700,5500,6000,9800,146207,141738,137621,135466,119046,0
Female,Other,Single,33,50000,50786,50450,45210,29917,17859,0,2034,1251,848,872,0,48416,43959,29069,16987,0,0
Male,Graduate,Single,38,500000,477468,488083,498839,411820,422671,394599,21000,22800,15200,19000,16000,467083,476039,396620,403671,378599,0
Male,Graduate,Single,25,150000,3125,8418,797,-3,-3,-3,8443,799,0,0,0,-25,-2,-3,-3,-3,0
Male,University,Single,25,30000,836,836,390,390,390,0,836,390,390,390,0,0,0,0,0,0,0
Female,Graduate,Single,33,230000,483,0,342,955,957,1407,0,342,955,2,1511,0,0,0,955,-104,0
Female,University,Married,49,360000,13219,8644,454,-2,-2,-2,3050,456,0,0,0,5594,-2,-2,-2,-2,1
Female,Graduate,Married,37,380000,452092,442041,446224,419943,420016,426622,17400,16672,14088,14500,14700,424641,429552,405855,405516,411922,0
Female,High School,Single,43,30000,13509,13499,14979,15737,15201,14807,500,2000,1300,0,0,12999,12979,14437,15201,14807,0
Female,University,Single,43,50000,53651,51703,48675,40059,41411,42722,3000,2000,1436,2000,2000,48703,46675,38623,39411,40722,0
Female,University,Married,47,420000,0,0,0,0,0,0,0,0,0,0,0,0,0,0,0,0,0
Male,University,Single,32,70000,66982,68817,60607,28622,24485,18419,3036,2264,858,797,814,65781,58343,27764,23688,17605,0
Female,University,Married,37,50000,51734,51665,51105,47494,31375,30781,2003,1680,1860,1061,1392,49662,49425,45634,30314,29389,0
Female,University,Single,33,350000,341200,328857,324873,300004,306269,273732,14000,12000,10400,12000,12000,314857,312873,289604,294269,261732,1
Male,Graduate,Single,32,200000,10532,0,0,0,0,2842,0,0,0,0,2842,0,0,0,0,0,0
Male,University,Single,29,340000,5060,7604,14900,0,2650,1000,7604,10000,0,2650,0,0,4900,0,0,1000,0
Male,University,Single,25,50000,24724,25895,23627,24827,25521,26523,2000,2000,2000,1500,2000,23895,21627,22827,24021,24523,0
Female,University,Single,22,20000,15189,17802,17219,18377,17941,19572,2869,0,1444,0,1933,14933,17219,16933,17941,17639,1
Female,Graduate,Single,34,360000,0,0,0,0,0,0,0,0,0,0,0,0,0,0,0,0,1
Male,Graduate,Single,29,140000,29785,32140,34002,23567,24377,4327,4000,3000,3000,1000,1000,28140,31002,20567,23377,3327,0
Male,University,Married,39,150000,117485,114166,116491,118839,126102,123914,0,4225,4282,9207,0,114166,112266,114557,116895,123914,1
Female,Graduate,Married,35,100000,98899,102435,98188,97189,97013,96950,8800,0,3600,3500,3700,93635,98188,93589,93513,93250,1
Male,Graduate,Married,44,460000,1762,3152,531,522,4434,9767,3152,531,500,4434,9767,0,0,22,0,0,0
Female,University,Married,34,150000,147833,148066,142163,135075,135309,135165,6130,27,4610,5000,5000,141936,142136,130465,130309,130165,0
Female,Graduate,Married,39,290000,79298,-40,122380,0,32720,-200,0,122420,0,32720,200,-40,-40,0,0,-400,0
Female,University,Married,35,240000,109226,110226,111030,114584,115681,112528,5500,5400,8000,4179,0,104726,105630,106584,111502,112528,0
Female,Graduate,Single,41,210000,779,11040,12471,13684,15356,16337,11000,2200,2000,2000,2000,40,10271,11684,13356,14337,0
Female,University,Single,33,350000,293303,338272,177483,182381,194678,215024,50070,10000,8000,15036,30050,288202,167483,174381,179642,184974,0
Female,High School,Married,37,280000,4591,38854,15287,14201,26133,4504,38979,16,14201,26133,4504,-125,15271,0,0,0,0
Male,University,Married,43,150000,105416,106773,106500,104670,55442,55936,5800,4648,2000,2889,2700,100973,101852,102670,52553,53236,0
Female,University,Married,29,170000,7383,23400,49771,30929,31429,14170,23518,50026,31023,20157,14233,-118,-255,-94,11272,-63,0
Male,High School,Married,40,50000,24091,13698,14908,15033,15705,11616,0,1475,600,1000,500,13698,13433,14433,14705,11116,0
Male,University,Married,51,100000,56002,55557,54083,54601,55585,57027,1000,0,2000,2000,2500,54557,54083,52601,53585,54527,1
Male,University,Single,24,50000,47578,33666,16177,16607,17186,17749,2000,2000,1000,1000,1000,31666,14177,15607,16186,16749,0
Female,University,Married,33,230000,0,0,0,1990,0,0,0,0,1990,0,0,0,0,0,0,0,1
Male,University,Single,28,90000,33382,35526,37513,38637,44088,35705,3000,3000,3000,10000,3000,32526,34513,35637,34088,32705,1
Male,University,Single,24,20000,12060,11047,780,390,12246,12409,0,780,0,12246,911,11047,0,390,0,11498,0
Female,University,Single,40,260000,1022,1085,0,0,0,0,1085,0,0,0,0,0,0,0,0,0,0
Female,Graduate,Married,40,290000,636,6732,0,3692,0,1957,6732,0,3692,0,1957,0,0,0,0,0,1
Female,University,Married,34,50000,49378,48052,48573,28902,28205,30388,0,2033,1119,985,2000,48052,46540,27783,27220,28388,0
Female,High School,Single,42,60000,54216,27596,28772,19067,19467,9247,4000,2000,1000,1000,331,23596,26772,18067,18467,8916,0
Female,University,Married,36,180000,787,398,0,0,0,0,398,0,0,0,0,0,0,0,0,0,0
Female,University,Married,43,250000,82650,81977,24585,16753,17113,17298,3503,1553,1000,1000,1000,78474,23032,15753,16113,16298,0
Male,Graduate,Married,29,90000,82410,85150,81812,76424,77086,77634,8000,3000,3100,3000,3000,77150,78812,73324,74086,74634,0
Female,High School,Married,52,10000,3475,4366,4148,4579,4360,4787,1100,0,500,0,500,3266,4148,4079,4360,4287,0
Female,Graduate,Married,37,290000,54966,41327,24872,20318,26030,7258,4020,8000,0,16000,7258,37307,16872,20318,10030,0,0
Female,University,Single,27,80000,79534,81391,77033,47413,48650,49841,3174,2308,3400,2000,2000,78217,74725,44013,46650,47841,0
Female,University,Single,25,30000,300,300,300,1126,826,676,0,0,828,0,0,300,300,298,826,676,0
Female,University,Married,37,200000,24779,8313,1951,1951,3124,3259,8318,1951,0,3124,3259,-5,0,1951,0,0,0
Female,High School,Married,56,50000,63348,62934,60513,18712,17015,20284,2400,2500,1000,1000,5000,60534,58013,17712,16015,15284,0
Male,University,Married,47,220000,216591,197022,198088,187000,179703,174571,0,6000,0,14004,0,197022,192088,187000,165699,174571,1
Male,University,Married,48,430000,32263,32802,25645,25045,25568,26144,1794,2399,884,914,987,31008,23246,24161,24654,25157,0
Female,University,Married,27,50000,48945,36467,18890,30288,30003,29763,1819,2664,31057,1064,1073,34648,16226,-769,28939,28690,1
Male,Graduate,Single,33,410000,333,333,333,1019,2218,1216,333,333,1019,2218,1216,0,0,0,0,0,0
Female,University,Married,39,50000,23912,23242,25451,24743,25263,25763,0,2600,0,918,921,23242,22851,24743,24345,24842,0
Male,University,Single,47,110000,72897,72755,71698,72418,72293,73954,3290,3200,2700,2800,3000,69465,68498,69718,69493,70954,0
Male,Graduate,Single,28,50000,50146,47918,48866,4372,-1203,49830,0,2400,1000,0,51830,47918,46466,3372,-1203,-2000,0
Female,High School,Other,56,30000,26551,25844,27574,28420,29318,28704,0,2478,1600,1498,0,25844,25096,26820,27820,28704,1
Female,Graduate,Married,25,80000,6269,7212,7246,8073,8349,8420,1200,300,1100,700,500,6012,6946,6973,7649,7920,1
Male,University,Married,39,230000,8681,8681,8888,4932,10986,5081,8681,8888,4932,10986,5081,0,0,0,0,0,0
Male,University,Married,66,300000,259513,257866,261088,257288,256369,212395,10000,15000,9500,11000,9000,247866,246088,247788,245369,203395,1
Female,University,Single,28,230000,23063,14024,11825,14765,12383,10008,2000,2000,5000,1000,2000,12024,9825,9765,11383,8008,0
Male,Graduate,Married,36,220000,769,0,0,0,0,0,0,0,0,0,0,0,0,0,0,0,0
Female,Graduate,Single,26,200000,199649,202127,198168,189696,192462,194025,7263,7266,7000,7940,7009,194864,190902,182696,184522,187016,0
Female,Graduate,Single,30,130000,112822,115526,123658,120259,121205,124778,4527,10122,1,4355,8918,110999,113536,120258,116850,115860,1
Male,Graduate,Single,25,20000,17263,17581,19670,16730,18757,12875,4321,5200,350,4500,1000,13260,14470,16380,14257,11875,0
Female,Graduate,Single,31,400000,7912,4220,3364,2832,34967,38706,4220,3364,2500,34967,10000,0,0,332,0,28706,0
Female,Graduate,Single,29,230000,31206,28395,29127,25446,26141,26852,1500,1500,1000,1100,1300,26895,27627,24446,25041,25552,0
Male,University,Married,36,30000,6727,5023,6714,8714,9514,3300,2000,2000,2000,5000,0,3023,4714,6714,4514,3300,0
Male,University,Married,44,190000,197494,194913,192896,116537,112086,108660,7200,8000,4100,4000,5000,187713,184896,112437,108086,103660,0
Female,Graduate,Single,27,220000,471,5261,16436,16071,96,480,5272,17571,0,0,549,-11,-1135,16071,96,-69,0
Male,University,Single,30,20000,19149,20221,19812,10717,13534,15298,1392,1201,1000,3000,2000,18829,18611,9717,10534,13298,0
Female,University,Single,29,280000,0,0,0,0,0,5017,0,0,0,0,5017,0,0,0,0,0,0
Male,University,Married,36,190000,79584,83108,82179,80874,81720,87685,7007,2912,2871,3501,8001,76101,79267,78003,78219,79684,0
Male,Graduate,Single,36,260000,5877,427,-73,-73,-73,-73,10000,0,0,0,0,-9573,-73,-73,-73,-73,0
Female,University,Married,34,80000,63343,65325,69261,67551,71282,72942,3000,5631,0,5000,3000,62325,63630,67551,66282,69942,0
Female,University,Single,24,60000,57147,58104,58311,58828,58945,57918,3000,3000,2500,2100,4000,55104,55311,56328,56845,53918,0
Male,High School,Married,52,80000,35861,18521,19385,20561,21261,21457,1500,1500,1500,1028,876,17021,17885,19061,20233,20581,0
Female,Graduate,Married,36,360000,15521,36003,51414,17993,11546,9771,36011,20094,1000,11546,0,-8,31320,16993,0,9771,1
Female,University,Married,33,350000,598,0,0,0,0,687,0,0,0,0,687,0,0,0,0,0,0
Male,University,Single,25,50000,46741,48883,50074,60158,75277,90464,2900,2000,14455,16560,17000,45983,48074,45703,58717,73464,0
Female,Graduate,Married,40,360000,10210,-1814,-11035,12319,6050,2125,0,0,32319,6050,2125,-1814,-11035,-20000,0,0,0
Female,High School,Single,41,100000,7432,1633,2043,4830,3535,4307,1633,2043,4830,0,4307,0,0,0,3535,0,1
Female,Graduate,Single,29,360000,1498,0,0,0,0,902,0,0,0,0,902,0,0,0,0,0,0
Female,Graduate,Single,31,120000,388,-26,74,374,1549,7101,0,100,300,1584,7010,-26,-26,74,-35,91,0
Female,High School,Married,51,20000,19255,20650,0,0,0,0,2000,0,0,0,0,18650,0,0,0,0,0
Male,Graduate,Single,31,100000,84886,86729,87706,88859,90685,92736,4100,3300,3500,3400,3700,82629,84406,85359,87285,89036,1
Male,University,Single,22,60000,60103,52193,44934,17769,10400,1760,3033,2093,560,600,1760,49160,42841,17209,9800,0,0
Female,Graduate,Single,28,240000,5018,2300,0,2500,0,0,0,200,2500,0,0,2300,-200,0,0,0,1
Female,Graduate,Single,25,70000,67906,68201,69003,70146,71592,66053,2519,2371,2544,3000,1866,65682,66632,67602,68592,64187,0
Female,Graduate,Single,31,360000,12521,18746,47535,186,38169,2665,18843,48271,187,38359,2678,-97,-736,-1,-190,-13,0
Male,Graduate,Married,47,290000,3700,18019,4516,8140,59512,2716,18035,4516,8140,59512,2716,-16,0,0,0,0,0
Female,Graduate,Single,24,90000,85365,88054,90370,26420,27398,28295,4054,4444,1420,1398,1345,84000,85926,25000,26000,26950,0
Female,High School,Single,54,80000,12011,10484,12190,4000,0,4000,3794,6000,6500,0,4000,6690,6190,-2500,0,0,0
Male,University,Single,38,50000,28651,24587,25468,31488,68450,31036,0,5000,10000,5000,2500,24587,20468,21488,63450,28536,0
Female,High School,Single,54,50000,48065,48968,47368,9515,9483,9292,2082,1672,500,500,355,46886,45696,9015,8983,8937,0
Female,University,Married,45,160000,19477,10477,7396,5224,16989,1640,10528,7433,5245,17053,1647,-51,-37,-21,-64,-7,0
Female,High School,Single,53,120000,66963,68780,70830,71557,73052,74502,3500,3800,2500,2804,2820,65280,67030,69057,70248,71682,1
Female,Graduate,Single,27,500000,78335,61234,55446,47208,32019,22318,2315,2599,1500,2019,1200,58919,52847,45708,30000,21118,0
Female,University,Single,24,50000,1572,1572,6561,5091,353,26864,1572,6561,102,353,27000,0,0,4989,0,-136,0
Male,University,Single,28,50000,35277,34627,35096,9657,9617,9404,1800,1600,500,500,341,32827,33496,9157,9117,9063,1
Male,University,Single,28,50000,2940,3989,5116,4425,6353,15829,1100,1205,2000,2000,10000,2889,3911,2425,4353,5829,0
Female,Graduate,Single,33,210000,591,1053,2989,2046,17239,3680,1053,2992,2046,17239,3680,0,-3,0,0,0,0
Male,University,Single,26,80000,5844,6700,0,0,0,0,1067,0,0,0,0,5633,0,0,0,0,0
Male,Graduate,Single,31,20000,12761,13481,15322,14779,15543,16139,1229,2070,0,1000,1000,12252,13252,14779,14543,15139,0
Female,Graduate,Married,34,310000,455,455,1415,883,883,1033,455,1415,0,883,1033,0,0,883,0,0,1
Female,Graduate,Married,29,150000,18231,20625,17443,21649,22045,18814,3000,2,5000,2000,1500,17625,17441,16649,20045,17314,0
Female,University,Married,50,50000,48926,45156,27762,19238,15585,15892,2036,1243,3991,712,715,43120,26519,15247,14873,15177,1
Male,High School,Married,30,100000,68436,66783,74555,72759,74131,75603,0,9557,0,2700,2707,66783,64998,72759,71431,72896,1
Male,Other,Single,31,150000,136692,91815,0,0,0,0,2000,0,0,0,0,89815,0,0,0,0,0
Male,University,Single,23,50000,6226,5981,6870,7038,2268,5051,0,1032,200,285,3000,5981,5838,6838,1983,2051,0
Female,High School,Married,51,180000,0,31,31,31,1931,878,31,0,0,1900,878,0,31,31,31,0,1
Female,High School,Single,23,50000,8647,4872,-5,2809,0,0,4890,0,2814,0,0,-18,-5,-5,0,0,0
Female,High School,Married,36,50000,44449,35238,37551,17808,13765,14038,2500,11000,600,500,502,32738,26551,17208,13265,13536,0
Female,High School,Married,43,50000,6748,1366,1173,1473,1473,1623,1366,1173,1773,1473,1623,0,0,-300,0,0,0
Male,University,Married,41,230000,231187,231272,228653,225471,224853,230078,10500,10000,9000,8200,9000,220772,218653,216471,216653,221078,0
Female,University,Single,24,70000,68659,68259,14690,9980,15607,15209,3500,1400,700,6000,0,64759,13290,9280,9607,15209,0
Male,High School,Married,51,50000,6700,13902,42835,8500,0,0,13902,42863,8500,0,0,0,-28,0,0,0,0
Female,University,Single,31,10000,10503,9996,6528,4328,4328,4171,1140,1000,4328,4328,4171,8856,5528,0,0,0,0
Male,High School,Single,27,30000,27061,28129,29377,29625,30134,28716,1504,1752,1000,2257,0,26625,27625,28625,27877,28716,0
Female,University,Married,29,230000,69853,61844,24802,61631,46396,28311,2310,2000,49000,1500,1000,59534,22802,12631,44896,27311,0
Female,High School,Married,61,50000,20907,22236,23250,23564,30882,30242,1672,1686,1000,7764,0,20564,21564,22564,23118,30242,0
Male,University,Married,31,20000,17766,18806,19772,18940,18587,20352,1630,1596,664,838,2241,17176,18176,18276,17749,18111,0
Female,University,Single,31,20000,16569,22372,25285,24669,20899,11968,11000,5000,0,418,5000,11372,20285,24669,20481,6968,0
Male,University,Married,26,360000,0,2500,0,0,0,0,2500,0,0,0,0,0,0,0,0,0,0
Male,Graduate,Single,28,120000,8460,7729,8920,7439,26832,26287,5000,1500,7000,21300,0,2729,7420,439,5532,26287,0
Male,Graduate,Married,35,400000,11802,73011,79259,87413,92269,100973,73022,10000,10009,8000,10000,-11,69259,77404,84269,90973,0
Male,Graduate,Married,40,360000,5772,11664,15390,7090,2115,20075,11694,10048,35,2126,21220,-30,5342,7055,-11,-1145,0
Male,Graduate,Married,55,500000,16593,226145,216931,207423,197914,188329,226145,7815,7372,7113,6967,0,209116,200051,190801,181362,0
Male,Graduate,Married,50,500000,197004,202740,203537,167013,169395,171648,20000,15000,15000,15000,15000,182740,188537,152013,154395,156648,0
Male,University,Single,26,80000,2159,4132,5949,7144,5309,500,2000,2002,2005,15,523,2132,3947,5139,5294,-23,0
Female,University,Single,23,20000,9410,7120,0,0,0,0,7120,0,0,0,0,0,0,0,0,0,0
Female,Graduate,Single,24,20000,24146,25374,19075,18907,18507,20046,2024,2000,1005,1188,2002,23350,17075,17902,17319,18044,0
Male,University,Married,51,200000,1690,0,396,792,0,396,0,396,792,0,396,0,0,0,0,0,1
Female,High School,Married,27,50000,11231,6482,8799,8033,8933,7995,2000,5000,0,1000,1000,4482,3799,8033,7933,6995,0
Female,High School,Married,46,120000,4940,0,0,0,0,0,0,0,0,0,0,0,0,0,0,0,1
Male,University,Single,37,30000,27526,28794,29480,29679,16451,0,1714,1400,599,0,0,27080,28080,29080,16451,0,0
Male,University,Married,35,390000,33808,15275,17331,78340,76892,57954,15347,17375,70077,15103,3290,-72,-44,8263,61789,54664,0
Male,Graduate,Married,57,200000,1964,2684,11764,9830,669,-716,2698,11764,1000,0,0,-14,0,8830,669,-716,0
Female,Graduate,Married,52,260000,150,150,150,150,2500,0,0,0,0,2500,0,150,150,150,0,0,1
Male,University,Single,33,210000,1024,264,264,264,42515,43104,264,264,264,42515,1559,0,0,0,0,41545,0
Male,Graduate,Married,46,180000,780,780,390,390,390,540,0,0,390,390,540,780,390,0,0,0,0
Female,University,Married,27,120000,83567,78276,78971,80907,79219,77809,4326,3000,9000,0,3000,73950,75971,71907,79219,74809,0
Male,Graduate,Single,26,50000,5713,5406,-978,978,652,626,0,0,1956,0,626,5406,-978,-978,652,0,1
Male,University,Single,32,50000,46281,27311,41032,29626,26328,28475,1658,29000,1027,1300,2600,25653,12032,28599,25028,25875,0
Male,Graduate,Single,30,50000,43935,47744,40339,44377,48723,49841,5000,2000,5000,5000,2010,42744,38339,39377,43723,47831,0
Female,University,Single,24,90000,80699,68100,33434,0,0,0,2991,2655,0,0,0,65109,30779,0,0,0,0
Female,Graduate,Single,23,80000,32337,31543,32141,28622,24619,23211,0,1659,4000,0,1000,31543,30482,24622,24619,22211,0
Male,University,Single,24,50000,23553,21507,17827,7655,7881,8248,1700,2000,500,500,500,19807,15827,7155,7381,7748,0
Female,University,Single,24,310000,203519,182513,161002,139275,120762,102598,6373,5600,5000,4500,3500,176140,155402,134275,116262,99098,0
Male,Graduate,Single,25,100000,18883,20272,22577,21037,22373,23352,2000,3000,1000,2000,1500,18272,19577,20037,20373,21852,0
Female,High School,Married,50,230000,0,211,3546,0,1490,0,211,3546,0,1490,0,0,0,0,0,0,0
Female,High School,Single,40,120000,31543,31641,32286,32692,32261,32644,1600,1600,1200,1200,1200,30041,30686,31492,31061,31444,1
Male,Graduate,Married,48,230000,160879,161797,165107,105508,108101,110094,7000,6607,3773,4290,4164,154797,158500,101735,103811,105930,0
Female,High School,Married,38,360000,29773,24395,22285,21359,21581,16065,2000,0,687,3864,1065,22395,22285,20672,17717,15000,0
Male,Graduate,Married,37,500000,37443,24110,28593,22707,23495,40283,24197,28832,22784,23536,40542,-87,-239,-77,-41,-259,0
Male,High School,Married,44,50000,49996,50386,24565,21098,18965,18063,1596,1291,695,668,654,48790,23274,20403,18297,17409,1
Female,University,Single,49,30000,11554,12662,13744,14712,14334,15593,1300,1300,1200,0,1500,11362,12444,13512,14334,14093,0
Female,Graduate,Married,45,720000,125529,112933,105582,104501,83504,79411,8019,8043,10092,3020,2591,104914,97539,94409,80484,76820,0
Male,Graduate,Single,22,10000,4060,2774,3764,4001,5134,4762,1300,1200,300,1200,0,1474,2564,3701,3934,4762,0
Female,Graduate,Single,27,400000,5457,4438,5048,7013,52189,16153,4460,5072,7048,52317,16232,-22,-24,-35,-128,-79,1
Female,Graduate,Single,33,150000,2858,9934,19312,46321,146947,237926,9934,19312,30000,105180,103752,0,0,16321,41767,134174,0
Male,Graduate,Single,54,500000,2634,1108,1318,36032,0,11270,1119,1318,36032,0,11270,-11,0,0,0,0,0
Male,University,Married,25,50000,43259,35307,23096,18970,19514,20038,1405,1366,1000,1000,1000,33902,21730,17970,18514,19038,0
Female,University,Single,26,210000,26847,26883,27180,27035,27390,28045,1500,1500,1000,1500,2000,25383,25680,26035,25890,26045,0
Female,Graduate,Single,36,260000,531,0,0,1245,0,0,0,0,1245,0,0,0,0,0,0,0,0
Female,University,Married,38,240000,7466,221,189,189,1648,1459,899,198,0,1459,0,-678,-9,189,189,1459,1
Female,University,Single,30,360000,0,90,0,0,4460,2169,90,0,0,4460,2169,0,0,0,0,0,0
Female,Graduate,Single,30,200000,0,0,324,3741,1374,2932,0,324,3741,0,3118,0,0,0,1374,-186,0
Female,High School,Single,43,50000,150,809,-60,-210,-360,-510,809,0,0,0,0,0,-60,-210,-360,-510,0
Female,University,Single,23,80000,0,0,0,0,0,0,0,0,0,0,0,0,0,0,0,0,1
Male,Graduate,Single,29,230000,32375,36817,40170,43473,44663,47207,5000,5000,5000,3000,5000,31817,35170,38473,41663,42207,0
Female,Graduate,Married,40,500000,4240,80648,110704,99984,71135,56594,80648,35000,10000,10000,2430,0,75704,89984,61135,54164,0
Male,Graduate,Single,40,70000,45740,44727,45738,48977,52191,53242,0,1750,4000,4000,2060,44727,43988,44977,48191,51182,1
Female,Graduate,Married,36,50000,37397,40292,43073,44067,44955,44081,3500,3452,2000,1738,0,36792,39621,42067,43217,44081,1
Male,High School,Single,34,210000,862,1136,1511,54400,81139,82585,1144,1515,54409,30000,3759,-8,-4,-9,51139,78826,0
Female,Graduate,Married,41,220000,157980,163974,140964,105353,100750,85261,11024,5198,6006,10362,5000,152950,135766,99347,90388,80261,0
Female,University,Married,29,100000,75242,73482,76628,82320,83359,85837,0,5000,7000,2500,4000,73482,71628,75320,80859,81837,0
Male,University,Single,45,150000,9487,0,0,159,14903,410,0,0,159,14903,509,0,0,0,0,-99,0
Male,University,Married,42,50000,1464,1469,2185,0,19777,19910,1469,2185,0,19777,629,0,0,0,0,19281,0
Male,High School,Married,45,50000,261,1305,1134,1073,1312,51,2305,0,1200,1500,0,-1000,1134,-127,-188,51,0
Male,University,Single,48,410000,28921,13482,8484,15286,17116,18777,5422,3040,15362,17133,5076,8060,5444,-76,-17,13701,1
Female,University,Single,29,80000,0,0,0,0,0,0,0,0,0,0,0,0,0,0,0,0,0
Male,University,Married,35,70000,68375,71660,66948,30406,29128,23597,5000,0,1001,944,5000,66660,66948,29405,28184,18597,0
Female,High School,Single,28,210000,1082,0,0,232,0,150,0,0,232,0,150,0,0,0,0,0,0
Female,University,Single,36,290000,320952,326625,290268,296053,302793,307336,11149,10524,10600,11500,10000,315476,279744,285453,291293,297336,0
Male,University,Married,42,50000,12111,12911,13990,14356,14657,15013,1300,1300,600,532,600,11611,12690,13756,14125,14413,1
Male,University,Married,40,380000,31526,51255,63052,0,1184,21852,21255,13052,0,1184,21852,30000,50000,0,0,0,0
Female,University,Single,24,60000,59201,58493,58820,57827,61055,56668,2300,2700,2200,4500,0,56193,56120,55627,56555,56668,0
Male,Graduate,Married,37,200000,4289,2907,3720,7720,5030,2990,1187,1000,4000,1000,3020,1720,2720,3720,4030,-30,0
Female,Other,Single,32,200000,64059,66113,15421,15728,16057,16398,3372,1246,553,572,597,62741,14175,15175,15485,15801,0
Male,Graduate,Single,33,190000,546,1213,15571,14625,28520,24920,1213,15571,0,28520,0,0,0,14625,0,24920,0
Female,University,Married,46,80000,73366,76178,78560,49399,48420,50600,4000,4000,2000,3000,3003,72178,74560,47399,45420,47597,0
Female,Graduate,Single,33,480000,118986,62137,79556,97836,96299,88757,30000,30276,30000,30000,15000,32137,49280,67836,66299,73757,0
Male,High School,Married,53,20000,16854,18075,19020,19000,19500,10000,1500,1400,380,500,500,16575,17620,18620,19000,9500,0
Male,High School,Single,30,230000,0,0,0,0,0,0,0,0,0,0,0,0,0,0,0,0,1
Male,University,Married,31,160000,75636,77220,79129,80710,82749,84871,3400,3800,3500,3500,3500,73820,75329,77210,79249,81371,0
Male,High School,Married,49,50000,36728,35835,32092,32581,33897,34691,36,1833,1322,2000,1358,35799,30259,31259,31897,33333,0
Female,University,Married,47,80000,17401,8824,13261,6261,6261,6261,0,13261,6261,6261,6261,8824,0,0,0,0,0
Female,University,Married,39,240000,11958,0,0,0,0,0,0,0,0,0,0,0,0,0,0,0,0
Female,Graduate,Single,27,50000,451,-49,6258,1032,2766,1401,0,6307,1035,3164,1405,-49,-49,-3,-398,-4,0
Male,University,Married,35,300000,240394,239798,242518,224580,179060,154320,10000,10000,8000,8000,10000,229798,232518,216580,171060,144320,0
Female,University,Single,23,200000,67821,4938,-849,107555,108177,110506,4938,473,110000,3899,4100,0,-1322,-2445,104278,106406,0
Male,University,Married,43,180000,171992,175427,150965,71478,72955,74426,6099,4427,1949,2007,2030,169328,146538,69529,70948,72396,0
Male,High School,Single,27,370000,50886,61378,96133,103773,137735,234740,11378,36133,18773,37735,100000,50000,60000,85000,100000,134740,0
Male,University,Single,28,230000,31875,31611,32411,34162,34884,35569,2000,2000,4000,2000,2000,29611,30411,30162,32884,33569,0
Female,University,Married,27,90000,85753,87510,85188,87112,169533,90316,4000,0,4200,3285,7787,83510,85188,82912,166248,82529,1
Male,Graduate,Single,26,20000,11065,11788,13082,13498,14278,13899,1206,1500,634,1151,0,10582,11582,12864,13127,13899,1
Female,Graduate,Married,57,280000,929,1669,5707,4795,5328,4969,1669,4795,0,4115,0,0,912,4795,1213,4969,0
Female,Graduate,Married,39,200000,0,0,0,0,0,0,0,0,0,0,0,0,0,0,0,0,1
Male,University,Married,73,140000,135206,135316,134943,135772,138675,137197,5082,5008,5000,6016,5018,130234,129935,130772,132659,132179,0
Female,Graduate,Single,27,150000,3467,2182,1764,9558,59865,55717,2008,1764,9000,55000,4000,174,0,558,4865,51717,0
Female,University,Married,31,50000,26441,28297,29532,28758,30287,31133,2600,2000,0,2000,1500,25697,27532,28758,28287,29633,1
Female,University,Single,25,50000,40407,31811,13898,0,0,0,1814,1000,0,0,0,29997,12898,0,0,0,0
Female,Graduate,Single,23,20000,15573,17013,19413,14871,15478,16068,2000,3000,0,1000,1000,15013,16413,14871,14478,15068,0
Female,Graduate,Single,33,200000,150573,140844,144245,135946,135736,134500,6550,7200,5300,5400,5240,134294,137045,130646,130336,129260,0
Female,University,Single,23,20000,8647,9734,10594,11002,11608,9186,1232,1092,500,1000,500,8502,9502,10502,10608,8686,0
Male,University,Single,24,30000,26573,26988,14964,15428,15612,16630,1500,1600,1000,569,1280,25488,13364,14428,15043,15350,1
Female,University,Married,34,80000,17294,22256,21660,22055,22603,23133,5210,0,1000,1000,1000,17046,21660,21055,21603,22133,1
Female,University,Single,30,230000,112402,116273,118467,108826,100862,92481,6000,6000,4000,4000,3500,110273,112467,104826,96862,88981,0
Female,Graduate,Married,38,240000,0,0,0,0,0,0,0,0,0,0,0,0,0,0,0,0,0
Female,Graduate,Married,38,200000,166,1694,1519,0,0,600,1694,0,0,0,600,0,1519,0,0,0,1
Male,University,Married,49,80000,71775,68083,50642,47283,42340,40223,2911,1920,1541,1502,1619,65172,48722,45742,40838,38604,0
Male,University,Married,39,290000,-9,698,728,-2,-2,-2,707,730,0,0,0,-9,-2,-2,-2,-2,1
Female,University,Single,23,70000,18285,16903,18903,18443,10139,10141,1400,2332,0,365,364,15503,16571,18443,9774,9777,1
Female,University,Married,38,30000,7979,9046,10279,10610,10339,8710,1200,1423,754,0,1000,7846,8856,9856,10339,7710,0
Female,High School,Married,31,30000,18870,3222,390,390,390,390,1906,0,390,390,390,1316,390,0,0,0,1
Male,University,Single,37,280000,1152,49293,44707,39607,37542,34812,49349,3045,5028,5034,5024,-56,41662,34579,32508,29788,0
Female,University,Married,28,200000,3099,3174,0,3239,0,500,3174,0,3239,0,500,0,0,0,0,0,0
Male,Graduate,Single,28,60000,20000,0,0,0,0,0,0,0,0,0,0,0,0,0,0,0,0
Male,Other,Single,26,140000,136953,133265,82163,83238,85383,86615,6350,2900,2950,4000,3576,126915,79263,80288,81383,83039,0
Male,University,Single,29,390000,160537,186227,189792,109806,69845,48101,30000,9000,5000,2815,2111,156227,180792,104806,67030,45990,0
Female,Graduate,Single,28,30000,6359,7461,5172,5931,7665,9535,1230,1241,1000,2000,2000,6231,3931,4931,5665,7535,0
Male,High School,Married,54,160000,780,390,1560,1170,780,390,0,1560,0,0,0,390,0,1170,780,390,1
Female,University,Single,32,500000,13631,3840,7527,77166,74397,77055,3840,7527,77166,3397,4055,0,0,0,71000,73000,0
Female,University,Single,26,180000,5000,1600,2700,12000,0,1995,1600,2700,12000,0,1995,0,0,0,0,0,0
Female,University,Married,33,290000,117275,110481,107735,100195,84268,76356,3700,4005,4000,3000,2928,106781,103730,96195,81268,73428,0
Male,Graduate,Single,35,140000,142119,142362,142292,99399,101677,100867,6000,6982,3500,3800,3700,136362,135310,95899,97877,97167,0
Female,University,Married,31,50000,13641,15409,16052,15993,15780,15549,2000,1223,1000,1000,1000,13409,14829,14993,14780,14549,0
Male,Graduate,Married,47,130000,115704,117277,118814,119915,121325,122052,4900,5000,4503,4605,4400,112377,113814,115412,116720,117652,0
Male,High School,Married,48,160000,156197,102650,0,0,0,0,4700,0,0,0,0,97950,0,0,0,0,1
Male,University,Married,35,110000,112820,112134,110436,50175,50874,50730,4800,4108,4100,3000,1900,107334,106328,46075,47874,48830,0
Female,University,Married,33,180000,506,0,174,1974,3462,4114,0,174,1800,2600,2000,0,0,174,862,2114,0
Female,Other,Single,32,260000,169734,168207,155963,148701,141039,143838,6568,6025,5703,5123,5148,161639,149938,142998,135916,138690,1
Female,Graduate,Married,32,310000,66916,63746,58216,57112,53694,49205,2440,2041,1520,1581,1774,61306,56175,55592,52113,47431,0
Male,University,Married,44,450000,19951,7277,1096,1968,1575,3889,8203,1105,2012,2007,4019,-926,-9,-44,-432,-130,0
Male,Graduate,Single,27,130000,69353,49878,30242,31239,31893,32549,2139,1503,1500,1157,1186,47739,28739,29739,30736,31363,0
Female,Graduate,Married,36,300000,5602,2700,6300,8100,5400,2700,0,6300,5400,0,2700,2700,0,2700,5400,0,0
Female,Graduate,Married,39,160000,0,0,0,0,0,0,0,0,0,0,0,0,0,0,0,0,0
Male,University,Single,26,30000,12813,14899,16790,12400,780,0,3000,3000,6000,780,0,11899,13790,6400,0,0,0
Male,University,Married,48,270000,53624,67736,63082,73568,77642,73452,15018,0,20000,5000,10000,52718,63082,53568,72642,63452,1
Male,University,Married,63,360000,-3,-3,590,-10,2162,3528,0,593,0,2172,3545,-3,-3,-10,-10,-17,1
Male,University,Married,42,360000,0,0,0,0,0,0,0,0,0,0,0,0,0,0,0,0,1
Male,University,Married,40,180000,3071,5630,9040,1288,1419,2385,5639,9044,1290,1421,2386,-9,-4,-2,-2,-1,0
Female,High School,Married,41,360000,390,390,390,390,390,390,390,390,390,390,390,0,0,0,0,0,0
Male,Graduate,Married,45,280000,2482,2482,2482,2482,2482,2482,0,0,0,0,0,2482,2482,2482,2482,2482,1
Male,University,Single,44,220000,5005,9880,10542,10903,10981,9931,5000,1147,508,374,384,4880,9395,10395,10607,9547,0
Female,High School,Married,47,20000,8152,7268,3699,780,0,0,1125,1000,780,0,0,6143,2699,0,0,0,0
Male,High School,Married,32,310000,172772,152397,110375,84373,57779,14163,8295,6000,4000,3000,1000,144102,104375,80373,54779,13163,0
Male,University,Single,52,160000,2259,1869,12671,8315,5085,4900,1310,12671,166,102,1100,559,0,8149,4983,3800,1
Male,Graduate,Single,27,50000,-2900,-2900,-2900,-2900,-2900,-2900,0,0,0,0,0,-2900,-2900,-2900,-2900,-2900,0
Male,University,Married,38,20000,16619,17845,19000,0,0,0,1500,1500,0,0,0,16345,17500,0,0,0,1
Male,University,Single,26,20000,18626,20296,18902,38250,19709,19774,2000,1308,683,1472,714,18296,17594,37567,18237,19060,1
Male,University,Married,32,470000,181224,143173,145293,148871,152309,155769,7000,6000,6000,6000,6000,136173,139293,142871,146309,149769,0
Female,University,Married,31,160000,42781,42774,41817,749,5572,10573,2300,2300,749,5572,5573,40474,39517,0,0,5000,1
Male,Graduate,Single,31,220000,2828,2828,2828,2828,2828,3013,2828,2828,2828,2828,3013,0,0,0,0,0,0
Female,University,Married,42,50000,11618,12641,13953,13924,14399,14610,1216,1528,499,700,600,11425,12425,13425,13699,14010,0
Male,University,Single,22,50000,13752,17945,17807,17430,18262,14224,4448,1003,1000,1014,1004,13497,16804,16430,17248,13220,1
Female,Graduate,Married,53,230000,10000,0,0,0,0,0,0,0,0,0,0,0,0,0,0,0,0
Female,University,Married,51,70000,43913,44911,45772,46611,47508,48476,2000,1900,1900,1800,1900,42911,43872,44711,45708,46576,0
Male,High School,Single,29,360000,0,0,0,0,0,0,0,0,0,0,0,0,0,0,0,0,0
Female,University,Single,24,90000,520,0,0,0,0,0,0,0,0,0,0,0,0,0,0,0,0
Male,Graduate,Single,27,180000,2658,2014,536,1123,536,536,2014,536,1123,536,536,0,0,0,0,0,1
Male,University,Married,53,50000,47750,49149,47843,29018,29777,28722,2180,1874,1049,1237,1100,46969,45969,27969,28540,27622,1
Female,Graduate,Single,39,210000,0,0,0,0,0,0,0,0,0,0,0,0,0,0,0,0,0
Female,Graduate,Single,24,50000,52227,55264,52028,32140,32216,31482,5350,0,1085,2000,1226,49914,52028,31055,30216,30256,0
Male,University,Single,23,10000,8206,6828,9694,9888,10094,9762,1134,3000,345,356,425,5694,6694,9543,9738,9337,0
Male,Graduate,Single,42,80000,74380,68820,59079,30289,27415,28447,2619,2036,1215,1500,1504,66201,57043,29074,25915,26943,0
Female,High School,Married,34,200000,3600,-4,-4,752,0,2718,4,0,756,0,2718,-8,-4,-4,0,0,0
Male,Graduate,Married,41,500000,564757,572834,430774,437950,447203,456453,19850,17200,15853,17000,17000,552984,413574,422097,430203,439453,1
Female,University,Married,42,50000,49401,47828,48416,20098,20130,20158,2100,2000,702,718,730,45728,46416,19396,19412,19428,0
Female,High School,Single,22,50000,31285,30275,26633,19576,15794,19496,3000,2000,0,4532,4500,27275,24633,19576,11262,14996,0
Male,High School,Married,46,80000,40154,39021,21862,22297,22766,23531,80,1500,797,827,1144,38941,20362,21500,21939,22387,0
Female,Graduate,Single,23,50000,10393,9895,10726,10863,11200,11272,0,1500,800,700,600,9895,9226,10063,10500,10672,0
Male,University,Single,22,50000,5696,6723,8619,8334,8510,8728,1277,2173,0,459,513,5446,6446,8334,8051,8215,0
Female,University,Single,24,80000,78749,77025,66725,21604,9352,9276,4000,2784,1882,1000,457,73025,63941,19722,8352,8819,0
Female,University,Married,39,100000,76620,74813,69802,69887,68023,68734,0,5395,2433,0,2471,74813,64407,67454,68023,66263,1
Male,Graduate,Single,49,360000,0,0,0,0,0,0,0,0,0,0,0,0,0,0,0,0,0
Female,Graduate,Married,37,510000,386,733,739,1939,739,2739,763,739,1939,739,2739,-30,0,0,0,0,0
Male,University,Married,26,120000,47733,49609,47753,48950,50149,51159,3000,2000,2000,2000,2000,46609,45753,46950,48149,49159,0
Female,High School,Married,48,130000,13570,785,1534,397,22262,251,785,1534,397,22262,251,0,0,0,0,0,0
Male,Graduate,Single,44,330000,604019,605943,439854,404157,370686,294348,19001,14000,12000,15000,7000,586942,425854,392157,355686,287348,0
Female,High School,Single,40,50000,29311,30862,26614,15571,14971,15546,10000,5000,1500,800,2000,20862,21614,14071,14171,13546,0
Male,University,Single,43,30000,25724,29638,27000,27382,26876,28351,5300,0,1100,1000,2300,24338,27000,26282,25876,26051,0
Female,Graduate,Married,24,200000,156683,155336,156489,152357,150829,149851,5808,5382,5279,5389,7026,149528,151107,147078,145440,142825,0
Female,University,Married,33,80000,53843,55933,56575,57303,58593,59738,3500,2100,2200,2300,2200,52433,54475,55103,56293,57538,0
Female,Graduate,Married,39,220000,6589,2901,10836,26227,18590,785,2901,10836,18590,0,785,0,0,7637,18590,0,0
Female,Graduate,Single,30,70000,-25,-25,-25,-50,-25,475,0,0,0,0,500,-25,-25,-50,-25,-25,0
Female,University,Married,48,350000,311013,305633,301114,285750,289399,284597,11019,10728,9812,10397,10099,294614,290386,275938,279002,274498,0
Male,University,Single,27,40000,38561,38614,39951,40552,38935,40187,1700,2000,1526,1500,1900,36914,37951,39026,37435,38287,0
Male,University,Single,24,60000,60753,54892,59268,17967,20309,17867,2800,6100,621,2609,0,52092,53168,17346,17700,17867,0
Male,University,Married,34,120000,6059,1943,2402,18700,9900,0,1943,2500,38098,5000,0,0,-98,-19398,4900,0,0
Female,University,Single,48,50000,50894,49333,9923,10126,10113,10130,1385,1200,350,400,360,47948,8723,9776,9713,9770,0
Female,Graduate,Married,44,100000,68444,71722,73525,75303,79994,78550,5000,3000,3000,5900,0,66722,70525,72303,74094,78550,1
Male,University,Married,30,210000,85988,88410,93234,90571,94653,142549,5000,7500,0,6000,50000,83410,85734,90571,88653,92549,1
Female,University,Single,35,20000,16528,19347,18600,19000,19000,20000,3400,0,1000,0,1000,15947,18600,18000,19000,19000,0
Male,High School,Single,42,240000,159362,227686,177380,126645,128877,121803,146282,7005,4601,5000,5300,81404,170375,122044,123877,116503,0
Female,University,Married,43,170000,95780,109078,115606,121493,132016,145820,13298,9913,7900,10523,16289,95780,105693,113593,121493,129531,0
Male,Graduate,Single,34,330000,316,310,6994,632,316,38277,310,7006,2000,0,38277,0,-12,-1368,316,0,0
Male,University,Single,43,70000,59829,57240,29079,28562,29155,29448,1586,1739,1002,1033,1142,55654,27340,27560,28122,28306,0
Female,High School,Married,29,50000,45561,47322,49054,7378,8103,8963,2500,3125,417,1000,1000,44822,45929,6961,7103,7963,0
Male,University,Single,38,130000,9439,62132,48108,40918,35111,24846,63053,1478,1119,1016,1026,-921,46630,39799,34095,23820,0
Male,High School,Single,36,50000,2400,2400,2400,2400,2400,2400,0,0,0,0,0,2400,2400,2400,2400,2400,1
Female,Graduate,Single,30,450000,46244,32387,30976,29455,30012,20109,1599,1311,2000,1000,2000,30788,29665,27455,29012,18109,1
Male,University,Married,41,100000,68786,69604,67887,72744,73932,75560,2500,0,6000,2500,3000,67104,67887,66744,71432,72560,1
Female,Graduate,Single,26,120000,11513,12227,13321,15090,16836,18554,1206,1300,2000,2000,2000,11021,12021,13090,14836,16554,0
Female,Graduate,Single,29,270000,14728,20865,24812,12674,9486,2460,10000,5000,3900,9486,2460,10865,19812,8774,0,0,0
Male,Graduate,Single,36,80000,5012,1200,0,1159,0,0,1200,0,1159,0,0,0,0,0,0,0,0
Female,High School,Married,40,80000,80855,78074,38360,60060,59322,59973,2800,2700,61400,2312,2800,75274,35660,-1340,57010,57173,0
Male,Graduate,Single,33,320000,3903,3609,4615,5256,22760,700,3609,4615,5256,22760,700,0,0,0,0,0,0
Male,Graduate,Married,35,380000,-6,15099,1299,0,0,0,15105,1300,0,0,0,-6,-1,0,0,0,0
Female,University,Single,41,380000,86950,76202,63536,22345,9222,10551,3239,1283,453,9222,10551,72963,62253,21892,0,0,0
Female,University,Married,41,180000,21450,0,6980,10628,9920,6205,0,6980,10628,9920,6205,0,0,0,0,0,0
Female,University,Single,31,100000,32430,34169,36495,36910,37838,38457,2579,2905,1320,1522,1400,31590,33590,35590,36316,37057,0
Female,Graduate,Single,29,290000,41435,30229,9020,-77,8123,210989,1690,3000,0,8200,205000,28539,6020,-77,-77,5989,0
Male,Graduate,Single,27,90000,1040,3953,6986,868,350,874,3963,6986,868,350,874,-10,0,0,0,0,1
Male,University,Married,24,10000,9829,9539,9244,8949,9137,9177,0,0,0,480,340,9539,9244,8949,8657,8837,1
Male,High School,Single,31,150000,31991,18322,11429,3714,0,0,18696,11629,3814,0,0,-374,-200,-100,0,0,0
Female,University,Single,32,160000,400,400,400,0,20818,20818,0,0,0,20818,0,400,400,0,0,20818,0
Female,Graduate,Married,27,200000,191406,201756,197185,146021,147473,147669,15100,3028,5169,5400,5306,186656,194157,140852,142073,142363,1
Female,University,Single,23,30000,1393,1393,1393,1543,1596,2970,1393,1393,1543,1596,2970,0,0,0,0,0,0
Female,Graduate,Single,24,70000,65920,67413,68623,68867,70179,67976,3150,3000,2250,2400,2350,64263,65623,66617,67779,65626,0
Male,University,Single,30,160000,0,0,0,0,0,0,0,0,0,0,0,0,0,0,0,0,0
Female,Graduate,Single,27,140000,94903,96912,98015,99155,100979,99251,4400,3600,3600,3500,0,92512,94415,95555,97479,99251,1
Female,High School,Single,22,50000,11867,12588,13089,13731,13891,1769,1309,1200,1232,891,4435,11279,11889,12499,13000,-2666,0
Female,Graduate,Single,23,50000,496,454,-42,13109,13266,13401,454,0,14109,1000,1000,0,-42,-1000,12266,12401,0
Male,Graduate,Single,31,150000,1575,4711,4956,6692,14418,25825,3651,1068,1977,9118,12625,1060,3888,4715,5300,13200,0
Female,Graduate,Single,34,120000,0,0,0,0,0,0,0,0,0,0,0,0,0,0,0,0,0
Female,University,Married,63,160000,-2,-2,2647,1210,0,1886,0,2649,1210,0,1886,-2,-2,0,0,0,0
Female,Other,Single,26,180000,252810,240518,39162,5461,2309,0,8013,3060,109,46,0,232505,36102,5352,2263,0,0
Female,University,Single,27,220000,220588,218136,177720,131874,118918,110338,9000,7500,4500,5000,5000,209136,170220,127374,113918,105338,0
Male,University,Single,22,10000,8631,9202,9975,528,0,0,1238,1275,528,0,0,7964,8700,0,0,0,1
Female,Graduate,Married,36,80000,1069,1460,4337,0,2649,708,2000,4507,999,2649,787,-540,-170,-999,0,-79,0
Female,University,Single,28,110000,105080,107420,107325,108545,105341,106822,5540,5361,4500,4000,4500,101880,101964,104045,101341,102322,0
Female,University,Married,51,80000,-12,-12,-12,17691,4599,4134,0,0,17703,4599,4134,-12,-12,-12,0,0,1
Male,University,Married,52,270000,18758,4937,2000,9078,5058,6177,4937,2000,9078,0,6177,0,0,0,5058,0,0
Female,Graduate,Single,36,160000,163897,116343,118552,119376,122039,121841,0,5677,4197,4509,4412,116343,112875,115179,117530,117429,0
Male,University,Single,44,50000,16726,18144,19116,19543,20116,18163,2000,1600,1000,1000,1000,16144,17516,18543,19116,17163,0
Female,University,Married,39,60000,58017,59481,60360,38307,35519,35356,2396,2110,1272,1257,1245,57085,58250,37035,34262,34111,0
Male,University,Single,28,140000,137706,118294,115038,119696,87930,96561,12300,0,8200,0,10000,105994,115038,111496,87930,86561,0
Female,University,Single,34,360000,277569,246380,236139,241056,246297,246072,10500,8500,8750,9200,9800,235880,227639,232306,237097,236272,0
Female,Other,Single,34,200000,6093,4297,15765,3997,4931,429,4310,15818,4009,4945,429,-13,-53,-12,-14,0,0
Female,University,Married,36,40000,38430,37537,38156,39581,36506,37893,0,1575,2000,1500,2000,37537,36581,37581,35006,35893,1
Female,High School,Married,50,50000,48381,47810,48123,51060,50162,48209,2200,2100,4000,0,2000,45610,46023,47060,50162,46209,1
Female,University,Married,46,50000,48095,26873,27774,28387,28982,29599,1500,1387,1000,980,1026,25373,26387,27387,28002,28573,0
Male,Graduate,Single,27,70000,134781,69502,117846,49535,48247,49040,6012,1936,1874,1740,2000,63490,115910,47661,46507,47040,0
Male,Graduate,Married,41,500000,719,1550,-50,-50,10037,79,1558,0,0,10087,79,-8,-50,-50,-50,0,0
Male,Graduate,Single,37,160000,17723,497,1100,652,326,5654,0,1100,652,0,5654,497,0,0,326,0,1
Female,High School,Single,28,180000,176802,179271,180382,132104,129772,124734,6963,6208,3749,4365,4517,172308,174174,128355,125407,120217,0
Male,University,Single,25,100000,48285,390,390,390,390,390,390,390,390,390,390,0,0,0,0,0,0
Female,University,Single,38,50000,4965,495,16982,17203,17577,17936,500,17000,800,800,800,-5,-18,16403,16777,17136,0
Male,University,Married,33,210000,141571,138588,142343,69004,70596,69388,5000,6000,2270,2500,2472,133588,136343,66734,68096,66916,1
Male,Graduate,Single,29,140000,700,700,700,3105,1259,700,700,700,3105,1259,700,0,0,0,0,0,0
Female,University,Single,23,80000,50884,48709,19010,21808,15995,12290,2427,1214,600,656,282,46282,17796,21208,15339,12008,1
Female,Graduate,Single,28,120000,75982,78213,82563,78273,79914,81514,3451,6275,0,2898,2926,74762,76288,78273,77016,78588,1
Male,University,Married,48,280000,74267,54500,5520,0,0,0,3110,1200,0,0,0,51390,4320,0,0,0,0
Female,University,Married,45,80000,30063,30399,24577,24788,18522,17873,1843,1233,882,633,842,28556,23344,23906,17889,17031,0
Female,High School,Single,31,200000,2126,99787,194779,194179,164444,83277,99787,100000,0,83277,0,0,94779,194179,81167,83277,0
Female,Graduate,Single,27,300000,2566,4658,197,10767,26117,15800,4725,197,10770,15350,5000,-67,0,-3,10767,10800,0
Male,Graduate,Married,34,40000,7018,7402,8374,7505,7515,9120,7419,8382,7505,7515,9120,-17,-8,0,0,0,0
Male,University,Married,38,360000,0,0,0,2500,2500,0,0,0,2500,0,0,0,0,0,2500,0,1
Male,Graduate,Single,30,60000,0,345,11736,11387,10228,10497,345,13737,0,4000,6000,0,-2001,11387,6228,4497,0
Female,University,Single,29,110000,600,600,600,600,300,150,0,0,0,0,0,600,600,600,300,150,1
Male,University,Single,42,50000,-4,-4,0,0,0,0,0,4,700,0,0,-4,-4,-700,0,0,0
Female,University,Single,24,150000,1563,5689,490,0,2893,0,5689,494,0,2893,0,0,-4,0,0,0,0
Female,Other,Single,22,60000,61094,61260,55730,29846,28600,28970,3000,3000,2000,1500,1500,58260,52730,27846,27100,27470,0
Female,Graduate,Single,25,20000,17693,13037,600,1040,0,0,1081,600,1040,800,0,11956,0,0,-800,0,0
Female,University,Single,33,360000,9797,5333,3299,8786,6801,8488,1000,3331,8786,1000,8488,4333,-32,0,5801,0,0
Male,Graduate,Single,25,30000,7833,0,0,0,0,0,0,0,0,0,0,0,0,0,0,0,0
Female,University,Married,36,70000,59331,57786,58608,28105,30656,32674,3500,3000,3000,3000,3000,54286,55608,25105,27656,29674,0
Male,University,Single,28,50000,48433,49608,45568,9742,8790,6591,2000,1500,442,300,238,47608,44068,9300,8490,6353,1
Male,University,Married,37,80000,58024,59300,59831,60554,61938,63269,2800,2100,2300,2500,2500,56500,57731,58254,59438,60769,1
Female,University,Married,35,200000,7677,14704,8000,10285,16285,4815,7240,2000,2285,6000,1500,7464,6000,8000,10285,3315,0
Female,High School,Married,42,480000,7245,0,0,0,790,0,0,0,0,790,0,0,0,0,0,0,0
Male,University,Married,46,60000,59748,60684,59532,30193,27726,26520,2500,2108,1008,1160,2000,58184,57424,29185,26566,24520,1
Female,High School,Single,60,150000,149892,137990,136171,100508,102610,101682,6780,4800,3496,3618,4000,131210,131371,97012,98992,97682,1
Male,Graduate,Married,40,400000,4750,0,0,2827,0,0,0,0,2827,0,0,0,0,0,0,0,1
Female,Graduate,Single,36,300000,-78,-78,-78,1222,1072,4689,0,0,1300,0,4689,-78,-78,-78,1072,0,1
Female,High School,Single,26,80000,40931,44374,43365,44143,45079,45977,4100,0,1800,1800,1800,40274,43365,42343,43279,44177,0
Male,University,Single,25,30000,25787,28067,27332,26597,27512,57002,3000,0,0,1500,1600,25067,27332,26597,26012,55402,0
Male,University,Single,33,300000,283552,252308,204975,159596,116322,247931,10000,7009,6000,6100,245000,242308,197966,153596,110222,2931,0
Female,University,Married,23,50000,50643,50199,23986,-17250,20129,20502,2741,2079,2177,41608,713,47458,21907,-19427,-21479,19789,0
Female,University,Married,53,400000,252860,257062,99832,100967,101788,117818,11416,99835,3501,3641,17823,245646,-3,97466,98147,99995,0
Female,University,Single,26,280000,70219,69487,85733,131138,131414,130758,3165,20014,50014,5015,4518,66322,65719,81124,126399,126240,0
Female,Graduate,Single,30,160000,6548,3200,0,4775,456,0,7,0,4775,456,0,3193,0,0,0,0,0
Male,Graduate,Married,53,450000,3873,3119,8970,1323,11990,8838,3128,9008,1323,12008,214,-9,-38,0,-18,8624,0
Male,High School,Married,47,50000,0,0,0,0,0,0,0,0,0,0,0,0,0,0,0,0,0
Female,High School,Married,47,120000,16224,16085,17677,16450,18407,15841,2001,2317,1002,3009,1000,14084,15360,15448,15398,14841,0
Female,University,Married,57,60000,20866,22131,22685,24938,25085,28862,2000,2000,2950,926,4600,20131,20685,21988,24159,24262,0
Female,Graduate,Single,26,210000,129882,131991,134515,134141,137667,126127,6000,6000,3000,5000,5000,125991,128515,131141,132667,121127,0
Female,University,Single,24,110000,28956,33115,31752,30539,29468,33259,5000,2000,2000,2000,7000,28115,29752,28539,27468,26259,0
Female,Graduate,Married,32,110000,42867,41901,44126,43483,43435,41010,0,3000,2000,2000,2000,41901,41126,41483,41435,39010,1
Male,University,Single,41,140000,92281,92370,92446,65774,65076,64295,3551,3814,2333,2340,2279,88819,88632,63441,62736,62016,0
Female,University,Married,36,430000,1821,2324,2250,3004,1074,1623,2324,2250,3004,1074,1623,0,0,0,0,0,0
Male,University,Married,43,20000,4820,1837,390,390,780,780,1837,390,390,780,0,0,0,0,0,780,0
Female,Graduate,Married,31,360000,-1,180,14418,8625,516,0,181,14418,0,516,0,-1,0,8625,0,0,0
Female,Graduate,Single,29,630000,497106,497921,490093,435019,329476,338557,15868,12371,26454,8510,11039,482053,477722,408565,320966,327518,1
Female,University,Other,39,60000,52149,32476,8128,9972,13037,-161,1173,1000,9972,10000,0,31303,7128,0,3037,-161,0
Male,High School,Single,41,50000,48238,35194,9802,26781,28542,29235,4866,126,58542,3032,2000,30328,9676,-31761,25510,27235,0
Male,Graduate,Married,41,200000,855,0,316,8386,316,10104,0,316,8386,8896,10104,0,0,0,-8580,0,0
Male,High School,Single,61,20000,18828,10400,0,0,0,0,1400,0,0,0,0,9000,0,0,0,0,0
Male,Graduate,Married,37,260000,0,0,0,0,0,0,0,0,0,0,0,0,0,0,0,0,0
Female,Graduate,Married,32,210000,8600,0,4231,4221,4221,4483,0,4231,4221,4221,4483,0,0,0,0,0,0
Female,University,Single,31,30000,28716,26570,26829,26839,27449,25125,2000,1600,1000,1000,1000,24570,25229,25839,26449,24125,0
Male,Graduate,Single,33,500000,1025,1691,1316,4941,8539,3842,2000,1316,5000,5000,2000,-309,0,-59,3539,1842,0
Female,High School,Married,47,20000,19753,19728,19763,20240,18955,15255,1401,1306,2000,0,800,18327,18457,18240,18955,14455,0
Female,Graduate,Married,40,240000,626,626,626,626,626,626,626,626,626,626,626,0,0,0,0,0,0
Female,High School,Married,45,20000,16392,16367,12426,11449,341,20875,2000,2426,1000,407,21769,14367,10000,10449,-66,-894,0
Male,Graduate,Single,30,150000,17352,21338,20304,21585,20718,22813,5000,0,2000,0,3000,16338,20304,19585,20718,19813,1
Female,Graduate,Single,30,150000,14883,12683,2700,1500,18439,1381,4908,0,0,18439,1381,7775,2700,1500,0,0,0
Male,Graduate,Married,41,500000,231887,122499,107198,98450,93828,92237,6115,4550,3533,3525,5034,116384,102648,94917,90303,87203,0
Female,University,Married,53,220000,207592,212099,214669,173187,176496,169649,8165,6889,6033,6247,6142,203934,207780,167154,170249,163507,1
Female,University,Single,22,30000,13271,9277,2655,2800,4503,780,2015,2655,2800,4503,780,7262,0,0,0,0,0
Female,University,Married,40,10000,8481,8711,6946,5863,4180,4322,2000,0,450,0,600,6711,6946,5413,4180,3722,1
Female,University,Married,28,170000,0,0,9311,10257,20872,34403,0,9311,1257,10872,14003,0,0,9000,10000,20400,0
Male,Graduate,Married,45,120000,0,106257,108360,109121,109061,112079,106257,5400,4000,3944,4817,0,102960,105121,105117,107262,1
Female,Graduate,Single,29,280000,105403,51190,44598,38322,38255,31427,3109,1369,3002,3005,1505,48081,43229,35320,35250,29922,0
Female,High School,Single,22,10000,7572,8520,6118,245,10274,9963,1118,1020,250,10300,0,7402,5098,-5,-26,9963,0
Female,High School,Married,54,200000,110185,107665,104686,102549,101400,0,0,0,0,0,0,107665,104686,102549,101400,0,0
Female,University,Married,36,260000,107030,115455,115106,118811,121514,124815,13011,5000,5000,4000,4815,102444,110106,113811,117514,120000,0
Female,Graduate,Single,43,500000,274261,209672,179618,152069,110763,69267,11375,5066,5145,5145,5117,198297,174552,146924,105618,64150,0
Female,Graduate,Single,32,500000,0,0,973,229,3330,7980,0,973,229,3330,7980,0,0,0,0,0,1
Female,Graduate,Single,50,260000,254749,259549,258390,256252,250390,251336,11046,10004,10000,10000,10000,248503,248386,246252,240390,241336,0
Male,University,Married,32,90000,36081,37802,29985,28447,24775,25498,3002,1600,1500,1000,1500,34800,28385,26947,23775,23998,0
Male,University,Married,52,160000,161747,164150,0,0,0,0,7350,0,0,0,0,156800,0,0,0,0,1
Female,University,Single,25,230000,187472,188140,178221,156627,128110,121517,9200,6707,3000,2725,3544,178940,171514,153627,125385,117973,0
Male,University,Married,46,360000,5800,0,0,0,0,0,0,0,0,0,0,0,0,0,0,0,0
Male,High School,Single,29,50000,49156,50162,49170,49426,50906,45886,4000,2400,2000,2459,2100,46162,46770,47426,48447,43786,0
Male,High School,Single,44,130000,83648,72031,59850,49099,49015,49265,3100,2300,2000,1900,2200,68931,57550,47099,47115,47065,0
Female,University,Single,27,240000,0,0,0,0,0,0,0,0,0,0,0,0,0,0,0,0,1
Male,Graduate,Single,22,50000,13444,14819,15967,16599,17329,17888,1600,1700,1200,1000,1000,13219,14267,15399,16329,16888,0
Female,Graduate,Single,43,320000,34702,76361,58124,70717,78149,70379,50390,20000,20000,15000,40000,25971,38124,50717,63149,30379,0
Female,University,Married,44,130000,69120,66171,65225,65588,66662,68176,3000,3000,3000,2500,3000,63171,62225,62588,64162,65176,0
Female,High School,Single,48,50000,49295,50414,49158,29375,28050,27721,2200,0,1008,1004,1032,48214,49158,28367,27046,26689,0
Female,Graduate,Single,24,330000,341499,334929,317997,274132,267622,261246,12500,10882,9902,10000,10000,322429,307115,264230,257622,251246,0
Male,Graduate,Single,37,330000,0,0,0,0,0,1624,0,0,0,0,1624,0,0,0,0,0,0
Female,University,Single,23,120000,107934,123579,118117,77943,78834,76889,19000,8,3000,3000,3500,104579,118109,74943,75834,73389,0
Female,University,Married,29,180000,113436,109439,111108,108476,104655,107338,1308,7623,3900,11,7700,108131,103485,104576,104644,99638,1
Female,Graduate,Married,47,500000,97832,47708,131063,131508,182843,10790,27369,135784,15000,75550,216,20339,-4721,116508,107293,10574,0
Female,University,Married,54,250000,17582,600,600,9375,8765,3649,1200,0,9375,8765,3649,-600,600,0,0,0,0
Female,University,Single,29,260000,56380,40882,214941,196242,193177,161731,4121,196000,6020,6330,6032,36761,18941,190222,186847,155699,0
Female,Graduate,Married,36,270000,3291,0,0,0,0,0,0,0,0,0,0,0,0,0,0,0,0
Male,Graduate,Married,42,500000,3747,11652,32269,8974,1349,7867,11684,34545,8981,1349,7867,-32,-2276,-7,0,0,0
Female,High School,Married,42,60000,1570,21835,20680,390,390,14290,20680,0,0,390,14290,1155,20680,390,0,0,1
Male,Graduate,Single,28,240000,147974,150683,137645,140388,142521,143736,5300,4931,4966,5000,4771,145383,132714,135422,137521,138965,0
Female,Graduate,Single,41,500000,2500,0,0,0,0,0,0,0,0,0,0,0,0,0,0,0,1
Male,University,Single,33,330000,137974,138692,141674,136790,141469,143453,7000,7000,5000,7004,6015,131692,134674,131790,134465,137438,0
Female,University,Single,24,80000,2530,3041,6603,1483,1485,4665,3055,6622,1483,2,4683,-14,-19,0,1483,-18,0
Female,Graduate,Single,23,80000,80133,74838,62696,27693,25594,29155,3539,3180,818,1018,10006,71299,59516,26875,24576,19149,0
Male,High School,Married,39,180000,122187,123790,125258,125214,131276,114050,6000,6000,4400,9000,0,117790,119258,120814,122276,114050,1
Female,Graduate,Single,24,60000,18220,18743,17624,17457,21386,4340,1553,1200,349,5345,0,17190,16424,17108,16041,4340,1
Female,University,Married,44,150000,292,7948,3363,1774,0,0,8144,18285,1774,0,0,-196,-14922,0,0,0,0
Female,High School,Married,45,10000,390,390,0,780,5018,5275,390,0,780,5018,375,0,0,0,0,4900,0
Female,Graduate,Married,41,340000,325371,326867,322454,275928,264601,265494,25034,11000,10000,10000,10000,301833,311454,265928,254601,255494,0
Female,High School,Married,39,80000,83482,80406,71540,68325,65105,62011,2900,2340,2300,2289,2500,77506,69200,66025,62816,59511,0
Female,Graduate,Single,34,430000,35792,36894,44848,39219,32008,19397,2000,10002,2000,5000,2000,34894,34846,37219,27008,17397,0
Female,Graduate,Single,36,340000,91938,85927,71707,92695,86244,71538,3911,5104,92695,3114,2613,82016,66603,0,83130,68925,0
Female,University,Married,35,80000,2227,3432,4416,5275,0,316,1250,1200,1000,0,316,2182,3216,4275,0,0,0
Female,Graduate,Married,34,150000,97874,130901,127985,126207,126814,125640,54190,6000,5000,5000,5000,76711,121985,121207,121814,120640,0
Female,Graduate,Single,27,320000,253197,258621,262825,268326,284625,290787,11000,10000,9876,20900,11000,247621,252825,258450,263725,279787,1
Female,University,Married,28,120000,96833,78920,74310,75710,77503,73945,3000,5000,3000,3000,4000,75920,69310,72710,74503,69945,0
Female,Graduate,Single,31,620000,569023,562316,475333,473182,481896,513798,23009,20004,20008,14000,35804,539307,455329,453174,467896,477994,0
Male,Graduate,Single,37,130000,22563,22222,21783,9421,8809,8596,1500,1505,1000,500,1000,20722,20278,8421,8309,7596,0
Female,University,Married,46,230000,4328,1518,1958,368,1613,1371,1518,1972,368,1613,1371,0,-14,0,0,0,1
Female,Graduate,Single,28,60000,22343,24678,25079,24380,26022,26542,3000,1100,0,2200,1100,21678,23979,24380,23822,25442,1
Male,High School,Single,32,420000,41104,6784,6346,1409,14107,8379,6887,2028,1413,14109,8452,-103,4318,-4,-2,-73,0
Male,University,Single,36,80000,59189,35690,33984,34384,29340,21985,3007,1503,2017,1024,1017,32683,32481,32367,28316,20968,0
Female,Graduate,Married,42,200000,23242,24575,25284,25938,26478,26889,1711,1420,1074,1107,1000,22864,23864,24864,25371,25889,0
Male,University,Married,43,80000,77871,71898,72926,73745,75675,75999,1261,3214,3000,3500,2266,70637,69712,70745,72175,73733,0
Male,Graduate,Single,34,200000,1571,361,1716,460,0,0,0,1716,460,0,0,361,0,0,0,0,1
Female,High School,Married,42,110000,116292,118781,121030,119267,116142,113887,5836,5780,5000,4206,5000,112945,115250,114267,111936,108887,0
Male,University,Married,37,60000,54770,58257,59675,60646,60071,60066,5000,3000,2500,2500,3000,53257,56675,58146,57571,57066,1
Female,Graduate,Married,33,340000,35695,40924,0,0,7687,21200,6018,0,0,7687,21200,34906,0,0,0,0,0
Female,High School,Single,22,50000,50089,41382,36995,17726,13623,13781,1798,1117,4749,500,508,39584,35878,12977,13123,13273,0
Female,University,Single,48,80000,60261,60129,57488,47846,48464,48940,2234,5311,0,1787,1700,57895,52177,47846,46677,47240,0
Male,University,Single,29,30000,21959,24685,24983,25375,25923,25358,3400,1000,1100,1100,0,21285,23983,24275,24823,25358,0
Female,University,Single,24,200000,21447,23429,26158,29486,27166,25954,2649,3500,4008,1098,1500,20780,22658,25478,26068,24454,0
Male,Graduate,Married,49,200000,390,390,390,390,390,390,390,390,390,390,390,0,0,0,0,0,0
Female,University,Married,34,90000,49530,18717,3053,3537,46816,47398,1449,1213,1087,47698,1740,17268,1840,2450,-882,45658,1
Male,Graduate,Married,49,160000,143804,145244,145978,41600,2500,2500,6235,6632,1910,2500,2500,139009,139346,39690,0,0,0
Male,University,Married,44,50000,49615,48552,50175,12790,12743,17305,0,3056,0,2000,5000,48552,47119,12790,10743,12305,1
Female,Graduate,Married,36,230000,0,0,0,0,0,0,0,0,0,0,0,0,0,0,0,0,0
Female,Graduate,Single,27,300000,525,7792,8347,10471,9813,10690,7797,8361,10490,9828,10698,-5,-14,-19,-15,-8,0
Female,Graduate,Married,59,300000,2500,2500,2500,2500,2500,2500,0,0,0,0,0,2500,2500,2500,2500,2500,0
Female,Graduate,Married,35,50000,50456,51400,0,0,0,0,2400,0,0,0,0,49000,0,0,0,0,0
Male,University,Married,45,260000,3814,2688,500,2870,1141,679,2861,500,2870,1141,679,-173,0,0,0,0,0
Female,University,Married,38,140000,1156,316,1156,736,316,1156,316,1156,736,316,1156,0,0,0,0,0,0
Male,University,Single,28,30000,25198,25988,27107,27450,29193,27372,1500,1600,1000,2100,1400,24488,25507,26450,27093,25972,0
Female,University,Single,35,230000,30300,1689,409,1333,168,140,1689,0,1333,168,140,0,409,0,0,0,0
Female,Graduate,Married,28,260000,0,0,0,0,0,0,0,0,0,0,0,0,0,0,0,0,1
Female,University,Married,28,110000,106932,103381,75794,76947,79105,72344,27,4000,3000,3000,10000,103354,71794,73947,76105,62344,0
Male,University,Single,26,360000,89635,80129,75246,72996,73177,67271,3122,2007,1500,73177,2452,77007,73239,71496,0,64819,0
Female,University,Married,63,20000,858,2310,1716,929,978,0,1716,0,0,978,0,594,1716,929,0,0,0
Female,Graduate,Married,41,230000,1886,8013,3962,1410,1410,1410,8034,4007,0,1410,1410,-21,-45,1410,0,0,0
Female,Graduate,Single,30,220000,91178,99541,74718,64087,72992,74646,10128,10000,5000,10000,3000,89413,64718,59087,62992,71646,0
Female,Graduate,Single,32,230000,205498,210424,212979,207759,212014,225246,10000,7598,0,8000,17000,200424,205381,207759,204014,208246,1
Female,University,Single,27,500000,196931,138247,96888,16476,12534,394163,5188,3417,3000,1276,388071,133059,93471,13476,11258,6092,0
Male,High School,Married,36,50000,10849,3701,4600,2300,0,0,1101,1000,2300,0,0,2600,3600,0,0,0,0
Female,Graduate,Married,49,500000,435737,421983,414453,422168,423674,413326,20157,13670,13596,14454,33720,401826,400783,408572,409220,379606,0
Female,University,Married,22,30000,4476,5814,5254,15570,10117,1875,5841,5280,15587,325,0,-27,-26,-17,9792,1875,1
Male,Graduate,Single,23,50000,20655,21718,22316,22762,20231,19445,1701,1299,745,711,1000,20017,21017,22017,19520,18445,0
Male,Graduate,Single,27,80000,1300,179,0,0,0,0,179,0,0,0,0,0,0,0,0,0,0
Female,Graduate,Single,23,40000,32346,35595,34113,35513,36513,35956,4082,0,2000,1000,500,31513,34113,33513,35513,35456,0
Female,University,Married,37,500000,156951,115610,81334,78637,36993,22089,20167,2114,1751,5132,22197,95443,79220,76886,31861,-108,0
Male,University,Married,29,30000,29852,30348,31570,32661,0,0,1600,1738,1829,0,0,28748,29832,30832,0,0,0
Female,Graduate,Single,28,90000,62062,62617,57990,51537,52486,48483,2971,2168,1686,1878,1611,59646,55822,49851,50608,46872,0
Male,University,Married,35,20000,20139,19067,19787,19682,7468,2312,1480,1200,394,210,5546,17587,18587,19288,7258,-3234,1
Male,University,Single,22,60000,25300,23150,20999,21423,19049,18282,0,0,1000,1000,1000,23150,20999,20423,18049,17282,0
Male,Graduate,Single,32,500000,208603,211340,166739,166464,168722,170299,8444,8009,5301,5220,5419,202896,158730,161163,163502,164880,0
Male,Graduate,Married,40,70000,12026,13531,13017,14299,13927,15692,2000,0,1500,0,2000,11531,13017,12799,13927,13692,0
Female,Graduate,Single,26,180000,873,7233,2701,1900,45517,9451,7233,2701,1900,45517,9451,0,0,0,0,0,0
Female,Graduate,Single,38,450000,1414,1080,97,1749,0,0,1080,97,1749,0,0,0,0,0,0,0,1
Male,University,Single,35,220000,0,0,81677,46177,3308,2912,0,220230,7308,0,2912,0,-138553,38869,3308,0,0
Female,University,Single,45,20000,4516,-630,18976,8005,3034,9287,700,21400,1005,3034,9287,-1330,-2424,7000,0,0,0
Female,University,Married,50,170000,79210,660,15360,891,13460,32136,660,15360,891,13460,32136,0,0,0,0,0,0
Male,Graduate,Married,48,110000,73472,75431,76296,77260,72907,63104,3139,2529,2348,2308,2180,72292,73767,74912,70599,60924,0
Male,University,Married,45,70000,43050,43410,36226,29369,25873,26101,1888,1225,856,6000,1097,41522,35001,28513,19873,25004,0
Male,Other,Married,38,290000,555,0,0,0,0,0,0,0,0,0,0,0,0,0,0,0,0
Female,Graduate,Single,23,50000,1050,1050,974,1224,1224,1025,1050,974,1300,1050,1025,0,0,-76,174,0,0
Female,University,Single,32,160000,156098,156259,155404,153234,156731,155818,6000,6000,5600,6000,6000,150259,149404,147634,150731,149818,0
Female,University,Married,37,360000,725,1172,1619,1266,1212,1324,1002,1002,202,501,502,170,617,1064,711,822,1
Female,High School,Single,29,200000,98700,0,0,0,0,-3500,0,1000,0,0,0,0,-1000,0,0,-3500,0
Male,University,Married,38,200000,8565,86497,138640,75983,44160,34671,85000,60000,3500,2000,2000,1497,78640,72483,42160,32671,0
Male,University,Single,29,100000,2494,1999,6632,6150,10122,2689,2005,6633,18,10152,2697,-6,-1,6132,-30,-8,0
Male,University,Single,48,70000,193,188,299,829,338,865,188,299,829,338,865,0,0,0,0,0,0
Female,University,Married,23,60000,63143,59608,59182,27882,24574,22330,0,1478,2000,1000,3000,59608,57704,25882,23574,19330,0
Female,University,Married,43,170000,51054,52127,52651,53851,53095,54316,2489,2000,2048,1927,2104,49638,50651,51803,51168,52212,0
Male,Graduate,Single,25,50000,40181,66569,19281,18679,12980,8592,1500,2400,5700,8000,3062,65069,16881,12979,4980,5530,1
Male,University,Married,28,360000,207571,182384,161295,199803,198614,2383,6114,4899,202074,200395,2383,176270,156396,-2271,-1781,0,0
Male,University,Single,24,210000,40985,41028,42041,42842,43757,45403,1987,2000,1800,1757,2533,39041,40041,41042,42000,42870,1
Female,High School,Single,30,20000,390,286,9457,10311,10374,10692,286,9847,1000,1000,500,0,-390,9311,9374,10192,0
Male,University,Single,24,20000,17196,20609,20654,19118,18104,19846,4007,700,0,1000,2000,16602,19954,19118,17104,17846,1
Female,University,Married,37,20000,17312,17762,18814,19614,0,0,1500,1500,1000,0,0,16262,17314,18614,0,0,1
Female,High School,Married,57,460000,7516,23485,7398,6143,9634,9581,23524,7409,12286,9634,9581,-39,-11,-6143,0,0,0
Female,Graduate,Single,22,30000,25229,25533,24441,24441,11255,0,1000,0,0,0,0,24533,24441,24441,11255,0,1
Female,High School,Married,38,30000,5685,5448,7347,8024,7751,9607,0,2000,800,0,2000,5448,5347,7224,7751,7607,1
Female,Graduate,Single,26,30000,9417,4638,3617,3787,4820,914,3150,1000,1200,2000,914,1488,2617,2587,2820,0,0
Male,University,Married,33,20000,18139,17559,18662,21345,20721,20836,0,1400,3000,0,600,17559,17262,18345,20721,20236,1
Male,Graduate,Single,32,150000,3354,-18,-18,-18,-18,-18,0,0,0,0,0,-18,-18,-18,-18,-18,1
Male,University,Married,27,200000,112133,116017,119576,121954,124517,127441,5693,7000,4362,4525,5000,110324,112576,117592,119992,122441,0
Female,University,Married,48,110000,0,0,0,0,0,0,0,0,0,0,0,0,0,0,0,0,0
Female,Graduate,Single,32,400000,29864,29104,31379,27969,9513,1346,0,3000,0,1000,0,29104,28379,27969,8513,1346,1
Male,University,Single,25,50000,11023,9497,4273,0,6805,5554,14,1000,0,6805,2000,9483,3273,0,0,3554,0
Female,Graduate,Married,28,100000,106203,108327,106142,102449,100212,102674,8000,5300,3605,3500,4100,100327,100842,98844,96712,98574,0
Male,Graduate,Married,34,120000,118096,120455,116061,116959,112050,111153,12000,0,9500,0,4100,108455,116061,107459,112050,107053,1
Female,Graduate,Married,43,220000,1090,1257,1090,1090,1090,0,167,0,0,0,0,1090,1090,1090,1090,0,1
Female,University,Married,40,100000,90828,83479,73749,68512,72518,65890,3523,3025,2344,5000,3000,79956,70724,66168,67518,62890,0
Female,Graduate,Married,35,410000,99687,0,0,0,0,18000,0,0,0,0,18000,0,0,0,0,0,0
Female,University,Married,28,50000,5490,4471,5570,6676,5235,3728,0,1200,1308,0,500,4471,4370,5368,5235,3228,0
Male,Graduate,Single,26,50000,50947,23750,11105,5960,5220,3024,3432,1071,158,500,400,20318,10034,5802,4720,2624,0
Female,High School,Married,33,90000,75619,77116,78252,78470,81056,82572,3300,3000,2100,4000,3001,73816,75252,76370,77056,79571,0
Male,Graduate,Single,30,260000,-7,-7,-7,1544,-43,-43,0,0,1551,0,0,-7,-7,-7,-43,-43,0
Female,Graduate,Single,24,70000,8244,10569,8159,8241,9103,9361,2500,0,1000,1000,409,8069,8159,7241,8103,8952,0
Male,University,Married,53,130000,109994,125138,114344,96995,100086,92344,17100,17,4000,5000,4000,108038,114327,92995,95086,88344,1
Female,High School,Married,43,120000,2057,1722,716,926,0,0,524,716,926,0,0,1198,0,0,0,0,0
Female,High School,Married,44,160000,0,14121,0,0,0,150,14121,0,0,0,150,0,0,0,0,0,0
Female,University,Single,32,50000,49138,49718,49437,40186,19179,16043,2250,1900,1800,700,1000,47468,47537,38386,18479,15043,1
Female,Graduate,Single,27,220000,3352,3352,3352,3352,3352,3352,3352,3352,3352,3352,3352,0,0,0,0,0,1
Female,Graduate,Single,28,500000,5392,6038,6972,7037,7603,10602,1502,1502,502,1003,10024,4536,5470,6535,6600,578,0
Male,Graduate,Single,26,360000,7127,6872,3381,1151,1155,381,1034,3397,1156,1160,382,5838,-16,-5,-5,-1,0
Male,University,Single,32,320000,114180,115491,109226,111673,111053,105999,5012,11,7013,4014,57,110479,109215,104660,107039,105942,0
Male,Graduate,Married,39,380000,0,0,0,0,0,0,0,0,0,0,0,0,0,0,0,0,1
Male,University,Married,45,70000,31218,32321,41713,42233,43288,46001,1608,10000,1511,1735,3600,30713,31713,40722,41553,42401,1
Female,Graduate,Married,32,120000,3556,326,326,476,802,326,652,326,476,802,0,-326,0,0,0,326,1
Female,High School,Married,52,80000,0,2583,3001,21306,5051,2450,2583,3001,21306,5051,2450,0,0,0,0,0,1
Male,Graduate,Single,25,220000,222737,216397,207870,172612,166705,166192,0,7109,6050,6000,9111,216397,200761,166562,160705,157081,0
Male,University,Single,34,20000,15494,11950,11292,10790,780,780,1488,1220,608,780,0,10462,10072,10182,0,780,0
Male,University,Married,39,50000,46410,48710,8108,7358,3098,0,5000,2001,2000,0,0,43710,6107,5358,3098,0,0
Female,University,Married,34,120000,326,499,1870,652,326,0,499,1870,652,0,0,0,0,0,326,0,0
Female,Graduate,Single,30,50000,14855,7468,12372,14029,14298,16496,7468,12534,14031,14298,16496,0,-162,-2,0,0,0
Female,Graduate,Single,24,80000,81111,67891,56993,42663,43136,43676,3000,7139,6000,1694,2000,64891,49854,36663,41442,41676,0
Male,University,Single,28,130000,119513,121776,122440,125189,127644,74295,6000,4500,5100,5365,2846,115776,117940,120089,122279,71449,0
Male,Graduate,Other,37,450000,324,302,5018,317,1614,324,303,5041,1,1622,325,-1,-23,316,-8,-1,0
Male,University,Single,27,80000,56789,58276,60102,61423,72197,71003,2400,3000,2500,11576,39,55876,57102,58923,60621,70964,1
Female,High School,Married,39,100000,4247,4097,6314,3410,1396,1640,1283,2500,1500,1000,1700,2814,3814,1910,396,-60,0
Female,University,Married,43,260000,2500,2500,2500,2500,2500,2500,0,0,0,0,0,2500,2500,2500,2500,2500,1
Male,High School,Other,45,50000,24077,22385,3000,5260,1025,5900,1000,3008,5260,1025,5900,21385,-8,0,0,0,0
Female,Graduate,Single,30,200000,74961,69702,63210,57098,46455,38265,2513,1656,5000,20000,15000,67189,61554,52098,26455,23265,0
Female,University,Married,40,260000,209,217,613,2339,1474,1254,217,613,2339,0,1254,0,0,0,1474,0,0
Male,High School,Single,37,470000,499024,494290,470617,398523,389927,381295,20600,19000,14000,13600,13600,473690,451617,384523,376327,367695,1
Female,University,Married,41,100000,76828,77371,85154,84914,83097,1308,4000,10200,2100,2850,0,73371,74954,82814,80247,1308,0
Male,Graduate,Single,31,360000,509,1350,0,0,1713,4819,1363,0,0,1713,4819,-13,0,0,0,0,1
Male,University,Single,24,50000,42025,37828,6382,6284,6681,6813,1500,2000,1000,500,243,36328,4382,5284,6181,6570,0
Female,University,Married,23,20000,18774,18608,18312,18474,18074,19618,1700,1577,2000,808,2000,16908,16735,16474,17266,17618,0
Female,University,Single,34,360000,0,0,0,0,0,0,0,0,0,0,0,0,0,0,0,0,1
Male,Graduate,Single,31,190000,182396,187565,188334,182889,81409,85059,8300,5302,6037,3500,5000,179265,183032,176852,77909,80059,0
Female,University,Single,34,180000,59076,50505,38547,63249,51437,45279,3000,3000,33000,2000,2000,47505,35547,30249,49437,43279,0
Female,University,Married,35,220000,228754,227903,93311,67900,64150,6000,10626,3600,3100,4000,6000,217277,89711,64800,60150,0,0
Male,High School,Married,34,200000,75420,73548,47100,27112,21220,15719,3015,1903,10033,949,10078,70533,45197,17079,20271,5641,0
Female,University,Single,29,150000,1739,1984,112,0,3865,5562,1984,112,0,3865,5575,0,0,0,0,-13,0
Male,University,Married,41,240000,22165,21292,16469,13737,9071,177268,7002,3002,5002,3009,177004,14290,13467,8735,6062,264,1
Female,University,Single,28,340000,329096,259604,231178,201471,181740,140088,10025,7007,7865,5795,5000,249579,224171,193606,175945,135088,0
Female,University,Single,26,100000,53743,52320,46686,44497,44674,42653,3000,2500,3000,2000,5000,49320,44186,41497,42674,37653,0
Male,High School,Married,29,80000,42488,43805,45126,45775,48033,56981,2000,2051,1700,3000,10000,41805,43075,44075,45033,46981,0
Male,Graduate,Married,40,210000,60183,63035,70237,70228,67289,85008,10000,10000,10000,2576,20000,53035,60237,60228,64713,65008,0
Female,University,Married,38,300000,5848,24718,45114,16949,9537,0,24718,45533,17136,0,0,0,-419,-187,9537,0,0
Female,High School,Married,37,220000,200,400,200,200,350,350,400,0,200,350,350,0,200,0,0,0,1
Female,Graduate,Single,50,250000,0,0,138,946,377,0,0,138,946,377,0,0,0,0,0,0,0
Male,University,Single,32,70000,37199,38296,39357,40302,41202,41865,1700,1700,1600,1700,1500,36596,37657,38702,39502,40365,0
Male,Graduate,Single,27,170000,46899,45809,44572,43211,41394,37958,2732,2578,2300,2000,1200,43077,41994,40911,39394,36758,0
Female,University,Single,34,160000,57287,12226,13962,14844,15716,131874,1264,2000,1000,1000,116425,10962,11962,13844,14716,15449,0
Male,University,Single,24,110000,105927,65575,66495,67415,68538,78911,2375,2395,2397,2583,12000,63200,64100,65018,65955,66911,0
Female,Graduate,Single,25,60000,564,2035,2175,3528,10260,6378,2045,2175,3528,10260,6378,-10,0,0,0,0,0
Female,University,Single,29,290000,0,1591,0,302,390,1278,1591,0,302,390,1278,0,0,0,0,0,0
Female,High School,Single,33,240000,221960,223205,226399,203561,205730,199631,9500,10000,7100,7500,7990,213705,216399,196461,198230,191641,0
Female,University,Single,23,30000,28607,27868,28312,28747,29439,29909,0,1200,1200,1300,1100,27868,27112,27547,28139,28809,0
Male,Graduate,Married,45,490000,9763,7059,5606,3136,3353,12336,7059,6000,3136,3353,12336,0,-394,0,0,0,1
Male,High School,Single,43,20000,-20,780,780,1560,780,0,800,0,0,0,0,-20,780,1560,780,0,0
Male,Graduate,Single,34,260000,254332,257628,161545,0,0,0,11710,7503,0,0,0,245918,154042,0,0,0,0
Female,Graduate,Single,32,210000,552,276,381,404,943,1909,0,381,404,943,1909,276,0,0,0,0,0
Female,Graduate,Married,47,300000,3289,5189,7128,5916,9634,0,5189,7128,5923,9634,0,0,0,-7,0,0,0
Male,University,Married,42,40000,780,0,780,0,0,0,0,780,0,0,0,0,0,0,0,0,0
Male,Graduate,Single,37,500000,3214,0,3030,1167,2255,0,0,3030,1167,2255,0,0,0,0,0,0,0
Female,Graduate,Single,30,260000,1196,1563,1443,1443,1443,1443,2000,1500,1443,1443,1443,-437,-57,0,0,0,0
Female,University,Married,37,90000,85220,86745,71536,72964,64487,65845,3000,3000,2411,2294,2383,83745,68536,70553,62193,63462,1
Male,University,Single,25,20000,0,0,0,0,0,0,0,0,0,0,0,0,0,0,0,0,0
Female,Graduate,Single,31,270000,167428,168827,148031,92943,94464,92899,6155,5382,3270,3377,3329,162672,142649,89673,91087,89570,1
Male,University,Married,42,100000,58392,61562,61392,59619,59814,58571,5500,2000,2,2007,2225,56062,59392,59617,57807,56346,0
Male,Graduate,Single,31,350000,51900,1000,0,0,0,0,1000,0,0,0,0,0,0,0,0,0,0
Male,University,Married,39,200000,162,1879,1707,617,620,0,1879,8,617,3,0,0,1699,0,617,0,0
Female,University,Single,39,30000,26981,26264,27240,27440,28000,0,0,1500,600,560,0,26264,25740,26840,27440,0,0
Female,University,Single,23,20000,390,390,390,390,390,390,390,390,390,390,390,0,0,0,0,0,0
Female,Graduate,Single,29,240000,1356,326,326,326,476,326,326,326,326,476,326,0,0,0,0,0,0
Male,Graduate,Single,30,50000,7690,8805,9502,10189,10869,11533,1400,1000,1000,1000,1000,7405,8502,9189,9869,10533,0
Female,Graduate,Married,44,80000,68677,68947,67025,64850,63658,63005,3152,2873,2380,2401,2492,65795,64152,62470,61257,60513,0
Male,Graduate,Single,29,160000,2275,0,0,0,0,0,0,0,0,0,0,0,0,0,0,0,0
Female,University,Single,26,250000,70522,72062,73511,75314,74172,71933,2667,2700,3000,5000,2800,69395,70811,72314,69172,69133,0
Female,University,Single,31,50000,422,1334,3962,0,660,1840,1532,3962,0,660,1840,-198,0,0,0,0,1
Female,High School,Married,45,80000,2516,0,1890,1712,4180,3820,0,1890,0,2523,0,0,0,1712,1657,3820,0
Female,University,Married,39,90000,27571,337,3734,-45,1905,22636,337,3740,38,1950,22636,0,-6,-83,-45,0,0
Male,University,Single,22,20000,19666,20076,19875,19659,19310,16286,20700,2000,800,465,1000,-624,17875,18859,18845,15286,0
Female,University,Married,43,50000,43791,42809,45085,48020,47120,50319,0,3000,4000,0,4000,42809,42085,44020,47120,46319,0
Female,University,Single,23,150000,146480,147880,146958,147218,146817,103651,6380,4570,4500,5000,3300,141500,142388,142718,141817,100351,1
Female,University,Married,39,50000,0,0,0,2219,390,390,0,0,2219,390,390,0,0,0,0,0,0
Female,University,Single,39,500000,17749,22130,42532,-118,67910,54976,10106,42744,0,68445,42,12024,-212,-118,-535,54934,0
Female,Graduate,Single,28,200000,326,326,326,326,326,326,326,326,326,326,326,0,0,0,0,0,0
Female,Graduate,Single,27,90000,25118,26128,25248,26386,24171,25607,1440,1500,1500,2000,2000,24688,23748,24886,22171,23607,0
Female,University,Single,39,100000,100224,101236,101125,96765,99823,96165,4000,3544,3519,5000,3500,97236,97581,93246,94823,92665,0
Female,University,Married,46,600000,2585,1649,3474,1952,2182,2305,1652,3480,1957,2186,2310,-3,-6,-5,-4,-5,0
Male,University,Single,22,20000,2880,1435,1170,780,390,0,0,1170,0,0,0,1435,0,780,390,0,0
Female,Graduate,Married,37,60000,37934,39020,40071,41098,43536,44670,2000,2000,2000,3100,2000,37020,38071,39098,40436,42670,0
Female,High School,Other,40,180000,30712,27597,25427,21230,17357,13303,1774,3000,892,1000,620,25823,22427,20338,16357,12683,0
Female,Graduate,Married,29,290000,232319,109791,106730,93882,91746,76547,5071,4539,3000,3500,3856,104720,102191,90882,88246,72691,0
Female,High School,Married,32,230000,8756,930,8400,1900,0,9198,930,8485,1900,0,9198,0,-85,0,0,0,0
Female,University,Single,34,180000,115700,119834,121342,124337,127181,130147,6000,5000,5000,5000,6000,113834,116342,119337,122181,124147,0
Male,Graduate,Single,30,150000,3415,2419,1541,1345,23018,1989,2425,1541,4,23087,1996,-6,0,1341,-69,-7,0
Male,University,Married,39,460000,168182,165850,163366,151904,146707,140104,6051,5677,5350,5473,5218,159799,157689,146554,141234,134886,0
Female,Graduate,Single,36,140000,780,177,1170,390,0,930,177,1170,0,0,930,0,0,390,0,0,0
Female,Graduate,Single,41,500000,2345,3595,1537,360,0,785,3595,1537,363,0,785,0,0,-3,0,0,1
Male,High School,Married,36,20000,6620,7114,3948,18838,-71,8929,2151,3600,20044,65,9000,4963,348,-1206,-136,-71,0
Male,University,Single,62,70000,24635,23020,22496,22070,22101,20724,1100,1703,1000,1800,0,21920,20793,21070,20301,20724,0
Male,Graduate,Single,23,150000,1389,7139,813,3028,5264,208,7139,813,3032,5264,208,0,0,-4,0,0,0
Male,University,Married,58,10000,8857,9964,9654,10348,10044,10009,1400,0,1000,0,515,8564,9654,9348,10044,9494,1
Male,Graduate,Single,33,500000,76440,1397,56449,55121,54797,19732,1397,56449,1515,1426,747,0,0,53606,53371,18985,0
Female,Graduate,Married,37,260000,2644,268,157,1484,307,157,268,157,1484,307,157,0,0,0,0,0,0
Female,Other,Single,24,10000,5742,4576,4139,2583,0,0,1500,2000,583,0,0,3076,2139,2000,0,0,0
Female,Graduate,Single,37,210000,10128,19631,23906,373,3073,7418,19631,23906,0,3073,7418,0,0,373,0,0,0
Male,Graduate,Single,31,180000,2930,3300,2860,4216,2609,9609,3300,2860,4216,2609,9700,0,0,0,0,-91,0
Male,University,Single,31,40000,37408,37681,37987,37100,37098,37846,1931,1888,1458,1489,1510,35750,36099,35642,35609,36336,0
Female,University,Married,38,180000,9705,2170,0,0,0,0,1000,0,0,0,0,1170,0,0,0,0,0
Female,University,Married,39,250000,8040,8099,45964,6496,11108,3321,8099,46224,6496,11108,3321,0,-260,0,0,0,0
Male,University,Single,23,50000,45256,41608,36554,19367,19705,19696,2161,1621,1000,1000,1000,39447,34933,18367,18705,18696,0
Female,High School,Single,35,400000,8125,7017,10525,13295,11024,6666,7018,10542,13378,11045,6666,-1,-17,-83,-21,0,0
Female,Graduate,Single,30,240000,0,0,9625,8864,9248,23353,0,9625,0,9248,23353,0,0,8864,0,0,0
Female,Graduate,Married,33,180000,3060,2337,766,316,4356,316,2337,766,316,4356,316,0,0,0,0,0,0
Male,Graduate,Single,33,300000,4499,0,2299,900,1400,0,0,2299,900,1400,0,0,0,0,0,0,0
Female,University,Single,32,300000,192727,194694,188465,189094,179211,87266,8000,8001,5000,4030,4551,186694,180464,184094,175181,82715,0
Male,Graduate,Married,35,140000,91296,88979,97448,105795,103988,110769,0,10000,10000,0,8500,88979,87448,95795,103988,102269,0
Female,Graduate,Single,25,70000,2781,18180,3463,4256,4244,10032,18180,1500,3000,4244,10032,0,1963,1256,0,0,0
Female,Graduate,Single,25,20000,15465,16489,17509,17856,18270,18967,1280,1300,637,700,1000,15209,16209,17219,17570,17967,0
Male,University,Married,36,290000,16082,27310,12811,11111,24586,11992,27411,12821,11111,24586,11992,-101,-10,0,0,0,0
Female,University,Single,24,130000,1176,0,41,1062,-201,-201,0,41,1021,0,0,0,0,41,-201,-201,1
Male,University,Married,37,70000,67573,68884,70511,48772,27026,26056,3000,3500,0,2200,0,65884,67011,48772,24826,26056,1
Female,High School,Single,26,60000,58643,47548,48491,28518,29157,30073,2100,2000,1000,959,1300,45448,46491,27518,28198,28773,0
Female,University,Married,31,340000,18495,1609,17707,31778,46063,43101,1611,17709,31780,47056,43117,-2,-2,-2,-993,-16,0
Female,Graduate,Married,34,50000,51400,0,0,0,0,0,0,0,0,0,0,0,0,0,0,0,0
Male,University,Single,29,150000,71593,71123,29040,106509,85608,86191,3060,1531,80000,3101,4000,68063,27509,26509,82507,82191,0
Female,Graduate,Single,28,180000,90874,79901,82451,83201,77081,74441,3000,3900,3400,5600,0,76901,78551,79801,71481,74441,0
Female,University,Single,30,50000,48779,50097,50313,10264,10082,9899,2400,1700,348,354,362,47697,48613,9916,9728,9537,0
Male,University,Single,39,200000,15138,16396,6989,6619,7362,7252,1513,1106,335,845,1513,14883,5883,6284,6517,5739,0
Female,Graduate,Married,33,140000,55222,54293,53294,51558,52800,51806,2510,2450,1676,1900,1826,51783,50844,49882,50900,49980,1
Female,University,Married,45,190000,140329,128107,131132,96083,97453,99426,6800,7000,3585,3700,3754,121307,124132,92498,93753,95672,0
Female,Graduate,Single,26,140000,84151,87784,90424,92022,95377,98237,5000,5000,4000,5000,5000,82784,85424,88022,90377,93237,0
Male,University,Single,34,50000,50940,48429,23091,10202,10476,10161,0,2000,500,1200,0,48429,21091,9702,9276,10161,0
Male,University,Married,47,360000,8289,389,389,389,389,389,390,390,390,390,390,-1,-1,-1,-1,-1,0
Male,University,Single,29,180000,191262,183554,164619,133372,92101,60389,0,7100,5500,3500,3000,183554,157519,127872,88601,57389,0
Female,Other,Single,40,160000,147977,149890,124283,123733,123275,122624,6000,4370,4400,4470,4420,143890,119913,119333,118805,118204,0
Male,University,Single,30,180000,40735,36337,36882,34000,34798,35488,1581,4626,0,1500,1419,34756,32256,34000,33298,34069,1
Female,University,Married,39,200000,3603,272,5881,0,3331,0,0,5881,20,3331,0,272,0,-20,0,0,0
Female,Graduate,Married,32,350000,67761,63187,58719,60737,63593,82202,8007,2200,3000,4000,20000,55180,56519,57737,59593,62202,0
Female,University,Single,29,90000,83158,91759,88487,88201,87219,86803,12128,0,3301,3136,3156,79631,88487,84900,84083,83647,0
Male,High School,Single,34,50000,9110,10454,12274,11780,14578,18309,1500,2000,0,3000,4000,8954,10274,11780,11578,14309,0
Male,Graduate,Single,29,30000,0,0,22015,22649,24583,25227,0,22015,1000,2300,1200,0,0,21649,22283,24027,0
Male,University,Single,45,280000,170678,26031,191493,136249,111454,96425,7000,208141,5003,5002,5000,19031,-16648,131246,106452,91425,0
Female,University,Married,25,140000,140876,48005,13650,12371,12511,10697,3600,4015,600,500,800,44405,9635,11771,12011,9897,0
Male,Graduate,Single,38,200000,0,0,0,0,0,0,0,0,0,0,0,0,0,0,0,0,0
Male,High School,Married,29,20000,11136,20649,-1001,-1,-1,-1,10000,0,1000,0,0,10649,-1001,-1001,-1,-1,0
Female,University,Single,28,120000,4174,3821,1113,390,390,14613,3821,1113,390,390,14613,0,0,0,0,0,0
Male,High School,Married,54,130000,131139,132596,127906,86109,81941,84545,6000,0,3029,4000,5000,126596,127906,83080,77941,79545,0
Male,High School,Single,32,150000,148352,151267,143254,137379,35290,1200,5210,5212,4610,706,1200,146057,138042,132769,34584,0,0
Female,Graduate,Married,37,10000,7600,8473,8793,9106,7792,7500,3000,3000,3014,3000,3000,5473,5793,6092,4792,4500,0
Male,University,Single,58,200000,105836,108055,110258,112451,115090,117064,3923,4001,4025,4451,4167,104132,106257,108426,110639,112897,0
Male,University,Married,44,480000,21149,1729,20468,-16,3109,18216,1743,20690,0,3125,18307,-14,-222,-16,-16,-91,0
Female,High School,Single,39,80000,4285,1866,5256,4451,9937,13102,1866,5256,4451,9937,9000,0,0,0,0,4102,0
Male,University,Single,31,200000,173103,176817,180416,184018,188151,199766,6500,6546,6600,7100,15000,170317,173870,177418,181051,184766,0
Female,University,Married,40,50000,37458,38514,30266,30897,30050,24651,2010,0,2000,0,2000,36504,30266,28897,30050,22651,0
Female,High School,Married,32,130000,326,326,4058,5732,7406,4124,326,4058,2000,2000,4124,0,0,3732,5406,0,1
Male,University,Married,28,200000,2443,2443,2443,2443,2443,2443,0,0,0,0,0,2443,2443,2443,2443,2443,1
Male,Graduate,Married,36,170000,82898,80400,29253,29196,22400,3605,10000,1400,2500,0,3605,70400,27853,26696,22400,0,0
Male,Graduate,Married,46,150000,97832,98403,99263,100920,86781,71408,4555,3500,3300,3027,3000,93848,95763,97620,83754,68408,0
Female,Graduate,Single,35,510000,198,3125,200,22397,28782,18617,3125,200,22397,18000,1000,0,0,0,10782,17617,0
Female,University,Married,65,270000,0,2521,5145,8422,6374,1566,2521,5184,8422,6374,0,0,-39,0,0,1566,0
Male,University,Single,26,130000,134836,128038,126862,97925,100484,54125,0,5000,3500,4055,10000,128038,121862,94425,96429,44125,1
Female,High School,Married,57,130000,125824,80801,81929,41671,42034,32219,4000,4000,3000,2500,1500,76801,77929,38671,39534,30719,1
Male,University,Single,34,120000,67,0,0,222,836,1259,0,0,222,836,1259,0,0,0,0,0,0
Male,Graduate,Married,43,140000,1872,1249,1872,1453,1453,1034,1249,1872,1453,1453,1034,0,0,0,0,0,0
Female,Graduate,Single,35,360000,6392,3773,17917,21057,0,0,3000,18117,5371,0,0,773,-200,15686,0,0,0
Male,University,Single,24,50000,15519,19520,21103,20101,20402,20132,5000,2300,0,1000,2000,14520,18803,20101,19402,18132,0
Female,University,Married,31,30000,699,309,-471,1479,1320,930,0,0,1950,0,390,309,-471,-471,1320,540,1
Male,High School,Single,26,30000,-857,29237,1170,780,10500,0,30484,0,0,10500,0,-1247,1170,780,0,0,0
Female,Graduate,Married,42,150000,496,1188,940,965,965,726,940,0,965,0,726,248,940,0,965,0,0
Male,High School,Married,58,50000,50456,51400,0,0,0,10400,2400,0,0,0,10400,49000,0,0,0,0,0
Female,University,Married,22,10000,8730,8523,9527,9713,9762,10312,1303,1307,493,354,712,7220,8220,9220,9408,9600,0
Male,High School,Single,26,60000,61966,60308,47536,17079,18219,19542,0,5021,5000,2000,2000,60308,42515,12079,16219,17542,0
Female,University,Single,28,200000,63314,64699,66029,66836,68390,69800,3000,3000,2500,2632,2700,61699,63029,64336,65758,67100,0
Male,High School,Single,46,50000,50297,46613,46666,20162,19864,19680,1852,4050,676,730,866,44761,42616,19486,19134,18814,1
Female,University,Married,23,10000,11640,10685,9730,11645,10702,10392,0,0,3000,0,500,10685,9730,8645,10702,9892,0
Female,Graduate,Single,44,310000,11983,7759,16799,32372,6680,4732,7797,16818,20313,1006,4739,-38,-19,12059,5674,-7,0
Male,University,Single,29,170000,3362,64602,18070,910,9080,4839,64612,4000,910,9080,4839,-10,14070,0,0,0,0
Male,University,Married,34,310000,63908,64224,4595,636,72955,-18,1867,1023,641,73319,0,62357,3572,-5,-364,-18,0
Male,Graduate,Married,50,20000,9164,0,0,0,0,0,0,50000,0,1300,0,0,-50000,0,-1300,0,1
Female,Graduate,Married,39,230000,0,0,0,0,0,0,0,0,0,0,0,0,0,0,0,0,1
Male,Graduate,Single,31,50000,4560,7302,9011,11540,14180,15307,3000,2000,3000,3000,2000,4302,7011,8540,11180,13307,0
Female,Graduate,Single,28,260000,39105,45868,44567,37437,41321,43970,8000,8000,9000,13000,12000,37868,36567,28437,28321,31970,0
Female,University,Single,59,110000,89595,126322,59115,57149,54180,51796,2437,3804,1857,1840,1832,123885,55311,55292,52340,49964,0
Female,Graduate,Single,30,210000,0,0,0,0,0,0,0,0,0,0,0,0,0,0,0,0,1
Male,University,Single,31,260000,62446,54074,46407,38874,31324,24031,2000,2000,2000,2000,2000,52074,44407,36874,29324,22031,0
Male,High School,Married,51,400000,373702,343591,352484,338823,283288,185288,13000,15000,14000,11500,8000,330591,337484,324823,271788,177288,0
Male,University,Married,58,20000,21116,21470,200,0,28740,1295,21654,0,0,28740,1565,-184,200,0,0,-270,0
Female,University,Married,42,180000,390,1260,598,2056,4300,1802,1260,598,2056,4300,1802,0,0,0,0,0,0
Male,University,Single,26,180000,129728,132185,126527,126407,131572,127154,6006,5,5008,10006,10,126179,126522,121399,121566,127144,0
Male,High School,Single,44,30000,28290,30728,29701,29121,29715,0,3600,0,600,594,0,27128,29701,28521,29121,0,0
Female,University,Married,34,50000,40798,38937,34737,18702,15604,16333,2000,2000,1000,578,1000,36937,32737,17702,15026,15333,0
Male,Graduate,Single,26,150000,131490,145714,147332,149199,151978,148131,16441,5500,5800,5400,5000,129273,141832,143399,146578,143131,0
Female,Graduate,Single,23,30000,29944,29399,28632,30363,29594,30932,206,0,2500,0,2000,29193,28632,27863,29594,28932,0
Male,Graduate,Single,24,60000,8169,11027,27469,150,262,3467,3000,17000,0,262,3467,8027,10469,150,0,0,0
Male,Graduate,Married,40,500000,267116,271396,265433,270868,285667,290318,10100,0,9932,19502,9600,261296,265433,260936,266165,280718,1
Female,Graduate,Married,37,180000,1310,0,0,0,0,1350,0,0,0,0,1350,0,0,0,0,0,1
Male,High School,Married,35,180000,111752,54470,48311,38221,33947,24731,2258,1734,1183,1174,1000,52212,46577,37038,32773,23731,0
Female,University,Married,48,60000,46578,39085,18628,19002,19715,18900,1308,1290,664,1003,693,37777,17338,18338,18712,18207,1
Female,Graduate,Married,30,200000,0,0,0,0,0,5659,0,0,0,0,5659,0,0,0,0,0,0
Female,University,Married,25,150000,147476,140352,110722,98874,65258,58027,6640,4100,4000,2675,2500,133712,106622,94874,62583,55527,1
Male,University,Married,58,190000,135184,139664,142293,113086,115433,117789,6586,5881,3292,3399,3469,133078,136412,109794,112034,114320,0
Male,University,Single,42,170000,102141,100600,103156,94090,95922,99324,4002,5107,3600,3500,5000,96598,98049,90490,92422,94324,0
Male,Graduate,Single,29,280000,135056,130889,127768,130339,133035,135715,4547,4584,3647,3757,3799,126342,123184,126692,129278,131916,0
Female,High School,Married,43,290000,1994,390,390,390,390,780,390,390,390,390,780,0,0,0,0,0,0
Male,University,Married,44,240000,21643,19743,20298,15475,15852,16208,1400,1300,1000,1000,1000,18343,18998,14475,14852,15208,0
Female,University,Married,24,110000,42667,43734,43495,43504,45987,44274,2600,1667,1525,4000,0,41134,41828,41979,41987,44274,0
Female,Graduate,Single,27,140000,126785,129752,132554,268084,137061,129250,6500,6500,5000,5000,5568,123252,126054,263084,132061,123682,0
Male,University,Married,38,250000,67788,22453,13683,22970,5409,4490,5080,5028,15127,8028,5021,17373,8655,7843,-2619,-531,1
Male,High School,Single,32,100000,103540,98205,12605,10437,7920,7350,254,1418,250,306,524,97951,11187,10187,7614,6826,0
Female,High School,Married,54,20000,6268,8221,6997,8028,9510,8815,3000,0,3000,2000,0,5221,6997,5028,7510,8815,0
Female,University,Single,27,120000,51244,51819,53375,54620,56170,57240,2000,2000,1700,2000,1700,49819,51375,52920,54170,55540,0
Male,Graduate,Single,30,120000,0,0,1990,0,0,0,0,1990,0,0,0,0,0,0,0,0,0
Female,University,Single,25,130000,4393,4178,10018,5353,5465,4559,0,6000,0,173,326,4178,4018,5353,5292,4233,0
Male,University,Single,24,10000,6933,9301,9000,0,10500,10674,2500,0,1000,10500,368,6801,9000,-1000,0,10306,0
Male,Graduate,Single,31,100000,27163,29408,29395,28895,105,955,3000,1000,0,1000,1000,26408,28395,28895,-895,-45,0
Female,University,Married,34,70000,16965,17398,18310,18611,18966,19403,1000,1500,900,800,900,16398,16810,17711,18166,18503,1
Male,Graduate,Married,37,360000,25078,20970,14407,6820,10099,7806,21006,14430,6820,10099,7806,-36,-23,0,0,0,0
Female,Graduate,Single,26,130000,0,0,0,402,0,2054,0,0,402,0,2054,0,0,0,0,0,0
Male,University,Married,38,240000,132090,143966,155632,162379,156655,157536,20030,20000,10070,10037,13137,123936,135632,152309,146618,144399,0
Male,University,Single,34,20000,0,0,0,0,0,8081,0,0,0,0,8081,0,0,0,0,0,1
Female,Graduate,Married,43,60000,495,330,495,330,165,340,0,330,0,0,340,330,165,330,165,0,0
Male,University,Married,45,20000,21605,20987,20200,19600,19600,20000,0,0,0,0,400,20987,20200,19600,19600,19600,0
Female,University,Single,29,50000,45013,43995,39478,19865,19388,19792,2007,1358,680,845,871,41988,38120,19185,18543,18921,0
Female,Graduate,Single,31,230000,20356,21504,21729,23113,22936,23378,1676,1700,2007,1000,1000,19828,20029,21106,21936,22378,0
Male,Graduate,Single,29,60000,40851,41891,44788,47728,48617,49669,2000,3600,3700,1800,2000,39891,41188,44028,46817,47669,0
Male,University,Married,42,100000,100699,94528,89010,81545,75592,68715,3368,3995,2800,3267,2919,91160,85015,78745,72325,65796,1
Female,Graduate,Married,49,340000,-11,-11,-11,2894,0,530,0,0,2905,0,530,-11,-11,-11,0,0,1
Male,Graduate,Single,30,260000,14096,15558,16986,17700,19401,21067,2000,2000,1000,2000,2000,13558,14986,16700,17401,19067,0
Female,Graduate,Single,41,220000,2500,0,0,0,0,0,0,0,0,0,0,0,0,0,0,0,0
Female,Graduate,Single,27,130000,5188,-26,3955,0,708,2773,0,3981,0,708,2773,-26,-26,0,0,0,0
Male,Graduate,Single,29,300000,298072,305851,245210,204845,190840,165498,13636,10633,7016,10058,7125,292215,234577,197829,180782,158373,0
Male,High School,Married,47,50000,66978,65198,48951,17744,36230,37128,0,2600,635,657,750,65198,46351,17109,35573,36378,1
Female,University,Single,25,30000,26568,27456,27915,27185,28806,28208,1600,1200,0,2200,0,25856,26715,27185,26606,28208,0
Female,Graduate,Married,32,280000,0,0,3508,3508,-200,-200,0,3508,0,0,0,0,0,3508,-200,-200,1
Male,High School,Single,26,50000,22578,23720,23046,23314,23801,24354,1800,0,950,862,947,21920,23046,22364,22939,23407,0
Female,High School,Married,42,200000,1554,1645,1408,1800,819,886,1345,1108,669,0,886,300,300,1131,819,0,0
Male,University,Married,32,360000,7230,9835,8217,2963,15437,15722,5017,2041,2980,16038,8032,4818,6176,-17,-601,7690,0
Male,University,Single,23,50000,47038,51310,49956,19485,13925,15706,10020,2170,1200,4000,15706,41290,47786,18285,9925,0,0
Female,Graduate,Single,31,280000,1558,0,940,0,699,0,0,940,0,699,0,0,0,0,0,0,0
Female,Graduate,Single,43,50000,42627,39610,26538,20818,19759,17907,1610,1279,687,690,671,38000,25259,20131,19069,17236,0
Female,High School,Married,31,180000,247,1562,1548,768,0,0,1562,1548,768,0,0,0,0,0,0,0,0
Female,University,Married,37,140000,0,177,1460,1460,0,0,177,1460,0,0,0,0,0,1460,0,0,1
Female,Graduate,Single,33,120000,18653,19844,20908,21560,22214,22845,1500,1400,1000,1000,1000,18344,19508,20560,21214,21845,1
Male,University,Single,30,20000,20001,20041,20205,19998,20367,20399,1400,1290,694,869,2102,18641,18915,19304,19498,18297,0
Female,Graduate,Single,30,130000,8830,9533,10220,10353,10636,10711,1000,1000,600,600,400,8533,9220,9753,10036,10311,1
Female,University,Single,29,60000,54932,85672,41483,19394,18893,19043,1900,1572,1000,700,668,83772,39911,18394,18193,18375,1
Female,Graduate,Single,50,360000,11530,11753,0,2855,1730,0,11763,0,2855,1730,0,-10,0,0,0,0,0
Male,Graduate,Single,32,360000,26833,23626,20571,15423,15001,14917,1722,2636,1006,1003,1011,21904,17935,14417,13998,13906,0
Female,High School,Married,41,260000,137614,137133,134970,88806,86858,89970,5700,9000,4500,0,5000,131433,125970,84306,86858,84970,1
Female,High School,Married,31,50000,50612,43616,43339,29735,30360,29697,1879,1863,1042,1081,1081,41737,41476,28693,29279,28616,0
Male,University,Single,43,20000,54,54,54,54,54,54,0,0,0,0,0,54,54,54,54,54,1
Male,Graduate,Married,34,80000,73839,78934,76649,81845,80021,82334,6700,0,7500,0,4200,72234,76649,74345,80021,78134,1
Female,Graduate,Single,30,210000,1993,2722,2753,291,582,291,1062,1000,0,582,0,1660,1753,291,0,291,1
Male,University,Single,30,500000,380417,377866,-3634,-3634,-3634,-3634,9027,3634,0,1907,0,368839,-7268,-3634,-5541,-3634,0
Male,University,Married,31,50000,51319,52214,50260,32502,27697,25940,5000,2300,1100,1000,1000,47214,47960,31402,26697,24940,1
Female,University,Single,27,30000,29810,1651,0,0,0,0,1000,0,0,0,0,651,0,0,0,0,0
Male,University,Married,38,260000,17949,5693,28669,1207,2654,1441,5722,28811,1313,2667,1447,-29,-142,-106,-13,-6,0
Male,Graduate,Married,40,200000,4394,3366,9379,4253,4403,4326,3405,9436,4274,4424,4347,-39,-57,-21,-21,-21,0
Female,University,Single,41,290000,6959,6891,980,4059,2473,3332,6891,980,4059,2473,3332,0,0,0,0,0,0
Male,University,Single,27,30000,10410,11431,12439,12530,12790,12891,1495,1503,594,610,462,9936,10936,11936,12180,12429,0
Female,University,Other,38,260000,8000,8000,8000,8000,24406,18043,8000,8000,8000,24406,2000,0,0,0,0,16043,0
Male,University,Married,33,500000,88832,90687,84613,89944,80339,77214,6047,5016,10055,2513,3009,84640,79597,79889,77826,74205,0
Female,University,Single,35,180000,0,0,0,2072,-28,-28,0,0,2072,0,0,0,0,0,-28,-28,0
Male,High School,Single,30,50000,50110,50322,27078,19107,19506,20024,1500,1620,1000,707,841,48822,25458,18107,18799,19183,1
Female,Graduate,Single,40,450000,9612,19253,6665,0,0,0,19293,6665,0,0,0,-40,0,0,0,0,0
Male,High School,Single,24,110000,78453,48208,8882,47695,48461,48903,1500,1900,40000,2000,1800,46708,6982,7695,46461,47103,0
Male,Graduate,Single,29,340000,191426,190339,148694,150872,149218,152598,8200,6500,6000,6000,6000,182139,142194,144872,143218,146598,0
Female,University,Single,22,20000,496,496,-4,400,2800,17333,0,0,404,2800,17333,496,-4,-4,0,0,0
Female,University,Married,32,50000,0,0,0,0,0,0,0,0,0,0,0,0,0,0,0,0,1
Female,High School,Married,35,140000,46915,115681,110827,113078,98901,100466,70000,4130,4600,3600,3600,45681,106697,108478,95301,96866,0
Female,Graduate,Married,31,400000,5581,2833,1162,325,325,325,2833,1162,325,325,325,0,0,0,0,0,0
Female,University,Single,40,50000,15584,4377,0,0,0,0,4377,0,0,0,0,0,0,0,0,0,0
Male,High School,Single,53,130000,7477,6519,1403,5773,2464,2108,6540,1411,5790,2571,2214,-21,-8,-17,-107,-106,0
Male,University,Single,29,70000,34449,35009,21307,8840,8131,7535,1600,1300,500,1000,1000,33409,20007,8340,7131,6535,1
Female,Graduate,Single,24,40000,19133,0,0,0,0,0,0,0,0,0,0,0,0,0,0,0,0
Female,Graduate,Single,29,130000,390,99235,98080,97224,97940,99170,99235,4368,3449,3713,3610,0,93712,93775,94227,95560,0
Female,University,Married,40,70000,43045,44088,45102,45861,47951,49252,2036,2050,1809,3000,2251,42052,43052,44052,44951,47001,0
Male,Graduate,Single,30,250000,6476,10023,12947,16095,23343,26028,5000,5000,4000,10000,4000,5023,7947,12095,13343,22028,0
Female,Other,Married,25,150000,156252,121999,28119,100540,88865,88526,3468,1867,92920,3578,3000,118531,26252,7620,85287,85526,0
Male,University,Single,31,300000,285038,291480,298378,131103,128742,124882,12507,15056,5027,5007,5063,278973,283322,126076,123735,119819,0
Male,University,Single,24,20000,-331,19398,1238,5300,0,16100,19729,1000,5300,0,16100,-331,238,0,0,0,0
Female,University,Single,23,20000,6872,7805,8801,18601,18909,39156,1204,1200,10000,538,10000,6601,7601,8601,18371,29156,0
Female,Graduate,Single,24,20000,14750,14229,16438,16770,17995,17556,0,2773,605,1500,0,14229,13665,16165,16495,17556,1
Female,High School,Married,42,210000,0,1200,12466,16870,17741,13049,1200,12466,6004,6000,7282,0,0,10866,11741,5767,1
Male,Graduate,Single,31,220000,332,332,328,1024,1888,1132,333,329,1029,1897,1137,-1,-1,-5,-9,-5,0
Male,Graduate,Single,32,300000,2144,2085,2431,2198,14487,725,2085,2431,2198,14487,725,0,0,0,0,0,0
Male,Graduate,Single,38,120000,52234,39644,19920,9155,14155,3867,1575,1800,1500,14000,4000,38069,18120,7655,155,-133,0
Female,University,Single,25,50000,6806,6552,7561,7712,7936,47743,0,1125,276,348,40000,6552,6436,7436,7588,7743,1
Female,University,Married,42,210000,4221,336,0,0,0,0,336,0,0,0,0,0,0,0,0,0,0
Female,University,Single,56,170000,4767,0,451,0,424,1482,0,451,0,424,1482,0,0,0,0,0,1
Female,Graduate,Single,23,60000,27369,27961,28509,28628,28785,28921,1466,1452,1009,1040,1048,26495,27057,27619,27745,27873,0
Male,University,Married,41,20000,17213,19041,18449,17857,18735,19277,2400,0,0,1320,1000,16641,18449,17857,17415,18277,1
Male,University,Single,27,50000,41932,38411,30659,30963,30505,28696,1600,1712,1016,2500,0,36811,28947,29947,28005,28696,1
Female,High School,Married,43,180000,0,8016,1200,0,0,0,8016,1200,0,0,0,0,0,0,0,0,0
Female,University,Married,28,20000,20574,21041,19055,15335,10812,6483,1100,0,550,288,400,19941,19055,14785,10524,6083,1
Female,Graduate,Single,32,310000,0,0,326,326,-235,-235,0,326,0,0,0,0,0,326,-235,-235,0
Male,High School,Married,48,130000,11926,18095,5552,3038,11094,8670,10840,3,3041,11202,8671,7255,5549,-3,-108,-1,0
Female,University,Single,25,160000,153392,143297,140984,120742,115637,111354,8000,7000,5000,5000,5000,135297,133984,115742,110637,106354,0
Female,Graduate,Single,33,500000,48206,45445,43875,34003,33079,28257,2100,1800,1500,1500,2000,43345,42075,32503,31579,26257,0
Male,University,Single,29,20000,18920,20302,19477,20210,20077,20022,1700,1300,1000,800,700,18602,18177,19210,19277,19322,0
Male,High School,Single,53,70000,14054,15078,15787,16100,16437,16764,1554,1263,576,596,600,13524,14524,15524,15841,16164,0
Female,University,Married,27,130000,792,0,396,485,46773,47313,0,396,485,46684,1700,0,0,0,89,45613,0
Female,University,Married,40,310000,180225,85799,103459,80237,74627,52057,10000,20000,10000,6000,5000,75799,83459,70237,68627,47057,0
Female,High School,Single,25,20000,12547,14699,900,900,0,0,14745,900,0,0,0,-46,0,900,0,0,1
Female,High School,Married,41,180000,3600,5184,5719,0,0,7632,5184,5719,0,0,7632,0,0,0,0,0,0
Female,High School,Married,43,30000,12603,13103,13785,13911,13548,14465,1000,1200,646,0,1300,12103,12585,13265,13548,13165,0
Female,University,Married,39,50000,10960,12030,13125,14104,13735,14307,1250,1300,1200,0,800,10780,11825,12904,13735,13507,0
Female,Graduate,Single,27,210000,272,894,2168,762,660,3140,902,2168,762,660,3140,-8,0,0,0,0,0
Female,Graduate,Single,42,90000,88346,85975,86302,67592,69518,68228,3500,3500,3000,3000,3000,82475,82802,64592,66518,65228,1
Female,University,Married,58,20000,19698,19224,18690,17392,16408,16343,1315,1254,596,592,594,17909,17436,16796,15816,15749,0
Male,Graduate,Married,29,130000,162757,143233,130477,99119,101535,89883,5,6000,5000,5000,100207,143228,124477,94119,96535,-10324,1
Female,University,Single,24,60000,0,0,0,0,150,560,0,0,0,150,560,0,0,0,0,0,0
Female,University,Married,35,310000,14332,8257,11505,17264,10919,3185,1041,11512,7271,5000,3215,7216,-7,9993,5919,-30,0
Male,University,Single,40,80000,81511,65605,62779,634,892,412,3200,3000,1000,1000,412,62405,59779,-366,-108,0,0
Female,University,Married,40,200000,7261,32333,12610,7850,977,9205,32543,13587,7850,0,9205,-210,-977,0,977,0,0
Male,Graduate,Single,27,180000,94450,96632,99127,100581,102800,104931,4600,5000,4000,4000,4000,92032,94127,96581,98800,100931,0
Female,Graduate,Married,34,200000,0,0,0,0,0,0,0,0,0,0,0,0,0,0,0,0,1
Female,High School,Married,63,180000,1344,0,0,0,0,0,0,0,0,0,0,0,0,0,0,0,1
Male,University,Single,23,10000,17834,8511,1651,9984,10096,9847,1033,1651,9984,415,358,7478,0,0,9681,9489,0
Male,University,Single,30,50000,51396,52908,7456,7608,7978,10400,2481,1000,152,370,11000,50427,6456,7456,7608,-600,0
Male,High School,Married,33,210000,44249,45146,30089,30400,24236,22002,8130,3027,10018,6,66,37016,27062,20382,24230,21936,0
Female,Other,Single,22,20000,17576,17632,18385,18657,8539,0,1500,1200,1000,1000,0,16132,17185,17657,7539,0,0
Male,University,Single,31,50000,47709,47838,49597,43885,0,0,3007,5230,1927,0,0,44831,44367,41958,0,0,0
Male,Graduate,Single,43,290000,197175,210932,217394,221950,228203,233974,17000,10000,10000,10000,10000,193932,207394,211950,218203,223974,0
Female,Graduate,Single,37,360000,16600,19190,20384,23255,22495,380,3194,2384,3271,2509,381,15996,18000,19984,19986,-1,0
Female,University,Married,38,500000,2343,4666,3492,3008,16871,19188,4695,2506,2015,16883,5013,-29,986,993,-12,14175,0
Female,University,Married,41,50000,25395,26421,27741,27982,28589,29157,1440,1760,1001,1057,1063,24981,25981,26981,27532,28094,0
Male,University,Single,25,180000,4236,5230,6570,7192,6437,12499,2001,2000,1018,6154,12527,3229,4570,6174,283,-28,0
Female,University,Married,44,200000,0,0,0,0,0,0,0,0,0,0,0,0,0,0,0,0,0
Male,University,Married,48,140000,80740,82439,84125,85968,88679,99558,3000,3060,3241,4264,12400,79439,81065,82727,84415,87158,0
Female,University,Married,46,360000,6402,13301,3762,7483,6399,9145,13389,3785,7527,6418,9187,-88,-23,-44,-19,-42,1
Female,University,Single,34,60000,59291,60720,59503,49305,28903,28577,3000,2267,1000,1100,1300,57720,57236,48305,27803,27277,0
Male,University,Single,24,110000,91915,92168,90705,40086,41449,42260,3800,3818,1426,2000,2000,88368,86887,38660,39449,40260,0
Male,University,Single,28,50000,17868,18028,38126,18690,19082,19505,1711,20809,668,692,740,16317,17317,18022,18390,18765,0
Female,University,Single,27,130000,390,390,390,390,390,380,390,390,390,390,380,0,0,0,0,0,0
Male,Graduate,Single,23,20000,8693,10045,11776,11776,10886,-1000,1500,2000,0,0,0,8545,9776,11776,10886,-1000,0
Female,Graduate,Married,35,200000,1972,582,1891,0,1908,290,0,1891,0,1908,290,582,0,0,0,0,1
Male,High School,Single,41,10000,3983,4764,5528,7420,8298,8019,1000,1000,2000,1000,0,3764,4528,5420,7298,8019,1
Female,Graduate,Single,30,330000,5014,59970,18585,13835,45476,25125,60207,18585,13835,45476,25125,-237,0,0,0,0,0
Female,University,Married,34,360000,9561,5866,1297,0,0,0,1166,1297,0,0,0,4700,0,0,0,0,0
Female,University,Married,46,230000,3503,3354,858,5505,2263,10352,3970,858,5505,2263,10352,-616,0,0,0,0,0
Male,University,Married,37,140000,2081,991,1982,991,1091,1420,0,1982,0,1091,1420,991,0,991,0,0,1
Male,Graduate,Married,38,50000,2536,3147,8321,4453,4038,4764,3147,8321,4453,4038,4764,0,0,0,0,0,0
Male,University,Single,31,30000,23559,23381,540,150,-30,170,1000,500,0,600,200,22381,40,150,-630,-30,0
Male,Graduate,Single,29,170000,0,0,0,0,1015,0,0,0,0,1015,0,0,0,0,0,0,0
Female,University,Single,32,50000,49340,48297,49255,8838,9011,9872,0,3000,1000,1000,1000,48297,46255,7838,8011,8872,0
Female,Graduate,Married,35,290000,703,-20,-20,-20,2663,-677,0,0,0,2800,0,-20,-20,-20,-137,-677,1
Male,Graduate,Single,43,140000,138859,141393,135784,136258,137747,138593,5100,4779,6000,6000,6000,136293,131005,130258,131747,132593,1
Male,University,Married,39,110000,49464,40359,34533,36819,32467,35806,3007,3000,3000,3000,4000,37352,31533,33819,29467,31806,0
Male,Graduate,Single,27,170000,127902,131631,133090,130937,134043,137023,5631,5090,4937,5043,5023,126000,128000,126000,129000,132000,0
Female,University,Married,31,390000,49667,33900,33545,16666,0,0,1700,17000,333,0,16666,32200,16545,16333,0,-16666,0
Male,Graduate,Married,47,160000,1562,1499,-3,-3,1274,0,1503,0,0,1277,0,-4,-3,-3,-3,0,0
Female,University,Married,37,20000,20460,19860,19100,18500,18500,18500,0,0,0,0,0,19860,19100,18500,18500,18500,0
Male,Graduate,Single,24,40000,36904,34372,38496,37580,38820,39693,1600,6700,0,2000,1700,32772,31796,37580,36820,37993,0
Male,University,Married,37,400000,7011,9639,8102,8585,12633,20338,10000,8501,9003,13000,20500,-361,-399,-418,-367,-162,0
Female,University,Single,29,260000,4400,942,1058,2106,2282,2531,942,1058,2106,2282,2531,0,0,0,0,0,0
Female,High School,Married,52,260000,207627,212821,214885,219204,223899,228279,8535,6430,6495,6849,6799,204286,208455,212709,217050,221480,0
Male,Graduate,Single,48,240000,180189,191054,192447,188156,183299,180090,15281,6000,0,0,9013,175773,186447,188156,183299,171077,0
Female,University,Married,38,230000,12696,9883,2035,6337,3388,2132,9883,2035,6337,3388,2132,0,0,0,0,0,0
Male,University,Married,45,50000,4900,7222,3150,0,0,0,7222,3150,0,0,0,0,0,0,0,0,0
Male,Graduate,Single,37,400000,1783,1251,629,0,303,219,1251,629,0,303,219,0,0,0,0,0,0
Male,University,Married,31,30000,29285,29390,30300,29463,29531,29901,1820,1730,1154,1034,1212,27570,28570,28309,28497,28689,0
Male,Graduate,Single,37,300000,52268,53440,54615,47146,47486,16937,3000,3011,582,602,627,50440,51604,46564,46884,16310,0
Female,Graduate,Single,24,100000,7576,15532,7626,11896,15520,7156,15532,0,11896,11008,0,0,7626,0,4512,7156,0
Male,Graduate,Single,26,130000,4417,93163,90056,69832,46645,11869,105072,5000,3000,12000,10000,-11909,85056,66832,34645,1869,0
Female,Graduate,Single,41,180000,6734,7752,8763,8938,8568,9357,1124,1135,310,378,1000,6628,7628,8628,8190,8357,0
Male,High School,Single,24,130000,101767,41823,33740,17009,11580,0,12,1407,347,11,0,41811,32333,16662,11569,0,1
Female,Graduate,Single,25,130000,0,0,0,0,0,0,0,0,0,0,0,0,0,0,0,0,0
Female,University,Married,57,50000,173,274,0,0,0,0,274,0,0,0,0,0,0,0,0,0,0
Female,University,Married,36,230000,198,29430,22925,6120,6519,12051,29439,22993,6167,6519,12086,-9,-68,-47,0,-35,1
Male,High School,Married,35,140000,136324,138438,0,0,0,0,5407,0,0,0,0,133031,0,0,0,0,0
Male,University,Single,30,60000,41540,390,390,0,15666,15915,390,390,0,16056,1000,0,0,0,-390,14915,0
Male,University,Married,23,30000,390,390,390,0,780,0,390,390,0,780,0,0,0,0,0,0,0
Female,High School,Married,39,40000,34378,37584,38072,37160,39628,40428,3768,1400,0,3081,1600,33816,36672,37160,36547,38828,1
Female,University,Married,40,250000,7067,998,0,0,0,1604,4,0,0,0,1604,994,0,0,0,0,0
Male,University,Married,53,20000,35419,31195,26849,23060,23060,-129,0,0,0,0,129,31195,26849,23060,23060,-258,0
Male,University,Married,27,120000,110162,107008,103800,106075,115747,113999,0,0,4000,11000,0,107008,103800,102075,104747,113999,1
Female,University,Single,29,210000,86598,88304,90648,93164,94167,97672,4000,4000,4000,10000,5000,84304,86648,89164,84167,92672,0
Male,Graduate,Single,33,380000,2500,0,0,0,0,0,0,0,0,0,0,0,0,0,0,0,1
Male,University,Single,28,130000,381,550,547,226,73,-121,551,548,226,105,89,-1,-1,0,-32,-210,0
Female,University,Married,49,80000,79545,80932,22320,22765,23393,23470,3708,1364,809,989,930,77224,20956,21956,22404,22540,1
Female,University,Married,31,80000,3601,-876,6440,2802,1290,4547,9,9242,0,1290,4547,-885,-2802,2802,0,0,1
Male,University,Single,36,140000,59693,61732,62411,64372,70015,68745,3000,2300,3000,6700,0,58732,60111,61372,63315,68745,0
Female,University,Other,50,220000,127571,116768,55863,57079,51202,53195,5200,2000,2000,2000,3200,111568,53863,55079,49202,49995,0
Female,University,Single,23,20000,6218,6959,8635,8350,9063,8771,1000,1800,0,1000,0,5959,6835,8350,8063,8771,1
Female,University,Married,43,200000,150,150,150,150,2500,0,0,0,0,2500,0,150,150,150,0,0,1
Female,University,Married,24,50000,37159,30814,27382,28081,28578,29450,1500,1500,1153,1100,1346,29314,25882,26928,27478,28104,0
Male,University,Single,30,20000,20027,18971,19339,19733,19799,10400,1395,1153,547,611,600,17576,18186,19186,19188,9800,0
Male,High School,Single,37,230000,36571,35484,41862,21655,64645,44627,1700,10010,5000,64667,5003,33784,31852,16655,-22,39624,0
Female,University,Single,29,230000,232044,236365,229553,190525,192974,186407,9500,0,6829,7300,7000,226865,229553,183696,185674,179407,1
Female,University,Single,24,60000,0,0,1668,844,200,2930,0,1668,844,1044,2930,0,0,0,-844,0,0
Male,High School,Married,54,50000,18691,21072,20039,20042,20097,20288,3000,0,700,750,900,18072,20039,19342,19347,19388,1
Male,High School,Married,40,130000,3015,2620,1330,0,0,0,1000,1330,0,0,0,1620,0,0,0,0,0
Female,University,Single,27,20000,17304,0,26373,26644,26079,27941,0,26373,1000,0,2300,0,0,25644,26079,25641,0
Female,University,Single,31,440000,49803,25781,18400,10978,1175,32857,1390,4375,271,497,34255,24391,14025,10707,678,-1398,0
Female,Graduate,Single,23,150000,227,6686,11609,3234,1414,5281,6692,11609,3623,1414,5281,-6,0,-389,0,0,0
Male,University,Single,42,410000,7114,8223,6557,16128,7539,5300,8309,6645,16141,0,5300,-86,-88,-13,7539,0,0
Male,University,Married,32,320000,43265,28007,24986,23844,20650,0,1528,3019,2022,2000,0,26479,21967,21822,18650,0,0
Male,University,Single,26,30000,26990,24706,25022,26405,25861,27778,4900,2000,2100,0,2500,19806,23022,24305,25861,25278,0
Male,University,Single,29,80000,75234,76417,76916,51070,52727,54847,3007,5090,2001,3000,3000,73410,71826,49069,49727,51847,0
Female,High School,Married,47,50000,28164,27432,28668,29191,35551,34420,0,2000,1300,7000,0,27432,26668,27891,28551,34420,1
Male,University,Single,39,50000,50468,48621,49987,19663,16769,16550,0,2600,650,752,596,48621,47387,19013,16017,15954,1
Female,Graduate,Single,52,140000,1388,0,980,0,0,0,0,980,0,0,0,0,0,0,0,0,0
Female,Graduate,Married,38,500000,7789,9656,7477,8370,8890,6424,9666,7488,8370,8890,6424,-10,-11,0,0,0,0
Female,High School,Married,48,60000,59063,53377,37418,37543,35447,35641,2000,1900,1500,1300,1300,51377,35518,36043,34147,34341,0
Male,Graduate,Single,35,150000,5888,0,0,11310,11310,0,0,0,11310,0,0,0,0,0,11310,0,0
Male,Other,Single,46,130000,79705,59716,38343,37834,37429,36991,2475,1600,1300,1400,1400,57241,36743,36534,36029,35591,0
Male,University,Single,41,20000,18577,18961,18126,16557,17519,17111,2000,2000,1000,3000,2000,16961,16126,15557,14519,15111,0
Male,University,Married,43,310000,4943,2691,2060,2004,2503,814,2691,2060,2018,2505,816,0,0,-14,-2,-2,0
Male,University,Married,42,90000,780,0,0,0,0,0,0,0,0,0,0,0,0,0,0,0,0
Female,Graduate,Single,46,210000,15655,3918,29881,24247,21664,1556,4854,30366,0,433,1556,-936,-485,24247,21231,0,1
Female,University,Single,22,10000,7194,6934,8786,8014,0,0,0,2000,430,0,0,6934,6786,7584,0,0,1
Male,High School,Married,59,30000,29272,29096,22088,21624,21833,18174,1404,1268,694,866,695,27692,20820,20930,20967,17479,0
Female,University,Married,22,30000,28574,14220,14188,7058,7976,7734,0,1230,1000,1000,0,14220,12958,6058,6976,7734,1
Female,Graduate,Single,24,30000,28885,27924,27709,27457,26848,26407,1459,1414,952,1002,832,26465,26295,26505,25846,25575,0
Female,University,Married,45,220000,0,6010,7069,43957,30693,13264,6010,1229,43957,614,13264,0,5840,0,30079,0,0
Male,High School,Married,45,20000,1340,950,1560,1170,780,780,0,1000,0,0,0,950,560,1170,780,780,1
Male,Graduate,Married,30,300000,649,949,1938,81,671,8067,949,1938,81,671,8067,0,0,0,0,0,0
Female,University,Married,30,160000,5331,6020,1194,694,1800,186,1153,1202,694,1800,186,4867,-8,0,0,0,0
Male,University,Single,25,10000,5378,6482,7308,5736,6236,-764,1200,1000,115,500,180,5282,6308,5621,5736,-944,0
Female,University,Single,23,20000,16235,17857,18862,18931,19624,20049,2200,1610,679,1000,900,15657,17252,18252,18624,19149,1
Male,Graduate,Single,29,20000,16330,15784,18200,17613,18371,19865,0,3000,0,1200,1800,15784,15200,17613,17171,18065,1
Male,University,Married,26,70000,66866,27072,26744,28087,27393,26646,2000,1396,3000,980,955,25072,25348,25087,26413,25691,1
Female,University,Married,30,50000,43334,41935,14854,14125,12176,13827,1986,1040,1000,1000,3000,39949,13814,13125,11176,10827,0
Female,Graduate,Single,26,130000,10274,10750,8699,7199,5699,6275,2352,0,199,199,2275,8398,8699,7000,5500,4000,0
Female,Graduate,Married,38,180000,27959,13855,16277,0,28743,8210,13855,16277,0,28743,8210,0,0,0,0,0,0
Male,University,Single,28,50000,9500,7913,9572,9281,8835,9038,0,1800,0,400,350,7913,7772,9281,8435,8688,1
Male,Graduate,Married,44,500000,35755,72000,0,0,0,0,40000,0,0,0,0,32000,0,0,0,0,0
Female,Graduate,Single,27,340000,30452,36919,24268,3210,3240,11095,6919,4322,3210,3240,11095,30000,19946,0,0,0,0
Female,University,Single,25,150000,3303,125,7351,1279,0,0,125,7424,1279,0,0,0,-73,0,0,0,0
Female,University,Married,40,150000,32117,3502,2056,7756,4993,918,3505,2056,7756,0,918,-3,0,0,4993,0,0
Female,University,Married,47,100000,27555,29798,31028,33544,35328,41835,3000,2028,3354,2328,7300,26798,29000,30190,33000,34535,0
Female,Graduate,Single,28,100000,16601,14414,11307,11139,11361,9816,1539,1124,495,500,758,12875,10183,10644,10861,9058,0
Female,Graduate,Single,23,30000,25487,26513,27026,27871,29017,28403,1738,1251,1596,1742,0,24775,25775,26275,27275,28403,1
Female,University,Married,34,150000,30821,33009,34867,24438,18883,14737,3000,3000,1000,2000,4500,30009,31867,23438,16883,10237,0
Male,Graduate,Single,23,10000,7684,8685,8557,7319,7650,8862,1300,1500,500,600,1500,7385,7057,6819,7050,7362,0
Female,Graduate,Single,38,190000,77720,79417,81326,81650,83354,85163,3774,3799,2874,2970,3138,75643,77527,78776,80384,82025,0
Female,Graduate,Single,33,70000,39416,40784,42791,43797,44938,47177,2000,3000,1718,2000,3000,38784,39791,42079,42938,44177,0
Female,Graduate,Married,48,360000,8243,10742,3300,0,1270,0,10752,3300,0,1270,0,-10,0,0,0,0,0
Female,University,Married,37,500000,71455,79079,73583,79481,115741,168319,10004,10104,10000,40000,10000,69075,63479,69481,75741,158319,0
Male,University,Married,45,210000,82902,84897,56023,57137,58333,59373,3814,2931,2045,2117,2010,81083,53092,55092,56216,57363,0
Male,University,Married,37,320000,188106,178067,178018,172200,164032,165857,6496,6343,6003,5967,6525,171571,171675,166197,158065,159332,0
Female,University,Married,22,50000,39843,40662,41971,43020,46150,45288,1762,2000,2020,3800,0,38900,39971,41000,42350,45288,0
Female,Graduate,Single,38,500000,4590,4218,5090,2043,8479,236,1128,1000,0,8479,236,3090,4090,2043,0,0,0
Male,University,Married,42,320000,730,1550,0,2000,700,760,1550,0,2000,700,760,0,0,0,0,0,0
Male,University,Single,26,80000,76304,78680,79897,27950,28579,29138,4203,3900,1200,1230,1230,74477,75997,26750,27349,27908,0
Male,Graduate,Married,42,250000,352016,341600,321232,307354,285901,272322,15210,8273,8100,100,8942,326390,312959,299254,285801,263380,1
Male,Graduate,Married,40,250000,396,396,396,396,396,109,396,396,396,396,109,0,0,0,0,0,0
Male,Graduate,Married,33,220000,0,2500,0,0,0,0,2500,0,0,0,0,0,0,0,0,0,0
Female,Graduate,Single,37,250000,1391,3498,8963,0,14660,62832,3498,8963,0,14660,62832,0,0,0,0,0,0
Female,University,Married,24,50000,42120,41444,33933,28945,28131,27531,1921,1490,1148,2370,0,39523,32443,27797,25761,27531,0
Female,Graduate,Single,43,360000,0,10121,390,2809,390,390,10121,780,2809,390,390,0,-390,0,0,0,1
Female,Graduate,Married,38,260000,0,0,0,0,0,0,0,0,0,0,0,0,0,0,0,0,0
Male,University,Married,45,50000,9659,10610,6525,3660,0,0,1155,1000,73,0,0,9455,5525,3587,0,0,0
Male,University,Single,25,20000,390,5548,7001,6695,0,0,5548,2000,2000,0,3300,0,5001,4695,0,-3300,0
Male,University,Single,23,10000,2068,6000,6457,6177,0,0,4400,1000,500,0,0,1600,5457,5677,0,0,0
Female,University,Married,34,500000,523618,483244,459273,386722,366421,241182,0,16004,15004,15004,9814,483244,443269,371718,351417,231368,0
Female,University,Single,33,330000,-271,-1648,-2437,95131,46017,46470,0,0,102680,1728,1695,-1648,-2437,-7549,44289,44775,0
Male,University,Single,34,170000,113270,112012,114535,115448,117426,115675,6000,6000,4106,4312,5097,106012,108535,111342,113114,110578,0
Male,University,Single,63,20000,1650,1650,1650,1650,1650,1650,0,0,0,0,0,1650,1650,1650,1650,1650,0
Male,University,Married,29,80000,37822,40900,39944,40744,42084,42923,3700,0,1462,2000,1536,37200,39944,39282,40084,41387,0
Female,University,Married,32,240000,4101,7101,5500,5500,5500,5463,8500,5500,5500,5500,5463,-1399,0,0,0,0,0
Female,University,Single,28,150000,46576,43583,45569,46533,47653,49729,2500,3000,2000,2000,3000,41083,42569,44533,45653,46729,0
Male,University,Married,34,200000,135654,173946,176894,170754,172332,175960,66022,6101,5898,6053,6288,107924,170793,164856,166279,169672,0
Male,Graduate,Single,33,300000,1617,7785,3420,814,-494,8006,7785,3000,0,0,8500,0,420,814,-494,-494,0
Male,University,Married,35,100000,82348,82156,83318,81380,83710,88057,1700,3100,0,3800,5900,80456,80218,81380,79910,82157,1
Female,University,Single,33,290000,14026,9154,2778,9981,23989,22667,9000,2000,9000,23000,22000,154,778,981,989,667,0
Male,High School,Married,56,100000,10882,11952,13047,13330,14112,14477,1250,1300,500,1000,600,10702,11747,12830,13112,13877,0
Male,Graduate,Other,46,10000,6772,7790,8799,8974,9162,9375,1128,1137,312,323,356,6662,7662,8662,8839,9019,1
Female,Graduate,Single,41,420000,79899,82012,84079,85614,87053,88657,3391,3427,2909,2877,2976,78621,80652,82705,84176,85681,0
Female,University,Married,42,20000,19185,18621,19605,19717,19203,19871,1323,1307,691,705,995,17298,18298,19026,18498,18876,0
Female,Graduate,Married,37,300000,616,1370,916,316,898,748,1370,916,316,898,748,0,0,0,0,0,0
Male,High School,Single,26,50000,42040,30427,17818,17028,16387,15728,2000,2000,1000,1000,1000,28427,15818,16028,15387,14728,0
Female,University,Married,44,180000,33800,0,0,0,1972,0,0,0,0,1972,0,0,0,0,0,0,0
Male,University,Married,41,420000,16657,2578,523,1855,14539,7647,2590,525,1864,14611,7685,-12,-2,-9,-72,-38,0
Female,University,Married,49,100000,10430,3313,490,6974,8018,8441,3313,490,6974,8018,8441,0,0,0,0,0,0
Female,University,Single,38,80000,18733,20081,17245,13507,14479,14083,2000,2500,0,2000,2000,18081,14745,13507,12479,12083,0
Male,Graduate,Married,42,210000,103772,95228,87678,79254,71836,63675,4000,4000,3000,4000,3000,91228,83678,76254,67836,60675,0
Male,High School,Married,42,80000,0,0,0,0,0,7010,0,0,0,0,6204,0,0,0,0,806,0
Female,Graduate,Single,31,240000,65220,68155,70184,71784,78659,81212,4000,3167,2767,8233,4000,64155,67017,69017,70426,77212,0
Male,Graduate,Married,45,500000,37875,150573,32413,193427,21978,38102,162003,32611,200967,22074,38272,-11430,-198,-7540,-96,-170,0
Male,University,Single,27,100000,10458,9899,6618,3895,4037,12959,2500,1162,3000,159,11845,7399,5456,895,3878,1114,0
Female,Graduate,Single,36,610000,874,-256,-255,-538,107592,168966,0,1,0,108130,30695,-256,-256,-538,-538,138271,0
Male,University,Single,27,170000,416,416,416,416,416,416,416,416,416,416,416,0,0,0,0,0,0
Male,Graduate,Married,45,320000,37361,21796,10798,9198,2314,14497,21903,10832,9244,2325,14568,-107,-34,-46,-11,-71,0
Female,High School,Married,38,200000,60473,151786,109495,13785,22173,10482,101796,29894,13943,21865,0,49990,79601,-158,308,10482,0
Male,Graduate,Single,35,360000,0,1010,0,0,0,0,1010,0,0,0,0,0,0,0,0,0,1
Male,University,Married,34,200000,0,0,188,0,0,0,0,188,0,0,0,0,0,0,0,0,0
Female,University,Married,39,150000,0,0,0,0,0,0,0,0,0,0,0,0,0,0,0,0,1
Male,Graduate,Married,44,100000,48850,0,0,0,0,0,0,0,0,0,0,0,0,0,0,0,0
Male,Graduate,Single,29,200000,45841,37221,34718,32148,25380,22701,4000,7000,7000,7000,7000,33221,27718,25148,18380,15701,0
Male,University,Married,26,30000,-201,349,-199,0,199,199,550,0,199,199,0,-201,-199,-199,0,199,0
Male,Graduate,Married,36,260000,239206,212271,191813,193555,197090,200841,9029,9000,7100,7509,8000,203242,182813,186455,189581,192841,1
Female,University,Married,34,300000,1000,1000,1000,1000,2000,1000,1000,1000,1000,2000,1000,0,0,0,0,0,1
Male,University,Married,32,110000,73772,75299,72978,67877,60444,61737,2765,2404,2292,2196,2300,72534,70574,65585,58248,59437,0
Female,Graduate,Single,24,50000,780,0,580,-200,300,0,0,580,0,500,0,0,0,-200,-200,0,0
Male,High School,Single,44,500000,16179,1520,2031,2593,45858,161299,2029,5262,3023,45868,130586,-509,-3231,-430,-10,30713,0
Female,Graduate,Single,30,60000,24396,25463,27036,27074,25911,26431,1463,2036,937,1911,951,24000,25000,26137,24000,25480,0
Male,Graduate,Single,39,80000,49171,50376,51536,52782,53781,55389,2000,2000,2100,2000,2500,48376,49536,50682,51781,52889,1
Male,Graduate,Married,40,370000,0,0,0,0,0,0,0,0,0,0,0,0,0,0,0,0,0
Male,University,Single,38,150000,476,476,476,476,1102,476,476,476,476,1102,0,0,0,0,0,476,0
Male,Graduate,Single,35,210000,-36,-18,-18,-18,-18,-18,0,0,0,0,0,-18,-18,-18,-18,-18,0
Female,University,Single,34,500000,175570,141773,132747,94651,73734,62519,8734,40000,3912,2101,34000,133039,92747,90739,71633,28519,0
Male,Graduate,Married,42,150000,161569,159190,155821,153075,151269,149723,0,0,0,0,0,159190,155821,153075,151269,149723,1
Male,University,Married,39,110000,54806,54544,55357,56281,56483,56685,2000,2200,2200,2149,2170,52544,53157,54081,54334,54515,0
Female,Graduate,Married,49,60000,61618,61382,34958,33760,32946,0,2800,1400,675,659,0,58582,33558,33085,32287,0,0
Female,Graduate,Single,33,480000,621749,550102,475386,384078,397682,399659,22024,21008,17134,400046,17003,528078,454378,366944,-2364,382656,0
Male,Graduate,Single,35,30000,14489,15460,15514,14968,16026,15619,1500,600,0,1300,0,13960,14914,14968,14726,15619,0
Female,University,Married,28,240000,210333,206332,214981,194817,186895,168541,0,12014,0,5307,5001,206332,202967,194817,181588,163540,1
Female,Graduate,Single,40,350000,-644,-644,5170,-1496,-2366,-2366,0,6033,1500,4,0,-644,-863,-2996,-2370,-2366,0
Female,University,Married,38,240000,0,0,0,0,0,0,0,0,0,0,0,0,0,0,0,0,1
Female,Graduate,Single,27,80000,77967,79561,61018,36084,13693,79701,3565,1752,1105,1499,78000,75996,59266,34979,12194,1701,0
Male,Graduate,Married,43,100000,42451,43564,45522,46832,37683,28680,2100,3000,2500,2000,2000,41464,42522,44332,35683,26680,0
Female,University,Married,30,30000,3165,13538,390,1050,1251,962,13538,390,1050,1851,962,0,0,0,-600,0,0
Male,Graduate,Single,41,290000,3394,-186,37392,6106,14839,11209,0,37578,6136,14913,11264,-186,-186,-30,-74,-55,0
Male,Graduate,Married,34,200000,3692,-16,1886,4700,0,0,0,1902,4723,0,0,-16,-16,-23,0,0,0
Female,Graduate,Married,32,360000,39587,17900,5307,23102,64617,10542,18011,5307,23102,64617,10542,-111,0,0,0,0,0
Male,University,Married,46,430000,52930,960,354716,361373,368484,365148,510,358689,15066,14126,13065,450,-3973,346307,354358,352083,1
Male,Graduate,Single,44,150000,13786,14418,15429,15094,15525,0,1232,1243,688,825,0,13186,14186,14406,14700,0,0
Male,University,Single,30,200000,48492,49934,24753,123439,132269,129224,20294,24891,125171,17816,26269,29640,-138,-1732,114453,102955,1
Male,High School,Married,31,50000,0,0,0,0,0,0,0,0,0,0,0,0,0,0,0,0,0
Female,High School,Married,36,240000,-608,1966,4421,8521,8323,16620,5000,5000,10112,0,13000,-3034,-579,-1591,8323,3620,0
Female,Graduate,Single,24,20000,3634,6568,7307,8027,8892,9739,3000,1000,1000,1000,1000,3568,6307,7027,7892,8739,0
Female,Graduate,Married,30,150000,10427,-20,-20,-20,-20,-20,0,0,0,0,0,-20,-20,-20,-20,-20,0
Male,Graduate,Married,39,230000,18835,22319,18732,11986,13596,7469,10005,8737,4000,8000,3000,12314,9995,7986,5596,4469,0
Male,University,Married,31,20000,836,390,780,390,390,0,390,780,0,390,0,0,0,390,0,0,1
Female,University,Married,33,100000,23384,22722,24909,24210,26103,27554,0,2569,0,2287,2028,22722,22340,24210,23816,25526,0
Female,University,Married,30,280000,71770,74066,75907,77723,79550,81801,4000,3000,3000,3000,3500,70066,72907,74723,76550,78301,1
Female,High School,Married,39,90000,4968,4713,2290,1764,1728,1954,1203,1005,1764,1728,1954,3510,1285,0,0,0,0
Female,Graduate,Single,29,240000,23094,18951,18977,12055,7878,5531,2009,2000,300,1000,2000,16942,16977,11755,6878,3531,0
Male,High School,Married,27,80000,40846,3099,1950,1170,780,780,1149,1000,0,0,0,1950,950,1170,780,780,1
Female,University,Married,34,160000,51721,46381,25254,10740,50207,10298,2037,1000,10740,50207,10298,44344,24254,0,0,0,0
Female,Graduate,Married,37,280000,1908,12699,7819,7831,5428,2295,12763,7819,12,27,2309,-64,0,7819,5401,-14,0
Female,Graduate,Married,30,170000,158819,161487,157577,168094,170922,166972,6500,0,13000,5500,1000,154987,157577,155094,165422,165972,0
Female,University,Married,47,90000,61066,62999,61388,64376,67347,74960,3500,0,4000,4000,8900,59499,61388,60376,63347,66060,1
Female,Graduate,Single,29,160000,2599,1302,1852,736,3542,1852,0,1852,0,3542,0,1302,0,736,0,1852,0
Female,High School,Married,36,420000,0,0,277510,279493,285447,291183,0,277510,10000,10000,10000,0,0,269493,275447,281183,0
Male,University,Single,30,280000,651,1650,651,651,651,651,1650,651,651,651,651,0,0,0,0,0,0
Male,University,Single,26,30000,17989,17417,19807,20186,19725,22225,0,3000,1000,0,3000,17417,16807,19186,19725,19225,1
Female,Graduate,Single,34,140000,125623,128592,137440,126342,130295,132945,5000,11000,0,6000,5000,123592,126440,126342,124295,127945,0
Male,Graduate,Married,48,220000,1480,9202,26390,13007,7387,20018,9202,26390,13007,0,20018,0,0,0,7387,0,0
Female,Graduate,Single,27,260000,399,399,399,798,399,399,399,399,798,0,399,0,0,0,399,0,0
Female,University,Single,27,170000,-1020,25607,23922,24399,24919,26884,27107,1500,863,903,3000,-1500,22422,23536,24016,23884,0
Female,University,Married,33,190000,40173,41150,0,0,0,0,2200,0,0,0,0,38950,0,0,0,0,0
Male,University,Single,31,50000,40754,41588,43409,45919,48530,0,2000,2000,3000,3000,0,39588,41409,42919,45530,0,0
Female,Graduate,Single,31,200000,4938,2277,1209,0,1440,0,2286,2712,0,1440,0,-9,-1503,0,0,0,0
Female,Graduate,Single,44,300000,9799,299,0,800,800,180,299,0,800,0,180,0,0,0,800,0,0
Female,Graduate,Married,34,230000,3394,8338,11744,9359,19002,8443,8338,9359,0,19002,8740,0,2385,9359,0,-297,0
Male,University,Married,57,50000,53320,52754,27231,26852,27820,25529,1300,50499,1000,1500,1500,51454,-23268,25852,26320,24029,0
Male,High School,Single,25,150000,9240,386,12870,11173,1719,413,386,12884,251,39,414,0,-14,10922,1680,-1,0
Female,High School,Married,35,150000,89604,97129,98795,98925,100017,99607,10000,4275,3550,3750,3600,87129,94520,95375,96267,96007,1
Male,Graduate,Married,50,10000,10043,9616,9718,9916,9250,7461,1194,1076,274,370,472,8422,8642,9642,8880,6989,0
Female,High School,Married,43,240000,61190,62506,63864,65130,66494,67441,2300,2400,2329,2411,2050,60206,61464,62801,64083,65391,0
Female,University,Single,27,230000,47520,46256,32029,31397,27834,28153,2000,2500,1200,2000,18000,44256,29529,30197,25834,10153,0
Female,University,Married,34,170000,326,326,326,326,652,326,326,326,326,652,0,0,0,0,0,326,0
Female,Graduate,Married,38,460000,21203,21828,13776,8226,12497,4503,21833,13779,8226,12497,4503,-5,-3,0,0,0,0
Male,University,Single,46,240000,2995,3808,5736,3328,3901,3413,4028,7266,3422,5020,3517,-220,-1530,-94,-1119,-104,0
Female,University,Married,43,80000,24621,23948,24751,26493,25936,26304,0,1500,2150,0,944,23948,23251,24343,25936,25360,0
Male,University,Single,29,290000,1199,2528,3781,6076,6336,10570,2000,2000,3000,1000,5000,528,1781,3076,5336,5570,0
Male,University,Single,22,30000,30455,30403,30454,29227,28929,29484,1515,1455,1028,1044,1420,28888,28999,28199,27885,28064,0
Female,University,Single,35,240000,227457,232729,223431,226361,223508,238587,9000,10000,8000,9000,19000,223729,213431,218361,214508,219587,0
Female,University,Married,42,80000,10593,41217,8815,24012,0,2229,41217,8815,24012,1153,2229,0,0,0,-1153,0,0
Male,University,Single,33,30000,28949,30319,29400,30000,0,0,2233,1000,600,0,0,28086,28400,29400,0,0,0
Female,University,Other,52,180000,0,0,145,0,0,0,0,145,0,0,0,0,0,0,0,0,0
Female,University,Single,26,50000,390,390,0,780,0,0,390,0,780,0,0,0,0,0,0,0,1
Female,High School,Single,52,30000,26494,26675,29111,28325,28840,5450,900,3974,0,600,0,25775,25137,28325,28240,5450,1
Male,Graduate,Single,32,110000,112380,113369,113214,108350,109072,106848,6200,9900,0,8007,0,107169,103314,108350,101065,106848,1
Female,University,Single,33,180000,5931,2294,900,0,0,0,2294,900,0,0,0,0,0,0,0,0,0
Male,University,Married,49,50000,46693,14453,6701,3581,0,6000,1158,1010,3581,0,6000,13295,5691,0,0,0,0
Female,University,Single,29,140000,141740,138128,128812,131374,135353,137238,7001,4700,4706,6100,5300,131127,124112,126668,129253,131938,0
Female,University,Married,38,90000,92481,90698,80720,69788,63868,40136,3507,3328,2100,2542,3000,87191,77392,67688,61326,37136,1
Female,University,Single,25,90000,23662,25970,28531,30072,29323,28709,3000,3000,2300,0,0,22970,25531,27772,29323,28709,1
Male,University,Single,31,180000,130171,12666,0,0,0,0,1110,0,0,0,0,11556,0,0,0,0,0
Female,Graduate,Single,29,360000,92693,87415,69552,38898,31222,55801,20595,20200,10063,1897,30278,66820,49352,28835,29325,25523,0
Male,University,Single,28,140000,12642,13740,13818,13994,14222,14537,1600,600,700,600,700,12140,13218,13294,13622,13837,1
Female,High School,Single,23,90000,119836,21836,11036,29836,986,21615,30000,11036,19836,986,21615,-8164,0,10000,0,0,0
Female,Graduate,Single,27,150000,222,3,3359,2924,0,0,3,3461,261,0,0,0,-102,2663,0,0,0
Male,University,Married,56,200000,195456,199692,171784,175197,179069,189686,8007,6300,6276,6701,13800,191685,165484,168921,172368,175886,0
Female,University,Married,48,110000,216582,110865,74340,47152,48138,49171,8788,3152,1687,1745,1831,102077,71188,45465,46393,47340,0
Female,Graduate,Single,25,410000,4151,4357,10513,9137,7781,28870,4357,10513,9137,7781,28870,0,0,0,0,0,0
Male,High School,Married,58,50000,31236,30141,18683,19055,19462,19343,3088,1500,651,682,680,27053,17183,18404,18780,18663,0
Female,University,Married,43,170000,78429,81991,81688,100841,23528,32579,5000,3000,20000,5000,10000,76991,78688,80841,18528,22579,0
Female,University,Married,39,210000,836,4247,17162,12949,12023,7324,4278,17213,6015,2083,7360,-31,-51,6934,9940,-36,0
Male,Graduate,Single,35,290000,247280,250007,261236,223092,185522,170190,30000,29000,10000,8000,30000,220007,232236,213092,177522,140190,0
Female,Graduate,Single,27,160000,2431,5026,3720,3465,4218,2913,5030,3722,4300,5000,2500,-4,-2,-835,-782,413,0
Male,University,Single,27,50000,48603,48338,45090,19031,19534,19301,1963,1972,672,800,700,46375,43118,18359,18734,18601,1
Male,University,Single,28,50000,33094,47035,44384,45267,46215,47949,17012,2300,1618,1675,2500,30023,42084,43649,44540,45449,0
Female,University,Single,21,30000,10406,5068,2023,1163,0,0,1000,1002,23,0,0,4068,1021,1140,0,0,0
Female,High School,Single,24,30000,18103,18418,19270,19810,19583,20231,900,1215,755,639,1200,17518,18055,19055,18944,19031,1
Female,University,Single,27,80000,55647,57737,58577,60169,58426,58204,3000,3923,2500,2100,2200,54737,54654,57669,56326,56004,0
Male,Graduate,Single,39,20000,16869,17895,18939,19150,19549,20073,1606,1650,823,857,1000,16289,17289,18327,18692,19073,1
Female,High School,Married,39,130000,1755,1890,735,1575,316,5039,1890,0,1575,316,5039,0,735,0,0,0,0
Female,Graduate,Married,34,80000,4269,4057,5326,5092,6008,5618,0,1500,0,1000,0,4057,3826,5092,5008,5618,1
Male,University,Married,40,80000,45747,40851,35933,30605,25189,19766,1618,1533,1038,852,765,39233,34400,29567,24337,19001,0
Female,High School,Single,39,180000,0,4835,2220,11303,9359,9041,4835,2200,11303,187,181,0,20,0,9172,8860,0
Male,Graduate,Married,37,150000,49112,48450,19790,50123,45987,46555,1510,1850,101123,1650,1700,46940,17940,-51000,44337,44855,0
Male,University,Single,26,100000,73070,74847,97369,98232,97752,0,10000,43000,5000,3000,0,64847,54369,93232,94752,0,0
Female,High School,Married,47,50000,29336,30502,31161,25294,24843,19576,1641,1300,1629,0,1000,28861,29861,23665,24843,18576,0
Male,University,Married,48,290000,730,4426,820,0,2653,0,4426,820,0,2653,0,0,0,0,0,0,1
Male,Graduate,Married,54,490000,0,0,0,0,0,0,0,0,0,0,0,0,0,0,0,0,1
Female,Graduate,Single,30,130000,-915,-915,-915,-915,-915,-1070,0,0,0,0,0,-915,-915,-915,-915,-1070,0
Male,Graduate,Single,24,20000,0,150,0,597,0,4740,150,0,597,0,4740,0,0,0,0,0,0
Female,Graduate,Single,23,30000,10764,10454,11862,12104,12351,8000,0,2000,242,247,2000,10454,9862,11862,12104,6000,1
Female,Graduate,Single,25,230000,52906,54454,53457,55128,52788,53671,3000,2000,2500,2500,2000,51454,51457,52628,50288,51671,0
Male,Graduate,Single,52,260000,582,0,582,291,4471,5394,0,582,291,4471,1000,0,0,0,0,4394,0
Male,Graduate,Married,38,290000,2500,0,0,0,0,0,0,0,0,0,0,0,0,0,0,0,0
Female,University,Single,54,220000,2742,3131,2664,891,1927,4250,1500,1500,891,1927,4250,1631,1164,0,0,0,0
Male,University,Single,26,60000,61014,59473,56912,47513,42945,45648,0,2100,1500,1700,3500,59473,54812,46013,41245,42148,1
Female,High School,Married,45,150000,59885,59054,60254,59604,60707,61988,2200,2200,2300,2213,2300,56854,58054,57304,58494,59688,0
Female,University,Married,39,80000,13683,13178,13853,14823,14443,15802,0,1200,1200,0,1600,13178,12653,13623,14443,14202,1
Female,University,Single,23,30000,16089,17127,19108,18503,20100,19629,1300,2272,0,1900,0,15827,16836,18503,18200,19629,1
Female,University,Married,34,210000,86792,88106,89419,88758,85239,81723,3319,3892,3184,3128,2944,84787,85527,85574,82111,78779,0
Female,High School,Married,27,50000,27358,28422,28858,29289,28685,30847,1800,1200,1200,0,2800,26622,27658,28089,28685,28047,0
Female,Graduate,Married,47,250000,43098,10606,49815,19857,56064,45427,10615,49825,19866,56074,45443,-9,-10,-9,-10,-16,0
Female,University,Single,34,200000,12842,9490,6955,28300,13227,11202,13805,6797,28314,13291,11258,-4315,158,-14,-64,-56,1
Male,University,Married,48,150000,144837,141815,143704,151572,149807,153088,0,5000,9500,0,5005,141815,138704,142072,149807,148083,1
Female,University,Married,26,30000,29072,29276,30204,28501,29687,29497,1600,1500,1000,4000,1900,27676,28704,27501,25687,27597,0
Female,University,Single,23,50000,35454,33824,28528,28102,25574,26524,1901,1900,1050,1000,2000,31923,26628,27052,24574,24524,0
Male,Graduate,Single,32,210000,124838,102995,17383,172065,181981,174744,5000,1400,155000,12700,0,97995,15983,17065,169281,174744,0
Male,University,Married,31,20000,18490,25404,19789,19985,19676,6971,1500,2393,1000,494,139,23904,17396,18985,19182,6832,0
Male,Graduate,Married,56,110000,46335,45319,50030,48940,48026,55979,0,5800,0,0,8774,45319,44230,48940,48026,47205,1
Male,Graduate,Single,26,140000,84729,102693,41266,39634,115440,133580,26894,1500,11888,115440,23900,75799,39766,27746,0,109680,0
Male,High School,Married,56,50000,24729,20285,26026,12059,9765,10097,1338,1011,482,228,365,18947,25015,11577,9537,9732,0
Female,University,Single,27,230000,79872,85538,77063,40102,52454,12314,10033,5010,5,45000,8000,75505,72053,40097,7454,4314,0
Female,Graduate,Single,28,200000,184602,187145,190983,188714,196262,198059,7000,7000,9000,10700,10600,180145,183983,179714,185562,187459,0
Female,University,Married,30,120000,2706,161,250,2561,-295,-295,569,250,3265,0,0,-408,0,-704,-295,-295,0
Male,University,Married,46,50000,49046,49221,46505,6991,4809,1890,2185,2938,6996,4809,1890,47036,43567,-5,0,0,0
Female,High School,Married,39,140000,108028,104626,101376,80840,75462,75957,3889,4412,3000,3000,3000,100737,96964,77840,72462,72957,0
Female,High School,Single,48,100000,16584,16009,64886,66202,72526,74323,16137,64886,2353,10000,3000,-128,0,63849,62526,71323,0
Male,High School,Married,43,80000,231550,223337,206390,0,1257,33592,5067,12290,0,1257,35238,218270,194100,0,0,-1646,0
Male,University,Single,29,100000,86974,98246,95884,93528,96397,96258,12700,0,0,6050,1600,85546,95884,93528,90347,94658,1
Female,University,Single,23,120000,38609,41992,36607,38828,38325,39222,5000,4000,4017,3000,3000,36992,32607,34811,35325,36222,0
Male,University,Married,50,50000,3526,-4,1473,2517,1217,4459,0,1477,2524,1320,4572,-4,-4,-7,-103,-113,1
Female,University,Single,24,30000,784,4184,0,0,0,0,4200,1000,0,0,0,-16,-1000,0,0,0,0
Female,University,Single,27,330000,237515,230471,233421,201240,186444,158521,11012,11012,6548,6497,6037,219459,222409,194692,179947,152484,0
Male,Graduate,Married,53,240000,232943,236437,133385,136654,136639,123951,9700,5000,5500,5500,5000,226737,128385,131154,131139,118951,0
Female,University,Single,39,290000,228342,235380,240049,107993,110691,50143,10600,10200,4000,4534,2670,224780,229849,103993,106157,47473,1
Male,University,Single,42,60000,60660,57718,38144,29542,30700,30064,3500,1731,2009,4121,0,54218,36413,27533,26579,30064,0
Female,Graduate,Single,29,360000,5751,1501,624,0,1000,1866,1501,624,0,1000,1866,0,0,0,0,0,0
Female,Graduate,Single,39,200000,0,0,798,0,307,497,0,798,0,307,497,0,0,0,0,0,0
Female,Graduate,Married,33,450000,67139,60995,62728,63223,63011,43156,3000,3000,2000,8110,2600,57995,59728,61223,54901,40556,0
Male,Graduate,Married,41,80000,102383,92704,87338,46927,80194,0,0,4000,939,80000,0,92704,83338,45988,194,0,0
Female,University,Married,32,230000,750,0,0,790,0,2803,0,0,790,0,2803,0,0,0,0,0,0
Female,University,Married,32,160000,390,390,1560,1170,780,390,390,1560,0,0,0,0,0,1170,780,390,0
Female,High School,Single,53,20000,4400,-220,-220,-610,390,0,0,0,0,1390,0,-220,-220,-610,-1000,0,0
Female,High School,Married,28,200000,188,2791,188,376,188,6884,2791,0,376,0,6884,0,188,0,188,0,1
Female,University,Married,35,240000,1473,1473,1473,1473,1473,1473,1473,1473,1473,1473,1473,0,0,0,0,0,1
Female,High School,Single,39,80000,4762,6712,1814,4811,1379,6136,6734,1817,4817,1381,6137,-22,-3,-6,-2,-1,0
Male,University,Married,53,20000,12278,13209,7215,1520,0,0,1500,1060,30,0,0,11709,6155,1490,0,0,0
Female,Graduate,Single,25,120000,120568,122285,123294,81042,81225,79777,5224,5427,2830,3000,2900,117061,117867,78212,78225,76877,0
Female,High School,Single,24,130000,49583,53275,51960,49723,47120,46188,5100,0,0,4500,0,48175,51960,49723,42620,46188,1
Male,High School,Married,45,200000,97933,78409,58998,60219,61748,64220,3200,2200,2200,2500,3500,75209,56798,58019,59248,60720,0
Male,Graduate,Single,36,330000,-10,-10,-10,-10,-10,-10,0,0,0,0,0,-10,-10,-10,-10,-10,0
Female,High School,Married,22,30000,21508,20881,23217,28498,28060,29999,0,3000,6000,1200,3000,20881,20217,22498,26860,26999,1
Male,University,Single,25,20000,1050,1050,1050,1050,1050,1050,0,0,0,0,0,1050,1050,1050,1050,1050,0
Male,Graduate,Married,41,170000,10540,0,9871,9739,66,230,0,9871,0,0,230,0,0,9739,66,0,1
Female,University,Single,24,150000,170971,165806,146001,113907,115578,111863,39,6000,3937,4077,4504,165767,140001,109970,111501,107359,0
Male,University,Single,25,20000,15859,18486,18686,18983,18540,19775,3200,800,900,0,1700,15286,17886,18083,18540,18075,0
Female,Graduate,Single,29,160000,-146,15414,1857,550,2602,10381,17833,2252,9694,10000,11797,-2419,-395,-9144,-7398,-1416,0
Female,University,Single,38,140000,15438,12140,11225,6688,6908,6438,2620,0,310,400,0,9520,11225,6378,6508,6438,0
Male,University,Single,27,150000,61606,61950,200,51099,24487,17624,5000,200,52399,5063,1500,56950,0,-1300,19424,16124,0
Female,High School,Single,47,120000,121400,123055,118030,122443,120370,123766,7352,0,8990,0,9000,115703,118030,113453,120370,114766,0
Male,University,Single,29,50000,13192,14668,15614,17155,16741,19131,2000,1500,1800,0,2843,12668,14114,15355,16741,16288,1
Female,Graduate,Single,32,180000,17816,18247,33230,5168,0,0,1000,0,103,0,0,17247,33230,5065,0,0,0
Male,Graduate,Single,28,60000,18996,20806,22447,24337,23808,24610,2120,2000,2269,0,1200,18686,20447,22068,23808,23410,1
Male,University,Single,34,100000,54126,57919,57778,59227,58151,61966,5300,1400,3000,0,4800,52619,56378,56227,58151,57166,1
Male,University,Single,28,120000,4310,3905,2411,1925,2943,6249,3905,2411,1925,2943,6249,0,0,0,0,0,1
Male,Graduate,Single,24,20000,0,0,0,0,0,1273,0,0,0,0,1273,0,0,0,0,0,1
Female,Graduate,Single,29,70000,44594,45588,46540,47378,46490,47758,2000,2000,1900,0,2200,43588,44540,45478,46490,45558,1
Male,University,Married,58,200000,190672,186230,188391,199101,185247,165232,0,6784,13788,14,6021,186230,181607,185313,185233,159211,0
Female,Graduate,Married,48,500000,273430,268256,262467,254307,249106,242741,9704,10851,9005,9074,8501,258552,251616,245302,240032,234240,0
Male,Graduate,Married,41,460000,81848,7653,47633,1296,0,0,8877,47830,1296,0,0,-1224,-197,0,0,0,0
Male,University,Single,57,160000,152689,148126,144978,141639,138383,134951,5500,5300,5053,5010,4850,142626,139678,136586,133373,130101,0
Male,Other,Single,27,20000,19189,19226,18371,18400,0,0,1376,1206,2222,0,0,17850,17165,16178,0,0,0
Male,University,Single,42,300000,1188,3071,7854,10426,16784,4334,2000,5000,5000,10000,4334,1071,2854,5426,6784,0,1
Male,University,Married,44,40000,36917,38260,32680,23472,25436,34309,2000,2000,1000,3000,10000,36260,30680,22472,22436,24309,0
Female,High School,Married,26,130000,131724,130186,124530,115800,98268,83729,5510,8970,5239,5234,4000,124676,115560,110561,93034,79729,1
Female,Graduate,Single,25,120000,11431,6857,6865,8209,4825,4322,6000,3147,12000,4000,5000,857,3718,-3791,825,-678,0
Female,University,Single,22,20000,18062,18374,19222,18014,18627,15811,1700,1500,1000,1000,1000,16674,17722,17014,17627,14811,0
Female,Graduate,Single,47,200000,23905,10163,20426,15592,12541,8667,12020,21008,16026,60,8667,-1857,-582,-434,12481,0,0
Male,University,Married,51,20000,18321,18446,18285,18235,16259,10640,1355,1136,646,381,337,17091,17149,17589,15878,10303,0
Male,University,Single,32,10000,7231,7497,9355,9594,8535,8713,1142,2000,758,0,313,6355,7355,8836,8535,8400,0
Female,Graduate,Single,28,400000,10430,24979,29925,25423,7064,15920,24030,14062,1824,40,15673,949,15863,23599,7024,247,0
Female,Graduate,Single,28,180000,65054,57314,54485,59415,57110,19339,1568,4,8000,387,0,55746,54481,51415,56723,19339,0
Female,University,Single,23,60000,21295,22629,23338,23810,25418,26050,1679,1388,860,2000,1055,20950,21950,22950,23418,24995,0
Female,Graduate,Single,28,260000,187068,193245,204730,246985,240543,227725,10360,60000,100008,10000,11700,182885,144730,146977,230543,216025,1
Male,High School,Married,36,50000,36809,24248,18588,18958,19355,19788,1601,1309,679,703,755,22647,17279,18279,18652,19033,0
Female,University,Married,30,120000,87199,89008,90834,95499,93857,99504,4110,4203,7100,0,7396,84898,86631,88399,93857,92108,1
Female,Graduate,Married,47,300000,5000,5000,5000,5000,5000,5000,0,0,0,0,0,5000,5000,5000,5000,5000,1
Male,University,Single,36,20000,18400,0,0,0,0,0,0,0,0,0,0,0,0,0,0,0,1
Male,University,Married,26,180000,396,396,396,396,396,396,396,396,396,396,396,0,0,0,0,0,0
Female,University,Single,23,30000,27141,25125,27835,24743,28020,25607,3000,5000,1000,20000,3000,22125,22835,23743,8020,22607,0
Male,University,Single,31,70000,5942,8176,8891,9522,9084,8792,2500,1000,923,0,0,5676,7891,8599,9084,8792,0
Male,Graduate,Single,51,220000,20730,-270,53895,-105,20895,20835,0,54165,0,21000,20940,-270,-270,-105,-105,-105,1
Female,Graduate,Married,37,110000,2610,54223,57299,50418,48093,3389,54300,6600,400,4000,1771,-77,50699,50018,44093,1618,1
Male,Graduate,Single,33,180000,37711,40102,78400,3000,0,0,3000,40129,3000,0,0,37102,38271,0,0,0,0
Female,Graduate,Single,31,80000,5759,8395,1768,4284,7202,2014,8414,1775,4284,7202,2014,-19,-7,0,0,0,0
Female,Graduate,Married,34,100000,46092,45074,48287,49091,50149,51176,0,3978,1900,2000,2000,45074,44309,47191,48149,49176,0
Female,University,Married,45,50000,46248,50893,48854,50901,50015,48179,5750,0,3800,1890,0,45143,48854,47101,48125,48179,1
Female,University,Single,28,50000,59321,56454,53278,19437,19845,19911,2329,2353,39886,704,730,54125,50925,-20449,19141,19181,0
Female,Graduate,Married,38,130000,5190,649,0,0,0,0,649,0,0,0,0,0,0,0,0,0,1
Female,University,Other,49,290000,52547,53829,53841,54486,55198,55878,2542,1926,1931,1989,2002,51287,51915,52555,53209,53876,0
Male,Graduate,Single,33,240000,124105,127593,130474,134296,139117,143634,7000,5000,6000,7000,7000,120593,125474,128296,132117,136634,0
Female,University,Single,27,160000,0,0,6204,6204,0,0,0,6204,0,0,0,0,0,6204,0,0,0
Male,University,Single,34,50000,48973,50601,49805,27605,29447,30045,91000,1200,600,29057,1076,-40399,48605,27005,390,28969,0
Male,University,Other,45,30000,3390,390,780,780,0,0,390,780,0,0,0,0,0,780,0,0,0
Female,University,Married,39,60000,0,0,0,0,0,0,0,0,0,0,0,0,0,0,0,0,0
Female,University,Single,57,60000,53584,41935,30077,30246,30257,29768,2000,2000,2300,2000,3000,39935,28077,27946,28257,26768,0
Female,High School,Married,51,100000,98918,96916,98492,89961,93971,85526,4523,4213,3100,10000,3220,92393,94279,86861,83971,82306,0
Male,Graduate,Married,27,140000,-488,-488,-488,-488,-488,-488,0,0,0,0,0,-488,-488,-488,-488,-488,0
Male,University,Married,35,150000,125063,118843,137751,141330,146389,132617,10050,30000,5000,6088,5150,108793,107751,136330,140301,127467,0
Male,University,Single,28,500000,47399,48711,48642,49062,149034,181876,2361,1500,1128,100330,100486,46350,47142,47934,48704,81390,0
Male,University,Married,33,20000,4128,5550,6599,6839,7228,7457,1500,1300,500,500,500,4050,5299,6339,6728,6957,1
Female,University,Single,37,240000,500,0,0,0,0,0,0,0,0,0,0,0,0,0,0,0,0
Male,High School,Other,34,90000,33957,4976,176,21601,7423,9252,4990,176,21665,8213,9279,-14,0,-64,-790,-27,0
Female,Graduate,Married,69,160000,498,135,0,0,0,508,135,0,0,0,508,0,0,0,0,0,0
Female,University,Single,33,280000,167,3690,1735,1735,1714,843,3700,1735,0,1700,1000,-10,0,1735,14,-157,1
Female,University,Single,27,260000,25419,19045,19270,11915,114479,24511,3000,3017,11915,114479,2000,16045,16253,0,0,22511,0
Male,Other,Married,44,130000,75472,75095,59335,54668,22780,13417,2452,2140,1093,13706,500,72643,57195,53575,9074,12917,1
Female,High School,Married,50,500000,5310,5484,14539,13291,3645,4763,2703,10043,6065,3648,2003,2781,4496,7226,-3,2760,0
Male,University,Married,39,120000,435,435,1887,435,435,435,435,1887,435,435,435,0,0,0,0,0,0
Male,Graduate,Single,30,210000,1060,3229,4107,5931,4665,6607,2200,1005,3208,2000,2000,1029,3102,2723,2665,4607,0
Male,University,Married,46,50000,48905,49764,36535,32428,15313,16057,1800,1430,1000,1000,1000,47964,35105,31428,14313,15057,0
Male,University,Married,36,210000,1060,777,7971,-8,-8,-8,779,7994,0,0,0,-2,-23,-8,-8,-8,0
Female,University,Single,27,10000,8944,9882,9538,9808,8650,0,1230,0,500,450,0,8652,9538,9308,8200,0,1
Female,University,Single,34,70000,64913,63387,58840,56431,56859,54449,3000,0,2000,4219,1700,60387,58840,54431,52640,52749,0
Male,University,Single,31,150000,8839,18814,14776,15582,7722,10156,11394,0,13000,7722,11000,7420,14776,2582,0,-844,0
Male,High School,Single,57,60000,15602,16629,17638,17989,18383,21781,1284,1293,644,684,3721,15345,16345,17345,17699,18060,0
Male,University,Single,29,120000,5521,2197,1010,0,0,0,1010,0,0,0,0,1187,1010,0,0,0,1
Female,Graduate,Single,30,80000,48006,48159,46099,47039,48286,48974,2100,3000,2000,2000,2000,46059,43099,45039,46286,46974,0
Male,Graduate,Single,36,490000,5310,2691,3367,-46,9285,-14,2711,3384,0,9331,0,-20,-17,-46,-46,-14,0
Male,Graduate,Married,44,450000,32000,3417,4700,20916,9695,6361,3423,4700,20916,9695,6361,-6,0,0,0,0,0
Female,Other,Single,23,20000,16371,17801,18256,18425,0,0,2000,1200,369,0,0,15801,17056,18056,0,0,0
Male,Graduate,Single,23,10000,3035,5802,5561,8455,9730,8999,3000,0,3000,2000,0,2802,5561,5455,7730,8999,0
Female,High School,Married,44,20000,836,390,390,390,1487,3560,390,390,390,1487,3560,0,0,0,0,0,0
Male,University,Single,27,50000,6105,7347,8000,8000,10000,0,1500,1000,0,2000,0,5847,7000,8000,8000,0,0
Male,Graduate,Married,51,300000,18961,4371,3391,34282,12983,0,4387,3472,47371,64,0,-16,-81,-13089,12919,0,1
Male,Graduate,Single,27,80000,2049,805,1672,12205,3487,24764,2003,2019,12241,3510,24843,-1198,-347,-36,-23,-79,0
Male,Graduate,Married,39,310000,360,0,91059,155,28100,4544,0,91059,155,28490,0,0,0,0,-390,4544,0
Female,High School,Married,41,50000,48403,49448,50125,9717,9549,9840,2550,2227,339,500,600,46898,47898,9378,9049,9240,0
Male,University,Married,39,500000,23800,297,9342,3518,5597,717,297,9342,3518,5597,717,0,0,0,0,0,0
Female,High School,Married,40,80000,22747,16260,6500,15525,0,0,3002,6500,15525,0,0,13258,0,0,0,0,0
Female,High School,Other,26,30000,30698,29034,28317,27872,28456,28230,0,1442,986,1021,1015,29034,26875,26886,27435,27215,1
Male,University,Single,42,10000,9980,9178,7912,4838,10096,10112,1000,1517,194,6700,1000,8178,6395,4644,3396,9112,1
Female,Graduate,Married,39,390000,31825,56333,70133,63177,63670,22407,56613,70159,1264,493,22505,-280,-26,61913,63177,-98,0
Male,University,Married,44,290000,167,616,640,526,336,527,619,643,528,337,529,-3,-3,-2,-1,-2,1
Female,University,Married,33,120000,46640,50865,54401,57873,61917,63880,5000,5000,5000,5000,3000,45865,49401,52873,56917,60880,0
Female,Graduate,Single,27,50000,28387,36276,17445,15575,8075,-589,10000,1031,4050,4000,0,26276,16414,11525,4075,-589,0
Male,Graduate,Married,36,280000,2624,-26,5214,17187,2848,5287,0,5240,17273,2861,5313,-26,-26,-86,-13,-26,0
Female,Graduate,Single,24,20000,18556,19162,19293,19298,19198,0,1805,1400,405,400,0,17357,17893,18893,18798,0,0
Female,University,Single,22,20000,8392,-100,0,1828,2800,0,0,1000,1828,1500,0,-100,-1000,0,1300,0,0
Female,Graduate,Single,27,90000,27459,28514,29733,30138,33248,32564,1800,2000,1200,3600,0,26714,27733,28938,29648,32564,1
Female,University,Married,30,90000,64937,63240,51426,37872,33780,47367,0,1798,1426,1450,40000,63240,49628,36446,32330,7367,0
Female,University,Single,35,120000,0,0,554,4131,930,0,0,554,4131,930,0,0,0,0,0,0,0
Female,High School,Married,40,80000,12171,11554,7830,4305,5427,6180,1500,1218,311,1351,1000,10054,6612,3994,4076,5180,1
Female,University,Married,68,180000,127933,133279,127636,138164,142921,153691,15000,12000,20000,10000,20000,118279,115636,118164,132921,133691,0
Female,Graduate,Single,32,200000,326,6914,2343,23834,11000,1315,6914,2343,23834,11000,1315,0,0,0,0,0,1
Female,High School,Married,55,50000,46300,10849,8857,9658,9359,9554,1200,1147,1222,0,350,9649,7710,8436,9359,9204,0
Male,Graduate,Single,30,360000,14409,3540,500,500,0,1191,3540,500,500,0,1191,0,0,0,0,0,0
Female,University,Married,27,30000,23134,23302,22844,22101,19535,19580,1712,1400,442,391,500,21590,21444,21659,19144,19080,0
Female,University,Single,24,50000,50062,34819,48909,15033,3198,0,2000,15412,870,3198,0,32819,33497,14163,0,0,0
Female,University,Married,37,80000,1324,1087,0,5963,1280,1243,1087,0,5963,1280,1243,0,0,0,0,0,0
Male,University,Single,34,120000,45755,46725,49653,48571,47664,48720,2000,4000,0,0,2000,44725,45653,48571,47664,46720,1
Female,Graduate,Single,29,30000,8326,557,8557,8400,20966,13638,557,8000,43,20109,222,0,557,8357,857,13416,0
Female,University,Single,30,260000,165,165,274,165,333,165,165,274,165,333,165,0,0,0,0,0,0
Male,University,Married,62,50000,51350,50350,49289,49058,47512,48930,50908,1800,1800,1800,2200,-558,47489,47258,45712,46730,0
Female,University,Married,23,30000,26795,29654,28879,30892,30500,0,3300,0,2500,0,0,26354,28879,28392,30500,0,0
Male,High School,Married,59,50000,51400,0,0,0,0,0,0,0,0,0,0,0,0,0,0,0,0
Female,High School,Married,40,340000,183139,179156,170491,158370,151685,143623,9000,9000,7000,6000,5400,170156,161491,151370,145685,138223,0
Female,University,Married,36,170000,2600,5234,2394,7794,5920,2798,5234,0,8000,1500,2798,0,2394,-206,4420,0,0
Male,University,Single,25,20000,20415,18266,18921,19297,18926,17717,1264,1249,625,700,1000,17002,17672,18672,18226,16717,0
Female,Graduate,Married,35,230000,1246,3284,4283,3476,3283,426,3312,4309,3549,3297,426,-28,-26,-73,-14,0,0
Male,Graduate,Single,28,460000,460609,427584,373370,285926,264644,247298,18138,15481,10000,9072,8945,409446,357889,275926,255572,238353,0
Male,University,Single,56,20000,17819,18239,19094,12393,13037,13817,1000,1500,0,1000,1000,17239,17594,12393,12037,12817,0
Male,Graduate,Single,30,210000,0,0,0,0,0,0,0,0,0,0,0,0,0,0,0,0,1
Male,University,Single,25,30000,29894,31423,30392,28314,29076,30065,2300,0,784,984,1400,29123,30392,27530,28092,28665,0
Female,University,Single,30,50000,47629,46592,47517,48439,49418,50326,0,2000,2000,1900,1900,46592,45517,46439,47518,48426,1
Male,Graduate,Single,26,130000,-888,5806,888,0,5087,3103,6694,0,0,5087,3103,-888,888,0,0,0,0
Female,High School,Single,24,30000,15335,14804,16546,15985,17869,17291,0,2300,0,2300,0,14804,14246,15985,15569,17291,1
Male,University,Married,35,60000,10560,11312,13050,12578,14008,13179,1200,1900,0,1600,0,10112,11150,12578,12408,13179,1
Female,University,Single,28,160000,1426,326,1976,810,2165,1997,326,1976,810,2165,0,0,0,0,0,1997,0
Female,University,Single,32,180000,54797,56909,57466,58609,59828,59842,3000,2100,2100,2163,1000,53909,55366,56509,57665,58842,0
Female,High School,Single,32,460000,89747,89175,102350,134878,162715,203451,5000,15000,35000,30000,43451,84175,87350,99878,132715,160000,0
Female,High School,Married,53,30000,34775,35946,37685,33305,28305,20371,1733,2452,1072,1089,3101,34213,35233,32233,27216,17270,0
Male,University,Married,36,280000,143650,0,0,0,0,0,0,0,0,0,0,0,0,0,0,0,0
Male,University,Single,33,100000,0,0,0,0,79679,79691,0,0,0,79679,3300,0,0,0,0,76391,0
Male,University,Single,29,30000,32875,32101,31071,30136,28496,29675,0,0,0,0,1642,32101,31071,30136,28496,28033,1
Female,Graduate,Single,29,150000,39215,49300,53030,65006,50515,0,11200,16000,12376,1109,0,38100,37030,52630,49406,0,0
Female,University,Married,47,200000,11418,2541,10599,13865,6177,5519,2541,10599,13865,0,5519,0,0,0,6177,0,0
Male,Graduate,Single,28,150000,123767,18479,7672,1736,82188,67578,20732,7672,1736,82178,5000,-2253,0,0,10,62578,0
Female,University,Married,45,370000,162526,168389,338660,221808,222304,217704,10000,10000,114000,10000,0,158389,328660,107808,212304,217704,0
Female,Graduate,Single,34,200000,2603,11381,0,1000,0,0,11381,0,1000,0,0,0,0,0,0,0,0
Female,Graduate,Married,32,200000,10760,11945,14562,22457,15569,9819,2000,5000,10000,5000,602,9945,9562,12457,10569,9217,0
Female,Graduate,Single,24,30000,1800,1800,1800,1800,1200,600,0,0,0,0,0,1800,1800,1800,1200,600,0
Female,University,Single,27,210000,190,-310,1527,1901,0,2706,0,3054,2189,0,2706,-310,-1527,-288,0,0,0
Female,University,Married,42,120000,94218,95129,172957,85332,87103,71237,3415,3002,3177,3271,2702,91714,169955,82155,83832,68535,0
Female,University,Married,35,470000,218675,225519,230011,234639,239502,244328,8717,8000,6671,6882,6960,216802,222011,227968,232620,237368,0
Female,Other,Married,39,60000,183,1419,3541,2248,0,449,1419,3541,2248,0,449,0,0,0,0,0,0
Male,Graduate,Married,53,260000,1361,1188,792,792,396,2289,0,0,396,0,2289,1188,792,396,396,0,0
Male,University,Married,28,80000,390,390,390,540,540,540,390,390,540,540,540,0,0,0,0,0,1
Female,High School,Married,47,100000,46104,47146,48162,48806,49910,51400,2086,2102,1746,1890,2400,45060,46060,47060,48020,49000,0
Male,Graduate,Married,38,200000,-57,-382,1293,968,643,318,0,2000,0,0,0,-382,-707,968,643,318,0
Male,High School,Married,34,360000,277040,-22960,338600,22960,22960,0,0,361560,22960,0,0,-22960,-22960,0,22960,0,0
Female,University,Married,27,70000,31455,34623,34757,35888,35180,35941,4000,1000,2000,0,1500,30623,33757,33888,35180,34441,1
Male,High School,Married,45,420000,520453,520643,517746,428655,352793,350036,18500,20000,16000,11717,12000,502143,497746,412655,341076,338036,0
Female,Graduate,Married,32,150000,4605,4390,-25,-25,-25,-25,22,0,0,0,0,4368,-25,-25,-25,-25,0
Male,University,Married,44,240000,8421,14201,-28,-401,5109,7001,14230,0,0,7000,2000,-29,-28,-401,-1891,5001,0
Female,Graduate,Single,43,360000,0,7221,26194,0,3550,2511,7221,26194,0,3550,2511,0,0,0,0,0,0
Female,University,Married,30,390000,98984,102158,96446,87912,89991,91470,5700,4000,3200,3500,3100,96458,92446,84712,86491,88370,0
Male,University,Single,27,180000,11599,644,644,29944,644,264,644,644,29944,644,264,0,0,0,0,0,0
Female,Graduate,Single,25,50000,2058,287,3423,0,3198,0,287,3423,0,3198,0,0,0,0,0,0,0
Female,University,Single,26,180000,88846,89730,93682,103273,104492,109818,3279,6428,13669,3816,8048,86451,87254,89604,100676,101770,1
Male,University,Married,41,200000,69963,67223,69167,69289,70333,70610,0,2943,2301,2374,2500,67223,66224,66988,67959,68110,0
Male,University,Married,36,50000,0,0,0,0,0,4473,0,0,0,0,4473,0,0,0,0,0,0
Male,University,Single,29,280000,330,9500,0,0,0,261,9500,0,0,0,261,0,0,0,0,0,0
Female,University,Single,40,90000,9663,69279,59483,3065,854,2328,69616,59483,26665,854,2334,-337,0,-23600,0,-6,0
Male,Graduate,Married,46,420000,436968,428712,425345,354852,353113,353720,0,16100,13000,14064,111170,428712,409245,341852,339049,242550,0
Female,University,Married,37,70000,7204,5326,5954,1069,4711,4514,0,5954,0,4514,0,5326,0,1069,197,4514,0
Female,University,Married,34,170000,1837,1328,321,0,3857,0,1328,324,0,3857,0,0,-3,0,0,0,0
Female,Graduate,Single,48,210000,0,0,0,486,836,836,0,0,486,836,0,0,0,0,0,836,1
Male,Graduate,Married,33,80000,75593,71643,49481,38427,34683,159,2503,1508,1500,1600,279,69140,47973,36927,33083,-120,0
Female,Graduate,Single,48,70000,62319,65102,63529,61778,42092,36751,6000,4000,3000,5000,5000,59102,59529,58778,37092,31751,0
Male,University,Married,29,100000,82781,85536,90018,91151,89429,91185,5000,6800,3500,0,3400,80536,83218,87651,89429,87785,0
Male,High School,Single,31,60000,30841,34336,33489,35615,38027,39239,4000,0,3000,3000,2000,30336,33489,32615,35027,37239,0
Male,University,Single,29,350000,36151,37624,38568,39569,41162,41961,2056,2000,2000,2004,2067,35568,36568,37569,39158,39894,0
Female,University,Single,36,180000,0,0,0,0,1482,0,0,0,0,1482,0,0,0,0,0,0,0
Male,University,Single,30,200000,67825,70193,64997,60907,62452,62191,10000,3000,2154,2500,2400,60193,61997,58753,59952,59791,0
Female,Graduate,Single,26,120000,67519,110908,46025,43887,36207,24612,3000,2100,2700,2000,1127,107908,43925,41187,34207,23485,0
Female,University,Single,24,70000,16366,15500,9660,6208,702,4320,1000,9660,6208,702,4320,14500,0,0,0,0,0
Female,Graduate,Married,29,200000,21326,30928,124497,126854,139660,145455,10000,95000,4552,15002,8000,20928,29497,122302,124658,137455,0
Female,Graduate,Single,39,200000,10140,9956,16636,38409,8958,4573,9984,16754,38522,8983,4585,-28,-118,-113,-25,-12,0
Male,Graduate,Married,38,50000,21912,22939,23647,24118,24729,25267,1685,1393,864,1000,950,21254,22254,23254,23729,24317,0
Male,Graduate,Married,49,290000,4599,28420,7051,20356,17803,2722,28420,7051,20000,17803,2722,0,0,356,0,0,0
Male,University,Single,26,120000,74831,78082,80333,82497,84438,86332,4000,3062,3000,2773,3000,74082,77271,79497,81665,83332,0
Female,University,Single,37,220000,1918,4626,5602,769,5595,2538,4626,5602,769,5595,2538,0,0,0,0,0,0
Female,High School,Married,50,50000,43140,43496,0,0,0,0,2500,0,0,0,0,40996,0,0,0,0,0
Female,Graduate,Married,35,360000,0,2819,2600,2800,2800,0,2819,0,200,0,0,0,2600,2600,2800,0,0
Male,University,Single,45,140000,36856,27919,24865,22892,50652,47334,1500,1273,607,41774,1712,26419,23592,22285,8878,45622,0
Female,University,Single,22,30000,0,0,0,0,0,0,0,0,0,0,0,0,0,0,0,0,0
Female,University,Single,23,130000,136,0,0,0,0,0,0,0,0,0,0,0,0,0,0,0,0
Female,Graduate,Single,35,140000,2736,1276,2552,1276,1276,1276,0,2552,0,1276,1276,1276,0,1276,0,0,0
Female,University,Married,37,260000,3689,3992,503,503,503,503,3993,503,0,0,0,-1,0,503,503,503,0
Female,High School,Single,54,50000,22136,23165,24178,24659,25175,25832,1388,1401,882,913,1075,21777,22777,23777,24262,24757,0
Male,University,Married,32,60000,56228,56861,58152,58615,54338,55915,2147,4740,1926,2597,2638,54714,53412,56689,51741,53277,0
Male,Graduate,Single,36,20000,7075,7860,0,0,0,0,1000,0,0,0,0,6860,0,0,0,0,0
Female,High School,Single,26,250000,188526,188454,176634,159655,139273,117986,7002,6500,6000,5500,4000,181452,170134,153655,133773,113986,0
Male,High School,Single,27,20000,20443,19038,38730,-210,690,150,1558,1400,400,1290,0,17480,37330,-610,-600,150,0
Female,High School,Single,29,200000,1945,995,2234,3678,32405,30943,1000,2244,3678,31996,1097,-5,-10,0,409,29846,0
Female,High School,Single,25,50000,6954,6032,6529,7533,7857,4424,2161,1000,1004,3004,1005,3871,5529,6529,4853,3419,0
Male,University,Single,35,210000,0,0,0,0,0,0,0,0,0,0,0,0,0,0,0,0,0
Male,Graduate,Single,29,110000,0,0,0,9150,1960,3930,0,0,9150,0,3930,0,0,0,1960,0,0
Male,University,Single,28,20000,2013,1837,3831,2825,1970,1735,0,2212,0,0,175,1837,1619,2825,1970,1560,0
Male,Graduate,Single,30,250000,61331,42741,43214,36847,23230,21139,3000,2000,1048,1006,1507,39741,41214,35799,22224,19632,0
Male,University,Single,21,10000,9900,0,0,0,0,0,0,0,0,0,0,0,0,0,0,0,1
Female,Graduate,Single,30,140000,4717,5329,5445,5328,6243,21030,5329,5445,5328,6243,21030,0,0,0,0,0,0
Female,University,Single,25,100000,87401,93476,91077,92885,94831,96907,7497,0,3324,3442,3653,85979,91077,89561,91389,93254,1
Female,High School,Married,43,130000,19085,18491,20579,19950,21625,21129,0,2400,0,2000,0,18491,18179,19950,19625,21129,1
Female,Graduate,Single,23,80000,78358,826,-507,3129,1956,4246,826,0,4969,4990,2500,0,-507,-1840,-3034,1746,0
Female,High School,Married,38,350000,362,792,3015,6980,8762,7532,792,3019,4580,4000,284,0,-4,2400,4762,7248,0
Male,High School,Married,45,140000,1553,0,0,0,0,0,0,0,0,0,0,0,0,0,0,0,0
Female,University,Married,33,120000,0,0,0,0,197,0,0,0,0,197,0,0,0,0,0,0,0
Male,High School,Married,46,480000,277803,287770,296399,314867,331653,324093,16000,15000,25000,22000,5000,271770,281399,289867,309653,319093,0
Female,University,Single,24,20000,3980,5075,5979,6796,6463,2255,1318,1183,1000,0,0,3757,4796,5796,6463,2255,1
Male,University,Married,43,30000,24643,24963,24428,23598,23696,23147,2496,1357,1000,843,993,22467,23071,22598,22853,22154,0
Female,University,Single,48,500000,185627,182655,180782,194893,93416,94255,8000,9387,20000,3525,3338,174655,171395,174893,89891,90917,0
Male,High School,Married,55,360000,23439,19112,10730,20530,987,837,5000,1200,10000,987,0,14112,9530,10530,0,837,0
Female,University,Married,34,90000,0,2098,0,0,0,501,2098,0,0,0,501,0,0,0,0,0,0
Female,High School,Married,44,90000,94393,93361,91820,48220,45766,43343,3820,3785,1721,1651,1661,89541,88035,46499,44115,41682,0
Female,Graduate,Single,33,150000,717,-959,-959,-959,-959,-959,0,0,0,0,0,-959,-959,-959,-959,-959,0
Female,High School,Married,49,130000,0,10152,9840,11671,11914,12155,10152,0,2000,431,438,0,9840,9671,11483,11717,0
Male,Graduate,Single,26,10000,10252,5677,2735,4564,0,0,0,2735,4564,0,0,5677,0,0,0,0,0
Male,University,Married,35,70000,32507,29775,31273,33739,34632,33746,3000,2000,3000,1600,1500,26775,29273,30739,33032,32246,0
Male,Graduate,Single,32,220000,207384,213290,219202,222114,173898,166686,9252,11000,8769,6678,6053,204038,208202,213345,167220,160633,0
Female,Graduate,Single,29,150000,23414,23349,0,3180,0,13649,1000,0,3180,0,13649,22349,0,0,0,0,0
Male,High School,Other,47,140000,75883,67073,57233,52295,49047,38796,2536,5017,10012,10013,3010,64537,52216,42283,39034,35786,0
Female,University,Married,34,160000,160285,156328,159322,124363,126802,129365,0,7661,4607,4602,4671,156328,151661,119756,122200,124694,0
Female,Graduate,Single,27,80000,825,825,-6042,-6867,-8692,54375,825,0,0,0,150000,0,-6042,-6867,-8692,-95625,0
Male,High School,Married,39,50000,44574,0,0,0,0,0,0,0,0,0,0,0,0,0,0,0,0
Male,University,Married,32,20000,9622,10974,14963,15123,14741,15340,1511,4500,700,0,1000,9463,10463,14423,14741,14340,0
Female,Other,Single,21,10000,7691,8107,8036,8099,0,0,1192,1000,162,0,0,6915,7036,7937,0,0,0
Female,University,Single,34,320000,7806,2944,11755,52566,36658,42332,2944,11768,52592,0,42332,0,-13,-26,36658,0,0
Female,Graduate,Married,40,290000,550,550,550,550,550,550,550,550,550,550,550,0,0,0,0,0,0
Female,Graduate,Married,43,50000,49390,50612,29975,30559,29433,30045,2449,1778,2382,0,1251,48163,28197,28177,29433,28794,0
Female,University,Married,51,140000,4885,649,-9,-9,3177,-10,650,0,0,3186,0,-1,-9,-9,-9,-10,0
Female,Graduate,Married,36,140000,132629,135901,138858,97585,95447,91717,5406,5700,3600,13500,3466,130495,133158,93985,81947,88251,0
Female,University,Married,49,50000,3126,25362,23683,22833,1352,20791,25368,1237,457,1354,20794,-6,22446,22376,-2,-3,0
Male,Graduate,Single,34,360000,9,9,2009,1029,0,0,0,2000,0,0,0,9,9,1029,0,0,1
Male,High School,Married,43,140000,139445,137950,133250,98147,98924,95100,5500,5000,3500,3510,3500,132450,128250,94647,95414,91600,1
Female,University,Married,48,280000,9517,36527,14899,18374,13369,8854,36527,14927,18410,13369,8854,0,-28,-36,0,0,0
Male,Graduate,Single,37,410000,59728,66109,67396,70701,74590,78380,8000,3000,4400,5000,5033,58109,64396,66301,69590,73347,0
Female,Graduate,Single,26,30000,125,125,125,4671,25871,15222,125,125,4671,25000,3000,0,0,0,871,12222,0
Female,High School,Married,50,50000,4446,4166,0,0,0,0,0,0,0,0,0,4166,0,0,0,0,0
Female,University,Single,26,60000,57171,58656,53271,54331,55513,56898,2464,1932,1944,2057,2351,56192,51339,52387,53456,54547,0
Female,University,Single,29,170000,47742,45529,42805,38017,39239,39411,2105,2447,1200,3000,2000,43424,40358,36817,36239,37411,0
Male,University,Single,28,230000,651,651,651,0,651,1496,651,651,0,651,1496,0,0,0,0,0,0
Female,University,Married,25,30000,29883,27523,31010,30207,31203,30554,2000,4273,0,2640,0,25523,26737,30207,28563,30554,1
Female,Graduate,Married,42,360000,5658,4164,2469,0,5724,7334,4164,2469,0,5724,7334,0,0,0,0,0,0
Male,Graduate,Married,30,360000,98048,69568,22030,498,3150,1074,4000,5000,498,3150,1074,65568,17030,0,0,0,0
Male,Graduate,Single,38,150000,421504,299860,300000,0,0,0,17000,17000,0,0,0,282860,283000,0,0,0,0
Female,High School,Married,36,110000,2309,3238,250,3100,0,0,1002,450,3100,0,0,2236,-200,0,0,0,0
Male,Graduate,Single,32,280000,32068,31915,34433,31236,0,500,5000,5000,5000,0,500,26915,29433,26236,0,0,0
Male,Graduate,Married,37,200000,2896,10706,10323,8440,4963,10222,10720,3014,1027,2022,10017,-14,7309,7413,2941,205,1
Male,High School,Single,33,50000,0,0,0,1000,0,0,0,0,1000,0,0,0,0,0,0,0,0
Male,University,Single,28,150000,79426,71364,71219,56277,54231,55243,3003,2503,1880,1875,2666,68361,68716,54397,52356,52577,1
Male,Graduate,Single,36,360000,331365,338400,493,0,2030,2112,15000,493,0,2030,2112,323400,0,0,0,0,0
Male,High School,Married,49,130000,119466,116833,106524,89412,86993,87433,5044,5067,5013,5002,4002,111789,101457,84399,81991,83431,0
Female,High School,Married,48,230000,500,14883,33151,0,0,469,14883,20757,0,0,469,0,12394,0,0,0,0
Female,University,Single,48,480000,2475,995,3647,7621,1735,302818,1000,3652,7626,1740,302823,-5,-5,-5,-5,-5,0
Female,High School,Married,35,30000,28852,29777,29478,30290,27803,25762,1700,1700,1500,1500,1500,28077,27778,28790,26303,24262,1
Female,University,Single,42,150000,89341,79904,72182,61014,49502,46055,5000,6000,3000,2000,10000,74904,66182,58014,47502,36055,0
Male,Graduate,Married,42,500000,29365,94120,36511,18323,7865,7960,94135,36575,18323,13445,9016,-15,-64,0,-5580,-1056,0
Female,University,Married,43,220000,0,0,0,0,0,0,0,0,0,0,0,0,0,0,0,0,1
Female,Graduate,Single,56,360000,437,241,0,0,0,2628,241,0,0,0,2628,0,0,0,0,0,1
Female,University,Married,42,160000,165686,169969,170142,119529,122059,111378,8450,5289,4022,4195,3986,161519,164853,115507,117864,107392,1
Female,University,Single,42,270000,12263,10025,0,0,0,0,10025,0,0,0,0,0,0,0,0,0,0
Male,Graduate,Single,35,610000,269672,274882,276887,260761,266747,271886,10000,11000,10000,11000,10000,264882,265887,250761,255747,261886,0
Male,High School,Single,29,20000,4453,7997,6573,7422,4381,11718,8019,6779,7547,4589,12000,-22,-206,-125,-208,-282,0
Female,University,Married,28,70000,9192,8905,8611,8879,9746,8710,0,0,400,1000,0,8905,8611,8479,8746,8710,1
Female,Graduate,Married,35,260000,51133,60247,63615,71839,75506,78647,10000,5000,10000,5000,5000,50247,58615,61839,70506,73647,0
Male,University,Married,47,30000,778,5898,8610,8402,10878,10790,5900,3000,299,3000,608,-2,5610,8103,7878,10182,1
Male,University,Single,34,20000,20690,20075,19492,19859,19232,15608,0,1500,805,7000,542,20075,17992,19054,12232,15066,1
Female,High School,Single,25,160000,141,-756,11520,1520,5171,3716,201,13040,0,5171,3716,-957,-1520,1520,0,0,0
Female,University,Single,23,20000,16575,17629,18552,15562,16308,17034,1327,1250,800,1000,1000,16302,17302,14762,15308,16034,0
Male,Graduate,Married,61,330000,14897,19364,906,2342,1702,882,19364,906,2342,1702,882,0,0,0,0,0,0
Male,University,Single,25,70000,50224,58639,11512,10586,20389,17369,10000,10000,0,10000,0,48639,1512,10586,10389,17369,0
Male,Graduate,Single,27,300000,0,0,0,0,0,0,0,0,0,0,0,0,0,0,0,0,0
Female,University,Single,30,280000,254307,257669,226452,215692,194206,185854,9100,5509,7604,0,9200,248569,220943,208088,194206,176654,0
Female,University,Married,33,180000,47050,49282,50159,51336,54332,56249,3000,2000,2011,4000,3000,46282,48159,49325,50332,53249,0
Female,Graduate,Single,50,50000,51016,49000,20356,20241,20304,20119,2098,1303,698,719,716,46902,19053,19543,19585,19403,0
Female,High School,Single,30,230000,122344,115723,44178,4221,4009,8990,5492,2600,7797,0,5180,110231,41578,-3576,4009,3810,1
Female,University,Married,51,200000,9754,55904,8720,4410,1186,28679,56243,8860,4410,1186,28679,-339,-140,0,0,0,1
Male,University,Single,30,250000,5724,6729,4973,9693,799,4295,2000,2305,4720,0,4305,4729,2668,4973,799,-10,0
Male,Graduate,Single,31,100000,104395,101736,106101,54707,54924,52141,1867,1867,5026,2800,2800,99869,104234,49681,52124,49341,0
Female,Graduate,Single,30,470000,1689,499,350,2277,41523,2175,499,350,2277,41523,2175,0,0,0,0,0,1
Female,Graduate,Single,26,80000,3900,331,9970,4250,4574,0,331,9970,4250,4574,0,0,0,0,0,0,0
Male,University,Married,39,250000,20461,22813,24063,24886,26446,20301,3000,2000,1500,2000,2000,19813,22063,23386,24446,18301,0
Male,High School,Married,36,20000,1050,1050,1050,1050,1050,1050,0,0,0,0,0,1050,1050,1050,1050,1050,1
Female,Graduate,Single,32,360000,0,0,0,499,1113,392,0,0,499,1113,392,0,0,0,0,0,0
Female,University,Married,26,80000,35897,30090,29299,12406,1308,-52,1510,2085,248,26,52,28580,27214,12158,1282,-104,0
Female,University,Married,27,100000,3856,-1278,7571,5386,1133,4143,2,9586,1014,500,3010,-1280,-2015,4372,633,1133,0
Male,Graduate,Married,40,50000,0,0,0,0,0,0,0,0,0,0,0,0,0,0,0,0,0
Male,Graduate,Married,39,620000,346927,90849,90493,90025,88406,89111,5200,5400,3173,3200,3500,85649,85093,86852,85206,85611,0
Female,High School,Married,28,100000,29770,30485,32434,32592,33102,33860,1825,3100,1300,1500,1771,28660,29334,31292,31602,32089,0
Male,Graduate,Single,22,30000,18796,23153,27439,26708,26141,26823,5000,5000,0,0,1115,18153,22439,26708,26141,25708,0
Male,Graduate,Single,28,180000,2619,1839,2544,1134,1313,1332,1839,2544,1134,1313,1332,0,0,0,0,0,1
Female,Graduate,Married,36,330000,2964,36,36,24699,2912,14231,36,0,24863,2912,14231,0,36,-164,0,0,0
Male,University,Single,34,90000,50281,14033,12628,20172,73512,72588,0,2000,20172,73512,3000,14033,10628,0,0,69588,0
Male,Graduate,Married,41,280000,718,3910,1906,837,360,350,3927,1913,841,360,350,-17,-7,-4,0,0,0
Male,University,Single,30,20000,18231,34558,17363,17569,0,0,0,1200,406,0,0,34558,16163,17163,0,0,1
Male,Graduate,Single,37,120000,1235,316,316,16885,46929,69521,0,316,16885,54629,77046,316,0,0,-7700,-7525,0
Female,Graduate,Single,27,240000,176829,174143,165755,166291,141380,130742,7058,6800,4050,6084,8028,167085,158955,162241,135296,122714,0
Female,High School,Married,53,80000,0,1710,0,0,0,496,1710,0,0,0,496,0,0,0,0,0,1
Male,University,Married,35,30000,-2221,-8152,-4220,30821,30071,28767,0,0,35821,0,0,-8152,-4220,-5000,30071,28767,0
Female,Graduate,Married,28,70000,20596,24911,28346,12170,-1686,-3594,5000,4000,12,0,0,19911,24346,12158,-1686,-3594,0
Male,University,Married,46,20000,19866,19257,18901,18210,0,0,0,1200,9,1000,0,19257,17701,18201,-1000,0,1
Female,Graduate,Married,38,180000,183939,176737,179787,181918,169664,173169,8000,7900,6900,6200,6700,168737,171887,175018,163464,166469,1
Male,University,Single,62,140000,143107,138581,123491,118886,117059,117405,4839,5000,5000,7500,7000,133742,118491,113886,109559,110405,0
Female,Graduate,Single,24,20000,17147,18264,19145,17322,16989,12699,1700,1500,822,1000,1000,16564,17645,16500,15989,11699,0
Female,Graduate,Married,31,230000,0,0,0,0,0,0,0,0,0,0,0,0,0,0,0,0,1
Female,University,Single,39,90000,82326,82827,87070,87961,86445,91520,2700,6500,3200,0,6500,80127,80570,84761,86445,85020,0
Female,University,Married,33,170000,263,641,0,638,0,362,641,0,638,0,362,0,0,0,0,0,0
Male,University,Single,30,80000,79949,65416,45991,47229,48468,49490,2500,2000,2000,2000,1826,62916,43991,45229,46468,47664,0
Male,University,Married,36,80000,9097,31091,34651,26569,20082,25535,31091,20000,5000,10000,10000,0,14651,21569,10082,15535,0
Male,Graduate,Single,37,80000,68553,69191,71918,71534,73344,75218,3000,3310,2200,2400,2500,66191,68608,69334,70944,72718,0
Female,University,Married,36,100000,79695,77855,83945,81702,83232,84947,0,7400,0,3000,3100,77855,76545,81702,80232,81847,1
Female,University,Single,26,120000,4787,6190,0,0,0,4800,1500,0,0,0,4800,4690,0,0,0,0,0
Female,University,Married,47,50000,10992,12047,15257,15410,15917,15514,1540,3750,700,900,0,10507,11507,14710,15017,15514,1
Male,University,Married,64,260000,2500,2500,2500,2500,2500,2500,0,0,0,0,0,2500,2500,2500,2500,2500,1
Male,Graduate,Married,35,180000,170128,172258,138807,132806,135603,137803,7187,5000,4749,5141,4916,165071,133807,128057,130462,132887,0
Female,University,Married,23,30000,27141,28297,29012,29754,30211,29853,1900,1500,1200,1300,1500,26397,27512,28554,28911,28353,0
Male,High School,Married,52,80000,13701,13034,4119,2705,2855,1411,0,1200,0,1411,0,13034,2919,2705,1444,1411,1
Male,University,Married,36,50000,14668,17194,13948,12165,10242,8428,2800,0,500,360,500,14394,13948,11665,9882,7928,0
Male,High School,Married,41,50000,13868,13060,11151,7921,6949,4716,1227,1073,230,241,138,11833,10078,7691,6708,4578,0
Female,University,Single,28,90000,48177,49563,47750,47169,46284,47519,2500,2500,3700,0,2200,47063,45250,43469,46284,45319,1
Female,High School,Married,35,180000,133733,92955,90159,68789,26614,27528,3514,3569,3204,1000,1310,89441,86590,65585,25614,26218,0
Female,University,Other,52,20000,19773,18459,19398,18561,18949,17426,1331,1270,633,655,759,17128,18128,17928,18294,16667,1
Female,University,Married,39,460000,15950,13101,22551,21851,22214,80132,13101,10000,0,10000,80132,0,12551,21851,12214,0,0
Male,Graduate,Single,31,80000,61241,62155,56049,50829,50687,47362,2515,16,2003,2013,5007,59640,56033,48826,48674,42355,0
Male,University,Single,35,50000,40624,41381,40416,41395,44063,44587,1700,0,1650,3505,1400,39681,40416,39745,40558,43187,1
Male,University,Single,37,50000,50581,47990,33276,28507,28709,29793,2020,2010,2000,2000,2000,45970,31266,26507,26709,27793,1
Male,Graduate,Married,39,240000,-18,-18,-18,-18,-18,-18,0,0,0,0,0,-18,-18,-18,-18,-18,0
Male,University,Married,43,360000,6146,945,5497,4162,1724,1569,1000,5500,4182,1800,1570,-55,-3,-20,-76,-1,0
Female,Other,Single,23,150000,27338,23410,24410,27007,28585,27827,1403,1403,3000,2000,1155,22007,23007,24007,26585,26672,0
Male,University,Single,24,20000,18186,19086,19618,0,0,0,1500,1000,0,0,0,17586,18618,0,0,0,0
Male,High School,Single,44,30000,2646,2646,2646,2646,2646,2646,0,0,0,0,0,2646,2646,2646,2646,2646,0
Female,Graduate,Single,44,200000,0,0,0,7800,30223,10715,0,0,7800,30223,10715,0,0,0,0,0,0
Female,Other,Single,51,80000,9747,7592,7420,1467,7505,3837,1203,1020,1467,7505,135,6389,6400,0,0,3702,0
Female,University,Single,28,260000,154489,143383,132873,122528,111409,100032,6000,5000,5000,4000,3600,137383,127873,117528,107409,96432,0
Male,University,Single,49,20000,7823,8691,9701,9894,10102,10534,1151,1161,354,367,600,7540,8540,9540,9735,9934,1
Female,Graduate,Single,39,240000,123704,125133,128856,131620,134413,137188,4905,5800,4900,4900,5000,120228,123056,126720,129513,132188,0
Female,Graduate,Single,44,120000,27500,28565,29003,28241,28933,30956,1800,1200,0,1300,2500,26765,27803,28241,27633,28456,0
Female,University,Single,22,20000,20117,18784,19538,17958,4968,780,1466,2000,1000,600,0,17318,17538,16958,4368,780,0
Female,High School,Married,52,20000,9410,11840,11260,11260,11260,0,2600,0,0,0,0,9240,11260,11260,11260,0,0
Female,Graduate,Married,37,430000,1669,412,23547,5064,13258,2249,416,23547,5064,13258,2249,-4,0,0,0,0,0
Female,University,Married,46,80000,76270,77376,38556,34345,36020,38420,3400,3000,3000,3000,3000,73976,35556,31345,33020,35420,0
Male,University,Single,25,50000,47809,49040,29662,28360,28831,29487,2141,1763,1161,1077,1167,46899,27899,27199,27754,28320,0
Male,High School,Single,35,140000,47422,52831,51345,49734,50476,50751,6800,8,1718,4000,2001,46031,51337,48016,46476,48750,0
Male,University,Married,31,50000,51203,50110,51066,50737,50827,50856,0,2100,1800,1900,2100,50110,48966,48937,48927,48756,0
Male,Graduate,Single,25,50000,45079,45741,47561,39482,40066,38994,1773,3528,2002,2005,1398,43968,44033,37480,38061,37596,0
Female,High School,Other,37,80000,7070,3087,5210,3882,4785,1000,3087,5215,3882,4785,1968,0,-5,0,0,-968,0
Female,University,Married,26,50000,16919,17854,18265,20455,19986,21747,1500,1000,2500,0,2100,16354,17265,17955,19986,19647,0
Female,University,Married,37,80000,39839,40596,41914,42618,43525,44433,1700,1996,1700,1745,1800,38896,39918,40918,41780,42633,0
Male,High School,Married,55,50000,42166,43687,44121,43360,40555,31309,2200,1632,1113,1336,3142,41487,42489,42247,39219,28167,1
Female,University,Married,60,80000,-2,759,596,-4,1426,1300,761,597,0,1430,1309,-2,-1,-4,-4,-9,1
Female,Graduate,Married,52,360000,7542,6302,4719,1577,1577,21220,6302,4719,1577,1577,21220,0,0,0,0,0,0
Female,University,Single,41,60000,60672,58929,60335,59384,60861,59241,2741,3000,2300,2600,2200,56188,57335,57084,58261,57041,0
Female,Graduate,Single,31,290000,1170,0,83289,82889,82889,1964,0,83289,0,0,0,0,0,82889,82889,1964,0
Male,Graduate,Single,56,50000,47076,48427,49317,50855,18177,18823,2110,2000,2376,709,998,46317,47317,48479,17468,17825,0
Female,Other,Single,28,360000,243114,46734,12558,0,730,500,1587,1028,0,730,500,45147,11530,0,0,0,0
Female,University,Married,40,440000,3278,2028,981,873,873,840,2035,982,874,874,841,-7,-1,-1,-1,-1,0
Male,Graduate,Married,36,500000,396,1043,19230,116696,194483,195454,1043,19230,100062,94503,10000,0,0,16634,99980,185454,0
Male,University,Single,27,240000,0,0,0,0,0,0,0,0,0,0,0,0,0,0,0,0,0
Male,University,Single,31,100000,21345,26288,23386,25362,26318,42484,6363,4386,5362,4344,20000,19925,19000,20000,21974,22484,0
Female,Graduate,Married,47,200000,4503,3350,-2209,-2209,-3607,1069,0,630,0,200,10000,3350,-2839,-2209,-3807,-8931,0
Male,Graduate,Married,43,260000,-10,5172,2800,3804,5009,3035,5182,9,2998,5034,3050,-10,2791,806,-25,-15,0
Female,High School,Married,53,70000,54251,55402,53925,56814,58053,59246,2600,0,4400,2300,2300,52802,53925,52414,55753,56946,1
Male,High School,Married,53,20000,17614,19323,19694,20004,20159,20059,2000,1000,1000,1000,1000,17323,18694,19004,19159,19059,1
Male,Graduate,Single,38,180000,124233,125768,126202,127677,99764,0,5000,4200,3000,5000,2000,120768,122002,124677,94764,-2000,1
Female,University,Married,44,80000,47102,24470,25614,21053,18531,19051,1473,1617,856,672,828,22997,23997,20197,17859,18223,0
Female,Graduate,Married,41,140000,142129,130705,99736,80445,81005,79387,15126,9064,4009,5014,5011,115579,90672,76436,75991,74376,1
Female,University,Married,26,50000,22915,22247,22493,660,1979,836,1411,1650,0,1979,0,20836,20843,660,0,836,0
Male,Graduate,Married,36,120000,117492,104895,58743,60469,57532,55702,3985,3000,5000,0,2000,100910,55743,55469,57532,53702,1
Female,Graduate,Married,42,320000,197352,201913,103278,62891,64948,66961,9000,6000,3000,3000,3000,192913,97278,59891,61948,63961,0
Male,University,Married,39,70000,6056,7292,8663,9018,9222,9568,1500,1500,500,500,500,5792,7163,8518,8722,9068,0
Female,University,Married,42,120000,499,499,499,499,499,1148,499,499,499,499,1148,0,0,0,0,0,0
Female,University,Single,25,150000,100165,102327,101572,103062,83567,85098,5000,3500,3000,3000,3100,97327,98072,100062,80567,81998,0
Female,University,Married,32,230000,1560,1766,2720,3720,0,0,1046,1000,1000,0,0,720,1720,2720,0,0,0
Female,High School,Other,46,30000,20143,19532,22194,21542,24022,25473,0,3000,0,3000,2000,19532,19194,21542,21022,23473,0
Female,University,Married,34,290000,38027,23036,129433,117500,113149,102593,6000,120000,5000,5000,5000,17036,9433,112500,108149,97593,0
Female,University,Married,36,50000,4782,0,0,0,0,0,0,0,0,0,0,0,0,0,0,0,0
Male,Graduate,Single,34,360000,14867,14612,13739,7995,9480,9952,1079,14598,1017,5022,5049,13533,-859,6978,4458,4903,0
Female,High School,Married,56,160000,2992,4562,-928,1619,928,0,4562,0,2547,0,0,0,-928,-928,928,0,0
Female,University,Single,42,30000,2231,3048,2845,1630,12037,12933,1000,12,0,12037,1100,2048,2833,1630,0,11833,1
Male,Graduate,Single,27,60000,21387,22416,23444,26038,28607,27997,1378,1406,3000,3000,0,21038,22038,23038,25607,27997,1
Male,University,Married,34,420000,226007,226465,205276,206521,209775,194883,10000,9600,6700,7000,7042,216465,195676,199821,202775,187841,1
Male,Graduate,Married,42,50000,49887,49515,38680,29664,29057,29083,1850,1507,1100,1200,1116,47665,37173,28564,27857,27967,0
Female,University,Single,34,360000,0,0,0,0,0,0,0,0,0,0,0,0,0,0,0,0,0
Male,High School,Married,46,250000,55891,59152,20615,13896,79740,70097,21343,1238,1235,79788,2148,37809,19377,12661,-48,67949,0
Male,Graduate,Single,32,160000,82345,91345,92444,93715,97451,97477,9000,3500,3700,5400,1900,82345,88944,90015,92051,95577,0
Male,University,Single,30,50000,52419,51309,51135,48371,56294,61259,0,2500,2271,50000,10100,51309,48635,46100,6294,51159,0
Male,Graduate,Single,29,160000,-113,18887,2323,9032,5630,9141,19000,3000,9000,0,9596,-113,-677,32,5630,-455,0
Male,Graduate,Single,31,220000,5254,5868,8708,4078,5365,4055,5000,3040,3520,5371,20,868,5668,558,-6,4035,0
Female,High School,Married,43,70000,26193,26977,27733,27982,27396,28341,1500,1500,1000,0,1400,25477,26233,26982,27396,26941,0
Male,High School,Married,43,50000,10898,8754,0,16475,16821,17220,1000,0,16475,611,679,7754,0,0,16210,16541,0
Male,Graduate,Single,29,120000,25602,30156,33632,36574,38985,40339,5000,4000,3500,3000,2000,25156,29632,33074,35985,38339,0
Male,High School,Other,55,50000,47067,48410,49218,18937,19183,19761,2400,2200,824,700,900,46010,47018,18113,18483,18861,0
Female,University,Married,32,210000,132082,131015,133815,134585,127282,125338,6500,6500,4400,5000,7000,124515,127315,130185,122282,118338,0
Female,Graduate,Single,28,120000,594,594,15611,7628,7361,9200,0,15611,3000,0,2000,594,0,4628,7361,7200,0
Female,University,Married,40,260000,138602,135999,133752,135053,133888,132486,4870,6307,5007,5015,4773,131129,127445,130046,128873,127713,0
Male,University,Married,41,120000,39606,40679,39730,42148,44509,45643,2000,0,3400,3200,2000,38679,39730,38748,41309,43643,0
Male,Graduate,Single,30,250000,0,0,0,700,150,200,0,0,700,150,200,0,0,0,0,0,0
Male,University,Single,33,30000,29956,30536,30162,29819,14071,0,29000,1200,637,2000,0,1536,28962,29182,12071,0,0
Male,University,Married,28,50000,2862,20499,9555,4807,14429,9872,20637,9588,4821,14472,10002,-138,-33,-14,-43,-130,0
Female,High School,Single,23,70000,16103,17185,16581,14106,14427,11689,2800,0,650,650,570,14385,16581,13456,13777,11119,0
Female,Graduate,Single,59,200000,180887,166921,155945,109271,36753,78079,10000,30000,7,7000,73000,156921,125945,109264,29753,5079,0
Female,University,Married,29,100000,48065,49189,50746,51158,49226,51211,1900,2400,1800,1800,2800,47289,48346,49358,47426,48411,0
Male,University,Married,36,200000,4670,4670,4670,4670,4670,4670,4670,4670,4670,4670,4670,0,0,0,0,0,1
Female,Graduate,Single,29,280000,3009,3437,4132,2693,659,3277,3454,4170,2703,659,3297,-17,-38,-10,0,-20,0
Male,Graduate,Married,54,420000,12349,6545,6377,18801,22180,13211,6576,6420,18892,22285,13270,-31,-43,-91,-105,-59,0
Female,Graduate,Single,32,400000,35383,33892,22071,18161,14669,686,12119,9177,90,14709,686,21773,12894,18071,-40,0,0
Female,University,Single,27,180000,28978,25271,19917,22659,16114,15587,5029,12000,12659,10000,9000,20242,7917,10000,6114,6587,0
Female,Graduate,Single,29,340000,182441,181085,179607,177506,176233,173279,6550,6500,5830,6053,5200,174535,173107,171676,170180,168079,0
Male,Graduate,Single,38,500000,3109,34228,7981,695,1130,41026,34241,7993,695,1130,41026,-13,-12,0,0,0,0
Female,University,Single,37,420000,6277,30512,17516,8773,15437,26376,31326,1150,205,15442,22292,-814,16366,8568,-5,4084,0
Female,Graduate,Single,32,180000,10989,228,1540,0,0,0,228,1541,0,0,0,0,-1,0,0,0,0
Male,High School,Married,46,120000,94953,116914,89799,89913,88484,90477,120656,3520,2931,3180,3432,-3742,86279,86982,85304,87045,0
Female,University,Married,49,50000,48501,51105,39094,19476,19483,19634,3500,0,680,693,851,47605,39094,18796,18790,18783,0
Female,University,Single,26,150000,36302,33060,33988,35112,36532,36345,2070,3995,3113,2540,3348,30990,29993,31999,33992,32997,0
Female,Graduate,Single,22,20000,11087,11712,11164,11395,11927,9186,1100,0,289,594,0,10612,11164,11106,11333,9186,0
Male,High School,Married,27,150000,183405,188959,192342,189717,195670,198611,10000,8000,2000,9000,8000,178959,184342,187717,186670,190611,0
Male,University,Single,27,40000,42055,41146,40114,38797,38244,38478,0,0,0,0,871,41146,40114,38797,38244,37607,1
Female,Graduate,Married,30,180000,116218,124296,128002,127286,119733,116705,10000,6007,4304,4241,4200,114296,121995,122982,115492,112505,0
Female,University,Single,43,120000,124613,121211,120920,47951,41563,36779,0,3507,2000,2500,2000,121211,117413,45951,39063,34779,1
Male,Graduate,Single,42,420000,155814,155282,116385,106961,92331,89566,5397,5678,3577,3023,3026,149885,110707,103384,89308,86540,0
Female,Graduate,Single,29,20000,6345,6098,7107,7401,7826,7552,0,1118,412,694,0,6098,5989,6989,7132,7552,0
Female,University,Single,24,120000,29161,29891,30893,32804,32213,31891,1500,1500,2401,1155,1460,28391,29393,30403,31058,30431,0
Female,University,Married,27,230000,25947,26998,25825,25908,26341,27898,1800,1500,1500,1000,2000,25198,24325,24408,25341,25898,0
Male,University,Other,46,50000,49776,50405,49099,19125,18504,19197,2056,1300,669,671,1000,48349,47799,18456,17833,18197,1
Female,University,Married,36,50000,52136,50942,49715,21332,20096,18883,2218,2519,712,706,740,48724,47196,20620,19390,18143,0
Male,Graduate,Married,40,320000,151222,135038,108924,109710,116813,118984,6500,8000,4000,9000,4000,128538,100924,105710,107813,114984,0
Female,University,Single,23,70000,69074,70811,67397,50126,47604,43429,2875,2327,3533,0,1367,67936,65070,46593,47604,42062,1
Female,Graduate,Single,27,280000,160889,165400,166712,170059,154387,157832,9000,6000,6000,6000,6000,156400,160712,164059,148387,151832,0
Male,Graduate,Married,48,180000,66092,65236,65912,66523,67020,67259,2370,3000,3000,2588,2500,62866,62912,63523,64432,64759,0
Female,Graduate,Single,29,50000,2000,5743,1134,3067,5496,1194,5934,1134,3067,5496,1194,-191,0,0,0,0,0
Female,University,Single,25,340000,0,0,0,1888,4777,4752,0,0,1888,4777,4752,0,0,0,0,0,0
Female,University,Single,25,200000,41357,22770,23231,6979,2428,2099,3262,3346,3034,2440,2109,19508,19885,3945,-12,-10,0
Female,University,Single,28,180000,10479,11793,12500,13383,14760,15472,1410,1117,1000,1500,1000,10383,11383,12383,13260,14472,0
Female,Graduate,Single,25,50000,42056,46024,45452,45450,41154,39034,5000,2000,1500,2000,4000,41024,43452,43950,39154,35034,1
Female,University,Single,31,120000,115573,117767,115918,116918,118698,121372,5700,4172,4168,4770,5119,112067,111746,112750,113928,116253,0
Male,High School,Married,46,360000,0,0,0,0,0,0,0,0,0,0,0,0,0,0,0,0,0
Male,University,Married,50,240000,419,419,419,419,419,419,419,419,419,419,419,0,0,0,0,0,0
Female,University,Single,25,70000,30542,29780,28968,29540,29505,29428,0,0,2032,1069,1066,29780,28968,27508,28436,28362,1
Female,High School,Other,41,20000,2795,198,2310,973,406,1317,941,3637,973,406,2228,-743,-1327,0,0,-911,0
Male,University,Married,32,190000,13041,13936,13415,14590,14216,14823,1400,0,1400,0,1000,12536,13415,13190,14216,13823,0
Female,University,Married,38,200000,780,0,390,390,390,390,0,390,390,390,390,0,0,0,0,0,0
Male,University,Married,45,410000,597,2326,7670,1761,6930,0,2329,7670,1761,6930,0,-3,0,0,0,0,0
Male,Graduate,Single,27,110000,34314,33538,37448,34963,28197,30331,5000,5000,3000,3150,3000,28538,32448,31963,25047,27331,0
Female,University,Single,27,210000,87909,86769,85001,83811,82399,81434,4100,3500,3113,3000,3331,82669,81501,80698,79399,78103,0
Male,Graduate,Married,42,300000,32643,33427,32591,34943,35536,36403,1600,0,2900,1300,1600,31827,32591,32043,34236,34803,0
Female,Graduate,Single,29,390000,283965,278793,275339,268728,271979,272076,8724,8445,8103,8324,9198,270069,266894,260625,263655,262878,0
Male,University,Married,51,30000,28916,29451,27779,28340,0,0,11592,1500,959,0,0,17859,26279,27381,0,0,1
Female,University,Single,24,20000,2004,3193,4050,4129,4367,4613,1211,1068,147,304,467,1982,2982,3982,4063,4146,1
Female,University,Single,23,70000,1823,326,6598,6405,7248,8090,326,6598,227,1270,1296,0,0,6178,5978,6794,0
Female,Graduate,Married,35,70000,77021,73268,70275,46045,42357,41026,0,2001,0,1666,1505,73268,68274,46045,40691,39521,0
Male,Graduate,Single,25,50000,1304,978,652,326,0,1454,0,0,0,0,1454,978,652,326,0,0,1
Male,High School,Single,51,30000,25358,26447,26946,28957,29408,29840,1800,1300,2400,1000,1000,24647,25646,26557,28408,28840,0
Male,Graduate,Single,33,130000,36672,35807,40851,39526,41346,40630,0,6000,0,3000,1000,35807,34851,39526,38346,39630,0
Male,University,Married,39,130000,1240,0,1138,1138,2478,-3040,0,1138,0,2500,0,0,0,1138,-22,-3040,0
Male,University,Married,38,20000,0,0,0,0,0,0,0,0,0,0,0,0,0,0,0,0,1
Female,University,Married,34,30000,411,995,579,1430,1414,1398,1000,0,1420,400,400,-5,579,10,1014,998,0
Female,University,Single,26,170000,30005,30621,30308,30163,29999,29973,1842,1708,1163,1199,1173,28779,28600,29000,28800,28800,0
Male,University,Married,31,120000,53672,56495,57455,58127,59367,60333,4300,2500,2200,2300,2114,52195,54955,55927,57067,58219,1
Male,Graduate,Single,42,50000,44350,43360,45892,46886,48037,47551,0,3300,2000,2000,396,43360,42592,44886,46037,47155,0
Female,High School,Married,41,130000,131728,132063,128599,131454,126621,126724,7000,4700,5013,4601,4525,125063,123899,126441,122020,122199,0
Female,High School,Single,32,110000,50433,42098,42753,42428,43740,44858,2200,2000,2500,2300,2300,39898,40753,39928,41440,42558,0
Female,Graduate,Single,28,80000,53301,55444,60738,62818,45413,44793,3525,10000,7296,3000,3000,51919,50738,55522,42413,41793,0
Female,University,Single,32,500000,33763,43081,44277,46605,35766,26175,10000,2200,3500,0,1100,33081,42077,43105,35766,25075,0
Female,University,Married,46,180000,0,12103,2250,899,0,1375,12103,2250,899,0,1375,0,0,0,0,0,0
Female,High School,Married,58,120000,0,2228,0,0,0,672,2228,0,0,0,672,0,0,0,0,0,1
Female,University,Married,23,20000,14313,4256,200,0,18844,12052,1000,200,0,18844,241,3256,0,0,0,11811,0
Male,University,Single,30,370000,25588,1259,1259,3661,4484,24233,2096,1263,3665,4488,24262,-837,-4,-4,-4,-29,1
Male,University,Single,22,50000,49551,42517,35458,19778,19929,19790,1707,1321,687,705,811,40810,34137,19091,19224,18979,0
Male,Graduate,Married,51,150000,92766,94732,96940,46349,47360,48717,4000,4000,1482,1577,2000,90732,92940,44867,45783,46717,0
Male,Graduate,Single,29,80000,1567,20175,0,0,0,0,20175,0,0,0,0,0,0,0,0,0,1
Female,Graduate,Single,28,460000,16560,12570,19403,10063,8628,0,2500,9456,10063,0,0,10070,9947,0,8628,0,0
Male,High School,Married,53,50000,45870,46944,45874,48326,47440,50426,2100,0,3500,0,3758,44844,45874,44826,47440,46668,1
Female,University,Single,25,80000,62242,28610,29425,29990,29153,19863,19885,1700,1169,1044,717,8725,27725,28821,28109,19146,0
Female,Graduate,Married,35,260000,89420,86716,82868,80715,76377,44627,3578,2400,2000,2000,1464,83138,80468,78715,74377,43163,0
Male,Graduate,Single,32,320000,488,2290,14080,9931,7590,9685,2301,14109,11,38,9733,-11,-29,9920,7552,-48,0
Female,University,Single,46,50000,44808,44899,46346,47273,48357,50393,2100,2500,2000,2000,3000,42799,43846,45273,46357,47393,0
Female,Graduate,Married,55,360000,2334,37570,5102,15701,7771,10615,37570,5102,15701,7771,10615,0,0,0,0,0,0
Female,University,Single,50,50000,20001,15345,37420,18151,4823,6574,2000,32009,1500,1000,3012,13345,5411,16651,3823,3562,0
Male,University,Married,30,150000,9248,6831,2902,6468,1883,1519,6871,2918,6506,1893,1527,-40,-16,-38,-10,-8,0
Female,University,Married,32,70000,67417,63334,61578,63061,64403,64948,2303,2400,2500,2500,2300,61031,59178,60561,61903,62648,0
Female,Graduate,Single,27,150000,5561,4141,7714,9772,13539,5819,4141,7725,9772,13539,5819,0,-11,0,0,0,0
Male,University,Single,42,50000,48842,49709,30628,30993,29802,29253,2576,1495,1250,4732,1100,47133,29133,29743,25070,28153,0
Female,University,Single,23,90000,13808,4300,2748,1048,450,450,4335,4448,6980,0,0,-35,-1700,-5932,450,450,0
Male,University,Married,30,100000,57998,60063,63925,68058,69273,56101,3000,5000,5305,3000,6600,57063,58925,62753,66273,49501,1
Female,Graduate,Single,34,440000,3290,4949,10065,2500,0,11560,4949,6020,0,0,11560,0,4045,2500,0,0,0
Male,Graduate,Single,35,250000,2746,1666,3572,76552,100566,0,1666,3597,76552,100566,0,0,-25,0,0,0,0
Female,High School,Married,55,10000,420,420,420,420,420,420,0,0,0,0,0,420,420,420,420,420,1
Female,University,Married,37,80000,55595,54142,55247,55738,59829,58715,0,2600,2006,5000,0,54142,52647,53732,54829,58715,0
Female,Graduate,Married,54,220000,0,0,788,0,349,600,0,788,0,349,600,0,0,0,0,0,0
Male,Graduate,Single,25,40000,1946,17810,2872,396,2462,396,17810,2872,0,2462,0,0,0,396,0,396,1
Male,University,Single,28,150000,148095,143845,132677,86265,88390,90599,8000,5300,3500,5000,4000,135845,127377,82765,83390,86599,0
Male,University,Single,35,20000,17936,17368,16792,18013,17583,18998,0,0,1500,0,1708,17368,16792,16513,17583,17290,1
Female,University,Married,41,240000,137327,133724,136539,137487,141291,20143,0,6702,5000,6019,6099,133724,129837,132487,135272,14044,1
Male,Graduate,Single,29,200000,170707,159654,162208,162357,144236,127362,6017,8000,5800,5200,5000,153637,154208,156557,139036,122362,0
Female,Graduate,Single,23,50000,4821,15898,16862,16110,18458,19112,12000,1551,579,3000,954,3898,15311,15531,15458,18158,0
Female,University,Married,41,180000,184650,0,0,0,0,0,0,0,0,0,9000,0,0,0,0,-9000,0
Male,University,Married,25,50000,21397,24233,23551,24848,26298,28112,3500,0,2000,2000,2400,20733,23551,22848,24298,25712,1
Male,Graduate,Single,31,20000,1261,390,390,390,0,780,390,390,390,0,780,0,0,0,0,0,0
Female,Graduate,Married,39,210000,35639,42091,27751,30418,23180,68842,10000,1372,5000,1304,60000,32091,26379,25418,21876,8842,0
Male,Graduate,Married,43,500000,4125,5840,4464,8722,4137,4123,5864,4465,8724,0,4123,-24,-1,-2,4137,0,0
Female,Graduate,Single,30,240000,9028,-1868,-1868,-1868,-1868,-1868,0,0,0,0,0,-1868,-1868,-1868,-1868,-1868,1
Male,University,Married,36,30000,18811,18225,22630,21988,21057,25412,0,5000,0,0,5000,18225,17630,21988,21057,20412,0
Male,Graduate,Married,42,190000,7776,3706,7517,2168,4918,5300,3706,7523,2168,5300,3000,0,-6,0,-382,2300,0
Male,University,Single,45,10000,492,9017,9787,9897,9707,-173,10300,1000,500,200,0,-1283,8787,9397,9507,-173,0
Male,University,Single,34,360000,1978,8583,993,26454,10456,31581,8625,998,26561,10456,21738,-42,-5,-107,0,9843,0
Female,University,Married,39,80000,46401,39456,30712,29629,28241,28030,1560,1421,1001,1000,1008,37896,29291,28628,27241,27022,0
Male,University,Married,40,60000,18875,20064,21227,22564,24191,25778,1500,1500,2000,2000,2000,18564,19727,20564,22191,23778,1
Female,High School,Married,45,100000,1480,916,1238,916,1444,1450,916,1238,916,1444,1450,0,0,0,0,0,0
Female,Graduate,Single,28,100000,557,1033,3667,2300,1132,2072,1033,3667,2300,1132,2072,0,0,0,0,0,0
Male,High School,Married,46,10000,7170,8240,8050,10400,0,0,1200,1000,150,0,0,7040,7050,10250,0,0,0
Male,University,Single,24,180000,182545,177885,182341,126946,127013,122277,9000,9300,4600,5000,5000,168885,173041,122346,122013,117277,0
Female,University,Married,39,280000,186838,190570,194189,189806,201410,205479,8000,8000,0,14500,7300,182570,186189,189806,186910,198179,1
Female,University,Single,37,50000,49078,51063,40371,19522,19140,17912,3800,0,805,818,1000,47263,40371,18717,18322,16912,0
Male,Graduate,Married,55,380000,126880,130324,152869,137442,82800,42083,7000,25390,10000,20000,1659,123324,127479,127442,62800,40424,0
Female,University,Married,42,50000,27901,24898,23702,18327,17996,15938,1770,1194,564,1500,1000,23128,22508,17763,16496,14938,0
Male,Graduate,Single,35,150000,147471,151713,130107,78623,79743,78745,20000,5000,2000,7000,15000,131713,125107,76623,72743,63745,0
Female,Graduate,Single,35,210000,44125,39465,23908,5088,792,150,1732,1000,5484,0,150,37733,22908,-396,792,0,0
Male,Graduate,Single,36,30000,26851,26136,30391,13150,18504,6699,0,5334,39,18559,6821,26136,25057,13111,-55,-122,1
Female,High School,Single,43,70000,72770,69438,69776,51450,26516,27044,4108,2500,928,2000,969,65330,67276,50522,24516,26075,1
Male,University,Single,28,80000,79425,77223,75075,76348,77798,79843,107,2563,2356,2296,2800,77116,72512,73992,75502,77043,1
Female,University,Married,44,50000,19091,20179,21190,21838,22485,23110,1400,1352,1000,1000,1000,18779,19838,20838,21485,22110,0
Female,University,Married,35,480000,227221,243942,244961,248394,253596,211055,51000,10000,8000,8200,23000,192942,234961,240394,245396,188055,0
Female,University,Married,38,500000,9889,24911,71852,18155,32201,39668,24920,50290,5002,15001,17028,-9,21562,13153,17200,22640,0
Female,Graduate,Single,26,170000,22138,23227,18894,7695,4777,3517,1808,1054,207,151,147,21419,17840,7488,4626,3370,0
Female,Graduate,Single,29,330000,9894,11877,14949,34292,8832,11304,3000,5001,22000,1000,11304,8877,9948,12292,7832,0,0
Male,University,Married,37,30000,19625,20673,23702,23026,27798,27219,1671,3700,0,5335,0,19002,20002,23026,22463,27219,0
Female,University,Married,36,120000,326,0,652,326,326,476,0,978,0,326,476,0,-326,326,0,0,0
Female,Graduate,Single,25,80000,66426,55334,53738,49021,45494,44218,2657,1800,1799,1616,1697,52677,51938,47222,43878,42521,0
Male,University,Married,31,160000,54835,46575,7169,9036,8749,9447,3500,2000,2000,0,1000,43075,5169,7036,8749,8447,0
Male,University,Married,30,110000,100908,105371,52113,53317,54040,54805,7000,0,2053,2500,2200,98371,52113,51264,51540,52605,1
Female,University,Married,36,20000,17638,17058,17541,19338,17889,18486,1666,1149,1946,0,1007,15392,16392,17392,17889,17479,1
Male,Graduate,Married,49,140000,136128,98337,60627,39760,40045,40865,4756,3600,1500,1300,1318,93581,57027,38260,38745,39547,1
Male,Graduate,Single,30,50000,37570,36705,37215,37718,38584,37829,0,1400,1400,1601,0,36705,35815,36318,36983,37829,0
Female,University,Single,22,20000,11999,3617,4165,6323,0,0,1062,1000,10488,0,0,2555,3165,-4165,0,0,1
Female,University,Single,29,200000,170964,174509,176523,180295,184104,195976,7788,6400,6700,6907,20163,166721,170123,173595,177197,175813,1
Female,University,Married,50,320000,271305,268368,275804,261312,245234,243238,9703,20303,12,8303,10029,258665,255501,261300,236931,233209,0
Female,High School,Married,42,400000,10132,16932,13088,28540,11860,3978,16932,13088,28540,11860,3978,0,0,0,0,0,0
Female,University,Single,35,250000,241711,205944,210513,214696,219218,228900,7481,8000,7682,7979,13350,198463,202513,207014,211239,215550,0
Female,Graduate,Single,34,550000,42132,44045,45392,48244,36206,38021,3005,3004,4010,3002,3000,41040,42388,44234,33204,35021,1
Male,Graduate,Married,38,300000,105932,100815,103744,103422,111152,110811,5137,30022,5006,10014,4016,95678,73722,98416,101138,106795,0
Female,University,Married,34,50000,46337,47384,48382,49392,50608,50722,1792,1790,1800,2000,1835,45592,46592,47592,48608,48887,0
Female,Graduate,Married,34,160000,1072,3297,5923,158,11030,158,3297,5939,158,11030,158,0,-16,0,0,0,0
Male,Graduate,Single,25,80000,20708,26286,18209,5471,6896,9506,6545,8807,5500,4000,3500,19741,9402,-29,2896,6006,0
Male,High School,Single,38,280000,192080,197796,314042,116480,118270,124742,5716,117698,3884,3376,7503,192080,196344,112596,114894,117239,0
Female,High School,Single,35,500000,1900,1489,1989,1200,1451,548,1489,1989,1200,1451,548,0,0,0,0,0,1
Female,University,Married,39,340000,93767,65758,353,5674,3344,3406,65758,359,5674,3692,3406,0,-6,0,-348,0,0
Female,University,Married,42,160000,0,0,0,0,0,0,0,0,0,0,0,0,0,0,0,0,0
Female,Graduate,Single,26,120000,942,780,390,390,390,150,780,0,390,390,150,0,390,0,0,0,0
Male,Graduate,Single,28,150000,28416,37392,44547,52871,57877,64020,10000,10008,10012,10002,8006,27392,34539,42859,47875,56014,0
Male,Graduate,Single,34,110000,15908,18873,890,3420,4309,733,4013,2,3430,4319,2,14860,888,-10,-10,731,0
Female,University,Single,28,120000,2049,1579,590,3617,2001,0,0,590,3617,2001,0,1579,0,0,0,0,1
Female,Graduate,Single,36,110000,141670,138542,120439,113273,81261,76051,6278,5485,3396,2844,3005,132264,114954,109877,78417,73046,0
Female,University,Married,36,320000,-20,-20,-20,-20,-20,-20,0,0,0,0,0,-20,-20,-20,-20,-20,0
Male,High School,Married,42,50000,29224,23807,17623,17974,18350,18721,2000,1293,644,666,676,21807,16330,17330,17684,18045,0
Female,University,Married,38,50000,1226,1226,1226,1226,1765,1066,1226,1226,1226,1765,1066,0,0,0,0,0,0
Female,University,Single,23,90000,37639,38743,37825,40299,39093,38167,2000,0,3400,0,0,36743,37825,36899,39093,38167,0
Female,Graduate,Married,40,270000,19769,34813,43852,29677,33341,28413,34813,43856,29682,33341,28413,0,-4,-5,0,0,0
Female,University,Married,25,50000,19454,18856,19590,18861,4581,2158,0,1200,477,121,22,18856,18390,18384,4460,2136,0
Male,University,Married,47,50000,27143,27349,26568,26414,26263,27076,1700,1500,1000,1000,2000,25649,25068,25414,25263,25076,0
Female,University,Married,28,360000,0,0,0,0,0,0,0,0,0,0,0,0,0,0,0,0,0
Female,University,Married,26,120000,4317,5240,5283,5444,6412,5121,2000,1000,1000,1000,1825,3240,4283,4444,5412,3296,0
Female,High School,Single,37,290000,396,396,396,396,396,396,396,396,396,396,396,0,0,0,0,0,0
Male,High School,Married,36,200000,5308,3959,13868,4094,2247,17794,3981,13909,4106,2253,17847,-22,-41,-12,-6,-53,0
Female,University,Single,25,110000,109924,111805,108207,75808,78490,81238,6000,4380,3000,5000,10000,105805,103827,72808,73490,71238,1
Male,University,Single,39,50000,23540,16980,16908,17327,17895,18346,2010,1500,1000,1000,900,14970,15408,16327,16895,17446,0
Male,Graduate,Married,42,150000,2716,0,1106,1323,2098,0,0,1106,1323,2098,0,0,0,0,0,0,0
Female,Graduate,Single,32,280000,13532,3312,14907,3008,8988,11547,23871,14907,0,8988,11547,-20559,0,3008,0,0,0
Female,Graduate,Single,29,310000,44592,40110,39805,36823,38987,32304,2000,1620,1332,2772,1500,38110,38185,35491,36215,30804,0
Male,University,Single,32,450000,-3768,-3938,-5738,-5738,-5738,-5738,179,1800,0,0,0,-4117,-7538,-5738,-5738,-5738,0
Female,University,Single,23,40000,33313,34086,33239,33938,34694,35389,1600,0,1250,1300,1270,32486,33239,32688,33394,34119,1
Female,University,Single,38,50000,41724,92054,50120,19587,10577,7533,5000,5120,10292,5577,7533,87054,45000,9295,5000,0,0
Male,University,Single,35,290000,17397,11754,28874,77790,8142,9547,12556,29020,78178,8572,9590,-802,-146,-388,-430,-43,0
Male,High School,Married,39,60000,36343,27996,25656,16907,15837,11195,5140,3008,3000,6000,2000,22856,22648,13907,9837,9195,0
Male,High School,Married,47,20000,7384,9356,9400,10085,9785,10481,2108,352,837,0,855,7248,9048,9248,9785,9626,1
Female,University,Married,27,80000,1995,0,680,2862,5539,0,0,680,2862,5539,0,0,0,0,0,0,0
Male,University,Married,36,100000,9670,9371,11705,12919,12139,11653,0,2500,1700,0,0,9371,9205,11219,12139,11653,0
Male,Graduate,Married,37,50000,48716,49504,44127,22053,20129,19262,2213,1804,2700,0,700,47291,42323,19353,20129,18562,1
Female,University,Married,36,250000,-26,8966,4559,3110,0,664,8992,4563,24,0,664,-26,-4,3086,0,0,0
Female,Graduate,Single,34,210000,1262,33414,1828,0,11854,30949,33414,1828,0,11854,30288,0,0,0,0,661,1
Female,Graduate,Single,35,280000,6302,4618,183,2568,2371,7610,4663,0,4953,12,7647,-45,183,-2385,2359,-37,0
Female,University,Single,35,110000,125719,121523,116319,116082,111141,110854,4316,4120,4001,4173,4103,117207,112199,112081,106968,106751,0
Male,University,Single,36,60000,80709,76179,71219,67687,61691,57626,2300,2000,3000,0,3000,73879,69219,64687,61691,54626,0
Male,Graduate,Married,40,200000,540,454,0,0,990,0,454,0,0,990,0,0,0,0,0,0,0
Male,University,Single,35,30000,22583,25067,23237,0,0,0,3026,0,0,0,0,22041,23237,0,0,0,0
Male,Graduate,Single,26,80000,79565,78617,79229,77858,79566,74746,3481,3000,3000,3000,3000,75136,76229,74858,76566,71746,0
Male,University,Single,39,50000,17698,16533,17636,16956,17532,19078,2005,4000,1000,1000,2000,14528,13636,15956,16532,17078,0
Female,Graduate,Married,39,160000,-16,1955,2047,15848,16848,0,1971,2047,15848,1000,0,-16,0,0,15848,0,0
Female,University,Single,26,130000,110922,113974,126194,17832,-3000,0,5000,15066,5007,0,3000,108974,111128,12825,-3000,-3000,1
Female,University,Single,35,230000,2873,29488,65868,58171,56033,47192,29525,50014,8242,7032,5030,-37,15854,49929,49001,42162,0
Female,University,Married,35,260000,213,213,203,2571,187,5469,214,204,2582,1,5496,-1,-1,-11,186,-27,0
Male,University,Married,54,200000,177664,183236,183493,146143,144339,140340,10000,7000,5000,6000,6000,173236,176493,141143,138339,134340,0
Male,Graduate,Married,32,420000,45060,25056,24751,24984,24983,23751,1407,1332,963,877,1000,23649,23419,24021,24106,22751,1
Female,Graduate,Single,22,100000,36891,38498,39185,39867,39696,7594,2201,1888,1500,96,300,36297,37297,38367,39600,7294,1
Female,Graduate,Single,25,100000,0,460,0,85,60,520,460,0,85,60,520,0,0,0,0,0,0
Male,Graduate,Single,34,390000,5053,-9,1906,0,2258,7028,0,1915,0,2258,5001,-9,-9,0,0,2027,0
Female,University,Single,28,80000,0,0,641,658,2019,0,0,641,658,2019,0,0,0,0,0,0,0
Male,High School,Married,45,50000,46166,42253,46794,44995,45934,48796,0,5600,0,1800,4000,42253,41194,44995,44134,44796,0
Female,High School,Single,38,90000,8144,7102,1170,0,0,0,2034,0,0,0,0,5068,1170,0,0,0,1
Female,University,Married,56,240000,138785,141894,143270,201082,215709,204302,6500,5000,60000,17464,6516,135394,138270,141082,198245,197786,0
Female,High School,Married,47,50000,12785,19971,5095,14867,8037,2642,19982,5095,14867,8037,2642,-11,0,0,0,0,0
Female,University,Single,21,30000,290,12115,11306,3562,1621,1307,20002,1101,1,1724,1408,-7887,10205,3561,-103,-101,0
Female,University,Married,39,200000,25483,31537,34114,29982,-18,-18,6541,5351,200,0,0,24996,28763,29782,-18,-18,0
Female,High School,Single,40,320000,298343,304421,298042,315502,310308,306056,12300,0,24000,0,11000,292121,298042,291502,310308,295056,1
Male,University,Single,35,90000,22672,21212,20662,20715,21149,20078,1339,1315,867,896,728,19873,19347,19848,20253,19350,0
Female,High School,Married,23,20000,17589,18387,19157,19308,19486,19785,1313,1308,684,707,848,17074,17849,18624,18779,18937,1
Female,Graduate,Single,23,80000,24215,30798,30350,32469,32663,34909,10000,2000,2500,2000,3000,20798,28350,29969,30663,31909,0
Female,University,Married,36,380000,52956,63002,71599,80377,84113,86612,25000,11000,10000,5000,7000,38002,60599,70377,79113,79612,0
Female,Graduate,Single,37,300000,0,51,12351,12351,12363,9974,51,12300,0,12,49,0,51,12351,12351,9925,0
Male,University,Single,51,110000,69564,51264,51584,49601,50485,50565,2500,1800,1800,2000,2000,48764,49784,47801,48485,48565,0
Female,University,Married,29,100000,53840,43503,43417,43872,42215,42917,1748,1662,1670,1525,2000,41755,41755,42202,40690,40917,0
Female,Graduate,Married,39,250000,1000,4070,3629,1570,248,1247,3629,3,1575,248,1247,441,3626,-5,0,0,0
Male,Graduate,Single,33,250000,22824,6540,6686,-14795,-23003,4017,6573,6793,41,42,35602,-33,-107,-14836,-23045,-31585,0
Male,Graduate,Single,30,220000,87604,89687,90889,91892,93815,96466,5000,4200,4000,4000,5000,84687,86689,87892,89815,91466,0
Female,Graduate,Single,27,20000,16732,17866,17276,17514,18462,18036,1700,0,800,1361,0,16166,17276,16714,17101,18036,1
Female,Other,Married,34,240000,1731,6763,0,5717,10134,1045,6763,5717,0,10134,1045,0,-5717,5717,0,0,0
Male,Graduate,Married,40,210000,130868,138909,135322,136339,143681,140425,11760,0,4546,9524,2,127149,135322,131793,134157,140423,0
Female,University,Single,26,200000,105433,108408,116094,116289,112011,106313,5498,11084,3800,0,4005,102910,105010,112489,112011,102308,0
Female,University,Single,25,120000,0,0,12162,1553,0,0,0,12162,1553,0,0,0,0,0,0,0,1
Male,High School,Single,26,140000,18648,19561,13902,14183,13207,12996,1309,1139,420,418,816,18252,12763,13763,12789,12180,0
Male,Graduate,Single,24,30000,28495,29632,30629,29357,30143,30419,1900,1800,1045,1250,1100,27732,28829,28312,28893,29319,0
Female,High School,Married,52,50000,16033,17360,18068,18426,18812,19275,1593,1301,659,682,775,15767,16767,17767,18130,18500,0
Female,Graduate,Single,28,240000,133230,136579,139281,132487,107437,109237,5500,5036,4000,6200,5500,131079,134245,128487,101237,103737,0
Female,University,Married,46,200000,0,0,0,0,0,0,0,0,0,0,0,0,0,0,0,0,0
Male,Graduate,Married,57,490000,354782,348786,349958,340602,303047,331606,17035,20059,12943,15049,50017,331751,329899,327659,287998,281589,0
Female,Graduate,Single,36,60000,2130,1940,7801,1308,3058,2190,0,7801,1158,1900,2190,1940,0,150,1158,0,1
Male,University,Married,37,300000,-165580,324392,296931,30355,26771,23737,505000,331,1070,17771,18000,-180608,296600,29285,9000,5737,0
Female,Graduate,Single,36,310000,-8,1703,-8,1624,0,0,1711,0,1632,0,0,-8,-8,-8,0,0,0
Male,University,Married,43,360000,0,751,327,0,0,234,751,327,0,0,234,0,0,0,0,0,0
Female,University,Single,23,60000,60380,55367,111334,19358,19760,20223,2296,2510,838,862,1015,53071,108824,18520,18898,19208,1
Female,Graduate,Single,27,120000,390,390,390,390,390,0,390,390,390,390,0,0,0,0,0,0,0
Male,University,Single,26,210000,206714,197252,140440,122678,120215,112973,7868,5000,5004,4500,3950,189384,135440,117674,115715,109023,0
Male,University,Married,38,50000,22178,21976,21697,20683,19283,19965,1700,1650,850,700,1000,20276,20047,19833,18583,18965,0
Female,Other,Married,34,510000,10554,568,22058,23205,11571,12179,1074,22657,11586,24637,12719,-506,-599,11619,-13066,-540,0
Female,Graduate,Single,24,10000,6709,7895,8751,8925,9111,9360,1300,1146,320,330,400,6595,7605,8605,8781,8960,0
Female,Graduate,Single,36,250000,6378,72173,6341,174,1676,388,72534,6456,174,1682,2,-361,-115,0,-6,386,0
Female,Graduate,Single,26,210000,3292,6399,2085,3000,6634,1298,3399,2085,3000,3634,1300,3000,0,0,3000,-2,0
Male,Other,Single,46,160000,169746,159376,162998,0,0,0,4318,4000,0,0,0,155058,158998,0,0,0,0
Female,University,Single,24,80000,3278,4000,0,0,0,0,1000,0,0,0,0,3000,0,0,0,0,0
Male,Graduate,Single,28,230000,29108,29240,30062,31253,31965,36782,1587,1409,10000,1193,6782,27653,28653,21253,30772,30000,0
Female,University,Married,53,30000,18663,18080,18986,18390,17954,18654,0,1500,0,0,1000,18080,17486,18390,17954,17654,1
Female,University,Married,29,50000,50136,50044,46543,19359,17850,18203,1000,5,661,770,800,49044,46538,18698,17080,17403,1
Female,Graduate,Single,28,190000,159438,163684,166163,168592,171923,169165,8150,6500,6500,6000,0,155534,159663,162092,165923,169165,1
Female,University,Married,46,130000,125557,124900,0,0,0,0,2498,0,0,0,0,122402,0,0,0,0,0
Female,High School,Married,46,140000,132586,135165,125427,128016,127323,130020,4800,4500,4600,4800,4800,130365,120927,123416,122523,125220,0
Male,University,Single,29,110000,112533,109515,48917,46765,40212,39690,4101,3000,2000,3000,5000,105414,45917,44765,37212,34690,0
Male,University,Single,21,20000,19030,19783,0,0,0,0,1500,0,0,0,0,18283,0,0,0,0,0
Female,Graduate,Married,32,250000,255413,253019,240332,244688,240221,224740,10500,12000,10000,10000,9000,242519,228332,234688,230221,215740,0
Female,University,Married,35,360000,106010,24892,10772,21847,21835,9255,24976,10786,21916,21904,9261,-84,-14,-69,-69,-6,1
Female,Graduate,Single,21,30000,30769,29559,29197,29488,0,0,0,1000,590,0,0,29559,28197,28898,0,0,0
Male,High School,Single,54,50000,43099,44233,35147,12236,11013,11388,2212,2126,415,401,559,42021,33021,11821,10612,10829,0
Female,University,Married,29,100000,49707,48657,49699,47635,48664,49578,2000,2000,1691,1782,1739,46657,47699,45944,46882,47839,0
Female,Other,Single,33,150000,232327,237150,239410,39584,32815,35626,5877,5419,1009,1120,5000,231273,233991,38575,31695,30626,0
Female,Graduate,Single,30,150000,12516,5568,6106,4357,0,0,5568,6106,4357,0,0,0,0,0,0,0,0
Female,Graduate,Married,41,200000,4533,8756,3539,5529,10332,6894,8756,3539,5529,10332,6894,0,0,0,0,0,0
Male,Graduate,Single,40,20000,13639,14711,15462,16004,16203,16916,1600,1300,800,605,1000,13111,14162,15204,15598,15916,0
Female,University,Married,37,310000,0,0,5365,6274,7017,8893,0,5365,1000,1000,2000,0,0,5274,6017,6893,0
Female,Graduate,Single,26,100000,93295,95108,96662,94216,99732,101737,4200,4000,0,7400,3800,90908,92662,94216,92332,97937,0
Female,University,Single,32,50000,41114,44131,43121,45795,44929,48179,4000,0,3400,0,4000,40131,43121,42395,44929,44179,1
Female,University,Single,24,130000,48764,27347,37528,2793,28865,14986,1034,37559,2805,28865,300,26313,-31,-12,0,14686,0
Female,High School,Other,47,100000,836,1859,1672,836,836,836,2695,0,0,836,836,-836,1672,836,0,0,0
Male,Graduate,Single,28,280000,4468,11517,1973,11028,14261,17097,11525,2149,11030,4008,7106,-8,-176,-2,10253,9991,0
Male,Graduate,Married,37,200000,173867,139769,132534,116331,111178,105907,7000,5000,4500,5000,5000,132769,127534,111831,106178,100907,0
Male,Graduate,Married,34,90000,54933,55460,56599,58155,60058,61250,2009,2057,2500,3000,2189,53451,54542,55655,57058,59061,1
Female,University,Married,41,150000,1906,4983,12029,13821,1493,2229,5002,12040,13821,1493,2229,-19,-11,0,0,0,0
Female,University,Single,42,20000,18155,17595,19355,19554,19795,19342,0,2344,800,683,0,17595,17011,18754,19112,19342,1
Female,Graduate,Single,30,360000,11193,332,272,1465,18503,5151,332,272,1465,18503,5151,0,0,0,0,0,0
Female,University,Married,28,40000,27746,23209,22040,23396,20430,20763,2000,0,2000,0,1000,21209,22040,21396,20430,19763,1
Female,University,Married,55,240000,74270,75959,80473,78883,80625,79334,3200,6100,0,2900,3000,72759,74373,78883,77725,76334,0
Female,Graduate,Married,36,500000,7297,12349,26488,6534,9788,25314,12349,26488,6534,9788,25314,0,0,0,0,0,0
Female,University,Single,39,20000,11553,11081,11021,11240,11476,11708,0,420,402,417,423,11081,10601,10838,11059,11285,1
Male,University,Single,44,140000,85119,86901,89583,90432,92332,94197,3153,4126,3231,3351,3400,83748,85457,87201,88981,90797,1
Male,University,Single,27,100000,100442,96018,97453,99407,95600,981,5000,8000,3500,3500,981,91018,89453,95907,92100,0,0
Female,Graduate,Single,32,120000,18955,18973,18204,17344,13246,26781,1315,1169,2472,453,500,17658,17035,14872,12793,26281,0
Female,University,Married,44,100000,97581,94594,44145,46148,43750,44771,0,2000,3000,2000,2000,94594,42145,43148,41750,42771,0
Female,University,Single,33,140000,4882,4882,4876,4666,4884,4666,4882,4876,4666,4884,4666,0,0,0,0,0,0
Female,Graduate,Single,27,210000,99050,17924,19123,20650,0,1136,1301,1500,2000,0,1136,16623,17623,18650,0,0,0
Female,Graduate,Single,35,500000,0,640,31762,42935,2464,2532,640,31764,51986,55000,2532,0,-2,-9051,-52536,0,1
Female,Graduate,Single,27,110000,2280,0,0,0,0,0,0,0,0,0,0,0,0,0,0,0,0
Female,Graduate,Single,30,340000,2943,3352,3738,1794,1339,10673,3375,3759,1803,1345,10726,-23,-21,-9,-6,-53,0
Female,Graduate,Single,27,330000,322464,325625,323182,325197,327750,321936,13248,13120,12833,14344,8567,312377,310062,312364,313406,313369,1
Female,University,Single,34,50000,45504,46223,12761,7477,8372,9240,2000,2043,1000,1000,1390,44223,10718,6477,7372,7850,0
Female,Graduate,Married,39,10000,0,0,9996,9689,9747,10328,0,9996,0,363,752,0,0,9689,9384,9576,1
Male,High School,Married,42,70000,26550,28208,28642,30670,31133,31965,2400,1200,2820,1100,1500,25808,27442,27850,30033,30465,0
Female,University,Married,37,450000,1212,791,2663,783,1730,-51443,1032,2663,783,1730,0,-241,0,0,0,-51443,1
Female,University,Married,33,30000,12051,13101,14413,14476,14792,15145,1250,1537,600,550,600,11851,12876,13876,14242,14545,0
Female,University,Single,32,150000,79529,77757,75841,73678,77273,56577,0,0,0,4874,1000,77757,75841,73678,72399,55577,0
Female,University,Married,37,230000,72514,74421,71201,72029,71923,72020,5118,0,4000,2607,2732,69303,71201,68029,69316,69288,1
Female,High School,Married,47,30000,28073,28515,27150,28100,28104,28181,1800,0,2300,1200,1300,26715,27150,25800,26904,26881,1
Male,Graduate,Single,30,30000,29965,28841,28278,28770,29432,28949,2000,1700,2008,2000,7600,26841,26578,26762,27432,21349,0
Male,High School,Single,45,20000,15748,16497,16928,17354,16934,18347,1300,1000,1000,0,1700,15197,15928,16354,16934,16647,1
Female,High School,Other,51,70000,32485,30527,13407,13643,12722,13515,1267,1191,427,957,1000,29260,12216,13216,11765,12515,0
Female,University,Married,45,50000,2618,1969,20771,20231,19485,18280,2007,20275,1204,1001,1003,-38,496,19027,18484,17277,0
Female,Graduate,Married,46,360000,723,17392,-8,32170,680,6205,17392,0,32178,680,6205,0,-8,-8,0,0,0
Female,Graduate,Single,29,400000,77970,70557,71867,72137,72955,76467,0,3200,2750,3000,5800,70557,68667,69387,69955,70667,0
Female,High School,Married,36,130000,2342,2951,596,1520,700,3688,2951,596,1520,700,3688,0,0,0,0,0,0
Male,Graduate,Single,27,130000,2207,2499,1248,922,-693,-2292,3747,0,0,0,0,-1248,1248,922,-693,-2292,0
Female,Graduate,Married,40,340000,1600,93661,41533,15711,1338,6800,93661,41634,15711,1338,6800,0,-101,0,0,0,0
Female,University,Married,40,270000,26183,24181,19543,17160,14818,12702,1826,1469,514,581,612,22355,18074,16646,14237,12090,1
Female,University,Single,38,60000,13138,22389,16586,5516,16378,2670,20000,5000,3000,16000,3000,2389,11586,2516,378,-330,1
Female,University,Single,31,130000,80533,42126,44370,85115,69011,70460,1816,3060,69000,2578,2671,40310,41310,16115,66433,67789,0
Male,High School,Single,22,10000,9240,9131,9601,9797,9997,7497,1230,1000,196,200,0,7901,8601,9601,9797,7497,0
Female,Graduate,Single,33,160000,132510,128981,138289,134773,142913,146003,0,13000,200,10500,5600,128981,125289,134573,132413,140403,1
Female,Graduate,Married,33,270000,22604,26906,0,0,4448,5667,5000,0,0,4448,1300,21906,0,0,0,4367,0
Male,University,Married,30,80000,38370,39448,58788,62814,61682,65644,2000,20000,5000,0,5010,37448,38788,57814,61682,60634,1
Female,Graduate,Married,39,340000,4676,3806,526,36374,32413,12092,3806,526,36374,32413,12092,0,0,0,0,0,0
Male,Graduate,Married,52,360000,14432,15329,13062,41977,24354,25948,15329,13062,41977,0,25948,0,0,0,24354,0,0
Male,Graduate,Single,43,240000,5740,0,0,0,0,0,0,0,0,0,0,0,0,0,0,0,0
Female,University,Single,26,50000,3475,-25,2500,0,0,0,0,2525,0,0,0,-25,-25,0,0,0,0
Male,High School,Married,23,50000,13352,14111,0,0,0,0,1066,0,0,0,0,13045,0,0,0,0,0
Female,University,Married,28,180000,1206,661,1503,1379,1216,1440,661,1512,1379,1216,1440,0,-9,0,0,0,0
Female,Graduate,Married,31,370000,0,229818,234379,239082,244124,243986,229818,8409,8500,8800,8800,0,225970,230582,235324,235186,0
Male,University,Single,27,60000,10401,11770,10957,11480,10851,11365,2000,0,1000,0,1000,9770,10957,10480,10851,10365,1
Male,University,Single,25,50000,1355,1355,1386,1442,3798,1599,1355,1386,1442,3798,1599,0,0,0,0,0,0
Male,High School,Married,52,50000,-11,46501,24458,37778,39124,38585,46512,159,37778,2000,2000,-11,24299,0,37124,36585,0
Female,Graduate,Single,29,130000,41224,45136,48970,52740,56467,60119,4500,4500,4500,4500,4500,40636,44470,48240,51967,55619,0
Female,Graduate,Married,49,500000,4007,9933,14557,53328,58052,37435,10021,14576,53850,58332,37616,-88,-19,-522,-280,-181,0
Male,Graduate,Single,27,300000,0,11174,0,0,3330,3330,11174,0,0,3330,3330,0,0,0,0,0,0
Female,University,Single,25,120000,75913,78060,64074,64074,0,0,4501,2562,0,0,0,73559,61512,64074,0,0,0
Female,University,Married,25,110000,102884,100388,104529,81319,76549,77433,0,6000,4000,0,4000,100388,98529,77319,76549,73433,0
Male,High School,Single,30,220000,35258,17740,4698,5036,8269,3681,1066,4723,5051,8293,3692,16674,-25,-15,-24,-11,0
Female,University,Single,26,140000,8178,3776,3776,3776,4173,4287,1000,3776,3776,4173,1000,2776,0,0,0,3287,0
Female,University,Single,24,30000,20069,21148,22185,22551,23223,24837,1700,1700,1000,1000,2000,19448,20485,21551,22223,22837,0
Female,University,Single,35,200000,11409,1222,3308,481,-19,3821,1228,3324,483,0,3840,-6,-16,-2,-19,-19,0
Female,Graduate,Married,33,350000,1314,5133,1667,9737,363,1112,5249,1667,9839,363,1112,-116,0,-102,0,0,0
Male,University,Single,42,150000,6407,-6,-3,-3,-3,1040,0,0,0,0,1043,-6,-3,-3,-3,-3,0
Male,University,Single,24,20000,1650,1650,1650,1650,1650,1650,0,0,0,0,0,1650,1650,1650,1650,1650,1
Female,Graduate,Married,56,200000,15603,16842,18556,19247,19935,21098,1500,2000,1000,1000,1500,15342,16556,18247,18935,19598,0
Male,University,Single,24,20000,1650,1650,1650,1650,1650,1650,0,0,0,0,0,1650,1650,1650,1650,1650,0
Male,Graduate,Married,35,320000,2695,500,0,0,0,0,505,368,0,0,0,-5,-368,0,0,0,0
Female,Graduate,Single,29,100000,170,3224,78671,60430,60647,61153,3224,78671,3000,2500,3000,0,0,57430,58147,58153,0
Female,Graduate,Single,28,280000,7370,3395,1860,2368,3343,5110,3420,1865,2375,3353,5124,-25,-5,-7,-10,-14,1
Male,Graduate,Married,47,50000,11066,15539,17274,19975,23632,25242,5000,2000,3000,4000,2000,10539,15274,16975,19632,23242,0
Male,Graduate,Single,23,20000,18311,19598,20154,20132,20129,20226,2000,1307,701,717,834,17598,18847,19431,19412,19392,0
Female,Graduate,Single,33,160000,5256,3290,1140,559,2065,450,3290,1140,559,2065,450,0,0,0,0,0,0
Male,High School,Single,23,60000,15592,16643,15557,15526,16273,17001,2000,1400,1000,1000,1000,14643,14157,14526,15273,16001,0
Male,High School,Married,49,150000,32866,37293,36772,4521,6452,6742,5028,3000,3000,2000,378,32265,33772,1521,4452,6364,0
Male,Graduate,Single,34,460000,362816,372284,380257,386847,301231,325831,15325,16000,15000,11000,30000,356959,364257,371847,290231,295831,0
Male,High School,Single,51,500000,2362,575,360,964,957,176,575,361,978,958,176,0,-1,-14,-1,0,0
Male,University,Married,34,320000,14237,26123,28637,24385,8559,3207,15031,8081,5072,6591,1223,11092,20556,19313,1968,1984,0
Female,Graduate,Single,29,200000,0,0,0,0,0,0,0,0,0,0,0,0,0,0,0,0,1
Female,University,Married,28,430000,25968,22938,18753,14734,17572,18784,1313,5002,1000,5000,5000,21625,13751,13734,12572,13784,0
Male,University,Married,58,150000,4473,3273,2473,1473,1473,1473,3273,2473,1473,1473,1473,0,0,0,0,0,0
Female,University,Single,28,100000,95197,87478,89245,90247,91979,94450,4050,4114,3379,3338,4000,83428,85131,86868,88641,90450,0
Male,Graduate,Single,30,30000,13216,15003,15461,16204,16642,17067,2000,1000,1000,700,700,13003,14461,15204,15942,16367,0
Female,High School,Married,31,260000,20000,0,0,0,0,0,0,0,0,0,0,0,0,0,0,0,0
Female,Graduate,Single,24,40000,29782,32298,34610,35326,23489,11762,3000,3000,1500,0,1000,29298,31610,33826,23489,10762,1
Male,University,Single,34,290000,0,0,4524,8440,10300,0,0,4524,4000,2000,0,0,0,4440,8300,0,1
Male,Graduate,Single,27,140000,776,0,776,380,1157,768,0,1552,380,1157,783,0,-776,0,0,-15,0
Female,University,Single,22,60000,52126,52707,47939,29351,28128,27811,2030,0,1014,1001,1020,50677,47939,28337,27127,26791,1
Male,Graduate,Single,41,210000,62261,6615,0,0,0,0,6615,0,0,0,0,0,0,0,0,0,0
Female,Graduate,Single,28,170000,0,0,0,0,0,0,0,0,0,0,0,0,0,0,0,0,0
Female,High School,Married,37,370000,0,0,0,0,0,0,0,0,0,0,0,0,0,0,0,0,1
Male,Graduate,Single,23,30000,30235,28246,30395,29962,30360,29899,3000,3000,2468,1700,2500,25246,27395,27494,28660,27399,0
Female,Graduate,Married,32,360000,2500,0,0,0,0,0,0,0,0,0,0,0,0,0,0,0,0
Male,University,Single,43,290000,124362,111594,58039,3818,1318,0,5100,2507,1500,2000,0,106494,55532,2318,-682,0,0
Female,High School,Married,36,50000,13572,10805,8623,8799,8468,8768,1188,3000,176,169,300,9617,5623,8623,8299,8468,0
Female,High School,Married,27,210000,0,0,1008,0,0,0,0,1008,0,0,0,0,0,0,0,0,0
Male,High School,Married,31,170000,170485,229805,167524,185414,121092,117320,8000,8000,5000,5000,4500,221805,159524,180414,116092,112820,0
Male,Graduate,Married,40,360000,76584,85400,17295,8331,2643,6008,21358,86,8372,2656,6038,64042,17209,-41,-13,-30,0
Female,Graduate,Single,25,90000,9359,-5,1881,7638,4464,26224,0,1886,7650,1005,23773,-5,-5,-12,3459,2451,0
Male,High School,Married,44,210000,19131,18447,0,0,0,0,0,0,0,0,0,18447,0,0,0,0,1
Female,University,Married,50,160000,3440,3208,3315,2645,1049,1469,3219,3322,2645,1049,1469,-11,-7,0,0,0,0
Female,University,Single,22,30000,10094,14870,13329,7275,26804,29362,5300,0,607,20000,3000,9570,13329,6668,6804,26362,0
Male,University,Single,23,80000,71528,69817,70719,39288,40500,41668,0,2131,2000,2000,2000,69817,68588,37288,38500,39668,0
Female,University,Married,36,250000,126751,129559,132714,135829,138959,140779,4559,5000,5000,5000,3779,125000,127714,130829,133959,137000,0
Female,Graduate,Single,27,60000,7169,8396,8113,8971,10824,11646,1500,0,1000,2000,1000,6896,8113,7971,8824,10646,0
Male,Graduate,Single,30,130000,127253,135822,127930,127762,134010,133548,12207,0,5000,10100,4500,123615,127930,122762,123910,129048,0
Male,Graduate,Single,30,180000,174297,152251,96399,87026,78137,58332,22000,4000,2000,5000,3000,130251,92399,85026,73137,55332,0
Male,Graduate,Single,27,200000,5105,7261,15191,8991,8986,8609,7261,15220,8991,8986,8609,0,-29,0,0,0,0
Male,Graduate,Married,28,210000,124667,201007,144968,134975,136469,139866,145273,5065,5012,5000,5078,55734,139903,129963,131469,134788,0
Female,Graduate,Single,30,240000,12876,4420,4508,8064,4520,4476,1905,3632,7100,0,3500,2515,876,964,4520,976,0
Female,University,Single,46,460000,305814,315479,328208,320056,326599,337552,15000,20065,12000,12070,17000,300479,308143,308056,314529,320552,0
Female,Graduate,Married,38,400000,16195,10713,11340,10390,620,10390,10713,11340,10390,620,10390,0,0,0,0,0,0
Male,High School,Single,25,20000,13701,14413,15781,15939,16271,16590,1241,1609,717,738,740,13172,14172,15222,15533,15850,0
Female,University,Married,37,60000,60655,60281,59968,40377,40679,40493,2410,2203,1500,1600,1500,57871,57765,38877,39079,38993,0
Female,University,Single,34,110000,93039,81169,82800,107986,99627,80610,4500,4100,67606,4100,3100,76669,78700,40380,95527,77510,0
Female,High School,Single,26,80000,41586,44690,43671,49683,48757,49782,3775,0,6768,0,1834,40915,43671,42915,48757,47948,1
Male,Graduate,Single,30,50000,390,390,390,390,390,23269,390,390,390,390,23269,0,0,0,0,0,0
Female,Graduate,Single,28,360000,2386,3166,2776,2386,3166,2983,3166,2776,7158,3166,2983,0,0,-4772,0,0,0
Male,University,Married,24,70000,49169,48960,49864,48481,46946,47958,1840,1744,2001,2000,1800,47120,48120,46480,44946,46158,0
Female,University,Single,22,20000,16072,17205,17903,18321,19680,18292,1700,1300,700,1643,0,15505,16603,17621,18037,18292,0
Female,High School,Married,50,200000,141886,141771,141129,134295,135962,112870,7000,8000,4100,4200,4300,134771,133129,130195,131762,108570,0
Female,High School,Married,46,90000,1609,686,3904,686,686,686,1372,3904,686,686,686,-686,0,0,0,0,0
Male,Graduate,Married,36,30000,1123,543,153,1495,955,1735,200,0,1495,0,1170,343,153,0,955,565,0
Female,Graduate,Married,44,260000,2772,6675,-3098,11377,0,0,6675,20,50000,0,0,0,-3118,-38623,0,0,1
Female,University,Married,34,50000,7900,8922,9926,9970,10339,11009,1309,1313,357,530,1000,7613,8613,9613,9809,10009,1
Female,University,Married,25,30000,30119,31240,30311,30270,28958,30974,1900,0,957,7000,4530,29340,30311,29313,21958,26444,0
Female,High School,Married,33,20000,2909,3537,4120,3802,3484,3152,1224,1197,269,269,261,2313,2923,3533,3215,2891,0
Male,University,Married,33,30000,42646,30060,28391,26156,25377,27422,2159,1500,1000,1000,3800,27901,26891,25156,24377,23622,1
Female,Graduate,Other,29,290000,221626,190440,118163,110728,106426,15300,6530,4200,4938,10000,2420,183910,113963,105790,96426,12880,1
Male,Graduate,Single,26,50000,2467,-368,1465,2282,2397,2470,0,2000,1000,300,300,-368,-535,1282,2097,2170,1
Female,Graduate,Single,31,60000,3610,855,111,411,261,6695,900,0,300,0,6500,-45,111,111,261,195,0
Male,Graduate,Single,34,200000,156449,162377,174501,155355,129942,118202,10000,15000,0,10000,0,152377,159501,155355,119942,118202,1
Male,High School,Married,48,50000,45600,12404,7857,3181,2430,780,1800,1506,6,2430,780,10604,6351,3175,0,0,0
Female,Graduate,Single,29,190000,188463,179419,165858,159374,158040,159833,6536,6031,20036,5732,5648,172883,159827,139338,152308,154185,0
Female,University,Married,38,70000,30175,31289,31678,32255,32890,33595,1900,1200,1400,1300,1400,29389,30478,30855,31590,32195,0
Male,Graduate,Single,31,300000,-122,22953,3565,19869,26249,1332,23075,3583,19969,26380,1338,-122,-18,-100,-131,-6,0
Male,Graduate,Single,27,400000,58995,63064,60984,61034,60881,46569,5000,0,500,39,707,58064,60984,60534,60842,45862,0
Female,Graduate,Married,46,200000,9367,0,0,0,9400,13039,0,0,0,9400,13039,0,0,0,0,0,1
Male,University,Married,43,560000,168211,139873,142391,145345,148177,139831,5060,4827,4974,4942,4573,134813,137564,140371,143235,135258,0
Female,University,Married,37,150000,40680,44960,45976,46890,47873,48833,4960,1765,1679,1739,1757,40000,44211,45211,46134,47076,0
Female,Graduate,Married,36,300000,2072,2654,0,0,0,380,2654,0,0,0,380,0,0,0,0,0,0
Female,University,Married,24,80000,48578,50789,54936,55735,56699,55632,3000,5000,2300,2000,0,47789,49936,53435,54699,55632,0
Female,Graduate,Married,52,150000,3391,3227,1129,2034,2140,6731,20,802,1705,1806,6427,3207,327,329,334,304,1
Female,University,Married,29,20000,8624,9972,9799,9999,0,0,1500,1000,200,0,0,8472,8799,9799,0,0,0
Female,University,Married,27,50000,43583,35245,27520,25928,26470,27077,3100,1723,1100,1111,1200,32145,25797,24828,25359,25877,0
Female,University,Single,23,150000,41408,40958,39934,8433,6741,7586,2074,1926,0,408,3000,38884,38008,8433,6333,4586,0
Female,Graduate,Married,34,140000,0,401,3930,3951,0,12555,401,3930,3951,0,12555,0,0,0,0,0,0
Female,Graduate,Married,52,500000,1323,1725,0,0,0,0,1725,0,0,0,0,0,0,0,0,0,0
Female,University,Single,29,90000,89068,83890,77489,46544,48266,49926,4073,5021,3000,3000,3000,79817,72468,43544,45266,46926,0
Male,University,Single,28,30000,27368,23023,27428,28720,780,0,3000,5000,2000,780,0,20023,22428,26720,0,0,1
Female,High School,Single,50,50000,47405,50138,25768,26142,26771,27175,4130,0,1100,1200,1000,46008,25768,25042,25571,26175,1
Female,University,Single,32,280000,0,0,0,0,0,0,0,0,0,0,0,0,0,0,0,0,0
Male,Graduate,Single,26,390000,112320,106156,95039,85806,76981,69641,5073,3950,2627,2044,2344,101083,91089,83179,74937,67297,1
Female,University,Single,27,100000,97156,97634,96461,96975,101280,101935,2900,1300,3000,5450,2000,94734,95161,93975,95830,99935,1
Male,Graduate,Single,33,200000,197272,196700,194403,197746,190198,192015,8600,7700,11100,0,5600,188100,186703,186646,190198,186415,1
Female,University,Single,41,230000,38975,35294,39295,38459,40242,42495,5000,5000,5000,3000,5000,30294,34295,33459,37242,37495,0
Female,University,Married,48,20000,11492,15791,15806,29542,15484,15046,4500,550,0,1445,0,11291,15256,29542,14039,15046,0
Male,Graduate,Single,40,180000,123705,126429,20650,7751,1630,0,6019,1074,2038,819,0,120410,19576,5713,811,0,0
Male,University,Single,23,10000,4256,5113,4883,5155,5275,0,1081,0,353,375,0,4032,4883,4802,4900,0,0
Male,High School,Single,42,327680,344011,336175,333048,277250,256365,243600,11219,11461,9100,8345,7783,324956,321587,268150,248020,235817,1
Female,University,Married,42,100000,976,5476,10303,11007,11254,5934,4500,5000,1000,5200,1052,976,5303,10007,6054,4882,1
Female,University,Married,41,80000,0,0,0,0,0,0,0,0,0,0,0,0,0,0,0,0,0
Female,Graduate,Married,37,250000,13504,13486,14261,7019,7062,7242,1267,1310,232,238,279,12219,12951,6787,6824,6963,0
Female,Graduate,Single,34,440000,4196,10121,32921,22680,13711,11074,10137,32921,15701,5711,5074,-16,0,6979,8000,6000,0
Female,Graduate,Single,24,140000,13408,97396,92990,93960,96724,91539,97396,4070,3225,4137,3100,0,88920,90735,92587,88439,0
Female,University,Single,50,20000,5100,2940,6050,3100,0,0,2940,6050,3100,0,0,0,0,0,0,0,0
Female,University,Married,29,50000,46191,44808,38605,32455,15865,23753,3800,1500,0,628,10362,41008,37105,32455,15237,13391,0
Female,University,Married,29,30000,2405,390,2476,3055,0,0,390,2476,3059,0,0,0,0,-4,0,0,0
Female,University,Married,34,210000,140272,115922,105875,97873,90872,72969,6018,6029,3000,3500,3000,109904,99846,94873,87372,69969,0
Male,University,Single,28,20000,6866,8246,10101,9790,10632,10312,1500,2000,0,1000,0,6746,8101,9790,9632,10312,0
Female,High School,Married,24,150000,6479,1670,4330,8036,1505,974,1670,4330,8040,1505,974,0,0,-4,0,0,1
Male,Graduate,Single,23,50000,51175,47514,23927,20162,19342,18347,2500,2280,2157,0,660,45014,21647,18005,19342,17687,0
Female,University,Married,47,210000,17952,18894,20296,21704,24086,26414,1500,2000,2000,3000,3000,17394,18296,19704,21086,23414,0
Female,High School,Married,49,250000,632,316,316,316,316,316,0,316,316,316,316,316,0,0,0,0,1
Male,Graduate,Single,37,130000,109383,106149,44841,45451,46564,47516,5300,1700,1300,1500,1500,100849,43141,44151,45064,46016,0
Male,Graduate,Married,38,290000,324016,294976,297386,243558,241765,236413,0,12139,80000,10000,8443,294976,285247,163558,231765,227970,1
Female,University,Single,29,150000,19020,7717,9858,9188,7518,23574,1500,5000,2000,1000,33054,6217,4858,7188,6518,-9480,0
Female,High School,Single,28,80000,77450,78100,76204,66876,66182,67199,3500,2600,2400,2500,2700,74600,73604,64476,63682,64499,0
Male,University,Married,39,50000,11665,12405,13355,13622,11550,11713,1232,1182,449,565,504,11173,12173,13173,10985,11209,0
Male,University,Married,49,240000,4639,1825,973,-110,-110,-110,1838,976,110,0,0,-13,-3,-220,-110,-110,0
Male,University,Single,27,90000,20249,44731,43712,52966,51988,56117,25000,0,10000,0,5000,19731,43712,42966,51988,51117,0
Male,Graduate,Single,38,220000,7311,5590,1066,2404,1338,19082,0,1066,2404,0,19082,5590,0,0,1338,0,0
Male,University,Single,33,170000,2164,165,165,0,4841,95,165,165,0,4841,95,0,0,0,0,0,0
Male,Graduate,Single,26,70000,0,0,0,0,0,0,0,0,0,0,0,0,0,0,0,0,0
Male,Graduate,Single,53,160000,1309,0,4582,0,0,2191,0,4582,0,0,2191,0,0,0,0,0,1
Female,Graduate,Single,29,250000,17949,9863,6942,2779,2497,2830,9863,6955,2517,2497,2830,0,-13,262,0,0,0
Male,Graduate,Married,42,70000,71255,71338,71267,69813,71324,71268,2800,2800,2900,2800,2800,68538,68467,66913,68524,68468,1
Female,University,Single,27,90000,509,511,4451,4104,8993,5382,511,4451,82,5161,108,0,0,4022,3832,5274,1
Female,University,Married,23,50000,49103,44351,38726,28598,29277,27310,1800,2128,1000,1100,1000,42551,36598,27598,28177,26310,0
Female,Graduate,Single,30,150000,150311,138240,138887,144170,149970,145262,5500,3400,5883,5800,2905,132740,135487,138287,144170,142357,1
Female,University,Married,21,20000,0,0,289,0,0,0,0,289,0,0,0,0,0,0,0,0,1
Female,Graduate,Single,23,20000,16841,17676,18804,19037,20137,20160,1642,2000,1000,1730,587,16034,16804,18037,18407,19573,0
Female,Other,Married,29,50000,85305,86152,56250,57603,19336,18964,4000,2257,2000,2000,700,82152,53993,55603,17336,18264,0
Male,Graduate,Married,31,200000,179063,159466,162739,163555,166452,168398,5000,5100,5000,6000,4500,154466,157639,158555,160452,163898,0
Female,High School,Single,25,200000,1676,3122,2991,390,1211,390,4595,2991,0,1211,390,-1473,0,390,0,0,0
Female,University,Single,52,120000,119796,117229,239224,91231,90184,90072,4700,5590,4000,3600,3700,112529,233634,87231,86584,86372,0
Female,High School,Married,37,270000,384,2197,186,0,173,0,2197,186,0,173,0,0,0,0,0,0,1
Female,Graduate,Single,31,300000,11158,1616,3658,658,662,0,1000,2700,658,662,0,616,958,0,0,0,0
Male,University,Single,29,400000,41008,42351,43146,44227,45062,46012,2005,1800,1800,1700,1700,40346,41346,42427,43362,44312,1
Male,High School,Married,24,120000,79172,61300,0,0,0,0,2500,0,0,0,0,58800,0,0,0,0,0
Male,University,Single,25,130000,4841,6750,7559,5198,5198,5198,2000,1000,2200,0,0,4750,6559,2998,5198,5198,0
Male,University,Married,30,150000,116778,59731,89742,116067,97725,76466,60367,100483,116567,50156,10383,-636,-10741,-500,47569,66083,0
Female,Graduate,Single,40,200000,0,0,0,0,0,0,0,0,0,0,0,0,0,0,0,0,1
Male,University,Married,49,130000,130558,131939,100513,35288,34359,33488,5311,2502,1512,1612,2000,126628,98011,33776,32747,31488,0
Female,Graduate,Single,27,120000,1026,1026,1026,1026,1026,1026,1026,1026,1026,1026,1026,0,0,0,0,0,0
Female,University,Single,32,230000,1168,698,2371,4524,299,395,698,2371,4524,299,395,0,0,0,0,0,0
Male,Graduate,Single,26,50000,11550,11368,138,1022,316,450,1000,200,1200,600,600,10368,-62,-178,-284,-150,0
Female,High School,Married,49,10000,32,-358,-748,1690,1138,930,0,0,2828,0,182,-358,-748,-1138,1138,748,1
Male,Graduate,Single,28,360000,14433,15157,8564,1495,5977,1211,2394,8606,1502,6006,4217,12763,-42,-7,-29,-3006,0
Female,Graduate,Single,24,140000,124722,77682,77870,19353,8966,14300,3645,2322,387,1000,14300,74037,75548,18966,7966,0,0
Female,University,Single,25,50000,49081,50074,48610,17857,18369,19011,2063,0,800,800,1000,48011,48610,17057,17569,18011,1
Female,University,Married,44,120000,16407,17433,18444,18810,19218,21385,1296,1307,673,711,2500,16137,17137,18137,18507,18885,0
Male,Graduate,Married,56,500000,22981,97007,32109,56370,36918,35017,97345,32189,56436,36918,35017,-338,-80,-66,0,0,0
Male,Graduate,Single,33,500000,49981,45803,43838,25588,24648,23773,2200,2000,3000,2000,2657,43603,41838,22588,22648,21116,0
Male,University,Single,25,10000,7786,8512,9290,9480,388,10000,1000,1000,190,388,10000,7512,8290,9290,0,0,0
Female,High School,Married,39,160000,40892,42416,43367,44344,45486,50520,2500,3000,2000,1856,6000,39916,40367,42344,43630,44520,0
Female,University,Single,31,60000,326,1152,826,22662,38211,19671,1152,0,22662,38211,19671,0,826,0,0,0,0
Female,University,Married,40,60000,25158,18473,7506,4790,6388,5816,5000,1508,4790,6388,6046,13473,5998,0,0,-230,0
Female,University,Single,40,160000,0,372,-7,3298,455,-325,372,0,3305,455,0,0,-7,-7,0,-325,0
Female,Graduate,Single,40,500000,5158,5514,14199,1537,1537,5517,5514,14220,1537,1537,5517,0,-21,0,0,0,0
Female,Graduate,Married,41,360000,250180,141206,64277,32727,13004,0,4428,2017,305,1240,0,136778,62260,32422,11764,0,0
Male,University,Single,27,10000,6743,9060,8768,9465,10212,10198,2600,0,1000,900,300,6460,8768,8465,9312,9898,1
Female,High School,Married,44,30000,33382,34547,35100,32859,32041,31262,2000,1500,0,1112,1175,32547,33600,32859,30929,30087,1
Female,University,Single,26,60000,3724,5782,24653,25831,27483,28085,5600,20000,2500,3000,2000,182,4653,23331,24483,26085,0
Female,University,Married,44,80000,1719,1732,1250,175,175,175,1000,1250,175,175,175,732,0,0,0,0,0
Male,University,Married,37,410000,4339,1695,17106,9600,2052,3829,1815,17106,9600,2052,3829,-120,0,0,0,0,0
Female,University,Married,27,70000,70084,71379,69264,26547,24173,24620,3000,0,0,2000,1000,68379,69264,26547,22173,23620,1
Female,High School,Single,47,60000,696,696,696,696,696,696,696,696,696,696,696,0,0,0,0,0,1
Male,University,Married,41,80000,12781,9994,10704,9201,6275,2678,2000,4000,1000,1000,1000,7994,6704,8201,5275,1678,0
Male,High School,Single,38,30000,14095,15117,16130,16462,16808,17140,1255,1268,600,611,612,13862,14862,15862,16197,16528,0
Female,High School,Married,49,110000,52775,52687,53403,56028,57996,59839,3000,3000,5000,3000,3000,49687,50403,51028,54996,56839,0
Female,University,Married,30,150000,696,1392,696,696,873,1392,1392,0,696,873,1392,0,696,0,0,0,1
Female,University,Married,38,30000,9033,8136,8339,8730,9386,3014,0,1000,1000,1300,0,8136,7339,7730,8086,3014,0
Male,High School,Married,38,150000,40441,38497,39552,40393,41243,42157,2000,2000,1500,1500,1600,36497,37552,38893,39743,40557,0
Male,High School,Married,55,50000,42067,45127,44106,44839,47634,46718,4055,0,1767,3683,0,41072,44106,43072,43951,46718,0
Male,University,Other,41,40000,39295,38490,38224,37764,38029,32179,1786,1890,2000,1104,948,36704,36334,35764,36925,31231,0
Female,University,Single,23,70000,54428,25085,25282,21858,19171,8443,2002,1819,509,539,2000,23083,23463,21349,18632,6443,0
Male,Graduate,Married,46,100000,98482,89958,78533,75568,63637,50711,3517,2700,19782,2063,3000,86441,75833,55786,61574,47711,1
Female,High School,Single,22,10000,8846,8560,9706,10406,10109,10057,0,1300,1000,0,1000,8560,8406,9406,10109,9057,0
Male,High School,Single,29,60000,4262,11674,6281,7920,8472,8735,7662,1269,1908,1000,727,4012,5012,6012,7472,8008,0
Male,Graduate,Single,27,100000,2927,831,1226,330,0,0,831,1226,330,0,0,0,0,0,0,0,1
Female,University,Single,29,50000,9730,9067,9816,9889,8765,9136,1500,1091,1000,1000,1000,7567,8725,8889,7765,8136,0
Male,University,Married,30,10000,390,0,780,0,0,0,0,780,0,0,0,0,0,0,0,0,1
Female,Graduate,Married,54,50000,47927,50421,17637,17680,18091,18750,4090,0,633,696,1000,46331,17637,17047,17395,17750,1
Female,High School,Single,36,10000,4945,6157,7172,8048,8318,8679,1300,1124,1000,400,500,4857,6048,7048,7918,8179,0
Male,University,Single,36,80000,75345,77112,78707,38084,38910,39691,4419,4000,2000,2000,2000,72693,74707,36084,36910,37691,0
Male,University,Single,47,50000,37486,35996,36679,16707,17057,17423,1800,2021,650,619,650,34196,34658,16057,16438,16773,0
Male,Graduate,Single,27,470000,4007,3201,14509,21168,14501,8726,3201,14509,21168,0,1528,0,0,0,14501,7198,0
Female,University,Single,39,530000,398763,396324,355438,317549,290182,292602,17016,14102,11100,11005,11102,379308,341336,306449,279177,281500,0
Female,Graduate,Married,34,200000,12322,25851,35691,-24303,38674,30784,13871,74000,882,124264,14692,11980,-38309,-25185,-85590,16092,1
Male,Graduate,Single,23,20000,18055,2059,2576,1834,1092,942,1100,1500,200,200,942,959,1076,1634,892,0,0
Female,High School,Single,24,80000,80235,81960,79121,59165,60084,59920,3626,3862,2056,2200,2130,78334,75259,57109,57884,57790,0
Female,University,Single,38,150000,5219,0,5200,1561,1633,230,0,5200,0,72,460,0,0,1561,1561,-230,0
Female,University,Married,41,30000,25594,21485,22320,23933,22742,2500,0,1300,5000,945,1850,21485,21020,18933,21797,650,1
Female,Other,Married,37,170000,743,0,16474,4650,2359,0,0,16474,4650,2359,0,0,0,0,0,0,0
Female,High School,Married,30,230000,190919,191785,164602,136569,139522,132239,7214,6264,10000,5028,5000,184571,158338,126569,134494,127239,0
Female,University,Married,37,170000,135419,138547,148175,149758,147262,156808,6800,13500,5500,0,12000,131747,134675,144258,147262,144808,1
Male,High School,Married,47,290000,1200,0,0,0,0,0,0,0,0,0,0,0,0,0,0,0,0
Female,University,Single,27,170000,64195,66163,67856,38803,40259,41541,3000,3000,2308,3000,3000,63163,64856,36495,37259,38541,0
Female,Graduate,Single,26,200000,118267,103114,85698,64423,49432,34814,3263,5114,1613,1402,3055,99851,80584,62810,48030,31759,0
Male,High School,Married,55,80000,82567,84221,80041,19000,15178,14717,3121,8443,1582,548,531,81100,71598,17418,14630,14186,0
Female,University,Single,32,340000,0,0,2500,2500,0,0,0,5000,0,0,0,0,-2500,2500,0,0,1
Female,Graduate,Single,28,110000,112953,225099,221798,111960,111636,111733,12500,0,4400,4218,4323,212599,221798,107560,107418,107410,0
Male,University,Single,36,10000,6672,8405,8869,8901,9838,6771,2000,800,240,1000,771,6405,8069,8661,8838,6000,0
Female,University,Single,27,80000,64561,47041,25439,26140,28833,28459,2176,1299,1000,3000,981,44865,24140,25140,25833,27478,0
Female,University,Other,28,60000,34580,15924,18124,28644,18656,15952,1300,2500,1000,1688,1000,14624,15624,27644,16968,14952,0
Female,University,Single,27,340000,14745,9318,4794,7819,332,16516,9318,5343,7819,332,16516,0,-549,0,0,0,0
Male,Graduate,Married,54,20000,10618,12135,16878,19624,20036,18309,2000,5000,3000,689,1000,10135,11878,16624,19347,17309,0
Male,University,Married,49,500000,5157,77667,94159,95209,97952,202991,77677,20000,3500,4371,107500,-10,74159,91709,93581,95491,0
Female,Graduate,Married,53,250000,252916,251830,245429,186620,193003,191867,9011,8146,6000,13003,11867,242819,237283,180620,180000,180000,0
Female,University,Single,24,50000,0,0,51400,11330,12144,12938,0,51400,11330,1000,1000,0,0,0,11144,11938,0
Male,Graduate,Other,48,100000,525,1022,897,897,319,2757,1100,1000,0,0,2800,-78,-103,897,319,-43,1
Male,Graduate,Single,31,280000,2158,-2,-2,5823,2900,42128,0,0,5825,2915,42338,-2,-2,-2,-15,-210,1
Male,Graduate,Married,41,500000,505128,500867,489856,356583,289398,274590,19295,18694,12271,9699,9420,481572,471162,344312,279699,265170,0
Male,University,Single,24,20000,16793,18215,18679,16264,17119,10550,1700,1150,467,1000,1200,16515,17529,15797,16119,9350,0
Female,University,Single,24,140000,0,0,167,80644,146651,55776,0,167,80677,0,2500,0,0,-33,146651,53276,0
Female,University,Single,30,250000,43694,33357,44167,19806,22231,6852,15284,20087,5093,10000,6876,18073,24080,14713,12231,-24,0
Male,Graduate,Single,27,50000,0,0,0,0,0,0,0,0,0,0,0,0,0,0,0,0,0
Female,University,Married,33,70000,49307,48214,27572,26810,20541,19234,1500,1300,1505,1000,1000,46714,26272,25305,19541,18234,1
Female,University,Married,27,230000,228863,227814,218694,191956,191741,176784,8862,8933,6956,7845,6784,218952,209761,185000,183896,170000,0
Male,High School,Single,31,500000,453,16577,40489,39744,26765,2837,16783,40496,1075,2133,2851,-206,-7,38669,24632,-14,0
Female,Graduate,Married,40,280000,212617,207478,211850,209651,214520,213520,7297,7584,7416,8000,7639,200181,204266,202235,206520,205881,0
Female,University,Married,40,160000,0,0,0,0,0,0,0,0,0,0,0,0,0,0,0,0,0
Female,University,Married,32,50000,0,0,530,26530,26574,26289,0,530,26000,951,943,0,0,530,25623,25346,0
Female,Graduate,Married,38,500000,105587,105478,100026,86265,67539,53676,3627,3059,2670,2331,2406,101851,96967,83595,65208,51270,0
Female,University,Single,24,290000,230014,219207,215223,216261,217537,216014,8411,8600,7000,7300,7000,210796,206623,209261,210237,209014,0
Male,High School,Single,29,100000,47919,30820,28503,6810,-3,-3,2000,1000,1039,12920,0,28820,27503,5771,-12923,-3,0
Male,Graduate,Married,61,480000,91524,94123,95336,97645,92109,79795,5000,4000,7172,4000,2500,89123,91336,90473,88109,77295,0
Female,High School,Single,33,110000,110704,55885,56779,56580,57509,58715,2056,2100,2100,2076,2400,53829,54679,54480,55433,56315,0
Female,Graduate,Single,24,350000,86342,84103,86179,91608,86705,90208,0,3500,6800,0,5100,84103,82679,84808,86705,85108,1
Male,University,Other,34,70000,58875,0,72772,39980,40126,39788,0,72772,1400,1500,1500,0,0,38580,38626,38288,0
Male,University,Married,38,290000,118801,99370,84836,82168,80299,77324,3530,3019,2818,3000,3199,95840,81817,79350,77299,74125,0
Female,University,Single,34,210000,6769,12656,5570,2285,0,0,12660,5570,2285,0,0,-4,0,0,0,0,0
Male,Graduate,Married,38,240000,4890,4157,14342,11411,3006,13268,4164,14371,11411,3006,13336,-7,-29,0,0,-68,0
Female,University,Married,49,260000,0,0,0,0,0,0,0,0,0,0,0,0,0,0,0,0,0
Male,University,Single,27,80000,38220,33962,31297,27679,7689,8802,3000,1000,730,2015,1000,30962,30297,26949,5674,7802,0
Male,University,Married,38,50000,50748,48626,20712,17834,18248,19390,1500,1200,2500,618,4000,47126,19512,15334,17630,15390,0
Male,High School,Single,28,10000,6302,6390,0,1170,9956,9992,1000,1600,1170,9956,282,5390,-1600,0,0,9710,1
Female,Other,Married,45,50000,48984,49878,47024,29194,27146,28506,2000,1500,2000,2000,2000,47878,45524,27194,25146,26506,0
Female,University,Married,39,200000,0,0,12888,2075,0,0,0,12888,2075,0,0,0,0,0,0,0,0
Female,University,Married,39,400000,91170,55588,14037,20356,90159,79053,55974,14079,20417,90180,79176,-386,-42,-61,-21,-123,0
Female,Graduate,Married,37,210000,24547,48302,4549,3085,7300,6583,4519,9098,3085,7300,6583,43783,-4549,0,0,0,1
Male,Graduate,Single,42,500000,0,0,0,0,0,0,0,0,0,0,0,0,0,0,0,0,1
Male,High School,Married,55,60000,0,0,0,0,0,0,0,0,0,0,0,0,0,0,0,0,0
Female,University,Single,25,150000,151761,149060,151308,152576,152368,142030,5752,6308,16644,12381,9320,143308,145000,135932,139987,132710,0
Female,Graduate,Single,26,60000,0,23040,28266,43296,44307,43550,23040,8000,20000,1669,1549,0,20266,23296,42638,42001,0
Male,Other,Married,35,450000,254679,179510,212496,51953,74870,-2313,10000,205004,52000,74896,500,169510,7492,-47,-26,-2813,0
Female,University,Married,42,430000,289358,296219,300873,294527,308523,318274,13000,11000,0,19000,15000,283219,289873,294527,289523,303274,1
Female,University,Single,30,50000,1383,1383,4149,2766,1383,1383,1383,4149,0,0,1383,0,0,2766,1383,0,0
Female,University,Single,23,80000,0,2946,390,390,390,780,4419,390,390,390,780,-1473,0,0,0,0,0
Male,High School,Married,36,200000,25469,26663,28509,27381,29054,28052,2000,3000,0,2500,0,24663,25509,27381,26554,28052,1
Female,University,Single,25,60000,18280,19468,20986,23783,25548,21811,1482,2000,3000,3000,1500,17986,18986,20783,22548,20311,0
Male,University,Married,48,50000,49913,50588,50245,19424,19829,20386,2077,1311,689,712,879,48511,48934,18735,19117,19507,0
Female,Graduate,Married,35,150000,38484,43489,48194,32264,25579,0,8000,5175,3000,10000,0,35489,43019,29264,15579,0,0
Female,Graduate,Single,26,200000,980,2980,3438,2102,38,0,2000,3438,50,38,0,980,0,2052,0,0,0
Male,University,Married,29,80000,78265,79364,73622,75092,75976,77511,3070,2623,2644,2743,2783,76294,70999,72448,73233,74728,1
Female,University,Other,41,30000,8247,16463,7090,10000,18438,17068,16463,1314,10000,18438,733,0,5776,0,0,16335,0
Female,University,Single,33,200000,47132,27179,13457,-387,-387,-387,1917,1000,0,0,0,25262,12457,-387,-387,-387,0
Female,Graduate,Single,30,170000,30552,29342,30544,30477,2609,1359,2500,2500,780,1100,400,26842,28044,29697,1509,959,0
Male,University,Married,52,130000,82399,89003,90160,87817,89746,98655,7931,3500,0,3499,10648,81072,86660,87817,86247,88007,0
Female,University,Single,28,180000,103203,108032,109741,112907,115924,118832,6500,5000,5000,5000,5000,101532,104741,107907,110924,113832,0
Male,Graduate,Single,27,160000,11924,0,4477,2682,29011,4000,0,4477,2682,29011,4000,0,0,0,0,0,0
Female,High School,Single,29,20000,957,738,356,356,4616,728,356,0,356,4616,728,382,356,0,0,0,0
Male,Graduate,Single,42,250000,255473,256003,254970,209124,213392,205180,11300,12177,7200,8000,7700,244703,242793,201924,205392,197480,0
Male,Graduate,Single,28,150000,252,6514,-31,-31,-31,-31,6546,0,0,0,0,-32,-31,-31,-31,-31,0
Male,Graduate,Married,35,180000,574,396,395,846,1027,381,396,395,848,1027,381,0,0,-2,0,0,0
Male,Graduate,Single,27,120000,60109,44206,38083,36728,36952,35475,2415,1816,1381,1264,1228,41791,36267,35347,35688,34247,0
Female,Graduate,Married,42,430000,1580,1526,806,2792,3010,-200,1526,806,2792,3010,200,0,0,0,0,-400,0
Male,Graduate,Married,38,200000,194281,188638,190824,133233,115882,117534,7332,5818,4451,4472,3850,181306,185006,128782,111410,113684,0
Female,High School,Single,38,20000,12193,11242,8015,3668,3508,5278,5015,0,0,3508,5278,6227,8015,3668,0,0,0
Female,Graduate,Married,42,370000,271452,256269,200761,125646,111185,45816,11295,8300,5000,4600,10000,244974,192461,120646,106585,35816,0
Female,High School,Single,25,30000,25366,27626,22034,16312,14614,0,5000,1000,326,292,0,22626,21034,15986,14322,0,0
Female,Graduate,Single,25,180000,7026,10080,3254,1443,7105,2929,10080,0,1443,7105,0,0,3254,0,0,2929,0
Male,Graduate,Married,48,360000,5518,2532,5504,-4,-4,881,2548,5536,0,0,885,-16,-32,-4,-4,-4,0
Female,Graduate,Single,33,260000,248034,241535,174423,46654,202945,180891,11381,7256,2312,200128,7175,230154,167167,44342,2817,173716,0
Female,Graduate,Single,25,200000,190123,194059,194464,76223,77822,80598,8487,5105,3000,2828,4073,185572,189359,73223,74994,76525,0
Female,University,Married,39,50000,30049,30147,28703,28918,29126,28643,1800,1500,1142,1200,1200,28347,27203,27776,27926,27443,0
Female,University,Single,22,50000,50953,49363,49243,46382,47261,48219,8,3011,1264,2000,1159,49355,46232,45118,45261,47060,1
Male,Graduate,Single,33,270000,9711,9363,13951,8938,15280,18002,9391,13999,8964,15325,18028,-28,-48,-26,-45,-26,0
Female,University,Single,22,10000,7582,8502,9479,9669,9978,9928,1200,1136,326,444,199,7302,8343,9343,9534,9729,1
Male,Graduate,Married,38,390000,9610,6090,18119,15220,7658,7547,6090,18119,304,416,7547,0,0,14916,7242,0,0
Female,Graduate,Married,50,350000,50376,20717,10133,28858,8693,9194,20717,10173,28858,8693,9194,0,-40,0,0,0,0
Male,Graduate,Married,40,350000,63200,6470,630,20682,20902,16754,4150,630,20902,5000,2000,2320,0,-220,15902,14754,0
Male,University,Single,33,300000,306623,296304,295855,201842,201309,200695,12000,11504,8500,8000,8000,284304,284351,193342,193309,192695,0
Male,University,Single,38,50000,42856,29248,17775,17833,18246,18642,1300,1600,650,700,700,27948,16175,17183,17546,17942,0
Female,Graduate,Married,35,250000,88132,81826,71488,69145,68680,70047,3500,3070,2372,2413,2428,78326,68418,66773,66267,67619,0
Male,Graduate,Single,33,360000,5971,5732,6465,9465,9290,4209,0,1000,3000,0,5000,5732,5465,6465,9290,-791,0
Female,Graduate,Married,42,180000,0,0,0,0,0,1031,0,0,0,0,1031,0,0,0,0,0,0
Male,Other,Married,41,150000,78354,69250,69790,71535,73131,72502,2507,3001,3001,3013,3133,66743,66789,68534,70118,69369,0
Female,University,Married,35,250000,196192,191745,205681,200988,217830,223254,0,17000,0,20000,9078,191745,188681,200988,197830,214176,0
Male,High School,Single,29,200000,41151,21132,482,482,462,446,1650,482,482,462,466,19482,0,0,0,-20,0
Female,Graduate,Married,46,260000,451,268,604,664,734,1076,268,604,664,734,1076,0,0,0,0,0,1
Female,Graduate,Single,52,150000,135450,137647,141046,143490,146060,149861,4771,4952,4019,4132,5037,132876,136094,139471,141928,144824,1
Female,Graduate,Single,36,400000,39601,21357,30689,2514,4215,827,21357,10689,2514,4215,827,0,20000,0,0,0,0
Male,University,Married,32,20000,14662,10305,11127,12928,13721,14492,1500,1300,2000,1000,1000,8805,9827,10928,12721,13492,0
Female,High School,Single,25,90000,43519,44677,45868,47535,40920,38622,1861,2052,2719,0,1600,42816,43816,44816,40920,37022,0
Male,High School,Married,34,200000,73494,82253,179964,-36,5654,804,10000,100000,0,5690,0,72253,79964,-36,-36,804,0
Female,Graduate,Single,27,70000,61401,62712,63586,64440,65761,67128,2900,2500,2500,2500,2600,59812,61086,61940,63261,64528,0
Male,University,Married,49,80000,5885,7001,8632,10316,316,2523,2000,2000,2000,316,2523,5001,6632,8316,0,0,0
Male,Graduate,Single,43,240000,73462,82677,76248,79684,58231,7100,65361,30646,70204,10000,7100,17316,45602,9480,48231,0,0
Female,Graduate,Single,28,200000,339,5322,7756,4792,3107,17423,5322,7756,0,38700,16724,0,0,4792,-35593,699,0
Female,Graduate,Single,29,270000,125120,102046,91426,93262,96104,98374,4000,2969,3000,4000,3500,98046,88457,90262,92104,94874,0
Female,Graduate,Married,32,210000,0,0,0,0,0,0,0,0,0,0,0,0,0,0,0,0,0
Male,University,Single,24,140000,16343,1462,4326,6380,48866,23797,1462,4326,6398,48866,3500,0,0,-18,0,20297,1
Male,High School,Married,36,120000,31218,32319,32687,32972,33559,34604,2000,1600,1200,1500,2000,30319,31087,31772,32059,32604,0
Female,Graduate,Married,36,130000,65767,74474,78652,76790,78400,79996,9813,6000,0,3001,3058,64661,72652,76790,75399,76938,1
Female,High School,Other,34,70000,16354,17295,16720,18438,18004,19546,1500,0,2000,0,2000,15795,16720,16438,18004,17546,0
Male,University,Single,24,80000,35926,32813,22638,18805,6058,0,5041,4238,5051,3118,0,27772,18400,13754,2940,0,0
Male,Graduate,Married,38,170000,0,0,0,0,0,0,0,0,0,0,0,0,0,0,0,0,1
Female,Graduate,Single,33,300000,920,1592,0,0,0,0,1592,0,0,0,0,0,0,0,0,0,0
Male,Graduate,Married,37,380000,15019,4162,2107,0,1630,0,4472,2107,0,1630,0,-310,0,0,0,0,0
Female,Graduate,Single,26,110000,58716,50943,46942,47935,49083,49603,2500,2100,2000,2000,2500,48443,44842,45935,47083,47103,0
Female,Graduate,Single,24,80000,30985,44300,0,0,0,0,14300,0,0,0,0,30000,0,0,0,0,0
Male,University,Single,30,20000,28674,15491,16299,16428,0,0,1392,1200,329,0,0,14099,15099,16099,0,0,0
Male,Graduate,Single,28,200000,972,-1,-1,299,299,293,0,0,300,300,294,-1,-1,-1,-1,-1,0
Male,High School,Married,62,360000,234825,242378,235716,171573,95455,91687,15000,12000,10000,10000,0,227378,223716,161573,85455,91687,0
Female,University,Single,50,170000,10072,2417,199,1628,0,4968,2417,199,1628,0,4968,0,0,0,0,0,0
Female,Graduate,Married,46,500000,28412,72222,248807,179086,160121,52190,72234,248902,3582,3202,52190,-12,-95,175504,156919,0,0
Female,University,Single,24,50000,16090,50912,34027,9568,9913,10132,36027,1807,1000,500,400,14885,32220,8568,9413,9732,0
Male,High School,Married,52,50000,37530,38630,41774,40806,41357,41380,2000,4086,0,1500,1000,36630,37688,40806,39857,40380,0
Female,High School,Married,26,80000,46802,33357,32883,29425,30117,30492,1903,1397,5000,1300,1400,31454,31486,24425,28817,29092,0
Male,Graduate,Single,31,50000,50758,49517,49528,44768,40295,33088,2501,2005,1312,1614,1706,47016,47523,43456,38681,31382,0
Female,University,Single,23,30000,28420,27929,28920,27997,28378,29321,1482,1703,1001,1500,1845,26447,27217,26996,26878,27476,1
Male,University,Married,41,30000,5413,13938,8448,8620,8000,0,9200,1000,172,160,0,4738,7448,8448,7840,0,0
Male,High School,Single,23,20000,14034,13524,14983,16197,18932,18271,0,2000,1780,3000,0,13524,12983,14417,15932,18271,1
Male,Graduate,Single,29,500000,499452,455071,359940,345238,274743,250930,30483,15773,10393,10580,120081,424588,344167,334845,264163,130849,0
Female,High School,Married,42,170000,552,552,552,552,552,0,552,552,552,552,0,0,0,0,0,0,0
Female,Graduate,Single,23,20000,0,342,1342,1372,2037,1068,342,1000,30,2037,1218,0,342,1342,0,-150,0
Male,High School,Single,50,90000,76495,71616,60177,54440,45788,41874,3243,2390,1840,1690,1954,68373,57787,52600,44098,39920,0
Male,Graduate,Married,35,230000,3454,0,0,0,0,0,0,0,0,0,0,0,0,0,0,0,1
Female,University,Single,35,210000,209802,208421,190737,142271,137171,130687,8800,8023,4809,5001,5000,199621,182714,137462,132170,125687,0
Male,University,Single,23,20000,17728,18835,38099,18471,16408,17135,1700,1262,1244,595,1000,17135,36837,17227,15813,16135,0
Female,University,Married,48,60000,9015,14700,438,2575,0,4532,14700,438,2575,0,4532,0,0,0,0,0,0
Female,University,Married,29,300000,1825,2017,2476,5797,1542,1256,2017,2476,5797,0,1256,0,0,0,1542,0,0
Male,Graduate,Single,30,50000,44572,48361,47192,50588,40009,43685,4500,0,4000,0,5000,43861,47192,46588,40009,38685,0
Male,University,Single,35,50000,50000,37891,8434,8604,8865,9058,1150,1200,310,400,340,36741,7234,8294,8465,8718,1
Male,Graduate,Married,61,500000,11430,29015,25364,19550,21096,23491,29205,25428,9575,11116,15063,-190,-64,9975,9980,8428,0
Male,Graduate,Single,30,490000,250637,254499,254762,253583,232878,236555,11032,10000,10000,9012,10000,243467,244762,243583,223866,226555,0
Female,High School,Married,29,110000,109636,96380,56414,56677,109583,107981,0,3000,2000,53700,0,96380,53414,54677,55883,107981,0
Female,University,Married,27,360000,6449,3885,3113,1347,2179,5575,1108,1024,1353,2188,5602,2777,2089,-6,-9,-27,1
Female,University,Married,42,80000,43024,9821,600,53900,55000,65000,5098,600,53900,1100,10000,4723,0,0,53900,55000,0
Female,Graduate,Single,27,180000,153198,151128,152785,168657,165872,173667,1813,5667,18483,0,11000,149315,147118,150174,165872,162667,1
Female,Graduate,Single,27,180000,581,5394,1485,4778,23350,583,5396,1485,4778,23350,583,-2,0,0,0,0,0
Female,University,Single,22,70000,9232,68209,66087,50716,48862,49850,68209,2081,2000,2000,1828,0,64006,48716,46862,48022,0
Male,University,Single,26,140000,105930,59125,54636,51407,12016,60890,3029,2000,2059,1019,55317,56096,52636,49348,10997,5573,0
Female,Graduate,Single,30,340000,24400,27791,6097,2272,4336,2581,27800,6097,2272,4336,2581,-9,0,0,0,0,0
Female,University,Single,36,70000,1156,2254,2044,4152,3023,4014,2044,0,4000,0,2000,210,2044,152,3023,2014,1
Male,Graduate,Single,34,300000,271928,274915,279570,241030,228125,215438,10230,9483,8172,8081,7707,264685,270087,232858,220044,207731,1
Female,University,Single,23,20000,18495,20194,18880,22215,20638,19342,3000,0,4613,0,0,17194,18880,17602,20638,19342,1
Female,University,Married,42,170000,415,415,415,415,1215,1390,415,415,415,1215,1390,0,0,0,0,0,0
Female,Graduate,Married,44,280000,146390,148737,151000,152538,154291,155955,5111,5100,4300,4500,4500,143626,145900,148238,149791,151455,0
Female,High School,Single,50,90000,83939,86583,87014,46293,47576,46663,4000,2500,2000,2000,2000,82583,84514,44293,45576,44663,0
Female,University,Single,27,160000,0,418,0,0,0,0,418,0,0,0,0,0,0,0,0,0,1
Female,Graduate,Single,46,300000,0,0,0,0,0,0,0,0,0,0,0,0,0,0,0,0,1
Male,Graduate,Married,38,60000,49808,48736,49525,57564,56517,81397,0,1900,8900,0,26000,48736,47625,48664,56517,55397,1
Male,Graduate,Married,46,210000,3035,5764,46884,80514,391,1487,5790,46915,80871,391,1497,-26,-31,-357,0,-10,0
Female,University,Married,29,130000,132214,132361,128904,101785,101849,99296,5500,5904,4785,3849,4296,126861,123000,97000,98000,95000,0
Female,Graduate,Single,35,160000,11988,-890,-890,-890,-890,-890,0,0,0,0,0,-890,-890,-890,-890,-890,0
Female,Graduate,Single,37,20000,8400,2000,0,2000,0,0,1000,0,2000,0,0,1000,0,0,0,0,1
Female,University,Married,40,240000,4480,1725,10062,8662,4566,3915,1735,10096,8675,4566,3927,-10,-34,-13,0,-12,0
Female,Graduate,Married,38,340000,15065,41951,86114,82049,57667,80767,41951,50000,30000,5000,80767,0,36114,52049,52667,0,0
Male,Graduate,Married,42,150000,136518,146249,147624,138636,146609,149438,13571,7500,10600,11200,5400,132678,140124,128036,135409,144038,0
Male,Graduate,Married,46,180000,142826,61650,0,0,0,0,3000,0,0,0,0,58650,0,0,0,0,0
Female,Graduate,Single,26,300000,48729,47798,57390,36766,38586,84950,7500,18340,1000,3000,57543,40298,39050,35766,35586,27407,0
Male,University,Married,44,180000,1110,1110,1110,1110,1110,1110,1110,1110,1110,1110,1110,0,0,0,0,0,0
Female,University,Single,22,50000,44320,45884,47104,48205,17555,7809,2280,2500,1401,0,3000,43604,44604,46804,17555,4809,0
Female,High School,Married,55,50000,46731,47439,41493,19129,20561,20083,1810,1614,700,1745,0,45629,39879,18429,18816,20083,0
Male,Graduate,Married,37,340000,8480,21524,12247,651,12105,7661,21631,12308,654,12164,7699,-107,-61,-3,-59,-38,0
Male,Graduate,Single,31,190000,-579,0,400,579,579,-421,579,400,579,0,421,-579,0,0,579,-842,1
Female,Graduate,Married,43,180000,4824,1001,13413,8577,8596,24297,1001,13413,8577,8596,24297,0,0,0,0,0,0
Male,High School,Single,28,20000,5653,5419,6365,6608,7001,7233,0,1200,350,500,500,5419,5165,6258,6501,6733,1
Male,University,Single,29,450000,51686,54224,49606,43803,62914,81529,10068,10075,10000,20000,20000,44156,39531,33803,42914,61529,0
Female,Graduate,Single,30,100000,105033,102513,100693,71253,70206,71060,0,3509,3047,3500,3000,102513,97184,68206,66706,68060,0
Male,University,Single,26,80000,68194,24956,22145,33675,3047,77511,2000,3000,18000,3047,77511,22956,19145,15675,0,0,0
Male,High School,Single,36,10000,6470,7404,8415,9075,8785,8959,1200,1440,800,0,320,6204,6975,8275,8785,8639,1
Female,University,Single,22,20000,5099,5835,6763,7283,7370,7371,1200,1257,1000,420,502,4635,5506,6283,6950,6869,0
Female,University,Married,53,260000,118107,121763,133107,133107,148107,148107,3656,15000,0,15000,0,118107,118107,133107,133107,148107,1
Male,High School,Married,52,150000,88812,90649,92499,94364,97589,99921,2564,2616,2647,4000,3158,88085,89883,91717,93589,96763,1
Female,Graduate,Single,34,500000,19656,65732,14611,23169,6738,0,65732,14643,23169,6738,2159,0,-32,0,0,-2159,0
Female,Graduate,Married,46,110000,734,9455,1277,2170,16070,1760,9483,1338,2176,16070,1760,-28,-61,-6,0,0,0
Male,University,Married,32,160000,93174,95274,97291,98768,101016,103176,4500,4500,4000,4000,4000,90774,92791,94768,97016,99176,0
Female,University,Single,36,200000,131694,122349,112715,102542,92335,81667,4269,3891,3488,3250,2755,118080,108824,99054,89085,78912,0
Female,Graduate,Married,45,190000,75758,73989,75760,76899,78761,80883,0,3600,3000,3100,3600,73989,72160,73899,75661,77283,0
Female,Graduate,Single,28,180000,8366,16912,9199,4745,0,0,16912,9211,4758,0,0,0,-12,-13,0,0,1
Female,Graduate,Single,25,50000,27796,27069,27324,29561,28952,31307,0,1000,3000,0,3000,27069,26324,26561,28952,28307,1
Male,High School,Married,54,100000,46041,59526,72823,71105,69424,68006,15000,15000,0,0,0,44526,57823,71105,69424,68006,0
Female,University,Single,29,130000,129094,125616,126531,127571,121365,125368,0,4500,4500,900,7200,125616,122031,123071,120465,118168,1
Male,University,Married,58,120000,396,396,396,396,396,396,396,396,396,396,396,0,0,0,0,0,0
Female,High School,Single,37,340000,289995,269901,267494,265058,263658,256621,10015,10019,10025,10052,10011,259886,257475,255033,253606,246610,0
Male,University,Single,22,20000,19844,19929,18775,13854,10718,0,1369,1162,524,606,0,18560,17613,13330,10112,0,0
Male,University,Married,34,30000,28893,26807,27942,27179,27385,28943,2000,2000,940,1000,2000,24807,25942,26239,26385,26943,1
Male,University,Married,44,250000,4602,18382,15450,1867,-1,-1,5000,16000,0,1,0,13382,-550,1867,-2,-1,0
Female,University,Single,25,70000,70488,51152,35122,28633,28039,28621,2000,4500,1200,0,1200,49152,30622,27433,28039,27421,0
Female,University,Other,47,50000,37277,38383,38954,39618,38852,39553,2000,1500,1600,0,1500,36383,37454,38018,38852,38053,0
Male,Graduate,Married,60,280000,792,0,192,396,0,396,0,192,996,0,396,0,0,-600,0,0,0
Female,University,Married,46,500000,886,21803,90182,79310,68380,58772,21831,90182,2500,2380,2772,-28,0,76810,66000,56000,0
Female,University,Married,50,140000,136183,139121,140047,141215,142019,137251,6901,4800,5006,5507,5,132220,135247,136209,136512,137246,0
Female,University,Single,31,200000,192698,196484,177001,100908,98873,95548,8135,7163,3783,3766,3500,188349,169838,97125,95107,92048,0
Male,University,Married,36,50000,2400,2400,2400,2400,2400,2400,0,0,0,0,0,2400,2400,2400,2400,2400,1
Male,Graduate,Married,58,320000,380,64,948,632,316,316,0,1200,0,0,316,64,-252,632,316,0,0
Female,High School,Married,59,50000,44977,43981,44996,45736,46748,47816,0,2045,1785,1900,2000,43981,42951,43951,44848,45816,0
Male,University,Other,49,30000,12939,14128,15354,5023,5275,54,1405,1631,300,375,54,12723,13723,4723,4900,0,0
Female,Graduate,Single,25,100000,100000,0,0,0,0,-150953,0,0,0,0,0,0,0,0,0,-150953,0
Male,University,Single,44,340000,327058,335584,330510,272220,269629,266723,16004,312723,9748,9800,9569,319580,17787,262472,259829,257154,1
Female,University,Married,38,350000,7633,7600,21405,6390,6076,9610,7638,21511,6421,6106,9657,-38,-106,-31,-30,-47,0
Male,University,Single,24,20000,4127,5557,7458,7192,7923,7647,1500,2000,0,1000,0,4057,5458,7192,6923,7647,1
Male,Graduate,Single,26,110000,110925,110909,111851,153551,75749,77217,5607,4400,2683,5466,5000,105302,107451,150868,70283,72217,0
Female,University,Single,29,290000,264929,261675,263204,263612,259786,208000,12324,10508,8530,8777,7421,249351,252696,255082,251009,200579,0
Male,University,Single,26,40000,11318,10845,12655,12156,20897,20411,0,2000,0,9000,0,10845,10655,12156,11897,20411,1
Male,Other,Married,39,120000,114647,114645,72188,42840,19860,390,5000,10000,4000,5000,390,109645,62188,38840,14860,0,1
Male,Graduate,Married,55,190000,5928,9770,8032,30,240,540,9770,8034,0,600,690,0,-2,30,-360,-150,0
Female,University,Single,23,150000,115206,111447,103317,96140,87455,87601,6000,3306,3412,3500,3500,105447,100011,92728,83955,84101,0
Female,Graduate,Single,42,300000,6349,668,9737,367,-23,-413,668,9800,0,0,0,0,-63,367,-23,-413,0
Female,University,Married,32,240000,53286,16920,12869,14497,12262,8331,8000,1500,5000,1000,3000,8920,11369,9497,11262,5331,0
Female,University,Married,33,60000,60099,60983,55595,54940,47959,29763,2500,2006,5000,2000,2000,58483,53589,49940,45959,27763,1
Male,University,Single,29,150000,51620,9070,117140,89524,36772,16157,9070,117146,1793,959,343,0,-6,87731,35813,15814,0
Female,High School,Single,47,80000,194843,197581,202150,0,0,48855,5501,6150,0,0,48855,192080,196000,0,0,0,0
Female,University,Married,43,160000,5617,267,509,15695,515,515,267,509,15695,515,515,0,0,0,0,0,0
Male,Graduate,Married,30,200000,182338,123079,124075,99440,104685,54038,4653,5000,5000,6000,5000,118426,119075,94440,98685,49038,0
Male,University,Married,42,90000,95773,95489,94681,93965,90545,90529,4000,3500,3500,0,3500,91489,91181,90465,90545,87029,0
Male,University,Married,38,360000,0,0,0,0,0,0,0,0,0,0,0,0,0,0,0,0,0
Female,University,Married,38,350000,4482,4985,4322,4992,4295,5952,4998,4333,5005,4305,5963,-13,-11,-13,-10,-11,0
Female,High School,Married,51,30000,17454,18964,20442,21592,23079,24529,1800,1800,1801,2001,2000,17164,18642,19791,21078,22529,0
Male,High School,Single,23,40000,15045,15899,16700,17500,0,0,1400,1200,1000,0,0,14499,15500,16500,0,0,0
Male,University,Single,24,160000,4449,5316,5711,6003,3527,127,1283,3008,6023,71,0,4033,2703,-20,3456,127,0
Male,University,Single,40,200000,16816,17852,18562,18965,24424,23883,1610,1310,713,5800,0,16242,17252,18252,18624,23883,0
Male,Graduate,Single,33,330000,223445,122096,125969,127044,127027,129945,5005,6000,3614,4000,4000,117091,119969,123430,123027,125945,0
Male,Graduate,Married,47,500000,7233,2321,18261,16456,11225,36770,0,18261,0,0,40270,2321,0,16456,11225,-3500,0
Female,University,Married,28,500000,67763,47746,28148,24377,15421,11239,2244,4625,24448,2028,2009,45502,23523,-71,13393,9230,0
Female,Graduate,Married,54,460000,7623,9483,18511,80877,45369,56789,9495,18513,80877,45369,56789,-12,-2,0,0,0,0
Female,Graduate,Single,27,120000,6553,2752,10834,2016,3589,1569,0,10834,280,3589,1569,2752,0,1736,0,0,0
Female,University,Married,45,130000,990,990,990,990,1130,990,990,990,990,1130,1000,0,0,0,0,-10,0
Male,Graduate,Single,22,20000,7268,12946,8811,9638,11740,11047,11500,6074,9000,5000,6047,1446,2737,638,6740,5000,0
Male,Graduate,Married,41,170000,149941,68912,72741,76149,84474,92400,3200,6000,5000,10000,10000,65712,66741,71149,74474,82400,0
Female,Graduate,Married,29,50000,48305,49726,50389,30410,30364,30063,2500,2109,1100,1100,1100,47226,48280,29310,29264,28963,0
Male,University,Married,36,50000,3580,4597,5757,5869,5838,5971,1084,1244,356,212,230,3513,4513,5513,5626,5741,1
Male,High School,Married,43,50000,17113,17751,18332,18301,18639,18516,1303,1274,633,1000,724,16448,17058,17668,17639,17792,0
Female,Graduate,Single,36,220000,13043,4111,1522,5198,3974,-38,2190,1,3980,20,0,1921,1521,1218,3954,-38,0
Female,High School,Single,38,260000,30845,20395,17902,18258,18640,18956,1275,1279,635,657,669,19120,16623,17623,17983,18287,0
Female,Graduate,Married,54,500000,428841,432871,436858,432945,338417,318436,15703,12000,15236,98363,11000,417168,424858,417709,240054,307436,0
Female,University,Single,25,20000,20195,19638,17198,14253,18475,13878,1376,1121,460,6000,624,18262,16077,13793,12475,13254,0
Male,High School,Single,40,20000,5945,8184,7839,7999,0,0,2345,0,160,0,0,5839,7839,7839,0,0,1
Male,University,Single,25,80000,45113,26796,19100,14600,9000,2000,1456,1200,0,0,2000,25340,17900,14600,9000,0,0
Male,University,Married,35,500000,2295,1384,1384,1384,5590,4542,1384,1384,1384,5590,4542,0,0,0,0,0,0
Male,Graduate,Single,27,160000,165,0,0,0,0,0,0,0,0,0,0,0,0,0,0,0,1
Male,University,Single,27,200000,7934,16140,9043,-1136,-1136,-1136,16140,1000,0,0,0,0,8043,-1136,-1136,-1136,0
Female,Graduate,Married,34,50000,42980,44015,45284,46186,47440,48453,1731,2000,1655,2000,1800,42284,43284,44531,45440,46653,0
Male,University,Single,25,20000,19791,19591,15788,14911,11699,12224,1917,1000,1000,1000,1068,17674,14788,13911,10699,11156,1
Female,University,Married,38,170000,146518,142954,134372,84558,86538,88299,7031,6026,3200,3500,3200,135923,128346,81358,83038,85099,0
Male,Graduate,Single,23,10000,780,390,390,780,0,0,0,390,780,0,0,390,0,0,0,0,1
Female,High School,Single,28,20000,19109,23788,23154,22520,21596,20962,5000,0,0,0,0,18788,23154,22520,21596,20962,1
Female,University,Single,29,150000,2501,6845,4592,8617,2190,1369,4400,0,4025,407,0,2445,4592,4592,1783,1369,0
Female,Graduate,Married,47,470000,447057,450070,451090,442237,450924,428239,17600,17400,15360,31000,0,432470,433690,426877,419924,428239,0
Female,Graduate,Married,32,200000,36154,23885,24718,25213,68126,9636,9216,7013,15000,10000,10000,14669,17705,10213,58126,-364,0
Female,Graduate,Single,27,130000,26868,28429,29710,34310,21900,780,2000,2000,5000,438,780,26429,27710,29310,21462,0,0
Female,High School,Single,40,70000,12924,14615,14692,14784,15175,16360,2600,1000,1000,1000,2000,12015,13692,13784,14175,14360,0
Female,University,Married,34,270000,160006,163338,166672,170000,173547,177013,5420,5532,5572,5763,5804,157918,161140,164428,167784,171209,0
Male,High School,Single,27,150000,57386,58531,56544,48153,49288,36872,5000,422,2000,2041,2039,53531,56122,46153,47247,34833,1
Female,Graduate,Married,41,240000,8827,6993,7094,3227,-18,-18,0,1200,0,0,0,6993,5894,3227,-18,-18,0
Female,University,Married,60,100000,0,198,198,324,171,0,198,198,324,171,0,0,0,0,0,0,0
Male,Graduate,Married,40,200000,6750,4501,6360,2620,5900,37084,5007,7096,2620,6000,17703,-506,-736,0,-100,19381,1
Male,Graduate,Single,33,220000,22708,24330,25918,27479,28877,30237,2000,2000,2000,2000,2000,22330,23918,25479,26877,28237,0
Male,High School,Married,69,70000,11572,11095,12109,12905,14683,15435,0,1204,1000,2000,1000,11095,10905,11905,12683,14435,1
Male,University,Single,44,260000,99176,63497,51524,52681,53852,55967,2259,2000,2000,2000,3000,61238,49524,50681,51852,52967,0
Female,Graduate,Single,29,180000,134797,134041,132295,130166,129158,127963,5000,4600,4600,4700,4972,129041,127695,125566,124458,122991,0
Female,High School,Single,35,210000,1983,-17,9000,7905,1434,1008,0,9017,7905,1434,1008,-17,-17,0,0,0,0
Female,University,Married,36,130000,98469,96054,97910,96744,97444,95630,0,4400,4000,3500,3600,96054,93510,92744,93944,92030,0
Female,University,Married,39,320000,147440,137938,131816,120761,120375,120897,5009,6125,4001,4013,5000,132929,125691,116760,116362,115897,0
Female,University,Single,27,30000,1473,2998,2946,1473,1473,28058,2998,1473,0,1473,28058,0,1473,1473,0,0,1
Female,University,Single,25,50000,50485,50397,49167,45077,36815,38203,2000,3045,1660,1500,2000,48397,46122,43417,35315,36203,0
Female,University,Single,27,380000,4400,0,270219,3641,3717,3791,0,270219,131,135,136,0,0,3510,3582,3655,0
Female,University,Single,22,20000,6643,7872,9077,10989,10529,10213,1500,1500,2225,0,0,6372,7577,8764,10529,10213,1
Male,University,Single,31,50000,49804,28662,29476,4011,1000,0,2000,1500,1000,1000,0,26662,27976,3011,0,0,0
Female,Graduate,Single,28,140000,8483,9526,33788,-18,-18,-18,9532,33788,0,0,0,-6,0,-18,-18,-18,0
Female,High School,Married,46,150000,0,0,0,0,0,0,0,0,0,0,0,0,0,0,0,0,1
Male,Graduate,Single,36,370000,297678,306455,307734,225974,231720,222733,12033,12015,7035,15037,7066,294422,295719,218939,216683,215667,1
Female,Graduate,Married,41,100000,96832,2590,-11925,21289,17236,1238,2592,12,38525,0,1238,-2,-11937,-17236,17236,0,0
Male,High School,Single,27,100000,98746,99118,66147,64691,49332,50366,4146,2556,2802,1786,1850,94972,63591,61889,47546,48516,0
Male,University,Married,29,50000,32750,33532,32597,19576,19034,19525,1600,7,900,700,800,31932,32590,18676,18334,18725,1
Female,Graduate,Single,33,400000,565,565,11471,1779,0,3470,0,11495,1779,0,3470,565,-24,0,0,0,0
Female,Graduate,Married,43,250000,34200,0,110801,0,18805,0,0,110801,0,18805,0,0,0,0,0,0,0
Female,High School,Married,45,150000,-141,10987,12733,6908,6713,8048,11254,2000,1225,1244,1447,-267,10733,5683,5469,6601,0
Male,High School,Single,37,120000,117681,119513,120990,121795,113328,120615,5200,5000,4200,0,9200,114313,115990,117595,113328,111415,1
Female,Graduate,Single,31,260000,117271,121442,121805,127594,110146,112364,7000,4150,8000,4000,4000,114442,117655,119594,106146,108364,0
Female,University,Single,23,90000,80551,11066,2408,57167,57700,58817,2028,1007,57113,2092,2400,9038,1401,54,55608,56417,0
Male,Graduate,Married,39,130000,390,390,390,1068,3169,390,390,390,1068,3169,390,0,0,0,0,0,0
Female,University,Single,29,50000,46376,45354,49086,48027,49037,48032,0,4500,0,1751,1736,45354,44586,48027,47286,46296,1
Female,University,Married,29,120000,126412,120812,121895,121208,121678,122067,0,4600,4512,4600,4600,120812,117295,116696,117078,117467,1
Male,High School,Single,33,140000,473,-27,3788,0,9386,722,0,3815,0,9386,722,-27,-27,0,0,0,0
Female,Graduate,Single,34,170000,172095,160914,103021,99219,99179,99902,6317,3632,3494,3620,3800,154597,99389,95725,95559,96102,0
Female,High School,Single,31,330000,5480,30630,6350,6033,2205,0,30630,6350,6033,5649,0,0,0,0,-3444,0,0
Male,University,Married,33,210000,0,0,106669,13333,12780,18472,0,106669,13333,12780,19136,0,0,0,0,-664,1
Male,Graduate,Married,39,300000,27459,34405,3283,3961,24306,22644,8000,0,3961,24306,0,26405,3283,0,0,22644,1
Female,University,Married,39,130000,93797,91523,88331,81192,78774,77117,3339,2892,2733,2752,3159,88184,85439,78459,76022,73958,0
Female,Graduate,Single,29,360000,27370,20750,14898,7524,7524,0,1328,2000,150,0,0,19422,12898,7374,7524,0,0
Male,University,Single,26,150000,37594,30432,20346,19447,8420,8631,0,1150,664,500,500,30432,19196,18783,7920,8131,0
Female,University,Single,33,90000,61367,59814,61816,65180,63979,63733,0,3000,5010,0,5000,59814,58816,60170,63979,58733,1
Female,Graduate,Married,61,260000,-551,16449,-20320,-20320,-20320,-20320,17000,2631,0,0,0,-551,-22951,-20320,-20320,-20320,0
Female,High School,Married,21,30000,32179,31397,30358,29758,29758,23036,0,0,0,0,1000,31397,30358,29758,29758,22036,1
Female,University,Married,45,80000,79552,81392,80966,79295,81142,80672,3130,3107,2847,3134,3072,78262,77859,76448,78008,77600,0
Female,Graduate,Married,33,500000,363,2089,4822,48741,92978,0,2089,4822,48741,92978,0,0,0,0,0,0,0
Female,University,Married,33,20000,13864,14534,9662,8091,0,0,1242,1020,2000,0,0,13292,8642,6091,0,0,0
Male,High School,Single,36,60000,34364,34246,13266,19876,19274,17923,5000,1029,19507,1000,358,29246,12237,369,18274,17565,0
Male,University,Single,37,210000,15637,17560,16765,18641,18654,16229,3017,3023,5014,5012,2012,14543,13742,13627,13642,14217,0
Male,Graduate,Single,24,50000,29595,31798,32979,32152,34668,33961,3000,2000,0,3200,0,28798,30979,32152,31468,33961,1
Male,University,Single,32,350000,228009,220450,190173,192649,197269,201360,9000,8700,7000,7600,7800,211450,181473,185649,189669,193560,0
Male,University,Single,37,200000,0,0,0,0,0,0,0,0,0,0,0,0,0,0,0,0,0
Female,Graduate,Single,28,280000,51439,44605,45426,38563,29669,24892,20000,10000,0,0,24892,24605,35426,38563,29669,0,0
Male,Graduate,Married,41,230000,1552,792,19272,1172,1172,2246,792,19272,1172,1172,2246,0,0,0,0,0,0
Female,Graduate,Married,35,200000,195441,192803,304997,188504,189527,192851,8597,8583,6880,7235,6839,184206,296414,181624,182292,186012,1
Female,Graduate,Married,32,220000,202792,198157,211340,209612,219064,222672,0,16501,3200,13000,7500,198157,194839,206412,206064,215172,0
Female,University,Single,30,160000,584,4572,7379,669,21381,200,4572,7379,669,21581,0,0,0,0,-200,200,0
Female,University,Single,29,200000,180016,166678,128324,128334,131104,133762,6073,6100,5000,5000,5000,160605,122224,123334,126104,128762,0
Female,University,Married,45,60000,56965,2495,57899,30345,30244,25474,3000,61000,3000,3000,3000,-505,-3101,27345,27244,22474,0
Female,High School,Married,33,60000,57561,57766,49351,28549,29063,28863,2100,3000,1500,1500,1100,55666,46351,27049,27563,27763,0
Male,Graduate,Married,36,380000,28057,14266,22101,24038,41215,35010,14412,22211,24159,41417,35184,-146,-110,-121,-202,-174,0
Male,Graduate,Married,38,240000,0,0,0,0,0,690,0,0,0,0,690,0,0,0,0,0,0
Female,University,Single,30,70000,19758,8960,9949,10298,10511,9764,1162,1151,500,513,424,7798,8798,9798,9998,9340,0
Female,High School,Married,33,180000,170126,171247,156803,159342,10400,20650,5950,7133,7369,600,20650,165297,149670,151973,9800,0,0
Female,University,Single,42,150000,2800,67568,0,0,6674,0,67568,0,0,6674,0,0,0,0,0,0,0
Male,Graduate,Single,34,140000,124640,131032,132065,129307,131154,134470,9900,4700,800,4012,9800,121132,127365,128507,127142,124670,1
Male,University,Single,25,200000,107001,108619,110149,110333,85201,84809,5000,5000,5000,3000,5000,103619,105149,105333,82201,79809,1
Female,Graduate,Single,24,130000,126874,129837,131332,97878,99594,98667,6500,5400,3446,3561,4000,123337,125932,94432,96033,94667,1
Female,University,Married,30,180000,4747,4221,9065,5016,5931,6826,1200,5000,1000,1000,1000,3021,4065,4016,4931,5826,0
Female,University,Single,30,50000,4166,2859,1452,1190,543,920,2859,1452,1190,543,920,0,0,0,0,0,0
Female,University,Single,24,80000,0,0,0,0,0,0,0,0,0,0,0,0,0,0,0,0,0
Female,University,Married,23,40000,31772,30983,33168,33527,32854,33947,0,3000,1200,0,1641,30983,30168,32327,32854,32306,0
Female,Graduate,Married,36,210000,167,0,0,0,0,0,0,0,0,0,0,0,0,0,0,0,0
Female,Graduate,Single,29,150000,560,290,549,204,16048,0,390,649,145,16048,0,-100,-100,59,0,0,0
Female,Graduate,Single,62,280000,2500,2500,2500,2500,2500,2500,0,0,0,0,0,2500,2500,2500,2500,2500,1
Male,University,Single,28,100000,180765,64653,10388,3762,1434,12609,3018,1400,3786,1774,12714,61635,8988,-24,-340,-105,0
Male,University,Married,33,100000,66393,67827,69202,70153,71468,72930,3100,3100,2700,2600,2650,64727,66102,67453,68868,70280,1
Male,High School,Single,23,50000,11744,10935,11664,10872,9392,9456,1507,1500,300,500,500,9428,10164,10572,8892,8956,1
Female,High School,Married,25,150000,29823,25968,24823,22908,19325,12854,1630,7000,5000,3000,257,24338,17823,17908,16325,12597,0
Male,Graduate,Single,40,20000,20324,18509,20076,20035,14057,0,1500,20000,909,1000,0,17009,76,19126,13057,0,0
Female,Graduate,Married,50,270000,1363,0,6098,3500,7324,9466,0,6098,3500,7324,9466,0,0,0,0,0,0
Female,University,Married,28,20000,390,390,390,390,390,0,390,390,390,390,0,0,0,0,0,0,1
Female,Graduate,Single,28,50000,34018,35165,36076,37478,38173,39012,2000,1800,2000,1000,1000,33165,34276,35478,37173,38012,1
Male,University,Married,53,250000,177537,198017,192962,156134,161603,166631,25000,0,7000,8000,8000,173017,192962,149134,153603,158631,0
Female,Graduate,Single,33,80000,60156,60309,30640,15917,35608,23470,5027,3000,3000,20000,767,55282,27640,12917,15608,22703,0
Male,University,Married,40,400000,405366,397754,389903,384981,381863,359314,0,0,0,106,2281,397754,389903,384981,381757,357033,1
Male,Graduate,Single,35,50000,20579,19948,19521,19247,19816,20015,4,2000,807,1000,1000,19944,17521,18440,18816,19015,0
Female,University,Married,53,50000,7061,2229,10939,12575,1341,998,2233,10939,12575,1341,998,-4,0,0,0,0,0
Female,Graduate,Married,34,50000,49135,49209,36372,30305,29742,30556,1971,2000,3342,0,1400,47238,34372,26963,29742,29156,0
Female,University,Married,44,280000,286706,272243,203744,203520,207878,211812,10480,8041,7200,7500,7093,261763,195703,196320,200378,204719,0
Female,Graduate,Single,29,240000,59,548,208,0,44,19,548,208,0,44,0,0,0,0,0,19,1
Female,University,Married,27,30000,19193,20084,20460,19836,20266,21568,1500,1000,0,900,1800,18584,19460,19836,19366,19768,1
Male,Graduate,Single,29,250000,520,2047,1155,3582,580,1398,2047,1155,3582,580,1398,0,0,0,0,0,0
Female,Graduate,Other,55,150000,280,280,759,754,480,165,280,759,754,480,0,0,0,0,0,165,0
Female,University,Single,23,60000,28406,28781,29219,29036,29493,29776,1790,1760,1200,1500,1367,26991,27459,27836,27993,28409,0
Male,University,Married,35,50000,0,1118,667,0,0,0,1118,673,0,0,0,0,-6,0,0,0,0
Male,University,Married,33,160000,102292,105536,110390,122358,120714,124145,4500,6200,15000,0,5000,101036,104190,107358,120714,119145,0
Male,University,Married,44,100000,11119,12376,4419,2946,1473,3230,3000,0,0,0,3230,9376,4419,2946,1473,0,0
Male,Graduate,Single,31,70000,67270,67807,70410,68248,47910,48820,3400,4602,63,1800,1731,64407,65808,68185,46110,47089,0
Female,University,Single,35,200000,1709,2400,675,0,0,0,2400,675,0,0,0,0,0,0,0,0,0
Female,Graduate,Single,51,500000,187,369,535,-13,20807,20897,370,537,0,20911,21001,-1,-2,-13,-104,-104,0
Female,Graduate,Single,28,180000,3775,5570,4722,8643,7783,12398,2005,31,5000,1000,5000,3565,4691,3643,6783,7398,0
Male,Graduate,Single,31,30000,28398,18550,13198,13222,14620,17376,2081,1196,1000,2000,3000,16469,12002,12222,12620,14376,0
Male,Graduate,Married,51,360000,353200,337593,341528,350949,355869,210989,13806,12303,15005,13729,7700,323787,329225,335944,342140,203289,0
Male,Graduate,Single,36,150000,95716,96181,99933,102278,104710,107148,3226,4959,5000,2790,5083,92955,94974,97278,101920,102065,0
Male,University,Single,26,80000,81268,78311,79915,81371,79916,79227,3450,3508,3405,3359,3108,74861,76407,77966,76557,76119,1
Female,Graduate,Single,25,150000,25484,26726,27810,172,0,0,1726,1810,172,0,0,25000,26000,0,0,0,0
Male,University,Married,50,230000,21570,4700,0,0,0,0,4700,0,0,0,0,0,0,0,0,0,0
Female,University,Single,36,100000,14891,-709,-1813,-2011,1751,2238,0,0,0,3989,946,-709,-1813,-2011,-2238,1292,0
Female,High School,Married,36,60000,57285,61118,61947,60353,4980,2160,5336,2550,16,0,0,55782,59397,60337,4980,2160,1
Male,Graduate,Single,23,50000,29772,17515,10483,4697,4793,4891,1229,1000,94,96,98,16286,9483,4603,4697,4793,0
Male,University,Single,22,20000,12553,14551,15016,14480,15093,17077,2500,1000,0,1000,2400,12051,14016,14480,14093,14677,1
Female,Graduate,Single,30,290000,560,463,100,0,100,0,463,100,0,100,0,0,0,0,0,0,0
Male,Graduate,Single,29,110000,109241,109833,108778,74692,77912,49264,5209,3009,1494,3220,2004,104624,105769,73198,74692,47260,0
Female,University,Single,22,50000,22458,22571,22309,22315,22934,23243,1513,1500,1000,978,839,21058,20809,21315,21956,22404,0
Female,University,Married,43,230000,222819,232264,227054,196356,199525,201836,14300,158,7100,7400,7500,217964,226896,189256,192125,194336,1
Male,University,Single,30,50000,200,200,200,200,-200,0,0,0,0,0,200,200,200,200,-200,-200,1
Female,University,Single,26,150000,9189,4359,4880,0,0,2250,2000,4880,0,0,2250,2359,0,0,0,0,0
Male,University,Married,40,20000,836,836,390,390,390,390,836,390,390,390,390,0,0,0,0,0,1
Female,High School,Married,45,90000,83760,80136,76823,47008,32358,33318,0,3365,2051,1200,1500,80136,73458,44957,31158,31818,1
Female,Graduate,Single,26,60000,0,-108,-216,-324,-432,-540,108,108,108,108,108,-216,-324,-432,-540,-648,0
Male,Graduate,Single,26,80000,67229,24772,20000,20000,20000,0,2089,6000,200,0,0,22683,14000,19800,20000,0,0
Male,University,Married,25,280000,3863,84601,67765,63628,60860,60316,89295,2192,1899,1673,2125,-4694,65573,61729,59187,58191,0
Female,Graduate,Married,36,230000,3240,0,0,0,0,0,0,0,0,0,0,0,0,0,0,0,0
Female,High School,Single,58,100000,43386,44686,45634,46576,47519,51404,2000,2000,2000,2000,5000,42686,43634,44576,45519,46404,0
Female,Graduate,Single,24,80000,390,1063,390,741,390,765,1063,390,741,390,765,0,0,0,0,0,0
Female,University,Married,41,60000,60255,58374,48442,53444,27705,28291,2000,2500,1000,2400,1200,56374,45942,52444,25305,27091,0
Male,University,Married,35,70000,70480,66646,69641,46458,50679,50061,3237,4938,1693,5000,2200,63409,64703,44765,45679,47861,0
Female,University,Married,49,110000,115672,109892,67912,50994,40652,5785,5085,2044,2026,2097,1011,104807,65868,48968,38555,4774,0
Male,University,Single,26,60000,1396,1653,392,502,962,422,1700,0,500,1000,0,-47,392,2,-38,422,0
Male,University,Single,26,110000,34949,35686,37086,37967,40551,39749,1600,2000,1500,3200,0,34086,35086,36467,37351,39749,0
Male,High School,Married,54,120000,632,632,316,316,316,316,0,0,316,316,316,632,316,0,0,0,0
Female,University,Single,43,280000,4172,3560,-40,-40,8160,657,0,40,0,8200,657,3560,-80,-40,-40,0,0
Female,University,Single,23,50000,47598,40714,38124,19893,20314,18810,2559,1969,684,713,672,38155,36155,19209,19601,18138,0
Female,Graduate,Single,22,20000,2654,0,8369,433,1669,7800,0,8369,433,1669,7800,0,0,0,0,0,0
Female,Graduate,Single,30,240000,498,-2,20517,0,11423,0,0,20519,0,11423,0,-2,-2,0,0,0,0
Male,University,Single,22,50000,22616,21415,20769,21339,19382,18577,1668,1283,853,1000,758,19747,19486,20486,18382,17819,0
Female,University,Single,27,200000,65489,41413,40400,25570,10060,8619,4013,2684,5625,1020,3044,37400,37716,19945,9040,5575,0
Male,University,Single,28,320000,11639,7508,5591,2371,4754,4932,2552,2016,0,12,5036,4956,3575,2371,4742,-104,0
Male,University,Married,56,20000,17740,17166,19148,18542,20122,19400,0,2273,0,1882,0,17166,16875,18542,18240,19400,1
Male,University,Single,44,50000,47505,48471,44301,19052,17569,17976,2100,2100,800,1000,700,46371,42201,18252,16569,17276,1
Male,University,Married,41,180000,859,1811,1335,366,1811,1828,1811,1335,366,1811,1828,0,0,0,0,0,1
Male,Graduate,Married,28,80000,78429,0,0,0,0,0,0,0,0,0,0,0,0,0,0,0,0
Female,University,Married,48,240000,-5,-5,1056,-4,950,158,0,1061,0,954,158,-5,-5,-4,-4,0,1
Female,University,Single,28,260000,500,10500,10500,10500,10500,10500,10500,10500,10500,10500,10500,0,0,0,0,0,0
Female,Graduate,Married,40,80000,0,1027,1273,174,-156,-156,2054,1273,174,0,0,-1027,0,0,-156,-156,0
Male,University,Married,40,80000,64120,63656,63023,60237,60263,59180,2438,3000,2100,2200,2400,61218,60023,58137,58063,56780,1
Male,University,Married,47,100000,66539,71766,69111,64287,67838,66135,7000,0,2500,5500,0,64766,69111,61787,62338,66135,0
Male,University,Married,64,20000,528,0,264,264,255,678,0,264,264,255,687,0,0,0,0,-9,1
Female,University,Single,31,130000,97544,99208,102946,103750,105818,98401,4000,5300,3700,3600,3700,95208,97646,100050,102218,94701,0
Female,University,Married,28,120000,0,0,0,0,0,0,0,0,0,0,0,0,0,0,0,0,0
Female,University,Married,35,90000,84681,81491,81003,68764,67957,69313,3666,3914,2774,2620,2640,77825,77089,65990,65337,66673,0
Female,University,Single,25,180000,3231,12513,-628,4940,1740,390,15000,0,10000,6000,6000,-2487,-628,-5060,-4260,-5610,0
Female,Graduate,Single,32,80000,60542,61715,60582,61453,61858,61104,3000,2100,2349,2200,2200,58715,58482,59104,59658,58904,0
Male,University,Married,45,130000,390,390,390,390,390,0,390,390,390,390,0,0,0,0,0,0,1
Female,Graduate,Single,26,230000,17532,13033,2688,2688,2688,6393,10000,2688,2688,2688,6393,3033,0,0,0,0,0
Female,Graduate,Single,26,130000,3597,4398,3738,1396,13069,1285,4398,3746,1396,13069,1285,0,-8,0,0,0,1
Male,University,Single,33,190000,176028,166336,162100,155584,157988,154366,7063,8004,5500,7000,6000,159273,154096,150084,150988,148366,0
Female,Graduate,Single,31,210000,182501,187796,190227,127436,129714,131440,9000,8000,5000,5000,5000,178796,182227,122436,124714,126440,0
Female,High School,Married,52,20000,11271,13513,12999,14456,16313,15766,2743,0,1686,2089,0,10770,12999,12770,14224,15766,0
Male,Graduate,Single,23,20000,15196,16373,17590,18107,18756,19949,1428,1500,800,936,2000,14945,16090,17307,17820,17949,0
Female,University,Single,30,280000,61282,53394,17644,0,5468,0,7900,4157,0,5468,0,45494,13487,0,0,0,0
Female,Graduate,Married,47,500000,12943,4814,18365,8728,28521,27920,5025,18571,5000,20000,0,-211,-206,3728,8521,27920,0
Male,Graduate,Married,39,230000,1319,770,3465,0,486,634,770,3465,0,486,634,0,0,0,0,0,1
Male,University,Married,31,130000,131635,126548,127748,100291,93552,95521,0,5100,4100,3392,3521,126548,122648,96191,90160,92000,1
Male,Graduate,Single,40,660000,142417,122122,104284,113345,111423,119349,6500,6000,15000,0,10000,115622,98284,98345,111423,109349,0
Female,High School,Married,50,350000,41069,312,34034,1157,8584,2076,315,34034,1157,8584,2076,-3,0,0,0,0,0
Male,High School,Single,24,40000,39149,39189,40543,38922,39901,40746,1658,2012,1392,1605,1668,37531,38531,37530,38296,39078,1
Female,High School,Married,33,50000,51421,50322,49741,28442,28597,29375,0,1379,945,2002,2008,50322,48362,27497,26595,27367,1
Male,University,Married,43,20000,18908,19232,20087,19874,19963,14879,1700,1530,700,700,600,17532,18557,19174,19263,14279,1
Female,University,Married,35,80000,76978,0,0,0,0,0,0,0,0,0,0,0,0,0,0,0,0
Female,University,Single,23,50000,49100,47910,32842,19748,19403,19536,15000,2024,5004,1000,1000,32910,30818,14744,18403,18536,0
Male,University,Married,40,290000,273270,272944,286497,279146,179536,79060,12022,24000,3,10023,10000,260922,262497,279143,169513,69060,0
Female,Graduate,Single,27,80000,1152,7900,0,0,333,183,7900,0,0,333,0,0,0,0,0,183,0
Male,High School,Single,29,230000,237332,236068,236702,236309,237399,229421,8000,10000,9000,9000,0,228068,226702,227309,228399,229421,0
Female,University,Married,29,30000,26414,27189,28235,28669,29355,29913,1500,1800,1200,1300,1200,25689,26435,27469,28055,28713,0
Female,Graduate,Single,29,200000,2704,4959,5800,6000,0,0,4959,1000,200,0,0,0,4800,5800,0,0,0
Female,University,Single,26,50000,26023,27054,29458,29737,29123,29854,1453,2857,1058,0,1216,25601,26601,28679,29123,28638,1
Male,University,Married,57,50000,51187,50106,48608,19600,20000,0,0,0,392,400,0,50106,48608,19208,19600,0,0
Female,Graduate,Married,48,200000,8000,7919,4684,2992,7559,4967,7919,4687,3051,7559,4967,0,-3,-59,0,0,0
Male,University,Single,23,20000,17821,19099,0,1728,1953,1780,2000,0,1728,225,0,17099,0,0,1728,1780,0
Female,High School,Single,48,50000,45163,25870,28027,28007,28770,28929,1500,3000,1200,1200,1162,24370,25027,26807,27570,27767,0
Male,Graduate,Single,31,90000,79397,77962,73870,58792,58402,59633,2950,3000,2205,2300,2300,75012,70870,56587,56102,57333,1
Female,University,Single,23,30000,22517,24148,25437,28391,27801,28684,2000,2000,3700,0,1500,22148,23437,24691,27801,27184,0
Female,University,Single,30,80000,79194,80575,76782,48643,49263,49869,3077,2291,1723,1775,1802,77498,74491,46920,47488,48067,0
Male,University,Single,31,20000,0,184,184,5932,7725,7679,184,0,5924,2000,2451,0,184,8,5725,5228,0
Female,Graduate,Single,30,50000,19930,36105,29604,27764,28656,29087,28019,13000,0,2000,1000,8086,16604,27764,26656,28087,0
Male,Graduate,Single,33,100000,84647,87369,88489,83639,80893,81643,4085,3505,3479,3097,3259,83284,84984,80160,77796,78384,0
Female,Graduate,Single,28,210000,18755,6122,54832,2233,0,0,6122,54832,2351,0,0,0,0,-118,0,0,0
Female,Graduate,Married,38,500000,0,0,2331,0,0,2199,0,2331,0,0,2199,0,0,0,0,0,0
Male,University,Single,25,30000,7527,9705,9009,9333,9505,8699,2700,0,1000,700,0,7005,9009,8333,8805,8699,1
Female,University,Married,41,160000,24674,23583,22983,22983,0,0,2800,0,200,0,0,20783,22983,22783,0,0,1
Female,Graduate,Single,28,180000,168318,127111,74197,-19,-19,142176,4163,1898,0,0,142195,122948,72299,-19,-19,-19,0
Female,Graduate,Married,37,490000,36518,77996,274442,233793,49461,12207,77996,274526,4693,989,12207,0,-84,229100,48472,0,0
Male,Graduate,Single,29,50000,1162,37702,32617,28814,16478,25349,37719,1095,2000,10000,13352,-17,31522,26814,6478,11997,0
Male,Graduate,Single,27,130000,87685,89577,91199,89446,91336,84756,3300,3130,3100,3200,3100,86277,88069,86346,88136,81656,0
Female,University,Single,34,50000,0,0,400,0,600,600,0,400,0,600,0,0,0,0,0,600,1
Female,Graduate,Married,58,200000,283,5361,6309,385,0,0,5361,6309,385,0,0,0,0,0,0,0,0
Female,Graduate,Single,27,50000,42764,42459,37166,31989,33587,32514,732,1200,1300,2651,0,41727,35966,30689,30936,32514,1
Female,Graduate,Single,33,180000,18205,22876,26930,29530,47722,2500,5000,5000,3000,0,0,17876,21930,26530,47722,2500,0
Female,Graduate,Single,39,500000,1950,2900,1950,2739,2739,170,2900,2000,2739,0,170,0,-50,0,2739,0,1
Female,University,Married,46,210000,3095,2768,5536,2768,1075,2006,2768,5536,0,1075,2006,0,0,2768,0,0,1
Male,Graduate,Single,35,20000,10216,10653,11371,10906,11588,12416,900,1200,0,1000,1400,9753,10171,10906,10588,11016,1
Female,University,Other,29,190000,0,0,306,306,306,0,0,306,0,0,0,0,0,306,306,0,0
Male,High School,Single,29,140000,142132,142239,142140,142111,194934,95484,5600,6150,5900,4000,4000,136639,135990,136211,190934,91484,0
Male,High School,Single,51,20000,21353,20736,20000,0,0,0,0,38,0,0,0,20736,19962,0,0,0,1
Female,Graduate,Single,29,420000,57707,133661,135987,134719,135426,111697,86000,7000,4500,5000,4000,47661,128987,130219,130426,107697,0
Female,Graduate,Single,29,180000,10447,18006,4815,10060,49264,5983,18006,5860,11470,49613,5983,0,-1045,-1410,-349,0,0
Male,University,Single,28,290000,240745,216678,205930,209010,213471,217561,9323,9000,8000,8000,7800,207355,196930,201010,205471,209761,0
Female,Graduate,Single,40,190000,78388,80740,83134,96310,98411,107391,3600,4000,14000,3000,10000,77140,79134,82310,95411,97391,0
Male,Graduate,Married,39,360000,1139,264,2193,528,264,264,0,2193,528,0,264,264,0,0,264,0,0
Male,University,Married,53,20000,15794,16515,17827,17874,18288,18557,1281,1593,640,702,612,15234,16234,17234,17586,17945,1
Female,University,Married,32,260000,200581,196761,78041,55871,28775,27497,7651,1765,1304,772,930,189110,76276,54567,28003,26567,0
Male,High School,Married,55,20000,19420,19810,20037,19640,15378,7284,1000,1400,393,308,1000,18810,18637,19247,15070,6284,0
Male,High School,Married,52,50000,19438,20696,19533,17328,14614,15573,2003,2003,1500,1000,2000,18693,17530,15828,13614,13573,0
Male,Graduate,Married,55,250000,0,0,0,0,0,0,0,0,0,0,0,0,0,0,0,0,0
Female,University,Married,26,30000,-32,5588,1200,2444,2309,0,11208,1211,2444,2615,0,-5620,-11,0,-306,0,0
Male,University,Single,30,460000,396155,367501,257836,388058,324478,313547,15299,7524,324097,12039,12006,352202,250312,63961,312439,301541,0
Male,University,Single,26,80000,80233,79849,77796,30300,29922,29120,4000,2300,1300,1300,1500,75849,75496,29000,28622,27620,0
Female,University,Married,35,60000,5601,5366,6772,6515,7906,7487,0,1500,0,1500,0,5366,5272,6515,6406,7487,0
Female,University,Single,26,80000,67798,69206,70057,71886,73724,75498,3100,2600,3000,3000,3000,66106,67457,68886,70724,72498,0
Female,University,Married,28,90000,10962,13244,7097,6624,6806,6266,4512,2500,2397,2150,709,8732,4597,4227,4656,5557,1
Female,University,Single,34,50000,27080,23365,24962,25557,26156,26032,1500,2000,1000,1000,1000,21865,22962,24557,25156,25032,0
Male,High School,Single,50,50000,50693,43217,32829,26811,24477,24177,1900,1677,900,1023,1024,41317,31152,25911,23454,23153,0
Female,Graduate,Married,41,360000,0,105,0,0,71,77,105,0,0,71,77,0,0,0,0,0,1
Female,Graduate,Married,49,360000,0,0,0,0,0,0,0,0,0,0,0,0,0,0,0,0,0
Female,Graduate,Single,29,230000,106984,102650,0,30866,32332,30480,4650,0,30866,2000,2000,98000,0,0,30332,28480,0
Female,University,Married,39,240000,9000,2831,68105,95615,123931,151559,2831,68116,30800,30000,30000,0,-11,64815,93931,121559,0
Female,University,Married,27,110000,81700,84584,60379,64369,66400,68294,5000,3000,5000,4000,3000,79584,57379,59369,62400,65294,0
Female,University,Married,28,210000,1412,1194,404,2851,2959,693,1194,404,2851,2959,782,0,0,0,0,-89,1
Female,Graduate,Single,28,300000,4553,4042,2060,0,78794,80385,1033,1000,0,78794,2900,3009,1060,0,0,77485,0
Male,High School,Married,65,200000,183653,167157,144218,137975,132600,121028,7130,6611,4282,4367,4079,160027,137607,133693,128233,116949,0
Male,University,Single,29,220000,223773,223304,221631,182629,165314,161971,8391,9000,6901,6000,6000,214913,212631,175728,159314,155971,0
Female,High School,Married,45,90000,2579,2516,0,298,659,636,2514,0,298,659,636,2,0,0,0,0,0
Female,University,Married,44,210000,89755,90031,70660,71172,71844,69923,3600,3100,2900,2600,2700,86431,67560,68272,69244,67223,0
Male,Graduate,Single,31,500000,81252,14979,26089,13333,13256,106200,16527,27243,1000,13256,106354,-1548,-1154,12333,0,-154,0
Female,Graduate,Single,33,160000,6113,980,11140,2659,14336,16533,980,11490,2673,14558,16615,0,-350,-14,-222,-82,0
Female,Graduate,Married,47,140000,141530,130248,133547,134346,133933,137585,7000,7004,5013,5000,6000,123248,126543,129333,128933,131585,0
Female,Graduate,Married,42,120000,23331,12125,13903,13858,14777,46061,5000,5000,5000,5000,10000,7125,8903,8858,9777,36061,0
Male,University,Single,46,80000,44302,45311,46321,47259,48230,49351,1192,1202,1135,1165,1326,44119,45119,46124,47065,48025,0
Female,University,Married,38,240000,56331,13594,0,0,0,0,3004,0,0,0,0,10590,0,0,0,0,0
Female,Graduate,Single,30,170000,49341,49227,51798,53332,56303,59198,4000,4000,3000,4000,4000,45227,47798,50332,52303,55198,0
Male,University,Single,38,30000,26825,18401,18432,17844,18237,10900,2100,2500,1000,1000,3000,16301,15932,16844,17237,7900,0
Female,Graduate,Married,31,260000,8078,27201,27879,28420,39206,37705,20000,2000,2000,12000,0,7201,25879,26420,27206,37705,0
Male,Graduate,Married,34,400000,0,0,0,0,0,0,0,0,0,0,0,0,0,0,0,0,0
Female,University,Married,31,500000,21008,17863,15219,14044,14191,13650,1500,2000,1100,505,700,16363,13219,12944,13686,12950,0
Female,Graduate,Single,32,100000,0,325,650,325,647,7706,650,650,0,647,7706,-325,0,325,0,0,1
Male,Graduate,Married,39,240000,236229,222103,221963,181559,173023,156115,8019,7218,10060,5893,7008,214084,214745,171499,167130,149107,0
Male,High School,Married,53,10000,1772,8304,9506,9702,9999,10344,8304,1500,500,600,800,0,8006,9202,9399,9544,0
Female,University,Married,36,80000,2741,9266,1125,4380,2210,1150,9266,1125,4401,2210,1150,0,0,-21,0,0,0
Male,University,Single,28,60000,55731,57239,57183,24564,24155,25023,3000,1800,1000,1100,1200,54239,55383,23564,23055,23823,0
Female,Graduate,Single,38,200000,0,0,0,0,0,0,0,0,0,0,0,0,0,0,0,0,0
Female,University,Single,41,260000,252582,253302,254767,190432,105466,2312,9725,10617,8555,4722,2146,243577,244150,181877,100744,166,1
Female,University,Married,39,260000,255674,260778,124739,126892,131160,133400,10663,4520,4537,6308,6000,250115,120219,122355,124852,127400,1
Male,Graduate,Single,30,260000,496,496,992,992,496,1488,496,992,496,0,1488,0,0,496,496,0,0
Male,Graduate,Married,34,300000,1257,6467,7655,7507,7659,-574,5600,1500,0,300,0,867,6155,7507,7359,-574,0
Female,University,Single,27,310000,44834,35597,34161,38689,32710,24343,2015,2000,5034,1045,776,33582,32161,33655,31665,23567,0
Female,Graduate,Married,32,140000,129371,131025,39505,40894,39229,40679,5650,1650,2007,1500,2100,125375,37855,38887,37729,38579,0
Female,University,Married,50,200000,4608,-200,0,12141,0,0,0,200,12141,0,0,-200,-200,0,0,0,1
Male,University,Married,39,230000,326,326,326,326,326,326,326,326,326,326,326,0,0,0,0,0,0
Male,University,Single,27,50000,91493,47836,47360,48296,47790,49045,3749,2500,2000,2000,2069,44087,44860,46296,45790,46976,0
Female,University,Married,29,180000,3783,2813,839,1557,51680,53115,2000,839,718,50824,2242,813,0,839,856,50873,0
Male,Graduate,Single,26,100000,50848,51118,48443,50352,51399,53078,3000,3000,3000,3000,3000,48118,45443,47352,48399,50078,0
Female,University,Married,49,80000,2222,390,390,390,721,331,0,390,390,721,0,390,0,0,0,331,1
Female,Graduate,Single,39,350000,3860,648,11094,4041,4485,9364,648,11198,4057,4523,9407,0,-104,-16,-38,-43,0
Female,University,Single,32,140000,3003,3134,0,0,1186,0,3134,0,0,1186,0,0,0,0,0,0,1
Female,Graduate,Single,29,360000,148582,96639,82386,50887,52249,35311,90044,10090,50006,20000,5000,6595,72296,881,32249,30311,0
Male,Other,Single,47,10000,7968,8800,0,2640,695,738,1000,0,2640,695,738,7800,0,0,0,0,0
Female,Graduate,Single,25,130000,37112,34653,9522,3939,6939,950,2009,2000,2000,3000,900,32644,7522,1939,3939,50,0
Male,Graduate,Married,41,320000,321281,324449,254293,206521,202697,203332,27000,17000,7030,7000,10000,297449,237293,199491,195697,193332,0
Female,University,Married,34,180000,142024,144790,146552,142714,152219,149618,6500,5600,0,12000,0,138290,140952,142714,140219,149618,1
Female,Graduate,Married,39,180000,43507,44282,23946,0,0,0,2000,2000,0,0,0,42282,21946,0,0,0,0
Female,University,Married,39,150000,156713,152744,150785,140166,143125,151741,0,5694,5014,5215,11016,152744,145091,135152,137910,140725,1
Male,University,Single,27,80000,0,0,0,23374,24836,26412,0,0,23374,2000,2000,0,0,0,22836,24412,0
Male,Graduate,Single,50,70000,56551,34489,32669,31429,31749,21385,1900,1630,890,1300,762,32589,31039,30539,30449,20623,0
Male,University,Married,66,150000,190790,167666,145132,148054,146358,145253,4942,4875,4085,4113,4074,162724,140257,143969,142245,141179,0
Female,High School,Married,36,480000,19311,13368,7000,7331,7000,7000,1368,1000,7331,7000,7000,12000,6000,0,0,0,0
Female,High School,Single,45,50000,51400,0,0,0,0,0,0,0,0,0,0,0,0,0,0,0,0
Female,Graduate,Single,28,100000,0,0,0,0,0,281,0,0,0,0,281,0,0,0,0,0,1
Female,High School,Single,26,50000,26708,25230,26999,27748,28351,28864,2000,3000,1500,1200,1136,23230,23999,26248,27151,27728,0
Male,Graduate,Single,28,280000,139719,136052,118076,101457,81124,42347,6000,4000,4000,4000,3000,130052,114076,97457,77124,39347,0
Female,University,Married,48,20000,780,780,390,780,390,1735,390,0,780,0,1735,390,390,0,390,0,0
Male,High School,Married,50,30000,3607,2644,3895,0,0,0,0,1309,0,0,0,2644,2586,0,0,0,1
Female,University,Married,38,70000,40271,41126,21125,6197,4560,0,3000,7000,1100,1000,0,38126,14125,5097,3560,0,0
Male,High School,Single,59,30000,28372,29152,29643,29593,27952,0,2010,1500,788,559,0,27142,28143,28805,27393,0,0
Female,Graduate,Married,64,200000,0,0,0,0,67052,0,0,0,0,67052,0,0,0,0,0,0,0
Male,Graduate,Single,30,210000,0,855,855,855,855,599,855,0,0,0,599,0,855,855,855,0,0
Female,Graduate,Married,66,210000,132797,135581,138644,141679,92170,93998,4921,5317,5631,3345,3360,130660,133327,136048,88825,90638,0
Male,Graduate,Married,39,470000,79455,74993,48344,45433,45853,21158,2348,1542,1041,2019,789,72645,46802,44392,43834,20369,0
Male,University,Single,38,50000,44620,49641,46396,19673,17083,17694,10000,2014,1000,1000,3000,39641,44382,18673,16083,14694,0
Female,University,Married,37,240000,12365,92184,86507,89138,91118,93229,90500,3000,3000,2500,2500,1684,83507,86138,88618,90729,0
Male,High School,Married,38,60000,32232,25086,24404,25212,28147,30152,4000,0,1500,3500,2600,21086,24404,23712,24647,27552,1
Female,University,Married,33,100000,96547,97120,95375,54612,30306,60897,5305,3590,1118,720,50000,91815,91785,53494,29586,10897,0
Female,University,Single,25,200000,194202,197220,130930,130775,128752,122695,8000,4500,4532,5451,5000,189220,126430,126243,123301,117695,0
Male,Graduate,Married,58,130000,137671,139089,50093,49303,14772,150,4300,1500,0,0,1233,134789,48593,49303,14772,-1083,0
Male,University,Single,24,50000,50628,50705,50328,19542,19439,19683,2235,1858,823,838,702,48470,48470,18719,18601,18981,0
Female,Graduate,Single,34,300000,2500,2500,2500,0,0,0,0,0,0,0,0,2500,2500,0,0,0,1
Male,Graduate,Single,32,210000,2869,2639,0,6299,0,197,0,0,6299,0,197,2639,0,0,0,0,0
Male,Graduate,Single,27,70000,71201,70686,70195,71005,71135,69846,2691,21000,2500,2800,2800,67995,49195,68505,68335,67046,0
Female,High School,Single,49,100000,85438,89125,93751,13700,15474,17211,5105,10000,2000,2000,2000,84020,83751,11700,13474,15211,0
Female,University,Married,25,30000,18757,19419,19341,12459,12244,11550,1475,1000,249,600,201,17944,18341,12210,11644,11349,0
Male,Graduate,Single,30,200000,1528,4179,1689,1851,34808,-30895,4191,1200,1893,42804,10,-12,489,-42,-7996,-30905,0
Male,University,Married,36,360000,6783,2337,10990,74562,-28,5677,2347,11046,74934,0,5705,-10,-56,-372,-28,-28,0
Male,University,Single,24,20000,18585,18003,19012,19100,19506,20037,0,1612,700,714,861,18003,17400,18400,18792,19176,1
Female,Graduate,Single,32,150000,0,258,44476,18547,32581,95780,258,44476,18547,17000,95780,0,0,0,15581,0,1
Female,Graduate,Single,28,750000,9500,9655,401003,399493,400993,409483,250000,401003,7990,11000,417990,-240345,0,391503,389993,-8507,0
Male,University,Single,24,100000,91572,95201,94977,97332,74637,77386,5100,3000,3139,27000,4000,90101,91977,94193,47637,73386,0
Male,University,Married,36,300000,54977,56189,56663,57428,58455,57556,2500,1800,2100,1900,0,53689,54863,55328,56555,57556,1
Female,University,Single,55,90000,82901,64530,33550,34216,34933,35628,1544,3114,1223,1267,1275,62986,30436,32993,33666,34353,0
Male,University,Single,28,50000,21510,23357,32197,12595,13445,13803,2200,10000,3000,1000,1500,21157,22197,9595,12445,12303,0
Female,University,Married,48,120000,78384,77085,73326,72594,72008,74622,4000,3505,3005,3008,7253,73085,69821,69589,69000,67369,0
Female,University,Married,39,120000,44630,37772,27827,3228,3294,0,1999,1040,265,66,0,35773,26787,2963,3228,0,0
Male,University,Married,42,30000,18583,20940,20306,20965,21625,22055,2975,0,1000,1000,790,17965,20306,19965,20625,21265,1
Male,University,Married,43,220000,84466,84356,84151,83591,83789,83885,4000,4000,3500,3500,3500,80356,80151,80091,80289,80385,0
Female,University,Single,31,180000,0,0,0,0,0,0,0,0,0,0,0,0,0,0,0,0,1
Male,High School,Single,52,20000,14038,13568,14630,27408,13984,0,1338,1400,274,560,0,12230,13230,27134,13424,0,1
Female,University,Single,26,140000,135294,137425,134487,135945,131296,139207,7462,6487,5025,6101,10601,129963,128000,130920,125195,128606,0
Female,University,Married,46,400000,30018,19735,26181,134967,52991,163837,19753,26245,135000,53000,163837,-18,-64,-33,-9,0,0
Female,Graduate,Single,27,180000,11168,6496,9733,4088,5428,13138,6678,9740,4088,5428,13138,-182,-7,0,0,0,0
Female,University,Married,36,340000,0,0,0,150,920,0,0,0,150,920,0,0,0,0,0,0,0
Male,High School,Single,46,250000,244563,248218,70004,64953,51507,50338,10925,2351,1886,1616,1756,237293,67653,63067,49891,48582,0
Female,University,Married,50,50000,8925,9208,10238,10700,10762,11587,1200,1200,1000,1000,1000,8008,9038,9700,9762,10587,0
Female,Graduate,Single,24,220000,51908,53087,54167,55267,56586,57993,2017,1965,2000,2210,2500,51070,52202,53267,54376,55493,0
Male,University,Single,35,400000,11052,0,0,53826,55061,71541,0,0,53826,1642,20000,0,0,0,53419,51541,0
Female,Graduate,Married,37,320000,14536,2935,3019,4179,4256,2675,2949,3034,4200,4277,2688,-14,-15,-21,-21,-13,0
Female,University,Married,40,260000,148,359,397,208,790,2788,360,398,208,792,2788,-1,-1,0,-2,0,0
Male,Graduate,Married,42,350000,1134,2985,240,1041,-12,6449,2995,240,1051,0,6461,-10,0,-10,-12,-12,0
Male,University,Single,34,30000,28509,29739,29372,29514,27226,25408,2003,1504,2017,2000,1000,27736,27868,27497,25226,24408,0
Male,University,Single,24,10000,11035,12349,13598,9378,4883,5001,1500,1528,0,730,199,10849,12070,9378,4153,4802,1
Female,University,Single,23,50000,5961,0,0,700,0,0,0,0,700,0,0,0,0,0,0,0,0
Female,High School,Single,23,30000,26280,28952,29482,28712,29311,30065,3420,1300,0,1210,1391,25532,28182,28712,28101,28674,0
Male,Graduate,Single,35,350000,105,3298,50064,8003,8293,23080,3308,50206,40,8334,23102,-10,-142,7963,-41,-22,0
Male,Graduate,Married,37,410000,5770,2290,2756,3560,6661,3877,2290,2756,3560,6661,3877,0,0,0,0,0,0
Female,High School,Married,35,130000,65743,63724,63163,386,1770,384,2606,3174,386,1778,384,61118,59989,0,-8,0,0
Female,High School,Single,28,80000,70194,71912,69776,70985,72444,69685,3500,3000,2500,2500,2500,68412,66776,68485,69944,67185,0
Female,University,Married,51,380000,0,0,0,0,630,1297,0,0,0,630,1613,0,0,0,0,-316,0
Female,Graduate,Married,42,320000,318844,324589,320622,252323,253557,256525,10000,450,7025,7161,8000,314589,320172,245298,246396,248525,0
Male,Graduate,Single,23,20000,3206,4093,5514,5277,5791,5550,1100,1500,0,600,0,2993,4014,5277,5191,5550,1
Male,University,Single,32,50000,48536,41045,41532,18646,19183,19214,3030,2124,646,828,1097,38015,39408,18000,18355,18117,0
Male,University,Single,25,30000,19955,20348,18339,18794,23530,23531,1338,1500,1000,5000,2000,19010,16839,17794,18530,21531,0
Male,University,Single,24,50000,41974,43210,42368,44553,45679,46275,2200,150,3200,2000,1500,41010,42218,41353,43679,44775,0
Male,University,Single,41,50000,40709,37503,18086,18545,15453,15847,3000,2000,1000,1000,800,34503,16086,17545,14453,15047,0
Male,University,Married,51,50000,49083,49462,50004,17751,17725,17688,2238,2170,617,631,635,47224,47834,17134,17094,17053,0
Male,Graduate,Single,27,200000,4770,5983,9018,7380,7042,2583,1300,3138,500,2000,1000,4683,5880,6880,5042,1583,0
Male,University,Single,29,80000,50695,53476,46685,35760,33853,35708,10010,3000,5000,5000,3000,43466,43685,30760,28853,32708,0
Female,High School,Other,53,20000,9677,9578,12102,1473,18177,18046,4578,2795,1473,18177,2046,5000,9307,0,0,16000,0
Female,University,Single,28,180000,2177,1175,0,2530,0,0,1175,0,2530,0,0,0,0,0,0,0,0
Female,Graduate,Single,33,230000,228639,226778,184466,157857,131706,62237,10075,10135,6034,10000,3000,216703,174331,151823,121706,59237,0
Female,University,Single,33,180000,6314,1795,1190,1079,659,90,1795,1190,0,659,90,0,0,1079,0,0,0
Female,University,Single,23,90000,42105,43919,46812,44976,46406,47625,2500,3970,2500,2500,2500,41419,42842,42476,43906,45125,1
Male,University,Single,23,20000,2400,2400,2400,2400,1800,1200,0,0,0,0,0,2400,2400,2400,1800,1200,1
Male,University,Single,32,100000,0,0,0,0,0,0,0,0,0,0,0,0,0,0,0,0,1
Male,High School,Single,44,60000,57694,58749,38110,38525,38346,37416,2800,1900,1300,1363,1500,55949,36210,37225,36983,35916,0
Female,University,Single,35,130000,42950,44293,45004,46257,49312,50252,2036,1747,2000,3800,1900,42257,43257,44257,45512,48352,1
Female,University,Married,55,50000,37984,41234,37701,28181,28711,29368,3900,0,1300,1100,1100,37334,37701,26881,27611,28268,1
Female,Graduate,Single,23,70000,8878,10077,11203,11320,11487,11895,1500,1600,600,500,600,8577,9603,10720,10987,11295,0
Female,University,Single,53,360000,5583,495,1862,230,661,658,495,1862,230,661,658,0,0,0,0,0,0
Male,Graduate,Single,22,20000,19438,20528,19464,18604,18172,14444,1700,0,700,620,800,18828,19464,17904,17552,13644,1
Male,High School,Single,34,20000,390,780,780,0,0,0,780,0,0,0,0,0,780,0,0,0,1
Female,High School,Single,36,440000,7887,2516,5252,13192,29029,27812,2516,5252,13192,20000,1179,0,0,0,9029,26633,0
Male,Graduate,Married,41,400000,1630,816,1617,875,917,5434,816,1617,875,917,5434,0,0,0,0,0,0
Female,Graduate,Single,29,170000,90450,82581,81703,66496,36000,25167,3600,3000,4710,1500,1000,78981,78703,61786,34500,24167,0
Male,University,Married,32,200000,9864,5114,499,499,499,0,0,499,0,0,0,5114,0,499,499,0,0
Female,Graduate,Married,41,220000,30038,22411,7141,3070,2609,10273,1089,7161,4072,2613,10322,21322,-20,-1002,-4,-49,0
Female,University,Married,31,280000,207966,209146,213900,5202,4282,1000,5078,5069,109,97,25,204068,208831,5093,4185,975,0
Male,Graduate,Single,29,360000,90071,83204,75869,58219,45605,32245,3032,2311,1570,1500,983,80172,73558,56649,44105,31262,0
Male,University,Married,51,20000,18462,18175,16184,16913,17640,18688,300,1000,1000,1000,1500,17875,15184,15913,16640,17188,0
Female,Graduate,Married,44,290000,301,768,531,22058,468,681,768,531,22058,468,681,0,0,0,0,0,0
Female,University,Married,33,380000,0,73,32510,474,25877,45038,73,32789,474,25877,20000,0,-279,0,0,25038,0
Male,Graduate,Single,28,180000,2569,2834,394,904,2514,4054,2834,0,900,2000,4000,0,394,4,514,54,0
Female,Graduate,Single,26,120000,1379,9839,4390,850,850,831,9000,4390,0,0,831,839,0,850,850,0,0
Female,University,Single,27,50000,162865,167086,169217,18056,18179,18563,5000,3703,1000,660,686,162086,165514,17056,17519,17877,0
Male,Graduate,Married,48,20000,14246,13727,14725,15018,15338,15242,0,1238,531,555,547,13727,13487,14487,14783,14695,1
Male,University,Single,25,20000,10515,11548,13863,13369,12582,12088,1500,2800,0,0,0,10048,11063,13369,12582,12088,0
Female,University,Single,29,170000,161581,163500,166003,167287,165510,168507,6000,8000,6300,6000,6500,157500,158003,160987,159510,162007,0
Female,University,Single,24,180000,54357,19435,11718,5265,3950,270,1260,1000,105,79,270,18175,10718,5160,3871,0,0
Male,Graduate,Single,36,200000,0,0,0,0,3774,0,0,0,0,3774,0,0,0,0,0,0,0
Male,University,Married,55,200000,181339,177233,188461,191363,188683,196057,0,14000,7000,0,10000,177233,174461,184363,188683,186057,1
Female,Graduate,Single,26,360000,145,3526,8510,7831,8864,10845,3600,8510,4000,5000,5000,-74,0,3831,3864,5845,1
Female,University,Single,26,10000,6346,7364,8374,8540,8719,8905,1129,1139,305,316,331,6235,7235,8235,8403,8574,0
Female,University,Married,60,60000,69183,68216,66616,65016,63449,62149,0,0,0,0,0,68216,66616,65016,63449,62149,0
Female,University,Married,24,40000,25618,26701,30421,29633,31548,30889,1800,4500,0,2400,0,24901,25921,29633,29148,30889,1
Male,University,Single,39,100000,4530,4921,4560,4290,6670,8844,4921,4569,4290,5000,5000,0,-9,0,1670,3844,0
Female,University,Single,23,50000,38333,40401,42897,44388,46528,44986,3000,3500,2500,3000,0,37401,39397,41888,43528,44986,0
Male,Graduate,Single,29,300000,22391,3637,1705,-4,36581,332,4018,1809,0,36583,334,-381,-104,-4,-2,-2,0
Male,High School,Single,29,110000,64351,64739,75697,86483,97054,105553,1415,12182,12201,12403,10350,63324,63515,74282,84651,95203,1
Male,Graduate,Married,37,120000,19020,17570,16907,14920,10866,8788,1363,1564,528,494,3000,16207,15343,14392,10372,5788,0
Male,University,Married,45,150000,64869,57318,35970,26727,71112,63889,3049,2049,0,63889,0,54269,33921,26727,7223,63889,0
Female,University,Single,30,230000,1243,113,7978,2831,3518,846,113,8178,500,1000,846,0,-200,2331,2518,0,0
Female,University,Married,35,180000,43068,316,316,316,316,316,316,316,316,316,316,0,0,0,0,0,0
Female,University,Single,33,320000,7444,5755,34909,16313,9279,5824,5783,35069,4341,46,5849,-28,-160,11972,9233,-25,0
Female,Graduate,Single,23,80000,-12,2321,60,5182,2792,189,2333,0,5182,0,0,-12,60,0,2792,189,0
Female,Graduate,Single,29,160000,1289,2089,5464,2079,1908,1394,2106,5500,2000,2000,1350,-17,-36,79,-92,44,0
Female,University,Single,23,50000,34997,36030,36740,37469,38254,39014,1900,1610,1339,1387,1395,34130,35130,36130,36867,37619,1
Male,University,Single,26,180000,316,692,316,692,316,859,692,316,692,316,859,0,0,0,0,0,0
Male,High School,Single,26,110000,44089,29251,30454,33100,34727,36823,3002,2500,3000,2000,2500,26249,27954,30100,32727,34323,0
Male,Graduate,Single,32,150000,994,10168,-4,5515,3673,6106,10290,0,5519,3,6134,-122,-4,-4,3670,-28,0
Female,High School,Married,52,210000,65265,38627,142285,22092,35141,56188,39000,150109,180,58000,56200,-373,-7824,21912,-22859,-12,0
Male,University,Single,43,10000,654,608,654,5954,0,1308,608,700,5954,0,1308,0,-46,0,0,0,1
Female,University,Single,22,30000,0,2343,126,4462,0,150,2343,0,4462,0,150,0,126,0,0,0,0
Female,Graduate,Single,36,450000,3893,522,2218,99,99,412,600,2300,0,0,412,-78,-82,99,99,0,1
Female,Graduate,Single,25,110000,60491,61874,56386,44181,35538,25417,3000,31,3000,1500,2000,58874,56355,41181,34038,23417,0
Female,University,Married,37,270000,110593,102486,94362,86861,78538,70158,4500,3500,4000,3000,3000,97986,90862,82861,75538,67158,0
Female,High School,Married,46,50000,51207,47915,49073,47889,51139,49000,2162,2284,2100,4200,0,45753,46789,45789,46939,49000,0
Female,High School,Other,43,100000,62300,63759,64448,38500,39469,40653,2464,1902,1378,1589,2000,61295,62546,37122,37880,38653,0
Female,University,Single,30,360000,2500,0,0,0,0,0,0,0,0,0,0,0,0,0,0,0,0
Female,University,Married,32,110000,75505,73740,75231,76265,77860,79251,0,3313,2879,2976,2839,73740,71918,73386,74884,76412,1
Female,High School,Single,55,180000,6770,103101,104834,44452,41810,42641,164163,3877,1535,1517,1526,-61062,100957,42917,40293,41115,0
Female,Graduate,Married,34,230000,190784,195724,198707,201634,205949,210077,9300,7500,7500,7500,7500,186424,191207,194134,198449,202577,0
Female,High School,Married,41,20000,7478,8497,10162,9852,10418,10102,1146,1811,0,876,0,7351,8351,9852,9542,10102,0
Female,Graduate,Single,22,50000,46035,46620,47341,45527,48358,47442,2000,1800,0,4100,0,44620,45541,45527,44258,47442,1
Male,High School,Single,31,10000,5062,5687,6132,5851,5735,6087,1259,1100,197,362,1000,4428,5032,5654,5373,5087,0
Male,Graduate,Married,46,320000,3337,9061,7809,5238,8594,3743,9061,7935,5238,8594,3743,0,-126,0,0,0,0
Female,Graduate,Single,26,280000,36395,35945,36381,36594,37010,36334,1700,1600,1300,1500,2000,34245,34781,35294,35510,34334,0
Male,University,Married,28,20000,18537,19205,19687,19684,19842,19965,1358,1230,617,776,1000,17847,18457,19067,19066,18965,0
Male,University,Single,36,70000,66888,69306,24348,24744,25195,25777,4000,1704,1100,1000,1000,65306,22644,23644,24195,24777,0
Female,University,Single,36,80000,47502,50423,49311,52584,53589,54748,4000,0,4100,2000,2200,46423,49311,48484,51589,52548,0
Female,Graduate,Single,25,200000,92400,0,0,92384,13180,1194,0,0,92384,13196,1200,0,0,0,-16,-6,0
Male,University,Single,24,30000,27306,28312,29327,27836,28423,29813,1747,1800,1136,1178,2430,26565,27527,26700,27245,27383,0
Female,University,Married,41,100000,51345,50249,51421,52684,51400,0,0,2300,2400,0,0,50249,49121,50284,51400,0,1
Male,Graduate,Single,26,110000,64767,67724,49104,51202,50289,50528,6000,2000,3000,2000,2000,61724,47104,48202,48289,48528,0
Female,Graduate,Married,33,300000,356,1313,5273,4345,1106,1322,1320,5273,4598,0,2620,-7,0,-253,1106,-1298,0
Female,University,Married,31,300000,89240,92016,92971,94817,96756,98325,4214,3377,3395,3468,3133,87802,89594,91422,93288,95192,0
Female,Graduate,Single,29,340000,82770,54523,30874,34939,40537,41658,10000,5874,5000,10000,2000,44523,25000,29939,30537,39658,0
Male,Graduate,Married,37,270000,396,396,792,396,396,396,396,792,0,396,396,0,0,396,0,0,1
Male,University,Single,26,100000,80117,46939,17841,15317,12630,11750,2683,2500,3000,6000,2500,44256,15341,12317,6630,9250,0
Male,Graduate,Married,33,50000,46745,45727,45515,45470,4220,4220,0,1200,155,3000,0,45727,44315,45315,1220,4220,0
Female,University,Married,40,360000,352583,343476,279728,264189,271688,288740,10461,10212,8000,10000,20000,333015,269516,256189,261688,268740,0
Female,University,Married,49,90000,91263,70251,45385,46331,47494,48433,3100,1800,1700,2000,1746,67151,43585,44631,45494,46687,0
Male,University,Married,42,140000,127939,100372,84587,65589,69117,65911,5059,14659,5000,8000,5000,95313,69928,60589,61117,60911,0
Female,Graduate,Single,28,150000,1159,2468,1159,1159,11476,10249,2468,0,1159,11476,0,0,1159,0,0,10249,0
Male,High School,Single,34,50000,17095,18261,19313,19304,19725,5770,1448,1500,419,455,115,16813,17813,18885,19270,5655,0
Female,High School,Single,26,30000,28189,27467,26729,27291,28819,29201,0,0,1300,2123,1000,27467,26729,25991,26696,28201,1
Female,University,Married,54,230000,0,880,0,0,0,0,880,0,0,0,0,0,0,0,0,0,0
Female,University,Married,40,240000,0,0,0,0,0,1306,0,0,0,0,1306,0,0,0,0,0,1
Female,Graduate,Married,44,200000,65520,0,0,0,0,17480,0,0,0,0,17480,0,0,0,0,0,0
Male,University,Married,42,330000,118601,4101,133359,138959,102279,106172,4101,133359,6000,2046,106172,0,0,132959,100233,0,0
Male,Graduate,Married,29,110000,51499,50405,49156,46426,43765,41295,1887,1601,1500,1696,1658,48518,47555,44926,42069,39637,0
Female,High School,Married,54,200000,114643,115828,116585,116005,118334,117902,6000,4200,4252,4300,4500,109828,112385,111753,114034,113402,0
Female,University,Other,46,50000,44076,44406,45320,38446,36748,36827,1810,2500,2000,2000,1465,42596,42820,36446,34748,35362,0
Female,Graduate,Single,27,70000,69972,69528,67622,68922,1223,70027,5000,1900,2000,1223,70027,64528,65722,66922,0,0,0
Female,University,Married,59,360000,0,0,0,0,0,0,0,0,0,0,0,0,0,0,0,0,1
Female,University,Single,54,50000,4625,4832,10010,9357,8714,9733,1121,6135,308,316,2000,3711,3875,9049,8398,7733,1
Female,High School,Single,28,80000,4280,2800,0,0,0,0,2800,0,0,0,0,0,0,0,0,0,0
Female,University,Married,69,200000,106878,100879,102998,105090,107718,88964,4000,3800,3802,4363,3500,96879,99198,101288,103355,85464,0
Male,University,Single,27,50000,47261,48054,47434,20099,18682,18538,2055,1935,675,662,650,45999,45499,19424,18020,17888,1
Male,Graduate,Single,27,30000,18239,17963,18425,1183,2000,0,2000,3000,300,3000,0,15963,15425,883,-1000,0,0
Female,Graduate,Single,31,390000,252109,252401,180074,178025,198721,162444,12009,7508,6000,39604,6341,240392,172566,172025,159117,156103,1
Female,Graduate,Married,42,380000,326,326,326,652,326,29326,326,326,652,0,29326,0,0,0,326,0,1
Female,University,Married,46,20000,16294,17327,18335,18935,20624,20702,1600,1600,1200,2600,700,15727,16735,17735,18024,20002,1
Female,University,Single,31,80000,28190,27045,22843,20578,19049,16221,1751,1500,1000,779,545,25294,21343,19578,18270,15676,1
Female,University,Married,49,50000,47649,49100,50380,19144,17625,17246,2220,2500,644,628,642,46880,47880,18500,16997,16604,0
Female,Graduate,Married,25,50000,11324,11811,13008,12540,10746,8482,1500,1433,1465,0,500,10311,11575,11075,10746,7982,0
Male,University,Single,44,200000,541,541,1082,541,541,541,541,1082,0,541,541,0,0,541,0,0,0
Male,High School,Single,28,100000,103728,104908,65800,18300,33336,31558,3184,3000,18300,33336,984,101724,62800,0,0,30574,1
Male,Graduate,Single,31,180000,300,253,0,0,0,0,253,0,0,0,0,0,0,0,0,0,0
Female,University,Single,27,120000,1066,5079,2528,4007,7457,2819,5079,0,4007,7457,2819,0,2528,0,0,0,0
Female,University,Single,31,390000,20852,18376,15229,18229,9290,1826,0,1000,3000,9290,1826,18376,14229,15229,0,0,0
Female,University,Married,37,250000,25366,36567,24079,13141,22728,9300,36655,24104,13144,12000,9300,-88,-25,-3,10728,0,0
Male,University,Married,47,350000,301553,287780,295141,291422,279294,276594,0,21300,10000,0,9500,287780,273841,281422,279294,267094,1
Female,University,Single,30,70000,71856,71916,71442,68144,68671,68863,3377,3504,2620,2791,2639,68539,67938,65524,65880,66224,0
Female,Graduate,Single,33,210000,0,0,0,0,0,0,0,0,0,0,0,0,0,0,0,0,0
Male,Graduate,Single,29,180000,85069,85434,116352,55698,37315,16696,5344,3013,3034,4069,3018,80090,113339,52664,33246,13678,0
Male,Graduate,Single,25,80000,390,390,390,390,390,390,390,390,390,390,390,0,0,0,0,0,1
Female,High School,Single,26,120000,1467,975,246,246,246,884,975,246,246,246,884,0,0,0,0,0,0
Female,Graduate,Married,23,210000,0,0,0,29337,30362,31356,0,0,29337,1500,1500,0,0,0,28862,29856,1
Male,University,Married,38,20000,18669,19304,19905,20302,20133,20000,1326,1317,714,925,400,17978,18588,19588,19208,19600,0
Female,Graduate,Married,38,150000,750,0,0,0,0,2040,0,0,0,0,2040,0,0,0,0,0,1
Male,Graduate,Married,38,390000,30642,31843,32860,33511,34271,35040,2000,1548,1199,1300,1337,29843,31312,32312,32971,33703,0
Female,Graduate,Single,36,310000,6514,8619,6204,2905,7944,13125,8619,6206,2905,7944,13524,0,-2,0,0,-399,0
Female,Graduate,Single,27,230000,10941,12058,13348,14620,15877,16611,1300,1500,1500,1500,1000,10758,11848,13120,14377,15611,0
Female,University,Married,51,90000,12822,10944,12255,12192,12448,12895,1188,1499,436,452,654,9756,10756,11756,11996,12241,0
Male,Graduate,Single,29,140000,11693,13490,16747,16183,17762,17327,2000,3500,0,2000,0,11490,13247,16183,15762,17327,0
Female,Graduate,Single,28,150000,105035,103502,92810,74078,75564,79941,4500,3137,2700,3000,6000,99002,89673,71378,72564,73941,0
Male,University,Single,27,130000,92043,61650,0,0,0,0,2850,0,0,0,0,58800,0,0,0,0,0
Female,Graduate,Single,27,210000,1441,2557,3655,0,41257,35432,3000,3626,0,41257,709,-443,29,0,0,34723,0
Female,Graduate,Single,25,100000,0,3473,0,1012,0,0,3473,0,1012,0,0,0,0,0,0,0,0
Male,Other,Married,36,150000,220889,133616,136378,139219,142172,145065,3800,3900,4000,4100,4100,129816,132478,135219,138072,140965,0
Female,Graduate,Single,29,200000,1467,439,2257,43720,43968,45182,439,2000,42000,1700,2000,0,257,1720,42268,43182,0
Female,University,Single,27,80000,78672,83807,81833,79673,79735,81271,7018,0,3000,3100,3000,76789,81833,76673,76635,78271,0
Male,Graduate,Single,27,230000,5652,7652,2062,2007,2104,394,7662,2066,2007,2108,394,-10,-4,0,-4,0,0
Male,University,Other,37,50000,49642,48381,44113,8522,17948,9390,2060,1014,170,17948,188,46321,43099,8352,0,9202,0
Female,University,Single,33,260000,4141,131000,129698,120375,118847,120361,133280,4813,4039,4095,4271,-2280,124885,116336,114752,116090,0
Male,University,Single,23,110000,43027,44340,48959,49672,50758,49676,2000,5700,1800,2500,0,42340,43259,47872,48258,49676,0
Male,High School,Married,56,20000,14231,16074,14212,14694,13807,14412,2100,1000,1000,700,1000,13974,13212,13694,13107,13412,0
Female,University,Married,42,360000,0,6815,0,1000,6344,2408,6815,0,1000,6344,2408,0,0,0,0,0,0
Male,Graduate,Married,36,160000,67879,36865,47986,0,15655,0,2500,15000,0,15655,0,34365,32986,0,0,0,0
Male,University,Single,35,10000,8857,8661,9055,9665,9297,5555,2300,1000,1000,1000,2000,6361,8055,8665,8297,3555,0
Male,Graduate,Married,31,150000,159734,160247,131511,129369,123191,132072,4800,4006,3669,0,11781,155447,127505,125700,123191,120291,1
Male,Graduate,Married,35,500000,0,0,0,0,0,0,0,0,0,0,0,0,0,0,0,0,1
Male,Graduate,Married,69,500000,1200,5652,271,1234,1015,3579,5652,271,1234,1015,3579,0,0,0,0,0,0
Female,University,Single,28,360000,63352,58601,19567,16658,17249,247,6010,4000,0,2000,247,52591,15567,16658,15249,0,0
Female,Graduate,Single,28,50000,48726,48261,39336,10142,10174,9904,2406,2000,462,736,0,45855,37336,9680,9438,9904,0
Female,Graduate,Married,35,270000,128442,131185,134297,208396,106524,104447,6300,6800,4000,4200,7000,124885,127497,204396,102324,97447,0
Female,High School,Married,58,10000,7569,8598,9590,9782,9986,9173,1158,1150,335,346,336,7440,8440,9447,9640,8837,0
Female,University,Married,29,30000,15455,6570,11000,12460,28778,24244,2000,5000,2000,17000,1500,4570,6000,10460,11778,22744,0
Female,High School,Married,30,80000,0,1684,1509,-357,-357,-357,1684,0,0,0,0,0,1509,-357,-357,-357,0
Female,University,Married,27,360000,896,778,-192,38469,7449,156,782,0,38661,7486,156,-4,-192,-192,-37,0,0
Female,Graduate,Single,26,120000,112774,115733,91961,94433,97787,87413,5000,3500,4000,5000,3500,110733,88461,90433,92787,83913,0
Female,University,Single,35,400000,109943,222085,223350,213831,210563,211925,120018,10071,8037,8018,8809,102067,213279,205794,202545,203116,1
Female,University,Single,26,500000,59039,58262,54586,29280,31284,29371,4028,2077,1001,3008,1305,54234,52509,28279,28276,28066,0
Male,High School,Married,54,140000,1045,1947,998,955,1976,1895,1952,1001,957,1981,1900,-5,-3,-2,-5,-5,0
Male,University,Single,27,110000,29734,31743,33202,34656,38596,40970,2500,2000,2000,4500,4000,29243,31202,32656,34096,36970,0
Male,University,Single,34,30000,29949,24653,29779,29749,30053,29674,6000,12000,6000,6000,5000,18653,17779,23749,24053,24674,0
Female,Graduate,Married,56,140000,138468,93802,94531,96264,98135,100062,4300,3500,3600,3881,4200,89502,91031,92664,94254,95862,0
Female,High School,Married,39,150000,108755,112554,113583,115846,118369,121786,5163,4000,3764,4000,5000,107391,109583,112082,114369,116786,0
Male,High School,Married,37,280000,271276,275970,280276,188923,192333,195774,16991,10447,6006,6006,6147,258979,269829,182917,186327,189627,1
Male,High School,Married,45,20000,5577,5346,9984,19089,18356,17203,0,5000,10089,0,2000,5346,4984,9000,18356,15203,0
Female,High School,Married,36,340000,2566,1689,-11,35947,83360,82516,8,0,35958,50000,0,1681,-11,-11,33360,82516,0
Male,University,Single,25,60000,36090,22083,15444,13695,17598,17472,2017,5,1000,5000,1000,20066,15439,12695,12598,16472,1
Male,Graduate,Married,62,20000,17607,18711,9540,10540,11540,0,1500,1000,1000,1000,0,17211,8540,9540,10540,0,0
Female,Graduate,Single,25,50000,23794,22588,20376,10203,9868,9700,1398,1136,483,340,368,21190,19240,9720,9528,9332,0
Female,University,Married,35,200000,71561,74084,74770,75826,77741,79597,4000,3010,2600,3000,3000,70084,71760,73226,74741,76597,0
Female,Graduate,Single,30,180000,40311,43847,50763,69026,32030,33679,10000,10000,23000,5000,4000,33847,40763,46026,27030,29679,0
Female,Graduate,Married,34,240000,41484,42522,43538,44402,45333,46551,1709,1725,1589,1646,1972,40813,41813,42813,43687,44579,0
Male,University,Single,32,360000,33215,28683,16989,12751,10272,9631,1331,6478,14,443,6093,27352,10511,12737,9829,3538,0
Female,University,Married,26,50000,49744,40859,20706,-1166,19133,19127,1500,1206,0,20689,697,39359,19500,-1166,-1556,18430,0
Male,High School,Single,50,100000,95889,96791,97414,69166,53270,-1465,4200,2785,2291,1965,1465,92591,94629,66875,51305,-2930,0
Female,High School,Single,26,80000,0,0,0,0,0,0,0,0,0,0,0,0,0,0,0,0,1
Female,High School,Married,32,50000,46364,47429,46345,49231,48537,46774,2100,0,3600,1900,0,45329,46345,45631,46637,46774,1
Female,High School,Single,27,420000,1486,-3341,116659,119808,122181,130976,2679,120000,5003,5000,10979,-6020,-3341,114805,117181,119997,1
Female,Graduate,Married,35,190000,980,68738,105265,126905,150953,153223,68738,50000,26905,30000,7000,0,55265,100000,120953,146223,0
Female,University,Married,33,180000,-84,482,6566,6905,7385,7847,982,6500,1000,1000,1000,-500,66,5905,6385,6847,0
Female,Graduate,Single,22,40000,34521,35662,36918,37478,20650,0,2000,2000,1071,1500,0,33662,34918,36407,19150,0,1
Male,University,Single,43,50000,44344,45363,44326,44901,45844,48385,2021,0,1596,1655,3684,43342,44326,43305,44189,44701,1
Male,University,Single,23,10000,2400,2400,2400,2400,2400,2400,0,0,0,0,0,2400,2400,2400,2400,2400,1
Female,Graduate,Single,39,200000,155693,158710,133245,131906,135533,137809,6000,5000,4871,5905,5491,152710,128245,127035,129628,132318,0
Male,High School,Married,39,120000,7764,10721,30607,25005,19771,34315,10730,30629,0,0,27000,-9,-22,25005,19771,7315,0
Female,University,Married,48,100000,44050,44508,42925,45596,46022,46785,1800,0,3548,1668,1677,42708,42925,42048,44354,45108,0
Female,Graduate,Single,24,100000,93411,4081,0,0,0,0,11645,0,0,0,0,-7564,0,0,0,0,0
Male,Graduate,Single,29,360000,229928,32890,-10,-10,2150,0,4905,0,0,2160,0,27985,-10,-10,-10,0,0
Female,University,Married,28,100000,316,316,316,316,2588,782,316,316,316,2588,1098,0,0,0,0,-316,1
Female,University,Married,49,290000,5287,2323,704,2135,1591,5392,2334,707,2145,1599,5419,-11,-3,-10,-8,-27,1
Male,Graduate,Single,34,240000,40286,38008,9497,9124,7128,2745,14,9497,9124,2000,1200,37994,0,0,5128,1545,0
Female,University,Married,37,290000,48978,58858,36129,20369,29521,59219,20078,5017,509,29526,35000,38780,31112,19860,-5,24219,0
Female,University,Single,33,500000,11058,18578,84087,50058,35036,4757,18641,75207,5100,5089,118,-63,8880,44958,29947,4639,0
Male,University,Married,32,50000,14949,14424,15888,15335,16485,16070,0,2000,0,1400,0,14424,13888,15335,15085,16070,1
Female,University,Single,30,220000,18598,24781,22901,23815,37748,16657,10000,2015,5000,20000,3000,14781,20886,18815,17748,13657,0
Male,University,Married,44,20000,17441,17696,18672,18654,19584,19390,1309,1285,657,2000,388,16387,17387,17997,17584,19002,1
Female,University,Married,36,420000,185882,172613,134188,121983,111256,103481,10000,10000,10000,11256,13841,162613,124188,111983,100000,89640,0
Female,Graduate,Single,29,100000,74032,75557,76434,74611,79292,80945,3300,2700,0,5900,3100,72257,73734,74611,73392,77845,0
Female,Graduate,Married,43,230000,3245,1855,5776,1332,5342,3162,1867,5816,1340,5342,4,-12,-40,-8,0,3158,1
Female,University,Married,53,50000,46940,48372,48184,3736,2003,380,2188,1000,75,2003,0,46184,47184,3661,0,380,1
Male,Graduate,Married,42,70000,119687,127218,128391,125183,124527,125255,11100,4551,9,4230,4253,116118,123840,125174,120297,121002,0
Male,Graduate,Single,31,180000,914,907,900,923,922,900,907,900,923,922,900,0,0,0,0,0,0
Male,Graduate,Single,27,90000,3382,4983,3396,1457,750,3091,4983,3396,1464,750,3091,0,0,-7,0,0,0
Male,University,Single,24,50000,44193,44790,29397,29157,29765,29941,1806,1752,1168,1205,1207,42984,27645,27989,28560,28734,0
Female,High School,Single,22,50000,42717,51319,50245,9246,18992,9697,9289,300,332,400,358,42030,49945,8914,18592,9339,0
Female,Graduate,Single,26,60000,0,0,539,37970,39354,40048,0,539,37970,2000,1500,0,0,0,37354,38548,0
Female,High School,Single,41,50000,23203,23534,24838,25429,26020,26541,1000,2000,1000,1000,955,22534,22838,24429,25020,25586,1
Female,Graduate,Married,58,300000,1257,2851,0,4319,0,0,2851,0,4319,0,0,0,0,0,0,0,0
Female,Graduate,Single,36,30000,14254,16598,15908,16029,6501,0,2890,0,321,6501,0,13708,15908,15708,0,0,1
Male,Graduate,Single,25,10000,9501,5794,7109,9082,7165,6951,1300,2000,3000,234,284,4494,5109,6082,6931,6667,0
Male,Graduate,Single,30,70000,36201,25510,11402,8464,6464,-1000,1586,1000,0,0,0,23924,10402,8464,6464,-1000,0
Male,University,Single,32,160000,22506,24135,25418,28196,29961,49404,2000,2000,3000,2000,20000,22135,23418,25196,27961,29404,0
Male,University,Single,30,260000,434442,443629,452727,48238,19335,7093,10000,10031,2141,3074,3000,433629,442696,46097,16261,4093,0
Male,Graduate,Single,39,360000,163150,150666,173353,156875,64965,36290,50122,50181,20609,30291,30121,100544,123172,136266,34674,6169,0
Female,High School,Married,30,60000,15442,16091,17512,18413,19951,21454,1200,2000,1500,2000,2000,14891,15512,16913,17951,19454,0
Female,University,Single,39,180000,57500,785,47392,0,460,0,785,47822,0,460,0,0,-430,0,0,0,0
Female,University,Single,23,40000,33699,34766,33903,36266,36935,33441,1900,0,3200,1350,0,32866,33903,33066,35585,33441,1
Male,University,Single,36,160000,836,836,1672,836,836,836,836,1672,0,836,836,0,0,836,0,0,0
Female,Graduate,Single,35,610000,389335,388150,392776,399343,402432,409912,14117,14100,14144,17100,17500,374033,378676,385199,385332,392412,0
Female,High School,Single,35,50000,9999,11020,12027,12109,12360,12602,1489,1496,578,594,596,9531,10531,11531,11766,12006,0
Male,Graduate,Married,48,320000,201932,215392,218370,220977,225021,221730,18300,8000,7700,7700,0,197092,210370,213277,217321,221730,1
Male,Graduate,Single,29,150000,108756,152194,105290,149530,146455,141711,46980,64890,122080,106625,141711,105214,40400,27450,39830,0,0
Male,Graduate,Married,36,170000,2015,2015,2015,2015,2015,1925,2015,2015,2015,2015,1925,0,0,0,0,0,0
Male,University,Married,53,500000,37979,9482,6058,7859,126683,7440,9482,6058,7859,126683,7440,0,0,0,0,0,0
Male,University,Married,57,200000,780,0,780,390,0,390,0,780,390,0,390,0,0,0,0,0,0
Female,Graduate,Single,27,290000,110359,108371,102628,100000,92238,90447,5000,6039,4000,4000,4000,103371,96589,96000,88238,86447,0
Female,University,Single,53,40000,14186,15264,14708,14704,16997,16568,1600,0,500,2500,0,13664,14708,14204,14497,16568,0
Female,Graduate,Single,30,300000,6045,7151,4790,3145,4274,0,7157,4790,3145,4274,0,-6,0,0,0,0,0
Male,High School,Single,32,50000,40486,41526,42539,43532,42858,43481,1691,1704,1697,1558,1727,39835,40835,41835,41300,41754,1
Male,University,Single,29,20000,10321,11348,12359,13730,13371,13491,1200,1208,1579,0,608,10148,11151,12151,13371,12883,0
Female,University,Married,22,30000,28933,30175,29383,29823,30379,29686,2000,0,1200,1162,1097,28175,29383,28623,29217,28589,0
Male,University,Single,34,140000,94153,100214,97720,98997,101439,103840,8500,0,3800,4200,4250,91714,97720,95197,97239,99590,0
Male,University,Married,32,80000,1253,4091,4111,940,1550,4030,4091,4120,949,1550,4030,0,-9,-9,0,0,0
Female,University,Single,35,260000,0,0,0,8500,2890,210,0,0,8500,2890,210,0,0,0,0,0,0
Female,Graduate,Single,27,130000,-24,-350,30656,29426,29100,-1410,326,32100,0,0,0,-676,-1444,29426,29100,-1410,1
Female,High School,Single,39,380000,55241,49773,81365,87341,87358,103740,10000,60218,10076,15012,20667,39773,21147,77265,72346,83073,0
Male,University,Married,36,200000,0,0,0,0,1680,0,0,0,0,1680,0,0,0,0,0,0,0
Female,High School,Married,46,50000,21453,22365,12874,13341,10556,9396,1634,1143,610,509,500,20731,11731,12731,10047,8896,0
Male,Graduate,Single,25,50000,49654,49917,25239,10228,10107,9178,1600,2310,303,369,331,48317,22929,9925,9738,8847,0
Female,University,Married,26,90000,47121,49332,47590,50000,780,0,3000,2000,3000,780,0,46332,45590,47000,0,0,0
Male,Graduate,Single,25,20000,0,0,0,0,0,1000,0,0,0,0,1000,0,0,0,0,0,1
Female,University,Married,26,140000,75289,90613,54597,31734,27211,23784,20000,3011,0,3000,0,70613,51586,31734,24211,23784,0
Male,High School,Other,45,30000,21325,24355,23670,24002,26373,25798,3376,0,1023,2925,0,20979,23670,22979,23448,25798,0
Male,Graduate,Single,28,230000,6289,10112,8637,7277,2818,2455,5112,7283,0,3000,2455,5000,1354,7277,-182,0,0
Male,High School,Married,36,100000,8674,10520,13337,12829,15446,17178,2000,3000,0,3000,2000,8520,10337,12829,12446,15178,1
Female,Graduate,Single,46,240000,456,0,0,2240,1681,2267,0,0,2240,0,2267,0,0,0,1681,0,0
Male,Graduate,Married,36,200000,0,0,0,0,0,0,0,0,0,0,0,0,0,0,0,0,1
Male,Graduate,Single,26,80000,83593,72883,67337,60807,59088,47829,2727,3170,1940,2200,1700,70156,64167,58867,56888,46129,0
Male,Graduate,Married,56,360000,1094,0,0,1149,2386,5103,0,0,1149,2386,5103,0,0,0,0,0,0
Male,University,Single,37,150000,71341,62432,56091,58919,60363,40448,4117,4002,5000,1925,5316,58315,52089,53919,58438,35132,0
Male,University,Single,27,130000,29078,30110,31119,31891,32429,33035,1506,1515,1287,1200,1341,28604,29604,30604,31229,31694,0
Female,University,Married,56,30000,11564,14099,13580,13657,16356,16540,3042,0,600,2942,600,11057,13580,13057,13414,15940,0
Male,Graduate,Single,33,250000,28306,20367,19509,42394,46739,55573,10000,1504,25000,10000,10002,10367,18005,17394,36739,45571,0
Male,Graduate,Married,42,500000,38525,6281,12855,18041,286939,286836,6283,12859,18041,292462,10593,-2,-4,0,-5523,276243,1
Male,University,Other,43,30000,14870,16327,16762,17182,17760,17327,2000,1000,1000,1000,0,14327,15762,16182,16760,17327,1
Male,Graduate,Married,41,390000,167795,171245,167317,175283,179140,182864,7299,0,12000,6500,6500,163946,167317,163283,172640,176364,1
Female,Graduate,Single,27,390000,78549,81775,82963,84236,84971,87112,4500,4000,3500,4000,3500,77275,78963,80736,80971,83612,0
Male,University,Single,37,360000,-490,-870,390,-710,260,10,0,2000,0,1500,1000,-870,-1610,-710,-1240,-990,0
Female,University,Married,25,90000,57846,50663,45515,42599,38559,36337,2018,2033,2016,2010,2010,48645,43482,40583,36549,34327,0
Female,High School,Married,35,100000,47843,48885,49904,50774,51957,52991,2111,2130,2000,2000,1898,46774,47774,48774,49957,51093,0
Male,High School,Married,31,30000,390,390,390,0,780,0,390,390,0,780,0,0,0,0,0,0,0
Male,High School,Single,25,160000,31400,0,0,0,0,0,0,0,0,0,0,0,0,0,0,0,0
Male,Graduate,Single,26,20000,15397,10403,7207,7351,7512,8380,0,1500,264,280,1000,10403,5707,7087,7232,7380,0
Female,Graduate,Single,36,240000,7283,5266,5113,7113,7113,4178,1263,1000,2000,2500,2000,4003,4113,5113,4613,2178,0
Male,Graduate,Single,26,80000,61851,62271,63154,63519,64351,67122,2000,2500,2000,2000,4000,60271,60654,61519,62351,63122,1
Female,University,Single,22,30000,29668,29744,29068,29567,29144,29541,1555,2165,3002,1005,3000,28189,26903,26565,28139,26541,0
Male,University,Married,45,150000,44832,46939,57181,49453,86869,79150,6020,15043,5021,46034,5002,40919,42138,44432,40835,74148,0
Female,University,Single,28,160000,84668,88294,91784,108310,103166,104677,5000,5000,20000,5000,5400,83294,86784,88310,98166,99277,0
Female,Graduate,Married,58,20000,17241,18463,19640,19114,18679,15000,1500,1626,100,600,300,16963,18014,19014,18079,14700,0
Male,Graduate,Married,45,230000,26071,27937,28774,29202,29683,30277,2200,2000,1100,1000,980,25737,26774,28102,28683,29297,0
Female,University,Married,46,100000,98200,74247,71635,72809,74100,75316,3228,3000,2743,3000,3000,71019,68635,70066,71100,72316,0
Male,University,Single,39,420000,204984,209929,190689,173547,176980,180109,8006,7000,6000,6500,6500,201923,183689,167547,170480,173609,0
Female,University,Married,37,480000,24887,27984,82870,52263,19518,14785,27994,82979,52263,19518,14785,-10,-109,0,0,0,0
Male,High School,Married,37,10000,678,500,381,2977,1000,0,602,381,2986,1203,0,-102,0,-9,-203,0,1
Female,High School,Married,41,180000,100094,101204,98680,100644,102750,104792,3582,0,3605,3731,3752,97622,98680,97039,99019,101040,1
Male,Graduate,Single,32,200000,47244,92754,57928,523,223,7037,62330,57928,523,223,7037,30424,0,0,0,0,0
Male,University,Single,36,140000,44570,45563,46115,47053,48150,49009,2000,1600,2000,2000,1800,43563,44515,45053,46150,47209,1
Female,Graduate,Married,23,20000,11862,11259,12482,10528,9293,17099,1300,1446,500,500,8000,9959,11036,10028,8793,9099,0
Female,Graduate,Single,39,80000,-224,1357,3446,4969,0,2650,1581,3466,4969,0,2650,-224,-20,0,0,0,0
Female,University,Married,29,10000,7170,8158,9593,10104,9923,8032,1500,2000,1000,313,356,6658,7593,9104,9610,7676,1
Male,University,Married,35,50000,15609,14686,15831,16884,18070,19218,0,2100,2000,2000,2000,14686,13731,14884,16070,17218,1
Male,High School,Single,38,340000,660,1131,291,291,291,291,1131,291,291,291,291,0,0,0,0,0,0
Female,University,Single,39,330000,156853,139687,120586,123152,115105,85737,5757,3923,4108,3632,3779,133930,116663,119044,111473,81958,0
Female,Graduate,Married,47,230000,740,740,10860,10120,7050,740,740,10860,0,0,740,0,0,10120,7050,0,0
Male,Graduate,Single,40,360000,0,0,0,0,0,0,0,0,0,0,0,0,0,0,0,0,0
Female,High School,Other,48,30000,18385,20422,18905,24817,29220,17260,4000,0,10000,5000,1700,16422,18905,14817,24220,15560,0
Male,Graduate,Single,42,500000,419352,428101,436809,443840,452841,468305,17008,17326,16101,16634,23501,411093,419483,427739,436207,444804,1
Male,Graduate,Married,42,200000,3664,718,2946,390,390,390,718,2946,390,390,0,0,0,0,0,390,0
Female,University,Married,55,50000,41768,42561,42871,7606,11267,14453,2079,2001,500,4423,4000,40482,40870,7106,6844,10453,1
Female,High School,Single,36,240000,236267,239009,193335,194976,197168,196918,9000,7500,7000,6622,17150,230009,185835,187976,190546,179768,1
Female,Graduate,Married,45,290000,664,0,632,0,3152,316,0,632,0,3152,316,0,0,0,0,0,0
Female,High School,Single,24,20000,-8,4485,0,0,0,0,13148,433,0,0,0,-8663,-433,0,0,0,1
Female,High School,Single,49,60000,28763,25470,24125,22597,20784,15599,0,1301,1000,600,600,25470,22824,21597,20184,14999,0
Male,University,Single,24,160000,76054,73992,73246,71321,141494,72913,3275,3000,3000,3000,3500,70717,70246,68321,138494,69413,0
Female,Graduate,Single,31,200000,1041,1053,3042,1381,1381,27106,2000,2011,0,0,27106,-947,1031,1381,1381,0,0
Female,University,Married,33,70000,43981,33439,24926,10681,7431,4705,1683,3160,3000,3000,5060,31756,21766,7681,4431,-355,0
Male,Graduate,Single,35,140000,10339,18276,25852,14390,13728,2905,10006,10048,5008,2018,2005,8270,15804,9382,11710,900,0
Male,Graduate,Married,44,460000,15264,51372,103119,68541,28269,75942,51383,103142,68541,28269,76056,-11,-23,0,0,-114,0
Female,University,Single,36,160000,2992,1300,8899,6257,-1197,12151,1300,12038,10696,613,14262,0,-3139,-4439,-1810,-2111,0
Female,University,Married,40,200000,6699,4856,-3,-3,-3,-3,4880,0,0,0,0,-24,-3,-3,-3,-3,0
Female,High School,Single,55,80000,78009,78616,49662,48867,48278,46773,2420,2000,1656,1693,1767,76196,47662,47211,46585,45006,0
Female,Graduate,Married,47,310000,5202,6495,5781,7754,12315,14099,3000,1000,4000,5000,5000,3495,4781,3754,7315,9099,0
Female,University,Married,29,290000,63872,62290,63624,64427,62853,63923,0,3000,2406,2431,2433,62290,60624,62021,60422,61490,1
Male,Graduate,Single,27,120000,11472,13485,11649,11435,11400,12661,2652,0,342,521,2000,10833,11649,11093,10879,10661,0
Male,High School,Single,31,20000,13335,15617,15090,16859,16472,21819,2800,0,2001,0,5782,12817,15090,14858,16472,16037,0
Male,Graduate,Single,29,90000,140,0,280,140,133,2506,0,420,0,133,2513,0,-140,140,0,-7,0
Male,Graduate,Married,60,60000,390,390,2840,390,390,769,390,2840,390,390,769,0,0,0,0,0,0
Male,University,Married,39,260000,110529,113505,114531,111037,95454,96370,7010,7004,15,3000,3000,106495,107527,111022,92454,93370,1
Female,University,Single,30,180000,167539,171133,173037,170470,174373,163873,7782,6352,5883,6427,6500,163351,166685,164587,167946,157373,0
Male,High School,Single,41,50000,15502,14446,10339,10766,10945,11214,1500,1500,600,500,600,12946,8839,10166,10445,10614,0
Male,High School,Married,40,50000,34582,25281,15264,12465,13262,13523,2000,2000,1000,1000,482,23281,13264,11465,12262,13041,0
Male,High School,Single,53,50000,48019,49127,43711,33626,19371,19808,2279,1902,1000,841,900,46848,41809,32626,18530,18908,0
Female,Graduate,Single,32,200000,14254,19902,17822,15022,13051,10790,10000,2000,1000,2000,1790,9902,15822,14022,11051,9000,0
Male,University,Married,35,170000,3995,6300,15291,9085,5801,6603,6380,15291,182,116,6603,-80,0,8903,5685,0,0
Female,Graduate,Single,22,50000,49086,48614,44211,27415,26630,8551,2047,1539,633,634,433,46567,42672,26782,25996,8118,0
Male,High School,Married,47,440000,98161,1238,1238,1238,1238,2165,1238,1238,1238,1238,2165,0,0,0,0,0,1
Male,University,Married,28,100000,10000,0,0,0,0,0,0,0,0,0,0,0,0,0,0,0,0
Male,High School,Single,49,50000,26116,27192,29535,28761,29298,30111,1500,2803,0,1000,1300,25692,26732,28761,28298,28811,1
Male,Graduate,Married,47,220000,85224,69475,69651,68255,61183,60982,3209,2913,2435,2300,2378,66266,66738,65820,58883,58604,0
Female,High School,Single,43,150000,1622,12946,0,0,1761,18304,13016,0,0,1761,18306,-70,0,0,0,-2,0
Male,Graduate,Single,28,20000,0,0,0,0,12723,30000,0,0,0,12723,18000,0,0,0,0,12000,0
Female,University,Married,39,160000,40712,29920,0,0,0,0,0,0,0,0,0,29920,0,0,0,0,0
Male,Graduate,Single,28,50000,44476,45984,20972,16359,1340,0,2869,1527,16408,1444,0,43115,19445,-49,-104,0,0
Female,High School,Married,40,130000,102650,0,0,0,0,0,0,0,0,0,0,0,0,0,0,0,0
Male,University,Single,36,20000,15198,19590,18514,30382,0,0,5000,2000,1000,6000,0,14590,16514,29382,-6000,0,1
Female,University,Married,34,200000,28484,3440,8795,13676,-1282,-1282,3440,8795,13676,1282,0,0,0,0,-2564,-1282,0
Female,Graduate,Single,22,20000,483,480,390,390,390,390,487,390,390,390,390,-7,0,0,0,0,0
Female,Graduate,Married,39,300000,1134,611,0,0,706,0,613,0,0,706,0,-2,0,0,0,0,0
Female,Graduate,Single,25,120000,105169,109456,105810,98712,84856,70059,8000,3000,4100,4000,3600,101456,102810,94612,80856,66459,1
Female,Graduate,Single,27,360000,949,40,175512,74334,46985,50276,40,175539,1372,0,50276,0,-27,72962,46985,0,0
Male,Graduate,Other,59,140000,141148,139572,86612,62906,83167,83315,4900,3340,1931,22444,2441,134672,83272,60975,60723,80874,0
Female,University,Single,25,210000,79453,61742,65068,73934,74752,82638,3000,5000,10000,2800,10000,58742,60068,63934,71952,72638,1
Male,Graduate,Single,30,200000,0,0,0,0,0,0,0,0,0,0,0,0,0,0,0,0,0
Female,Graduate,Single,28,130000,31283,32045,28974,23386,23958,24740,1900,1500,1000,1100,1337,30145,27474,22386,22858,23403,1
Female,University,Married,48,240000,101,0,0,0,0,0,0,0,0,0,0,0,0,0,0,0,1
Male,High School,Married,65,80000,25043,17472,8922,3932,2900,0,1374,1026,3944,3208,0,16098,7896,-12,-308,0,0
Female,Graduate,Single,36,500000,0,0,0,0,0,0,0,0,0,0,0,0,0,0,0,0,1
Male,Graduate,Married,46,320000,339202,337495,325700,313988,327542,317129,5000,0,0,23800,0,332495,325700,313988,303742,317129,1
Female,Graduate,Single,56,210000,203653,23520,0,0,0,0,5000,0,0,0,0,18520,0,0,0,0,0
Female,University,Married,42,200000,0,0,0,0,0,0,0,0,0,0,0,0,0,0,0,0,1
Male,Graduate,Single,37,50000,11533,12951,22339,22669,24121,23540,1612,10000,1000,1820,0,11339,12339,21669,22301,23540,0
Female,Graduate,Married,38,340000,4397,13840,10780,8201,7675,5653,13847,10780,0,2000,5653,-7,0,8201,5675,0,0
Male,University,Married,62,240000,1901,3855,3802,1901,2165,1965,3855,1901,0,2165,0,0,1901,1901,0,1965,0
Female,Graduate,Single,28,240000,46746,36935,29718,22828,19808,12606,1868,1683,1500,5000,2606,35067,28035,21328,14808,10000,0
Male,University,Married,40,50000,30211,48389,52230,18887,17693,18074,21190,5144,591,577,609,27199,47086,18296,17116,17465,0
Male,High School,Married,55,50000,19056,18586,17418,15004,15804,17443,1000,1000,1000,1000,4024,17586,16418,14004,14804,13419,0
Female,University,Single,45,20000,13521,4964,882,882,914,930,1000,900,0,182,16,3964,-18,882,732,914,1
Male,Graduate,Married,35,510000,0,2754,3700,0,0,102097,2754,1000,0,0,102097,0,2700,0,0,0,0
Female,Graduate,Single,25,220000,0,0,2598,640,168,1579,0,2598,790,168,1579,0,0,-150,0,0,0
Female,University,Single,30,220000,596,892,7681,11642,23030,22449,892,7681,20000,20000,0,0,0,-8358,3030,22449,0
Male,Graduate,Single,37,60000,42372,35580,28330,28136,26752,27357,1500,1800,1088,1200,1200,34080,26530,27048,25552,26157,0
Female,University,Single,26,40000,5678,9900,9592,10433,10521,10203,4500,0,1000,400,0,5400,9592,9433,10121,10203,1
Male,Graduate,Single,64,50000,46351,20055,18725,17848,14610,11314,1377,1165,522,1000,485,18678,17560,17326,13610,10829,0
Female,Graduate,Married,46,360000,600,2462,2274,0,0,0,2462,0,0,0,0,0,2274,0,0,0,1
Male,Graduate,Married,51,120000,0,-416,-1248,832,416,1398,0,0,2080,0,1398,-416,-1248,-1248,416,0,1
Male,High School,Single,23,20000,17010,-820,19970,19580,20180,20000,0,21490,600,600,600,-820,-1520,18980,19580,19400,0
Male,University,Married,33,30000,34914,35000,0,0,0,0,1000,18000,0,0,0,34000,-18000,0,0,0,0
Female,Graduate,Single,29,110000,316,316,316,316,466,316,316,316,316,466,316,0,0,0,0,0,0
Female,University,Single,31,170000,165987,169790,115786,72309,73812,75149,8400,4000,2210,2282,2159,161390,111786,70099,71530,72990,0
Male,University,Married,48,180000,919,919,0,0,0,0,0,0,0,0,0,919,0,0,0,0,0
Female,University,Single,23,50000,42586,43813,42779,38180,40685,37662,2200,0,1600,3300,0,41613,42779,36580,37385,37662,0
Female,Graduate,Single,28,180000,47815,8473,950,13408,3819,1107,8480,957,13408,3819,1107,-7,-7,0,0,0,0
Female,University,Married,50,80000,56602,14233,15729,3000,1500,1500,5000,5000,3000,0,1500,9233,10729,0,1500,0,0
Female,Graduate,Married,34,20000,5048,6797,9489,11349,14176,15616,2000,3000,2000,3000,3000,4797,6489,9349,11176,12616,0
Female,High School,Married,57,30000,17779,19097,19816,18471,16305,0,2000,1500,1000,841,0,17097,18316,17471,15464,0,0
Male,University,Single,28,80000,10394,86115,77955,49955,47700,48689,77900,3694,1694,1454,1499,8215,74261,48261,46246,47190,0
Male,Graduate,Married,53,200000,513,974,4271,3696,0,2099,974,4271,3696,0,2099,0,0,0,0,0,0
Female,University,Married,42,120000,117059,117000,116955,109973,108693,104890,5026,4541,4100,4100,4000,111974,112414,105873,104593,100890,0
Female,Other,Married,52,160000,202638,208706,210143,75166,68355,69602,7638,6263,2394,2274,2172,201068,203880,72772,66081,67430,0
Female,Graduate,Married,44,500000,301,11057,58508,57855,134,11421,11063,49019,134,0,11421,-6,9489,57721,134,0,0
Female,University,Single,22,50000,45675,41712,29756,32418,34983,18175,3630,2000,3500,2713,0,38082,27756,28918,32270,18175,0
Female,University,Married,39,50000,43724,45017,46106,28381,29546,29573,2000,2000,2000,2000,1000,43017,44106,26381,27546,28573,0
Male,Graduate,Single,41,200000,24720,20982,20398,19888,22713,19405,3000,0,8000,5000,3000,17982,20398,11888,17713,16405,0
Male,University,Single,25,30000,7298,8322,9826,9519,10362,11187,1147,1651,0,1000,1000,7175,8175,9519,9362,10187,1
Female,University,Married,33,190000,-2500,-3000,-3000,-3000,-3000,-3000,0,0,0,0,0,-3000,-3000,-3000,-3000,-3000,0
Female,University,Married,41,120000,14792,20084,0,6849,6598,16205,10000,0,6849,0,10000,10084,0,0,6598,6205,0
Female,High School,Single,39,30000,27782,5585,29572,26387,11207,0,2023,27887,2000,1000,0,3562,1685,24387,10207,0,0
Female,High School,Single,27,30000,5334,697,12791,12490,13990,300,3565,12591,490,1500,300,-2868,200,12000,12490,0,0
Male,Graduate,Single,33,310000,47224,51442,51531,51375,29069,29895,4900,1500,1000,1200,1200,46542,50031,50375,27869,28695,0
Female,University,Married,31,30000,28405,29639,30246,23774,24384,15855,4000,1555,631,769,317,25639,28691,23143,23615,15538,1
Male,Graduate,Single,52,440000,424606,418158,410821,403658,412248,456264,15010,14660,14500,15089,51000,403148,396161,389158,397159,405264,1
Female,Graduate,Single,27,50000,33202,34370,34806,35433,36216,36969,2000,1300,1500,1500,1500,32370,33506,33933,34716,35469,1
Male,University,Single,38,70000,71586,59856,15379,2985,29351,29977,1308,15006,3000,29100,1100,58548,373,-15,251,28877,0
Female,Graduate,Single,31,260000,180891,165412,108223,108860,80757,79073,8250,5500,5000,3500,3000,157162,102723,103860,77257,76073,0
Male,Graduate,Married,46,320000,10836,19751,72623,61459,44390,29773,19799,73706,1692,1023,761,-48,-1083,59767,43367,29012,0
Female,University,Married,34,210000,128553,109234,87567,83716,69925,64108,3762,3808,4177,2594,2442,105472,83759,79539,67331,61666,0
Female,Graduate,Married,29,280000,58308,61024,62665,63730,57916,59122,4000,3000,2315,2103,2500,57024,59665,61415,55813,56622,0
Male,Graduate,Single,32,140000,83768,79736,76167,66410,71150,75781,5000,6029,8000,6000,6000,74736,70138,58410,65150,69781,0
Female,High School,Single,22,20000,14218,13573,14137,13737,12680,12067,1700,1500,0,0,1067,11873,12637,13737,12680,11000,0
Male,Graduate,Single,25,340000,239715,421651,203784,181490,154478,135259,10469,6618,5168,5014,5398,411182,197166,176322,149464,129861,1
Female,High School,Other,39,70000,34244,32193,10803,15133,3148,4699,3000,11000,5000,3150,2000,29193,-197,10133,-2,2699,0
Female,Graduate,Married,50,120000,-110,16390,0,0,660,0,16500,0,0,660,0,-110,0,0,0,0,0
Female,University,Single,24,60000,57771,53334,0,41645,41833,41481,2336,1414,0,2000,1503,50998,-1414,41645,39833,39978,0
Male,High School,Single,29,30000,28547,29398,29864,30115,15818,13813,1700,1500,1010,1000,1000,27698,28364,29105,14818,12813,0
Male,University,Single,29,30000,12174,13309,13874,15304,8588,4873,1635,1200,1630,4000,1000,11674,12674,13674,4588,3873,0
Male,Graduate,Married,25,80000,48470,52374,52889,51520,50741,50322,4700,2000,0,1800,1850,47674,50889,51520,48941,48472,1
Male,University,Married,49,50000,28788,21485,18800,17272,14226,14991,1377,1500,500,2000,1000,20108,17300,16772,12226,13991,0
Male,High School,Single,37,100000,20116,19319,16356,10144,8095,10140,4000,2000,4000,3095,5140,15319,14356,6144,5000,5000,0
Male,University,Married,35,60000,60130,60655,56106,29270,29412,29798,3007,3015,5000,2000,3000,57648,53091,24270,27412,26798,0
Female,University,Single,23,10000,4205,4003,3800,3597,3395,4187,0,0,0,0,1000,4003,3800,3597,3395,3187,1
Female,Graduate,Married,41,280000,939,8188,36670,0,1455,3023,8188,30000,0,1455,3023,0,6670,0,0,0,0
Female,High School,Single,47,250000,7363,27415,0,1930,1643,1687,27474,0,1930,1643,1687,-59,0,0,0,0,0
Male,University,Married,48,40000,1672,0,836,836,571,1735,0,836,836,571,2000,0,0,0,0,-265,0
Female,Graduate,Single,25,30000,29628,30453,30082,28933,25255,25344,1600,1000,7,880,3028,28853,29082,28926,24375,22316,0
Male,Graduate,Married,57,50000,42624,39943,7218,6946,6808,6542,2173,1248,366,500,384,37770,5970,6580,6308,6158,0
Female,High School,Single,29,70000,70780,67741,40195,48568,49039,50387,3088,1787,50314,1768,2541,64653,38408,-1746,47271,47846,0
Female,University,Married,28,130000,86914,85558,77163,80240,46637,51409,6134,3100,5000,3000,6000,79424,74063,75240,43637,45409,0
Female,University,Single,24,60000,60839,59316,59707,18490,19505,20197,3400,1705,1200,1300,1003,55916,58002,17290,18205,19194,0
Female,University,Married,29,200000,81568,81876,82617,83284,64520,54178,3500,3000,2500,3000,2000,78376,79617,80784,61520,52178,0
Female,Graduate,Single,33,100000,90825,97242,94407,95124,96354,64168,8800,0,2951,2300,7174,88442,94407,92173,94054,56994,0
Female,University,Single,30,190000,194724,190781,191861,155967,153193,156494,8900,6200,5500,5600,5800,181881,185661,150467,147593,150694,1
Male,High School,Married,36,20000,24166,23845,23214,22583,21662,21031,0,0,0,0,0,23845,23214,22583,21662,21031,1
Male,Graduate,Single,42,230000,380,380,380,380,380,380,380,380,380,380,380,0,0,0,0,0,1
Female,University,Single,26,90000,87561,92996,89866,48574,41746,38486,8548,0,1527,1617,1490,84448,89866,47047,40129,36996,0
Female,Graduate,Single,29,240000,191059,197548,203823,216971,223048,228755,10000,10000,17000,10000,10000,187548,193823,199971,213048,218755,0
Female,University,Single,23,20000,11995,13324,14029,14308,14625,18245,1528,1233,512,547,3880,11796,12796,13796,14078,14365,1
Female,High School,Single,22,20000,19393,18801,19077,11993,0,0,0,1023,240,0,0,18801,18054,11753,0,0,1
Female,Graduate,Single,24,50000,2757,3776,4785,5031,5134,5138,1070,1079,325,332,238,2706,3706,4706,4802,4900,0
Female,University,Single,40,230000,72742,73256,66321,66271,62401,61510,5000,4023,5000,5000,5267,68256,62298,61271,57401,56243,0
Female,University,Married,41,430000,2830,21419,15555,6705,6705,5673,21419,0,6705,0,5673,0,15555,0,6705,0,0
Male,University,Married,34,50000,48976,47404,46338,14234,19545,20173,2023,3105,3119,11000,909,45381,43233,11115,8545,19264,0
Male,University,Single,32,230000,143345,134344,116691,116220,112746,108653,6000,5000,5000,5000,5000,128344,111691,111220,107746,103653,0
Female,Other,Single,36,240000,-235,1765,871,871,-155,-155,2000,0,0,155,0,-235,871,871,-310,-155,0
Female,Graduate,Single,30,120000,330,165,165,0,165,0,0,165,0,165,0,165,0,0,0,0,1
Female,University,Married,26,280000,256455,245712,231025,182159,80747,51689,8354,5501,4293,2079,1892,237358,225524,177866,78668,49797,0
Male,Graduate,Single,29,500000,8898,1276,24031,41305,5405,32310,1283,24174,41306,5455,36914,-7,-143,-1,-50,-4604,0
Male,University,Married,53,260000,-1,-1,-1,-1,-1,-1,0,0,0,0,0,-1,-1,-1,-1,-1,0
Female,Graduate,Single,31,140000,727,829,550,1045,432,898,829,550,1045,432,898,0,0,0,0,0,0
Female,High School,Single,28,310000,220845,179260,116798,109647,114745,103646,7809,10000,10000,10334,10000,171451,106798,99647,104411,93646,0
Female,High School,Married,36,50000,45557,46732,46589,30949,29857,30322,2200,1100,0,1224,1105,44532,45489,30949,28633,29217,0
Female,High School,Married,35,50000,48829,49789,19726,20074,20121,17021,2046,3000,1500,1000,1600,47743,16726,18574,19121,15421,0
Female,High School,Single,29,30000,15070,17509,17923,18134,17704,18256,3000,1000,800,0,1000,14509,16923,17334,17704,17256,1
Male,Graduate,Married,43,200000,142291,152679,148682,146505,150963,146553,14200,0,7000,7000,6500,138479,148682,139505,143963,140053,0
Female,High School,Single,33,80000,73132,74668,77427,80700,15525,81621,2710,4000,5000,15525,81621,71958,73427,75700,0,0,0
Female,High School,Single,36,310000,6282,5835,912,1688,5590,1649,5864,919,1696,5617,1657,-29,-7,-8,-27,-8,0
Female,University,Single,26,220000,57222,160712,210445,74138,1808,95818,107789,54539,1483,1808,94020,52923,155906,72655,0,1798,0
Female,University,Single,26,80000,35997,0,0,0,2345,2330,0,0,0,2345,2330,0,0,0,0,0,0
Female,Graduate,Single,38,500000,56197,55246,62402,42594,43652,38254,5000,10004,8000,3000,5000,50246,52398,34594,40652,33254,0
Female,Graduate,Married,37,100000,70113,71567,72410,73846,75556,77742,3181,2628,2640,2897,3600,68386,69782,71206,72659,74142,0
Male,Graduate,Married,37,200000,4052,4503,0,1115,1336,1878,4520,0,1115,1336,1878,-17,0,0,0,0,1
Male,University,Single,39,20000,8799,9671,11500,0,0,0,1171,2000,0,0,0,8500,9500,0,0,0,0
Female,University,Married,28,20000,74510,75262,49919,43303,27929,15530,2734,1200,1077,3000,633,72528,48719,42226,24929,14897,0
Male,University,Single,38,80000,54809,55944,57075,57745,59099,60489,2612,2655,2214,2435,2669,53332,54420,55531,56664,57820,0
Male,University,Single,29,110000,41300,0,0,0,0,0,0,0,0,0,0,0,0,0,0,0,0
Male,University,Married,38,100000,99660,99908,98052,94423,96056,97320,4600,3500,3400,3500,5000,95308,94552,91023,92556,92320,0
Male,Other,Married,30,400000,3443,69,188,188,177,2378,69,188,188,177,2400,0,0,0,0,-22,0
Male,Graduate,Married,40,320000,430,430,430,430,430,430,430,430,430,430,430,0,0,0,0,0,0
Male,University,Single,28,180000,139097,131157,128342,122345,109228,101428,5699,4300,4023,3785,3684,125458,124042,118322,105443,97744,0
Female,University,Single,27,180000,5319,6531,5446,4853,3965,3310,2300,0,288,143,246,4231,5446,4565,3822,3064,0
Female,University,Single,22,30000,30123,30299,27758,22720,19136,14452,1600,2000,2000,614,924,28699,25758,20720,18522,13528,1
Male,University,Single,35,30000,14320,13808,13289,14068,14596,14212,0,0,1000,900,0,13808,13289,13068,13696,14212,1
Female,Graduate,Single,42,240000,238107,242159,225695,210199,208307,203779,12067,10009,10000,10000,10000,230092,215686,200199,198307,193779,0
Female,Graduate,Single,24,100000,76831,72100,66575,68499,69584,71247,4037,3000,3000,3000,3000,68063,63575,65499,66584,68247,0
Male,University,Married,50,90000,85241,86576,86914,28698,29722,29400,3600,2196,1027,1486,588,82976,84718,27671,28236,28812,0
Male,University,Married,22,20000,19356,19754,20279,19887,19887,0,1485,1400,398,0,0,18269,18879,19489,19887,0,0
Male,University,Single,28,60000,37788,39366,41531,42048,41241,44056,2500,3114,1496,0,3500,36866,38417,40552,41241,40556,1
Male,High School,Married,38,90000,28774,29420,28502,30162,17274,15243,1400,0,2041,1007,1015,28020,28502,28121,16267,14228,0
Female,University,Married,40,80000,5143,8351,3234,1819,1909,1909,6458,3917,1819,2299,1909,1893,-683,0,-390,0,0
Female,Graduate,Married,34,500000,174246,149600,83320,79359,57549,44994,6371,5000,10051,7549,2102,143229,78320,69308,50000,42892,0
Male,Graduate,Single,34,430000,81963,93893,100177,-3849,304425,293920,15000,70000,3116,313094,10300,78893,30177,-6965,-8669,283620,0
Male,Graduate,Single,27,130000,339,339,339,339,339,339,339,339,339,339,339,0,0,0,0,0,0
Female,University,Married,66,500000,3718,1755,2988,11645,13237,303512,1755,2988,11645,13237,303512,0,0,0,0,0,0
Female,University,Married,38,350000,282,2728,1606,1015,24555,185,2750,1612,1017,24560,1000,-22,-6,-2,-5,-815,0
Male,Graduate,Single,34,320000,744,2291,2197,3934,5541,3141,2297,2203,3957,5557,3150,-6,-6,-23,-16,-9,0
Female,University,Single,24,160000,142214,145225,149812,151426,154688,158511,5300,7000,5600,5700,6400,139925,142812,145826,148988,152111,0
Male,Graduate,Single,25,110000,109887,99030,89317,80674,79311,81246,3500,6748,5700,0,3200,95530,82569,74974,79311,78046,1
Female,High School,Other,53,60000,57605,48877,39689,27736,28420,29002,2088,1900,962,1100,1023,46789,37789,26774,27320,27979,0
Female,Other,Single,33,260000,18457,22815,27086,27821,30767,29890,5000,5000,1137,5000,1085,17815,22086,26684,25767,28805,0
Male,Graduate,Married,47,50000,49550,51636,53561,53283,53057,52908,2743,2668,1712,1762,1894,48893,50893,51571,51295,51014,0
Male,University,Single,44,270000,274610,274870,258759,225454,225032,225698,10556,10050,8370,8510,8250,264314,248709,217084,216522,217448,0
Male,Graduate,Married,52,210000,44933,38542,39332,11140,8463,10406,1793,8242,12000,8534,11000,36749,31090,-860,-71,-594,0
Female,University,Married,29,20000,16196,17825,20234,20510,19897,19900,2200,3000,900,0,500,15625,17234,19610,19897,19400,0
Female,University,Single,49,30000,28859,28116,30226,29454,31775,30743,0,2900,0,2787,0,28116,27326,29454,28988,30743,0
Female,Graduate,Married,56,500000,881,1035,29944,10528,17907,3147,1035,29944,10528,17907,3147,0,0,0,0,0,0
Female,Graduate,Single,31,360000,24500,2251,7714,4502,1896,5117,2251,5463,2251,1896,5117,0,2251,2251,0,0,0
Male,University,Single,30,90000,2629,1076,1613,993,7881,1516,1079,1617,996,7904,1521,-3,-4,-3,-23,-5,0
Female,University,Single,28,10000,7797,8893,9665,9862,4854,1430,1228,1000,197,1597,1430,7665,8665,9665,3257,0,0
Female,University,Single,36,200000,93863,93893,90837,85520,84945,81431,4762,3856,2753,2900,3000,89131,86981,82767,82045,78431,0
Male,University,Single,37,60000,-391,-781,-781,389,389,609,0,0,1950,0,1000,-781,-781,-1561,389,-391,0
Male,University,Married,40,80000,5810,216,5741,6143,7039,26799,216,7741,500,1000,20000,0,-2000,5643,6039,6799,0
Male,Graduate,Single,32,500000,11086,22919,35937,31227,21135,2632,23008,20046,5075,5103,2646,-89,15891,26152,16032,-14,0
Male,University,Married,21,50000,47285,47807,48371,48629,49410,49568,2108,2062,1710,1923,1512,45699,46309,46919,47487,48056,0
Female,University,Single,24,50000,45404,38383,39851,27258,27679,28619,1700,2156,1200,1010,1400,36683,37695,26058,26669,27219,0
Female,Graduate,Single,30,200000,4520,10382,4447,126476,700,0,10382,4447,126476,700,0,0,0,0,0,0,0
Male,University,Married,45,470000,293261,279104,220728,198425,182826,130586,18000,10018,10000,10000,4771,261104,210710,188425,172826,125815,0
Female,High School,Married,41,180000,6092,3576,13920,11112,3182,1985,4198,13935,11112,3182,1985,-622,-15,0,0,0,0
Male,University,Married,33,240000,23486,19867,14653,8626,0,1128,3000,2000,0,1790,1128,16867,12653,8626,-1790,0,0
Male,Graduate,Married,30,200000,2500,2500,2500,2500,2500,2500,0,0,0,0,0,2500,2500,2500,2500,2500,1
Male,University,Single,40,20000,20753,20496,19930,19434,18577,18011,0,0,70,0,0,20496,19930,19364,18577,18011,1
Female,University,Single,32,80000,11572,14038,14207,14643,14856,15160,2670,700,672,600,550,11368,13507,13971,14256,14610,1
Male,University,Single,54,30000,10568,13075,13565,13055,13525,0,3000,1000,0,1000,2000,10075,12565,13055,12525,-2000,0
Female,Graduate,Single,35,200000,816,0,0,3240,3240,0,0,0,3240,0,0,0,0,0,3240,0,0
Female,University,Married,38,100000,66459,43930,25762,27848,66537,57506,0,1700,3000,40000,2500,43930,24062,24848,26537,55006,0
Female,High School,Married,30,70000,56448,57550,58008,58957,60367,61617,2600,2000,2500,2500,2400,54950,56008,56457,57867,59217,1
Male,University,Married,30,140000,0,0,0,0,0,0,0,0,0,0,0,0,0,0,0,0,0
Female,University,Married,27,30000,26648,27536,28203,29048,29903,30431,1600,1400,1600,1600,1600,25936,26803,27448,28303,28831,0
Female,University,Single,27,100000,96191,96908,97565,98561,103039,95803,3504,3500,3800,7500,0,93404,94065,94761,95539,95803,1
Male,University,Single,38,60000,42184,42108,41300,40840,40366,39737,2014,1616,1566,1700,1600,40094,39684,39274,38666,38137,0
Female,Graduate,Single,23,50000,8225,2763,2545,1170,2480,8047,5308,0,1170,2480,8047,-2545,2545,0,0,0,0
Female,Graduate,Married,35,120000,0,0,0,0,0,150,0,0,0,0,150,0,0,0,0,0,0
Male,High School,Single,23,50000,42821,6609,1600,5087,4270,7881,1008,1600,5087,4270,7881,5601,0,0,0,0,0
Male,University,Single,28,300000,293498,299066,295173,286885,287816,294383,13007,11067,10026,10500,11080,286059,284106,276859,277316,283303,0
Female,Graduate,Married,36,360000,2471,467,10947,9594,0,0,1000,11000,0,0,0,-533,-53,9594,0,0,0
Female,University,Married,36,40000,24230,25840,27556,27447,26254,29645,2000,2500,1500,1500,4000,23840,25056,25947,24754,25645,0
Female,University,Single,40,190000,18255,18779,0,0,0,0,19241,0,0,0,0,-462,0,0,0,0,0
Female,Graduate,Single,23,30000,14294,15253,2142,29288,26579,25972,1300,2000,28000,800,501,13953,142,1288,25779,25471,0
Female,High School,Single,47,280000,1792,0,2292,1153,607,3076,0,2292,1153,0,3076,0,0,0,607,0,1
Female,University,Single,23,30000,25287,26501,30300,25806,26149,25478,2011,5000,868,1092,3000,24490,25300,24938,25057,22478,0
Female,Graduate,Married,32,500000,185419,10573,0,282562,288459,293233,10573,0,282562,11000,9572,0,0,0,277459,283661,0
Female,Graduate,Single,32,260000,1694,5499,1384,2085,5351,3179,5525,1390,2095,5361,15,-26,-6,-10,-10,3164,0
Female,University,Married,46,60000,20351,21395,22388,22431,22324,22601,2000,2000,1000,1000,2000,19395,20388,21431,21324,20601,0
Female,High School,Married,36,70000,28518,29558,32054,31239,31935,32602,1504,3000,0,1200,1200,28054,29054,31239,30735,31402,1
Male,University,Single,27,30000,25465,29058,28236,29383,24131,26979,4000,0,2000,0,5000,25058,28236,27383,24131,21979,0
Male,High School,Married,37,300000,4926,2847,3351,1961,4409,2503,2855,3357,1965,4419,2509,-8,-6,-4,-10,-6,0
Female,University,Single,22,30000,26163,26449,27915,27170,29071,29446,1000,2201,0,2500,1001,25449,25714,27170,26571,28445,0
Male,High School,Single,43,40000,2400,2400,2400,2400,2400,2400,0,0,0,0,0,2400,2400,2400,2400,2400,1
Male,Graduate,Single,25,80000,65734,58048,53012,53571,56721,57312,3000,3404,2000,4000,3000,55048,49608,51571,52721,54312,0
Male,Graduate,Single,35,50000,48264,19142,18188,18397,18161,18383,1565,7240,795,1000,673,17577,10948,17602,17161,17710,1
Female,Graduate,Married,38,90000,2346,15271,16360,41936,538,2716,15271,2000,30000,538,2716,0,14360,11936,0,0,0
Male,Graduate,Single,29,260000,2497,2497,2497,2497,2497,2497,0,0,0,0,0,2497,2497,2497,2497,2497,1
Female,Graduate,Married,58,100000,27044,26325,30882,30090,34419,33714,0,5000,0,5000,0,26325,25882,30090,29419,33714,1
Male,Graduate,Single,34,280000,0,0,0,0,0,0,0,0,0,0,0,0,0,0,0,0,0
Female,University,Married,22,80000,17087,15576,16361,0,0,0,1500,1049,0,0,0,14076,15312,0,0,0,0
Female,University,Single,27,150000,143596,147891,147248,139846,142808,150770,6241,5000,4400,4500,9600,141650,142248,135446,138308,141170,0
Female,University,Single,39,90000,2618,8489,371,385,13273,20971,7639,11336,1501,13278,10022,850,-10965,-1116,-5,10949,0
Female,Graduate,Married,33,130000,10653,7439,15206,12446,7047,5472,13,12454,30,21,5488,7426,2752,12416,7026,-16,0
Male,University,Single,36,210000,5491,8398,14307,17891,8517,23960,8406,14307,6000,0,23960,-8,0,11891,8517,0,0
Female,Graduate,Single,44,420000,559,1560,3360,3343,3091,3578,1001,2400,100,62,1276,559,960,3243,3029,2302,0
Male,Graduate,Single,39,500000,128068,143227,52196,43180,1095,856,20000,12000,0,1095,856,123227,40196,43180,0,0,0
Male,Graduate,Single,30,180000,-203,-698,-193,-688,817,1157,0,1000,0,2000,1000,-698,-1193,-688,-1183,157,1
Female,University,Married,36,150000,141460,145408,142139,137453,139827,136320,8021,5066,6000,5029,5016,137387,137073,131453,134798,131304,0
Male,Graduate,Single,30,440000,50735,52938,54190,45962,47421,49512,3000,3000,2000,2150,3000,49938,51190,43962,45271,46512,0
Male,Graduate,Single,27,50000,49114,49907,38376,19595,19851,20256,2005,1323,840,713,727,47902,37053,18755,19138,19529,0
Male,University,Married,29,140000,3300,1300,3074,594,0,0,1300,3668,0,0,0,0,-594,594,0,0,1
Male,Graduate,Single,29,150000,119613,115349,109765,101179,99940,96190,5900,5019,4588,4500,5000,109449,104746,96591,95440,91190,0
Female,University,Single,27,150000,573,0,220,693,0,0,0,220,693,0,0,0,0,0,0,0,0
Male,Other,Single,49,480000,7174,0,0,0,0,0,0,0,0,0,0,0,0,0,0,0,0
Female,Graduate,Single,35,100000,99031,90779,84891,76232,77833,74885,3300,4300,3000,2626,2913,87479,80591,73232,75207,71972,0
Female,Graduate,Single,33,310000,71855,72440,63399,59912,45740,44325,5000,5000,3000,25000,3000,67440,58399,56912,20740,41325,0
Female,Graduate,Single,27,280000,56144,58180,34855,36000,37684,22478,5000,5000,2000,2000,2000,53180,29855,34000,35684,20478,0
Male,University,Single,51,60000,10304,11330,12334,13319,14447,15549,1500,1500,1500,1500,1500,9830,10834,11819,12947,14049,1
Female,Graduate,Single,31,160000,-200,-200,-200,0,10199,0,0,0,200,10199,303,-200,-200,-200,0,-303,0
Male,University,Married,48,90000,51666,52385,51790,50346,48745,46842,2919,3005,1700,1722,1414,49466,48785,48646,47023,45428,0
Female,Graduate,Single,28,50000,2926,1252,435,1309,589,1210,1254,435,1309,589,1210,-2,0,0,0,0,0
Female,University,Married,26,200000,45487,47247,48160,49361,50564,51572,2800,2000,2000,2000,2000,44447,46160,47361,48564,49572,0
Male,University,Single,67,240000,508581,471796,468202,442401,419209,425061,17389,80167,15167,16000,13133,454407,388035,427234,403209,411928,0
Female,Graduate,Married,32,200000,846,810,1198,6081,4203,3044,864,1198,6081,4203,3044,-54,0,0,0,0,0
Female,University,Single,23,100000,101771,102878,79618,4370,78453,80063,3800,7,971,79681,2861,99078,79611,3399,-1228,77202,1
Female,Graduate,Single,29,50000,45367,46815,10099,8686,8614,6977,2335,1629,500,500,1000,44480,8470,8186,8114,5977,1
Female,Graduate,Single,30,240000,1749,1087,3503,1003,1003,1003,1099,6430,1003,1003,1003,-12,-2927,0,0,0,0
Female,Graduate,Single,25,300000,-4,-231,10610,10520,120,0,227,10841,0,100,0,-458,-231,10520,20,0,0
Female,High School,Married,43,350000,14103,5397,54554,92400,3520,3330,0,54554,83288,3520,3330,5397,0,9112,0,0,0
Female,High School,Married,26,50000,48421,42779,34992,25916,27207,26192,0,1424,1500,1677,1500,42779,33568,24416,25530,24692,1
Female,University,Married,36,50000,46801,38296,28923,29254,29313,29661,2839,1438,1159,1035,1196,35457,27485,28095,28278,28465,0
Female,University,Single,25,30000,24022,25038,25429,25714,26353,26868,1700,1100,1000,1200,1100,23338,24329,24714,25153,25768,1
Male,University,Married,47,50000,-2640,0,2640,0,1000,4702,2640,2640,1500,1000,4702,-2640,0,-1500,0,0,0
Female,University,Married,34,20000,6827,7759,9618,10313,9863,9558,1200,2000,1000,0,0,6559,7618,9313,9863,9558,1
Female,University,Single,30,270000,280435,276971,225836,219426,210514,180129,13600,8000,7000,10000,7000,263371,217836,212426,200514,173129,0
Male,Graduate,Married,49,380000,380933,380703,356474,308948,547880,309322,14651,12238,13479,13532,12015,366052,344236,295469,534348,297307,1
Female,University,Single,22,10000,8541,8270,7995,7720,8224,7944,0,0,0,778,0,8270,7995,7720,7446,7944,1
Female,University,Single,29,80000,7880,8316,4761,5964,5697,2590,3034,3002,2093,1023,1000,5282,1759,3871,4674,1590,0
Female,University,Married,35,240000,32463,33444,33996,34539,35238,35910,1800,1400,1400,1400,1400,31644,32596,33139,33838,34510,1
Female,Graduate,Single,35,280000,211645,213513,106539,106361,108590,110915,6445,5245,3800,3881,4069,207068,101294,102561,104709,106846,0
Male,Graduate,Single,41,160000,42863,43874,44843,50072,49142,52336,2000,2000,6000,0,4200,41874,42843,44072,49142,48136,0
Female,Graduate,Single,25,180000,112403,83515,71259,66661,62770,58067,3500,3500,3000,3000,2300,80015,67759,63661,59770,55767,0
Female,University,Married,35,50000,4555,5764,6974,5315,4645,3955,1290,1500,0,1000,1000,4474,5474,5315,3645,2955,0
Male,University,Married,37,50000,33105,31113,26669,29876,29257,28071,10005,5000,4800,1002,2000,21108,21669,25076,28255,26071,0
Male,University,Single,22,20000,14380,13536,15040,14174,14472,14763,0,2040,0,526,532,13536,13000,14174,13946,14231,0
Male,University,Single,33,20000,18357,18668,19597,19589,19275,0,1471,1400,392,386,0,17197,18197,19197,18889,0,0
Male,Graduate,Single,27,140000,72274,70098,60180,43920,42670,41584,3231,2290,3499,1800,2000,66867,57890,40421,40870,39584,0
Male,University,Single,28,360000,0,0,0,0,1090,8788,0,0,0,1090,7910,0,0,0,0,878,0
Male,University,Married,49,180000,26660,660,660,660,36906,1470,660,660,660,36906,1320,0,0,0,0,150,0
Male,Graduate,Married,36,390000,3931,3625,1600,3815,8330,4765,3625,1600,3315,11645,4765,0,0,500,-3315,0,1
Female,High School,Married,33,30000,39995,38049,35435,31976,29704,27687,1700,1100,0,1030,1000,36349,34335,31976,28674,26687,0
Female,Graduate,Married,35,210000,3805,0,0,0,0,0,0,0,0,0,0,0,0,0,0,0,0
Male,University,Single,24,20000,6128,7171,9582,9282,9977,10812,1300,2700,0,1000,1000,5871,6882,9282,8977,9812,0
Male,Graduate,Married,43,450000,1000,0,0,0,0,0,0,0,0,0,0,0,0,0,0,0,0
Male,High School,Married,24,50000,0,0,0,0,0,0,0,0,0,0,0,0,0,0,0,0,0
Male,High School,Single,46,50000,49220,48161,49310,49725,49910,48694,0,2000,1900,2007,2000,48161,47310,47825,47903,46694,1
Male,University,Single,39,20000,19518,20202,19082,18890,19287,19751,1299,0,667,692,776,18903,19082,18223,18595,18975,1
Female,Graduate,Single,39,200000,7475,15540,3889,10496,31948,33016,15617,3927,10549,32108,33181,-77,-38,-53,-160,-165,0
Female,Graduate,Single,27,230000,70327,66310,54176,42944,40391,35820,2963,1941,1534,1532,1565,63347,52235,41410,38859,34255,0
Male,University,Married,41,50000,48958,48293,48999,7470,6406,3679,2572,2602,349,706,500,45721,46397,7121,5700,3179,1
Female,University,Single,26,50000,44883,47349,47475,46730,27204,9662,3189,1500,101,1590,0,44160,45975,46629,25614,9662,0
Male,Graduate,Single,57,50000,51102,50484,49175,21944,20142,18728,2500,2158,927,696,1000,47984,47017,21017,19446,17728,0
Male,University,Single,23,20000,9811,15726,15723,15173,15925,16245,6097,547,0,1000,585,9629,15176,15173,14925,15660,0
Male,Graduate,Married,47,40000,11084,12605,13102,12595,14386,14005,2000,1000,0,2000,0,10605,12102,12595,12386,14005,0
Male,Graduate,Single,26,100000,567,390,508,0,4580,2274,390,508,0,4580,2274,0,0,0,0,0,0
Female,University,Married,43,150000,158844,149298,157537,162697,113925,116382,10004,10009,8014,5008,5012,139294,147528,154683,108917,111370,0
Male,Graduate,Married,36,240000,14559,15513,17242,18450,18013,19406,1500,2000,1500,0,1700,14013,15242,16950,18013,17706,0
Male,University,Married,37,360000,-5,3584,2280,2280,0,0,3589,2280,0,0,0,-5,0,2280,0,0,0
Male,Graduate,Single,43,130000,130874,132743,131862,101971,101689,101303,5500,6000,4000,4000,4000,127243,125862,97971,97689,97303,0
Female,University,Single,23,50000,10587,25768,12218,13656,15918,10771,3500,2500,1980,3500,1000,22268,9718,11676,12418,9771,0
Male,University,Married,60,160000,18056,19385,20093,20643,20920,21336,1626,1334,884,758,763,17759,18759,19759,20162,20573,0
Female,University,Married,32,340000,34228,96716,74983,43557,15559,0,75113,2047,766,77,0,21603,72936,42791,15482,0,0
Male,High School,Single,23,20000,2331,3544,3064,1587,-193,3107,2700,2300,2100,0,5000,844,764,-513,-193,-1893,1
Male,High School,Single,52,60000,22460,23592,24665,26305,23756,25353,1500,1500,2000,1500,2000,22092,23165,24305,22256,23353,0
Female,University,Married,35,220000,223150,226034,227153,174717,171145,174076,10000,9200,6300,6200,6600,216034,217953,168417,164945,167476,0
Female,Graduate,Married,32,280000,1280,2816,10802,23323,17041,282,2816,10802,13000,10041,282,0,0,10323,7000,0,1
Male,University,Married,30,60000,58920,60069,54853,59509,30565,30031,2319,1887,1500,1500,1300,57750,52966,58009,29065,28731,0
Male,Graduate,Married,42,230000,222059,161817,160270,60604,60986,62195,7300,4160,2308,2300,2223,154517,156110,58296,58686,59972,1
Female,High School,Other,41,120000,3307,0,0,0,1344,881,258,0,0,1344,929,-258,0,0,0,-48,0
Female,Graduate,Single,30,240000,325,18428,32384,22749,7804,290,18428,15000,0,0,300,0,17384,22749,7804,-10,0
Female,Graduate,Married,29,420000,3020,2916,1985,6850,1822,4249,2916,1985,6860,1822,4249,0,0,-10,0,0,0
Female,University,Single,31,230000,47906,0,0,1255,80158,81775,0,0,1255,80158,3107,0,0,0,0,78668,0
Female,Graduate,Single,26,30000,30739,29586,29412,18587,1558,4681,0,1331,49,5,5363,29586,28081,18538,1553,-682,1
Female,University,Married,30,210000,134664,136326,135173,124843,125294,104545,6006,5005,8500,4392,4000,130320,130168,116343,120902,100545,0
Male,Graduate,Single,29,250000,51268,52542,53779,54503,55685,57985,2500,2500,2000,2000,3000,50042,51279,52503,53685,54985,0
Female,University,Married,34,70000,58053,53334,54448,55700,51511,52652,2000,1999,2181,1900,2000,51334,52449,53519,49611,50652,0
Female,University,Single,43,20000,20212,20749,19930,15961,20107,19275,1415,1400,421,6000,3000,19334,18530,15540,14107,16275,0
Male,High School,Married,44,130000,123770,122189,118909,84865,86846,88069,4600,4871,3500,3500,3500,117589,114038,81365,83346,84569,0
Male,Graduate,Married,41,460000,321987,318546,316330,325874,325857,327232,12000,12850,16700,11200,12000,306546,303480,309174,314657,315232,0
Female,University,Single,29,170000,5155,0,0,0,0,0,0,0,0,0,0,0,0,0,0,0,0
Male,University,Single,31,200000,7179,7626,3802,1271,1489,1260,7631,3803,1271,1489,1260,-5,-1,0,0,0,0
Male,High School,Married,43,70000,31796,32786,34242,35668,50052,51651,1500,2000,2000,15000,3000,31286,32242,33668,35052,48651,1
Female,Graduate,Married,32,200000,220,110,110,11946,32836,110,0,110,11946,21000,110,110,0,0,11836,0,1
Female,University,Single,30,20000,0,0,0,0,0,0,0,0,0,0,0,0,0,0,0,0,1
Male,High School,Single,55,200000,195507,182942,176158,159556,162943,156612,7048,6000,6000,5800,6000,175894,170158,153556,157143,150612,0
Male,University,Single,45,250000,237510,241605,240337,242803,240521,245310,9076,9007,9031,9000,10011,232529,231330,233772,231521,235299,1
Male,University,Married,34,50000,37699,35203,15360,15031,12173,11728,2000,2000,1150,2000,1000,33203,13360,13881,10173,10728,0
Female,University,Single,25,30000,25664,26693,28456,29687,30690,31093,1448,2211,2000,1626,1049,25245,26245,27687,29064,30044,0
Male,Graduate,Married,44,50000,50404,50782,49019,20208,19677,20153,2300,1440,1000,1000,2000,48482,47579,19208,18677,18153,0
Male,High School,Married,45,90000,13366,14394,16044,16080,16569,16744,1250,1900,600,747,599,13144,14144,15480,15822,16145,0
Male,Graduate,Single,34,360000,2500,0,0,0,0,0,0,0,0,0,0,0,0,0,0,0,0
Female,University,Married,45,290000,95,-6,-6,1217,1055,176,6,0,1223,1276,0,-12,-6,-6,-221,176,0
Male,Graduate,Single,24,170000,169883,171851,158426,96704,101555,97884,6808,4625,3510,9100,0,165043,153801,93194,92455,97884,0
Female,Graduate,Married,52,290000,33765,2682,470,119955,119685,9780,2682,470,119685,0,9780,0,0,270,119685,0,0
Male,High School,Single,39,30000,27934,27206,28404,24865,24528,25011,0,2000,1100,1100,1042,27206,26404,23765,23428,23969,1
Female,Graduate,Married,25,250000,4769,6720,23393,13214,8162,5138,6720,23393,6000,0,3000,0,0,7214,8162,2138,0
Male,High School,Single,32,210000,104558,105661,108462,69037,71416,73425,4268,5000,3000,3500,3500,101393,103462,66037,67916,69925,0
Female,Graduate,Married,30,360000,0,0,0,0,0,0,0,0,0,0,0,0,0,0,0,0,1
Female,University,Married,37,120000,78233,53236,35222,72861,74429,60783,2015,2200,39000,2500,2400,51221,33022,33861,71929,58383,0
Male,Graduate,Single,28,170000,0,0,0,0,0,0,0,0,0,0,0,0,0,0,0,0,1
Male,High School,Single,55,20000,3413,3206,2250,1500,750,1650,0,0,0,0,1650,3206,2250,1500,750,0,0
Male,University,Married,25,80000,77199,79640,48977,49369,49778,50404,3700,1600,1600,1610,1866,75940,47377,47769,48168,48538,0
Female,University,Married,43,200000,1875,2239,316,2681,3486,2296,2239,316,2681,3486,2296,0,0,0,0,0,0
Female,Graduate,Single,32,150000,35601,36488,35729,38117,37259,33010,2003,2000,3419,13,2088,34485,33729,34698,37246,30922,0
Female,High School,Married,44,110000,13348,70263,67431,64534,65873,66974,67431,2378,2458,2530,2338,2832,65053,62076,63343,64636,1
Female,University,Single,26,180000,390,390,5248,4167,780,467,390,5248,5,780,467,0,0,4162,0,0,0
Female,High School,Married,41,520000,7322,2728,385425,387189,395445,402289,2728,415552,14000,14005,14000,0,-30127,373189,381440,388289,0
Male,High School,Married,44,20000,12436,12943,15428,14883,15494,16086,1000,2700,0,850,850,11943,12728,14883,14644,15236,1
Female,University,Single,44,180000,7432,7433,7184,7184,7344,7184,7433,7184,7184,7344,7184,0,0,0,0,0,0
Male,High School,Married,36,30000,1493,1555,390,780,390,390,1858,390,780,0,390,-303,0,0,390,0,0
Female,Graduate,Married,31,380000,225905,225515,227387,197959,194710,199300,11000,9000,15000,0,8000,214515,218387,182959,194710,191300,0
Female,Graduate,Single,42,160000,4980,0,0,0,0,0,0,0,0,0,0,0,0,0,0,0,0
Male,Graduate,Single,32,220000,17715,316,632,632,316,316,316,632,316,0,316,0,0,316,316,0,0
Male,Graduate,Single,29,250000,124442,93302,92934,94002,92826,88001,5000,5000,3500,4000,4000,88302,87934,90502,88826,84001,0
Male,Graduate,Married,53,330000,-317,-2066,-3283,3542,7643,9584,569,817,6976,7645,2188,-2635,-4100,-3434,-2,7396,0
Male,University,Single,26,50000,24724,49102,49885,25773,25544,26264,25000,2010,796,957,1175,24102,47875,24977,24587,25089,0
Female,Graduate,Single,35,340000,484,15904,44852,41971,81011,38472,15904,30000,20000,50000,20000,0,14852,21971,31011,18472,0
Female,University,Married,41,180000,99925,102359,96462,96846,95549,94131,5024,4300,3500,4000,4000,97335,92162,93346,91549,90131,0
Male,Graduate,Single,35,30000,26974,28144,28280,25990,25999,26425,2000,1339,849,1125,1043,26144,26941,25141,24874,25382,1
Male,High School,Single,45,10000,9503,7238,9407,8126,8838,9039,0,2310,0,1000,500,7238,7097,8126,7838,8539,0
Female,University,Married,37,120000,396,396,396,2707,3247,396,396,396,2707,3247,396,0,0,0,0,0,0
Female,University,Single,38,250000,0,0,0,0,0,0,0,0,0,0,0,0,0,0,0,0,1
Female,Graduate,Single,39,200000,2277,16002,13207,8738,6471,2723,16021,1005,185,6482,2731,-19,12202,8553,-11,-8,0
Female,Graduate,Single,32,500000,298809,304686,307591,312314,318647,325369,12475,12650,11354,11545,12000,292211,294941,300960,307102,313369,1
Female,Graduate,Single,29,90000,9370,9078,10267,10350,10564,10771,0,1500,550,529,531,9078,8767,9800,10035,10240,1
Male,High School,Single,38,80000,7790,9123,10656,11474,13117,15899,1467,2000,1000,2000,3000,7656,8656,10474,11117,12899,0
Female,University,Married,35,740000,960,8154,1477,15713,8988,25449,8229,1487,15754,9012,25596,-75,-10,-41,-24,-147,1
Male,Graduate,Single,34,300000,0,0,0,0,0,0,0,0,0,0,0,0,0,0,0,0,1
Male,High School,Married,44,210000,1525,800,850,2340,2380,2694,800,850,2340,2380,2694,0,0,0,0,0,0
Male,Graduate,Married,37,230000,3102,30428,5711,5770,7652,17825,30580,5739,5799,7690,17914,-152,-28,-29,-38,-89,0
Male,High School,Single,51,270000,152979,101616,105562,6102,6741,65672,3500,4000,1000,1000,63000,98116,101562,5102,5741,2672,0
Female,Graduate,Single,32,270000,54914,55423,57875,57456,33334,31723,3000,5000,3300,1337,1500,52423,52875,54156,31997,30223,0
Female,Graduate,Single,30,180000,0,2647,735,2414,256,3858,2647,735,2414,256,3858,0,0,0,0,0,0
Female,University,Single,30,280000,1478,-3,12353,22633,7666,10260,0,12356,11079,1447,10310,-3,-3,11554,6219,-50,0
Male,University,Single,46,50000,29254,26289,21751,20154,16784,17352,1737,1300,668,8000,1000,24552,20451,19486,8784,16352,0
Female,University,Single,26,20000,19017,20018,19384,19405,19978,19791,1600,0,600,847,670,18418,19384,18805,19131,19121,1
Female,High School,Married,54,170000,139211,136982,130585,127013,126635,127093,7020,7005,7000,6000,6000,129962,123580,120013,120635,121093,0
Female,University,Married,39,300000,145138,148586,151878,123417,104922,107005,5785,6163,4728,3811,3830,142801,145715,118689,101111,103175,0
Male,University,Married,50,20000,1065,675,1285,1895,1340,950,0,1000,1000,0,0,675,285,895,1340,950,1
Female,University,Single,31,110000,1472,2785,5496,7496,9298,3340,1500,3000,2000,2000,0,1285,2496,5496,7298,3340,1
Male,University,Married,54,80000,47339,47270,46037,48457,47722,48678,967,0,3012,0,1569,46303,46037,45445,47722,47109,0
Female,Graduate,Single,23,80000,69584,66342,60514,48965,29648,28737,2519,1838,1434,1015,1505,63823,58676,47531,28633,27232,0
Female,University,Married,48,60000,58794,59987,33908,19513,17281,16802,7296,1903,19513,759,851,52691,32005,0,16522,15951,0
Male,University,Single,27,30000,18951,17298,14793,15566,15014,15413,1270,1300,1000,1000,800,16028,13493,14566,14014,14613,0
Male,Graduate,Single,26,40000,39723,12302,9369,22949,11188,13306,10000,92,15000,0,3000,2302,9277,7949,11188,10306,0
Female,High School,Married,43,180000,0,2602,498,498,1835,11337,2602,498,498,1835,10000,0,0,0,0,1337,1
Male,University,Married,50,290000,0,0,0,0,0,0,0,0,0,0,0,0,0,0,0,0,0
Female,Graduate,Single,26,50000,27056,27031,28317,28568,27302,28171,700,2062,969,700,1500,26331,26255,27599,26602,26671,1
Female,Graduate,Single,32,150000,1663,14045,13155,15183,11498,2392,14045,1030,5183,0,2392,0,12125,10000,11498,0,0
Male,University,Married,41,50000,50220,50756,49966,523,18450,18478,2055,1000,523,18868,806,48701,48966,0,-418,17672,0
Male,University,Married,36,20000,20710,21790,21017,19772,15628,12501,1739,1453,691,512,1430,20051,19564,19081,15116,11071,0
Female,Graduate,Single,28,180000,158245,161695,163620,165604,169075,172401,7400,6000,6100,6200,6200,154295,157620,159504,162875,166201,0
Male,Graduate,Single,30,360000,30627,4297,2720,2040,2722,5057,4318,2740,2050,2736,5273,-21,-20,-10,-14,-216,0
Female,High School,Married,33,90000,86960,85585,87235,84511,84488,86184,3200,3114,3000,3100,3100,82385,84121,81511,81388,83084,1
Male,Graduate,Married,48,450000,20938,80176,37417,22048,20926,13187,80191,37417,22080,20926,13337,-15,0,-32,0,-150,0
Male,Graduate,Single,29,140000,0,0,0,0,0,0,0,0,0,0,0,0,0,0,0,0,0
Female,Graduate,Single,27,400000,2691,426,426,27926,0,430,426,426,27926,27500,430,0,0,0,-27500,0,0
Female,University,Married,30,50000,4959,423,3139,2464,6170,0,0,6024,5428,6170,0,423,-2885,-2964,0,0,0
Female,University,Married,50,420000,405779,412684,411394,277995,249697,258353,16000,15000,182781,99000,13000,396684,396394,95214,150697,245353,0
Female,Graduate,Single,35,390000,245997,243904,244361,243287,247613,246330,10800,9110,10000,9200,9000,233104,235251,233287,238413,237330,1
Female,University,Married,40,200000,39929,32910,17965,9846,13621,10466,33000,18000,9900,13650,10500,-90,-35,-54,-29,-34,0
Male,Graduate,Single,29,130000,110524,108204,99784,71451,67024,62655,10000,5000,4000,4000,7500,98204,94784,67451,63024,55155,0
Female,Graduate,Single,36,360000,1365,2703,863,390,390,3540,3000,1000,1000,390,3540,-297,-137,-610,0,0,0
Male,University,Married,46,290000,196566,168372,171699,133147,135147,127087,7800,7839,4706,5400,4604,160572,163860,128441,129747,122483,0
Female,University,Single,24,120000,112336,113351,115515,113948,122127,121962,4200,4100,4100,10000,4560,109151,111415,109848,112127,117402,0
Female,Graduate,Single,24,40000,35225,35939,36606,38687,37296,38181,1933,1600,3000,0,1500,34006,35006,35687,37296,36681,1
Male,Graduate,Married,42,500000,5121,29478,43892,6420,49240,6772,31305,43864,6453,49470,3723,-1827,28,-33,-230,3049,0
Female,Graduate,Married,36,150000,16228,29414,4975,3960,2914,1068,30745,4975,5017,2914,1250,-1331,0,-1057,0,-182,0
Female,Graduate,Single,26,240000,1611,1435,2236,3166,1925,3326,14,2236,3166,0,3326,1421,0,0,1925,0,1
Male,High School,Single,44,80000,10350,10993,11865,11549,11549,11231,1199,1461,535,700,500,9794,10404,11014,10849,10731,0
Female,Graduate,Married,48,220000,3467,3327,839,-3,1856,1528,3340,840,3,1859,2134,-13,-1,-6,-3,-606,0
Female,Graduate,Married,31,110000,0,0,0,0,163,63755,0,0,0,163,63755,0,0,0,0,0,0
Female,University,Married,52,220000,52536,53624,43462,36222,19055,3098,4151,16992,5225,2000,1000,49473,26470,30997,17055,2098,0
Female,University,Single,34,100000,0,0,1531,0,1799,0,0,1531,4886,1799,0,0,0,-4886,0,0,0
Female,High School,Married,42,70000,6489,9372,11179,8688,8295,10147,3000,2000,295,1000,2000,6372,9179,8393,7295,8147,0
Female,University,Married,27,50000,15345,14812,16696,16134,17380,16958,0,2137,0,1503,0,14812,14559,16134,15877,16958,0
Female,Graduate,Single,32,200000,34500,10706,3835,12559,6764,7700,36659,3835,12559,6764,7700,-25953,0,0,0,0,0
Male,High School,Married,42,220000,285,825,0,1230,3227,3820,825,0,1230,3227,3820,0,0,0,0,0,0
Female,High School,Married,42,200000,203340,205172,198577,141141,144216,144027,8064,9474,4944,5240,5214,197108,189103,136197,138976,138813,0
Female,Graduate,Married,43,350000,6337,4300,16229,56929,7082,4640,4300,16229,45000,108501,4640,0,0,11929,-101419,0,0
Female,High School,Single,24,80000,58850,59867,47925,23642,21707,20544,2700,4500,1000,933,5000,57167,43425,22642,20774,15544,0
Female,University,Single,56,50000,48316,34161,33751,22467,19927,20352,1700,1760,898,864,900,32461,31991,21569,19063,19452,0
Male,Graduate,Single,32,200000,396,396,396,396,396,396,396,396,396,396,396,0,0,0,0,0,0
Female,High School,Married,31,60000,27347,22915,22243,20938,22486,21394,5000,7243,5000,5000,5394,17915,15000,15938,17486,16000,0
Male,High School,Married,49,50000,50180,51400,0,0,0,0,2400,0,0,0,0,49000,0,0,0,0,1
Female,Graduate,Single,33,360000,7831,0,0,764,0,2844,0,0,764,0,2844,0,0,0,0,0,0
Female,High School,Single,50,30000,178,1860,940,1110,0,0,1860,0,1110,0,0,0,940,0,0,0,1
Female,University,Single,32,90000,76442,76633,78174,78800,77417,82369,2000,3400,2500,0,6250,74633,74774,76300,77417,76119,0
Female,Graduate,Married,32,200000,0,0,0,0,0,0,0,0,0,0,0,0,0,0,0,0,0
Male,Other,Single,51,100000,101658,97937,98893,101044,96045,97227,4134,3952,3611,3298,3401,93803,94941,97433,92747,93826,0
Female,High School,Single,49,200000,196272,209034,203592,194238,192451,196355,17500,0,7000,7350,7300,191534,203592,187238,185101,189055,0
Female,Graduate,Married,26,300000,1946,2612,3408,1908,1108,530,2612,1914,0,1108,530,0,1494,1908,0,0,1
Male,High School,Married,30,10000,8315,11267,10626,10160,10052,9635,3258,0,0,357,400,8009,10626,10160,9695,9235,0
Male,University,Single,44,400000,6902,7904,7566,7716,7722,7890,1216,1213,363,219,234,6688,6353,7353,7503,7656,0
Female,High School,Married,34,130000,126701,129388,130768,131858,125874,127988,6200,5000,4732,0,5000,123188,125768,127126,125874,122988,1
Male,University,Single,50,180000,1156,396,776,776,1552,776,396,776,776,1552,0,0,0,0,0,776,0
Female,High School,Single,27,370000,63412,159542,160885,162368,165591,121614,100000,6000,6000,8000,4500,59542,154885,156368,157591,117114,0
Female,Graduate,Single,46,60000,30073,18385,20732,21196,23175,22724,3000,3000,1000,3000,0,15385,17732,20196,20175,22724,0
Female,Graduate,Single,29,210000,205131,197019,196021,103522,145487,141876,10000,4720,50075,110000,10000,187019,191301,53447,35487,131876,0
Female,High School,Married,46,70000,11332,12093,13891,13371,14654,14271,1250,2000,0,1500,0,10843,11891,13371,13154,14271,1
Female,Graduate,Single,33,20000,16180,16635,16082,15529,16525,16110,1000,0,0,1400,0,15635,16082,15529,15125,16110,0
Female,Graduate,Single,35,200000,99291,87757,82417,83877,82814,35484,2742,3000,2018,2743,1578,85015,79417,81859,80071,33906,0
Female,University,Married,30,130000,21996,19730,20456,20783,-290,-680,3000,3000,2000,0,0,16730,17456,18783,-290,-680,0
Male,University,Married,38,120000,116344,111960,115804,92542,83581,61650,0,6781,0,5550,0,111960,109023,92542,78031,61650,0
Female,Graduate,Married,34,330000,21576,24226,15577,89851,86005,121319,5002,15579,89851,5000,50000,19224,-2,0,81005,71319,0
Female,High School,Married,54,30000,23498,26400,25682,26155,27972,27374,3600,0,1200,2400,0,22800,25682,24955,25572,27374,1
Female,University,Single,39,480000,502904,481990,476680,402695,362128,347271,180000,17000,12638,12058,11101,301990,459680,390057,350070,336170,0
Male,Graduate,Single,39,100000,1442,1261,1411,1411,1075,1139,1261,1411,1411,1075,1500,0,0,0,0,-361,0
Female,Graduate,Married,43,270000,1626,1443,1443,1443,9629,1773,1443,1443,1443,9629,1773,0,0,0,0,0,0
Female,High School,Married,55,40000,2400,2400,2400,2400,2400,2400,0,0,0,0,0,2400,2400,2400,2400,2400,1
Female,University,Single,34,180000,180373,176063,175324,177197,181041,180044,0,7632,6083,6671,7515,176063,167692,171114,174370,172529,0
Male,University,Single,25,240000,178878,181717,165662,144277,112210,116047,6095,4729,5682,5500,5000,175622,160933,138595,106710,111047,1
Female,Graduate,Married,38,210000,4868,13118,16114,3353,10775,2938,13174,16114,3353,10775,3000,-56,0,0,0,-62,0
Female,University,Single,23,50000,3,34361,44804,44800,43576,44315,34361,10443,2001,1,2001,0,34361,42799,43575,42314,0
Female,High School,Married,44,230000,1424,6534,3733,1443,1443,1435,6553,3756,1443,1443,1435,-19,-23,0,0,0,0
Female,University,Single,24,50000,2675,0,0,0,0,0,0,0,0,0,0,0,0,0,0,0,1
Female,Graduate,Single,41,250000,4649,3964,3281,934,467,12871,0,10,0,0,12871,3964,3271,934,467,0,0
Female,High School,Married,45,120000,0,0,0,0,0,0,0,0,0,0,0,0,0,0,0,0,0
Male,University,Married,35,160000,1822,2229,7110,1539,-1,1238,2229,7116,1539,0,1240,0,-6,0,-1,-2,0
Male,University,Married,29,210000,1685,6644,3584,1756,732,730,6715,5800,6256,732,730,-71,-2216,-4500,0,0,0
Female,Graduate,Single,29,260000,203896,196219,188608,172722,159826,146891,7282,6486,5712,5647,5386,188937,182122,167010,154179,141505,0
Female,University,Married,32,310000,73491,76452,78736,80590,82453,84252,4000,4000,3000,3000,3000,72452,74736,77590,79453,81252,0
Female,High School,Married,42,50000,50427,48115,46991,47276,47870,47865,6506,2607,3312,13107,2648,41609,44384,43964,34763,45217,1
Female,Graduate,Single,30,360000,750,1166,398,0,418,1840,1166,398,0,418,1840,0,0,0,0,0,0
Female,Graduate,Single,24,50000,49144,48202,43656,29466,29936,30350,1837,1462,1038,1086,1069,46365,42194,28428,28850,29281,0
Male,University,Married,44,240000,199446,200899,205084,194800,183962,188496,7500,10006,7000,7000,8000,193399,195078,187800,176962,180496,0
Male,High School,Married,49,500000,74919,70287,10546,-4729,-10505,-14433,1862,1074,4753,5475,3751,68425,9472,-9482,-15980,-18184,0
Female,Graduate,Married,40,150000,152880,151333,151264,146328,148012,151014,6000,10031,4630,4918,9000,145333,141233,141698,143094,142014,0
Female,University,Married,38,160000,316,316,316,316,316,316,316,316,316,316,316,0,0,0,0,0,0
Female,University,Single,42,410000,37492,33535,7267,14190,132106,289397,1625,1031,14224,132116,163020,31910,6236,-34,-10,126377,0
Female,High School,Single,63,50000,51432,50316,50866,48194,47233,50224,0,3600,0,3000,5001,50316,47266,48194,44233,45223,0
Male,High School,Single,38,50000,47350,44948,40326,19576,19565,19531,1772,1301,835,856,854,43176,39025,18741,18709,18677,0
Female,Graduate,Single,29,170000,115194,111991,22499,25015,34343,53403,10000,10000,25015,10000,20000,101991,12499,0,24343,33403,0
Female,Graduate,Single,47,100000,22970,0,0,0,0,0,0,0,0,0,0,0,0,0,0,0,0
Male,Graduate,Married,46,230000,193112,197039,200300,203018,199689,202833,8500,8000,7500,0,6622,188539,192300,195518,199689,196211,1
Male,University,Single,30,20000,17819,17244,18938,19836,19390,19664,0,2000,1500,0,1000,17244,16938,18336,19390,18664,1
Female,Graduate,Married,50,170000,3955,5269,1986,1611,316,1608,5269,1986,1611,316,1608,0,0,0,0,0,0
Female,Graduate,Single,36,160000,598,598,168,1449,916,2133,0,0,1449,0,2133,598,168,0,916,0,1
Male,High School,Single,35,400000,92,101,-42,-42,-42,1058,101,0,0,0,1100,0,-42,-42,-42,-42,0
Female,Graduate,Single,29,340000,82922,81084,74530,66897,64699,35540,3600,2962,2500,1800,1000,77484,71568,64397,62899,34540,0
Male,High School,Married,31,90000,63276,61693,75670,83772,83401,81487,0,15000,10000,1500,0,61693,60670,73772,81901,81487,1
Female,Graduate,Single,32,140000,0,10626,11579,10165,13067,92743,10626,1154,1000,3067,80000,0,10425,9165,10000,12743,0
Female,University,Married,27,280000,747,0,5737,922,107,980,0,5737,922,107,980,0,0,0,0,0,0
Female,University,Married,40,180000,632,316,166,6988,6822,466,316,166,6822,466,0,0,0,166,6356,466,0
Male,Graduate,Married,53,500000,7196,-1189,4639,2800,854,10854,0,7439,0,854,10000,-1189,-2800,2800,0,854,0
Female,Graduate,Married,34,360000,9100,15658,1874,6330,-200,-200,15658,1874,6330,0,0,0,0,0,-200,-200,0
Male,Graduate,Single,23,50000,8003,9025,9868,9406,9605,9805,1310,1153,400,350,360,7715,8715,9006,9255,9445,0
Male,Graduate,Married,55,220000,1782,0,0,80737,5381,2232,0,0,80737,5381,2232,0,0,0,0,0,0
Male,Graduate,Married,35,500000,143839,117883,100809,104716,101568,92150,4844,5095,7229,0,2843,113039,95714,97487,101568,89307,0
Male,University,Single,41,100000,780,0,0,0,0,0,0,0,0,0,0,0,0,0,0,0,0
Female,Graduate,Single,29,20000,3417,-802,-1282,1718,1238,1831,4,0,3000,0,1831,-806,-1282,-1282,1238,0,1
Female,High School,Married,26,80000,76118,78451,55339,25374,20054,20249,4196,3569,26022,504,1000,74255,51770,-648,19550,19249,0
Female,Graduate,Married,38,160000,827,827,827,827,827,827,827,827,827,827,827,0,0,0,0,0,0
Male,University,Married,39,240000,0,1263,-13,1667,-300,-300,1263,0,1680,0,0,0,-13,-13,-300,-300,0
Male,High School,Married,36,450000,550,0,0,0,0,0,0,0,0,0,0,0,0,0,0,0,0
Male,High School,Single,39,50000,34390,810,19009,18035,18364,18670,810,51000,0,1000,1000,0,-31991,18035,17364,17670,0
Male,University,Married,37,150000,27707,28434,29356,30777,32193,32589,1477,1489,2000,2000,1169,26957,27867,28777,30193,31420,1
Female,University,Married,36,290000,154336,125684,111298,82204,82792,83832,3600,3010,3000,2500,3000,122084,108288,79204,80292,80832,0
Female,University,Single,22,50000,29632,9856,9541,5411,4782,3192,6016,9021,6000,4000,2500,3840,520,-589,782,692,0
Male,High School,Married,38,80000,197,2348,1260,0,0,16640,4568,352,0,0,16640,-2220,908,0,0,0,0
Male,University,Single,45,50000,25867,29133,28371,31208,30149,29375,4000,0,3600,0,0,25133,28371,27608,30149,29375,1
Male,University,Married,30,50000,14040,14903,7288,6662,4920,6060,1152,1032,166,149,2000,13751,6256,6496,4771,4060,0
Male,University,Married,42,500000,114374,130999,153648,172515,178758,192589,50012,51343,70000,70000,80000,80987,102305,102515,108758,112589,0
Female,Graduate,Married,39,500000,3220,0,15040,35498,19508,21199,0,15040,35498,19508,21199,0,0,0,0,0,1
Female,High School,Married,40,200000,44600,42954,44318,32010,33271,34297,3000,6032,0,3000,3000,39954,38286,32010,30271,31297,0
Female,High School,Married,22,30000,30678,29893,29086,25352,25096,24920,1,1957,678,684,776,29892,27129,24674,24412,24144,0
Female,High School,Married,51,80000,387,2120,15094,4140,747,1053,2126,15094,4173,747,1053,-6,0,-33,0,0,0
Female,Graduate,Married,50,50000,50175,48275,49646,44051,45912,45383,0,7775,3000,3000,5000,48275,41871,41051,42912,40383,0
Male,University,Married,31,50000,42159,43172,46450,45402,48677,47740,2000,4000,0,4000,0,41172,42450,45402,44677,47740,1
Female,University,Single,38,280000,94451,96041,98301,74624,75173,77419,4000,4033,3000,3300,3500,92041,94268,71624,71873,73919,0
Female,University,Married,48,260000,0,0,0,0,0,0,0,0,0,0,0,0,0,0,0,0,0
Female,University,Single,22,30000,-802,19786,20517,13167,10686,10074,21286,1154,413,372,500,-1500,19363,12754,10314,9574,0
Female,Graduate,Married,28,210000,0,0,0,0,0,0,0,0,0,0,0,0,0,0,0,0,0
Female,University,Married,31,50000,45074,46546,48945,47994,48704,41189,2201,3600,0,1500,1500,44345,45345,47994,47204,39689,1
Female,University,Married,29,20000,10747,11558,9961,10310,10372,9838,1317,1150,499,361,573,10241,8811,9811,10011,9265,0
Female,Graduate,Married,47,310000,131559,135970,121016,111214,101957,92805,17839,0,5000,4000,4000,118131,121016,106214,97957,88805,0
Female,University,Married,42,100000,0,0,0,1054,1230,1054,0,0,1054,1230,1054,0,0,0,0,0,0
Female,University,Single,36,180000,161159,151558,154648,156584,166960,164012,7000,7100,6000,13100,0,144558,147548,150584,153860,164012,1
Male,Graduate,Single,26,100000,18999,23699,9390,5781,8065,17277,5129,1227,1000,5914,10000,18570,8163,4781,2151,7277,0
Male,University,Single,25,20000,11657,11045,2160,0,0,0,0,21,10800,0,0,11045,2139,-10800,0,0,1
Female,University,Single,46,240000,128272,131718,135075,134705,143883,145643,5500,6004,3000,10500,4000,126218,129071,131705,133383,141643,0
Male,University,Single,45,200000,200996,194699,183344,153880,155359,158776,9200,9000,8000,6000,6000,185499,174344,145880,149359,152776,0
Female,University,Single,24,30000,1104,1162,774,386,-4,16305,1164,2,2,0,16309,-2,772,384,-4,-4,0
Female,University,Single,38,500000,18410,-10,1429,-601,120195,976,0,1439,0,120796,981,-10,-10,-601,-601,-5,0
Female,High School,Married,43,230000,1099,2508,976,416,416,416,2508,976,416,416,416,0,0,0,0,0,0
Female,High School,Single,27,110000,28686,32765,27864,25691,28257,24161,5000,7000,0,10000,4161,27765,20864,25691,18257,20000,1
Female,Graduate,Single,34,230000,1103,16234,68813,4427,13882,41463,16286,65280,4446,13949,41660,-52,3533,-19,-67,-197,0
Female,Graduate,Married,45,80000,74081,72329,74409,78180,76831,79570,0,3300,5600,0,4000,72329,71109,72580,76831,75570,1
Female,Graduate,Married,33,200000,0,0,0,0,0,0,0,0,0,0,0,0,0,0,0,0,0
Female,High School,Single,51,80000,77499,77838,77790,80528,23567,25171,3000,3013,4000,2000,2000,74838,74777,76528,21567,23171,0
Male,University,Married,30,170000,150693,154424,148564,105858,105075,107358,7000,7000,4000,4000,4000,147424,141564,101858,101075,103358,0
Female,Graduate,Married,31,120000,413,4480,2080,2280,0,0,4269,0,200,0,0,211,2080,2080,0,0,0
Female,Graduate,Married,45,100000,0,5220,0,0,0,0,5220,0,0,0,0,0,0,0,0,0,1
Female,Graduate,Single,34,210000,300878,2250,0,0,692,1560,2250,0,0,692,1560,0,0,0,0,0,0
Female,Graduate,Single,26,300000,3853,1946,790,3569,657,0,1946,790,3569,657,0,0,0,0,0,0,0
Female,University,Single,49,70000,390,390,772,390,780,390,390,772,8,780,0,0,0,382,0,390,0
Female,University,Single,40,30000,944,-764,-1202,-2230,6770,9579,0,0,0,9000,4653,-764,-1202,-2230,-2230,4926,0
Female,University,Married,51,30000,10874,11896,12906,13162,13438,13705,1205,1215,471,488,491,10691,11691,12691,12950,13214,0
Female,University,Married,30,80000,83093,78682,77416,53338,53749,51026,3204,3060,3000,2000,2000,75478,74356,50338,51749,49026,0
Female,Graduate,Married,37,180000,29206,16231,8392,25062,13088,23174,16231,8405,25062,13088,23174,0,-13,0,0,0,0
Female,Graduate,Married,28,360000,164857,192513,178030,117997,0,0,30650,9300,6000,0,0,161863,168730,111997,0,0,0
Male,University,Married,46,50000,48885,48793,34440,30889,30182,29912,2000,2500,2000,1500,5000,46793,31940,28889,28682,24912,0
Male,Other,Married,35,170000,91109,88263,89620,90797,47200,47707,6006,4400,3827,2200,2500,82257,85220,86970,45000,45207,0
Female,University,Married,40,230000,0,0,0,144,225,0,0,0,144,225,0,0,0,0,0,0,0
Male,Graduate,Married,44,500000,6723,17385,32046,32530,18896,17049,17410,32077,32579,18914,17069,-25,-31,-49,-18,-20,0
Male,University,Single,26,30000,12894,12404,12408,11912,13707,14328,0,500,0,2000,1000,12404,11908,11912,11707,13328,1
Male,Graduate,Single,31,120000,1316,1316,1316,533,4116,9834,1316,1316,533,4116,9834,0,0,0,0,0,1
Male,Graduate,Single,38,200000,3388,-12,1081,1884,2089,7097,0,1093,1893,2097,7132,-12,-12,-9,-8,-35,1
Female,High School,Married,38,60000,26583,24825,23027,12947,390,700,1864,1206,259,390,700,22961,21821,12688,0,0,0
Male,University,Single,39,140000,143673,146921,143084,142011,136431,128118,7000,0,6000,5200,5000,139921,143084,136011,131231,123118,0
Male,High School,Single,44,50000,40151,38951,28984,29422,0,0,2000,2000,2000,0,0,36951,26984,27422,0,0,0
Female,University,Married,35,90000,6574,3997,5740,27384,3665,26721,4192,5743,27391,3667,26724,-195,-3,-7,-2,-3,0
Female,Graduate,Single,28,150000,893,2300,0,0,2222,0,2300,0,0,2222,0,0,0,0,0,0,0
Female,High School,Single,29,250000,686,0,947,7385,3806,22319,0,947,7385,5301,46660,0,0,0,-1495,-24341,0
Female,University,Single,24,100000,17938,20486,21644,9209,6495,78080,2842,3000,0,6000,80900,17644,18644,9209,495,-2820,1
Male,Graduate,Married,43,320000,18625,28143,32159,31851,3105,-45,10000,5000,0,0,0,18143,27159,31851,3105,-45,1
Male,High School,Single,31,50000,49415,49547,15464,15701,12192,12515,1278,1195,432,443,526,48269,14269,15269,11749,11989,0
Female,Graduate,Single,28,90000,56889,55407,64428,64767,65579,67328,0,10000,2000,2000,3000,55407,54428,62767,63579,64328,1
Male,University,Single,42,250000,212787,218035,223068,228051,233072,237879,9000,9000,9000,9000,9000,209035,214068,219051,224072,228879,0
Female,University,Single,27,120000,110686,103869,90809,67313,16040,116654,7000,5000,5000,4000,110000,96869,85809,62313,12040,6654,0
Female,High School,Single,24,140000,126546,124926,111220,75706,69278,58589,4922,3910,4604,4000,3000,120004,107310,71102,65278,55589,0
Female,Graduate,Single,34,330000,203,1558,39927,53430,44798,40341,1503,40003,15000,0,0,55,-76,38430,44798,40341,0
Male,Graduate,Married,33,500000,1901,3800,5239,5239,1559,2680,3800,5239,0,0,2680,0,0,5239,1559,0,0
Male,University,Single,24,30000,2706,1261,390,390,390,390,0,390,390,390,390,1261,0,0,0,0,0
Male,Graduate,Married,41,80000,79950,82956,83656,84457,83897,80159,4900,3000,3000,3100,0,78056,80656,81457,80797,80159,1
Male,Graduate,Married,40,320000,14,1200,2987,-13,2670,-4,1205,3002,0,2683,0,-5,-15,-13,-13,-4,0
Male,University,Married,50,600000,225274,230414,237135,241033,246081,250971,8773,10561,8629,8934,8984,221641,226574,232404,237147,241987,1
Female,University,Single,36,200000,76308,78669,75995,79781,81533,80243,4000,0,5500,3000,0,74669,75995,74281,78533,80243,1
Female,University,Single,39,240000,228610,182982,150022,151787,154922,159113,0,7000,5000,5000,6000,182982,143022,146787,149922,153113,0
Male,University,Married,54,30000,6551,8482,10184,12408,11922,12167,2049,1851,2400,0,587,6433,8333,10008,11922,11580,0
Male,University,Single,33,20000,14765,6371,4150,988,390,1935,1000,4150,988,390,1935,5371,0,0,0,0,0
Female,Graduate,Single,32,130000,132105,130973,97006,60608,62065,60842,8000,4559,5000,5000,0,122973,92447,55608,57065,60842,0
Male,High School,Married,38,190000,94921,97397,99789,102131,104491,106755,4000,4000,4000,4000,4000,93397,95789,98131,100491,102755,0
Female,Graduate,Married,46,470000,42974,45277,54321,52932,46712,45537,3000,10000,0,6000,5000,42277,44321,52932,40712,40537,0
Female,Graduate,Single,29,50000,15416,17392,18446,17852,18236,20524,2233,1639,0,672,2602,15159,16807,17852,17564,17922,0
Female,University,Married,33,250000,3694,4716,6126,7514,8883,12860,1090,1500,1500,1500,4200,3626,4626,6014,7383,8660,0
Female,Graduate,Married,45,500000,193083,210013,218508,230776,245546,255905,21507,15020,20007,20007,15912,188506,203488,210769,225539,239993,0
Male,Graduate,Single,28,500000,216657,174694,165203,136067,16120,93532,8508,4699,623,1590,93469,166186,160504,135444,14530,63,0
Female,Graduate,Single,25,60000,16006,16840,18001,18048,12583,12754,1400,1500,500,700,500,15440,16501,17548,11883,12254,0
Male,University,Married,61,20000,12961,13668,13145,15023,14510,13854,1209,0,2087,0,550,12459,13145,12936,14510,13304,1
Male,University,Married,50,50000,36750,0,0,0,0,0,5000,0,0,0,0,-5000,0,0,0,0,0
Male,University,Married,45,20000,21136,20043,20192,19459,36290,19774,11,2505,2000,3000,1203,20032,17687,17459,33290,18571,1
Male,Graduate,Single,27,140000,7845,12338,13919,14019,4347,4729,5000,3000,300,500,4000,7338,10919,13719,3847,729,0
Female,University,Married,53,80000,31333,32365,33380,34043,34756,35448,1541,1556,1219,1262,1270,30824,31824,32824,33494,34178,0
Female,University,Married,29,110000,106302,108590,107414,108887,107145,102075,5500,5224,7641,0,3785,103090,102190,101246,107145,98290,0
Female,Graduate,Single,39,360000,3377,37305,5721,11379,7939,7081,37500,5749,11436,7978,3566,-195,-28,-57,-39,3515,0
Female,Other,Single,21,50000,1211,3173,7076,7729,9442,9887,2000,4000,2000,2000,1000,1173,3076,5729,7442,8887,0
Male,Graduate,Married,52,380000,0,2879,1395,3261,0,0,742,1395,3261,0,0,2137,0,0,0,0,0
Female,University,Married,38,50000,18750,0,31288,27335,30626,29921,0,95000,1000,3700,16,0,-63712,26335,26926,29905,0
Female,University,Married,49,300000,300,97,6497,5897,6005,0,97,6500,0,408,0,0,-3,5897,5597,0,0
Male,Graduate,Married,29,360000,55104,52585,45914,8835,3421,2391,2094,1760,204,17,2403,50491,44154,8631,3404,-12,0
Female,University,Single,23,60000,27104,28179,30586,30885,30268,30103,1500,2867,1080,0,1319,26679,27719,29805,30268,28784,0
Male,University,Single,29,30000,7965,3101,3126,7365,3245,828,1000,3126,7365,0,828,2101,0,0,3245,0,0
Male,Graduate,Single,28,120000,9383,16571,16607,16043,16379,16706,7703,600,0,595,599,8868,16007,16043,15784,16107,0
Female,Graduate,Single,26,50000,1389,722,179,10100,13285,5489,722,179,10100,13285,5489,0,0,0,0,0,0
Female,University,Married,40,150000,4083,10193,12620,13027,17760,83146,6248,4620,3027,7050,75415,3945,8000,10000,10710,7731,0
Female,University,Single,23,50000,4338,0,0,0,0,74,0,0,0,0,74,0,0,0,0,0,1
Female,University,Single,23,50000,50105,51099,50269,28553,30196,30208,2205,2204,1000,2013,5004,48894,48065,27553,28183,25204,0
Female,University,Married,39,50000,390,390,390,390,390,390,390,390,390,390,390,0,0,0,0,0,1
Female,Graduate,Single,28,550000,257553,251236,246572,240595,237968,220199,12036,9071,8022,6797,7095,239200,237501,232573,231171,213104,0
Male,University,Married,37,190000,49541,48458,46423,38493,0,0,0,1400,770,0,0,48458,45023,37723,0,0,0
Female,University,Married,37,310000,44981,42940,43449,44925,42725,34303,1942,1460,1936,1742,1303,40998,41989,42989,40983,33000,0
Male,High School,Single,49,110000,113928,112775,110399,48532,44703,47869,4915,4379,12466,5000,5307,107860,106020,36066,39703,42562,0
Female,University,Married,27,160000,86772,71275,54769,39137,26971,3426,2805,1487,958,539,1000,68470,53282,38179,26432,2426,0
Female,Graduate,Single,32,200000,219146,212111,206307,204787,195475,191626,7950,7700,11800,4000,10000,204161,198607,192987,191475,181626,0
Male,Graduate,Single,29,300000,696,696,696,696,696,696,696,696,696,696,696,0,0,0,0,0,0
Female,University,Single,28,150000,86787,89610,86738,75859,74108,75898,5120,4021,2500,3000,2800,84490,82717,73359,71108,73098,0
Male,Other,Married,57,90000,0,0,0,0,0,585,0,0,0,0,585,0,0,0,0,0,0
Female,Graduate,Single,26,210000,6608,3582,63527,32088,16731,62561,3582,63000,20000,5000,52343,0,527,12088,11731,10218,0
Female,Graduate,Married,33,360000,10571,11174,10000,10000,18335,18889,11174,10000,10000,18335,18889,0,0,0,0,0,0
Male,Graduate,Single,28,150000,6065,9606,3425,3425,0,0,5000,1000,0,0,0,4606,2425,3425,0,0,1
Female,University,Married,34,100000,296,148,620,296,148,0,0,620,296,0,0,148,0,0,148,0,0
Female,Graduate,Single,26,180000,4312,2117,5944,2102,10214,0,2117,5944,2102,10214,0,0,0,0,0,0,0
Male,University,Married,39,270000,110917,114809,113771,103023,108340,96962,7005,6039,3367,20033,3486,107804,107732,99656,88307,93476,0
Male,University,Single,53,60000,56765,57849,57432,27126,27579,29085,3000,4000,2000,2000,2000,54849,53432,25126,25579,27085,0
Female,University,Married,33,220000,223904,211137,197721,181231,182649,182644,0,8240,6549,6605,6490,211137,189481,174682,176044,176154,1
Male,Graduate,Single,60,200000,12716,12453,21910,12474,17785,12500,12453,21957,12474,17811,12500,0,-47,0,-26,0,0
Female,University,Single,54,120000,20157,19295,13531,10129,11581,12782,2000,1500,1500,2000,1782,17295,12031,8629,9581,11000,0
Male,Graduate,Single,43,500000,37575,105652,51072,77094,77669,42059,107243,52090,78372,78949,42985,-1591,-1018,-1278,-1280,-926,0
Male,Other,Single,26,50000,0,0,0,0,0,0,0,0,0,0,0,0,0,0,0,0,0
Male,Other,Single,38,30000,30000,-720,-720,-1500,0,0,0,0,0,1500,0,-720,-720,-1500,-1500,0,0
Male,University,Married,35,50000,49008,49198,34239,14448,28799,29199,2171,2021,930,31074,1503,47027,32218,13518,-2275,27696,0
Female,University,Married,50,20000,390,780,390,549,1320,780,780,0,549,1320,0,0,390,0,0,780,1
Female,Graduate,Single,27,240000,21260,20643,38552,18580,12773,5423,0,19000,437,1000,1000,20643,19552,18143,11773,4423,0
Male,Graduate,Single,28,30000,10480,11503,12513,13804,13442,14066,1199,1209,1500,0,1000,10304,11304,12304,13442,13066,1
Female,High School,Married,45,70000,69877,68751,69744,50190,49603,49469,2600,2215,2000,1800,2000,66151,67529,48190,47803,47469,0
Female,High School,Married,25,50000,49805,50654,41776,17083,9412,1038,2025,2062,2016,1022,1388,48629,39714,15067,8390,-350,1
Female,Graduate,Single,28,500000,98541,102052,111690,78070,78376,80912,6000,13151,0,3000,5000,96052,98539,78070,75376,75912,1
Male,Graduate,Married,41,170000,56742,49176,41969,37409,36214,30798,5019,10041,5012,5024,5012,44157,31928,32397,31190,25786,0
Female,High School,Single,22,20000,390,390,0,780,0,0,390,0,780,0,0,0,0,0,0,0,0
Female,University,Single,27,100000,94656,88758,90357,89209,84983,81484,4171,4044,3420,3300,3886,84587,86313,85789,81683,77598,0
Male,Graduate,Single,23,20000,18551,17469,18414,20234,18438,18225,0,1576,2396,0,1200,17469,16838,17838,18438,17025,0
Male,High School,Single,27,210000,22431,2004,45408,28138,6356,2900,2010,45408,28138,2900,0,-6,0,0,3456,2900,0
Male,Graduate,Married,41,50000,48063,46565,38617,8999,8870,5876,0,1906,500,500,300,46565,36711,8499,8370,5576,1
Female,High School,Other,43,20000,4094,1683,2924,1462,1462,6105,0,2924,0,1462,6105,1683,0,1462,0,0,0
Male,University,Single,36,190000,58107,60172,62206,63612,65422,67334,3000,3034,2439,3000,3000,57172,59172,61173,62422,64334,0
Male,University,Married,35,20000,4966,3120,2549,2696,1188,2677,1200,2549,2696,1188,2677,1920,0,0,0,0,0
Male,Graduate,Single,31,220000,75538,78315,80361,82199,84782,87284,4000,4000,4000,4000,4000,74315,76361,78199,80782,83284,0
Female,University,Single,34,20000,780,0,390,390,390,12190,0,390,390,390,12190,0,0,0,0,0,0
Female,High School,Married,32,140000,88966,39565,41284,45793,40782,32283,3000,3000,10000,1400,1660,36565,38284,35793,39382,30623,0
Male,University,Single,27,20000,15526,33140,17589,18945,36552,18797,1300,1300,1650,850,1500,31840,16289,17295,35702,17297,0
Female,Graduate,Married,50,210000,90,90,90,90,180,90,90,90,90,180,0,0,0,0,0,90,1
Female,Graduate,Single,36,220000,5385,5337,5484,5342,5618,5236,5363,5511,5368,5646,5262,-26,-27,-26,-28,-26,1
Female,Graduate,Married,38,120000,980,4000,1000,0,19100,0,4000,1000,0,19100,0,0,0,0,0,0,1
Male,University,Single,25,50000,10695,10386,9993,9993,15300,0,0,0,200,5307,0,10386,9993,9793,9993,0,1
Female,Graduate,Single,24,230000,20887,18705,17295,18335,9320,1858,0,1200,3000,0,254,18705,16095,15335,9320,1604,0
Male,High School,Single,23,20000,9525,16977,18546,18846,18066,17463,8000,2000,900,0,1000,8977,16546,17946,18066,16463,0
Female,Graduate,Single,31,210000,140839,119171,119680,118070,111841,111716,4500,6000,5102,5000,5000,114671,113680,112968,106841,106716,0
Male,Graduate,Single,26,210000,204824,209873,214775,111893,107697,105578,10000,10000,5000,4000,4000,199873,204775,106893,103697,101578,0
Male,Graduate,Single,38,10000,8188,6780,390,390,0,780,1000,390,390,0,780,5780,0,0,0,0,0
Female,University,Single,28,100000,1215,1042,1042,1004,1612,622,1042,1042,1004,1650,622,0,0,0,-38,0,1
Male,University,Single,23,30000,27044,28384,29037,29667,29669,29995,2000,1427,1291,1029,1229,26384,27610,28376,28640,28766,0
Male,Graduate,Married,40,300000,7111,7111,0,0,0,0,0,0,0,0,0,7111,0,0,0,0,0
Male,Graduate,Single,29,140000,60764,62782,63636,65570,67354,69073,3000,2500,3000,3000,3000,59782,61136,62570,64354,66073,0
Male,University,Other,35,50000,4943,49411,48859,10076,8442,8610,45200,1285,332,306,308,4211,47574,9744,8136,8302,1
Male,University,Married,40,200000,1296,2035,120921,126429,85500,81305,2564,124500,8000,3500,4000,-529,-3579,118429,82000,77305,0
Male,Graduate,Single,33,260000,1025,799,-1,-1,358,492,803,0,0,359,494,-4,-1,-1,-1,-2,0
Male,University,Married,52,250000,29086,33288,32459,34600,36539,38287,5000,0,3000,2500,2500,28288,32459,31600,34039,35787,1
Female,Graduate,Married,52,500000,144430,50001,62622,166818,78909,40268,50133,62646,166853,79331,40268,-132,-24,-35,-422,0,0
Female,High School,Married,44,60000,32202,29503,29538,29971,29798,28679,1802,1737,1170,1189,1230,27701,27801,28801,28609,27449,1
Female,University,Single,25,360000,442,442,442,442,434,442,444,444,444,436,452,-2,-2,-2,-2,-10,0
Female,University,Married,41,90000,28636,-2364,-2364,-2364,-2364,-2364,0,0,0,0,0,-2364,-2364,-2364,-2364,-2364,1
Male,University,Single,23,150000,151686,147474,7474,8173,87500,89731,3000,120000,823,80000,3684,144474,-112526,7350,7500,86047,1
Male,Graduate,Single,54,130000,0,0,6244,11108,11428,12233,0,6244,5000,500,1000,0,0,6108,10928,11233,0
Male,University,Married,52,120000,125022,127457,121408,119070,121696,119138,4509,9496,4252,4535,4304,122948,111912,114818,117161,114834,1
Male,University,Single,29,160000,128809,127595,115094,111678,105336,104306,5000,4000,5000,4000,3603,122595,111094,106678,101336,100703,0
Male,High School,Married,37,500000,89574,91782,90989,83633,84491,85522,5053,6052,5038,7029,8018,86729,84937,78595,77462,77504,0
Male,Graduate,Single,28,130000,500,0,35660,-20,-20,-20,0,35660,0,0,0,0,0,-20,-20,-20,0
Female,Graduate,Single,29,360000,0,0,70010,71610,73610,317,0,70010,2000,2000,317,0,0,69610,71610,0,0
Male,University,Married,51,120000,115771,118818,119395,108802,99988,84253,5829,5900,4100,7100,0,112989,113495,104702,92888,84253,1
Female,University,Married,41,240000,0,40529,3211,9795,11756,12522,40529,3211,9795,11756,12522,0,0,0,0,0,0
Male,University,Single,35,50000,41970,31319,18172,18687,19234,19552,1291,1303,818,1000,787,30028,16869,17869,18234,18765,0
Male,University,Other,27,30000,14935,9000,13358,19332,18149,11743,4500,13358,18154,796,484,4500,0,1178,17353,11259,0
Male,Graduate,Single,25,50000,19456,20486,21241,21788,23281,22756,1645,1400,900,2000,0,18841,19841,20888,21281,22756,0
Female,Graduate,Married,38,80000,389,754,1965,390,985,370,755,1800,0,985,0,-1,165,390,0,370,1
Female,Graduate,Single,27,230000,7701,7744,6997,1386,5578,1386,2028,6997,1386,5578,1386,5716,0,0,0,0,0
Male,Graduate,Married,41,50000,46631,46929,47393,22944,24071,24397,2100,1500,824,1500,877,44829,45893,22120,22571,23520,0
Female,Graduate,Single,42,340000,374245,357516,334316,307974,318240,289763,15917,10126,1000,10521,279000,341599,324190,306974,307719,10763,1
Male,Graduate,Single,30,170000,740,740,740,740,740,740,740,740,740,740,740,0,0,0,0,0,1
Female,University,Single,32,450000,14237,17907,14127,15988,19747,13986,5016,1139,2000,3938,1000,12891,12988,13988,15809,12986,0
Female,Graduate,Single,36,350000,655,23524,-3626,6531,4440,750,23537,5,10971,0,750,-13,-3631,-4440,4440,0,0
Male,University,Married,50,50000,19061,49738,49986,8771,8628,7464,52498,1906,278,352,448,-2760,48080,8493,8276,7016,0
Female,University,Single,25,210000,461,6472,83589,73689,64854,66124,13966,80000,2326,2272,3661,-7494,3589,71363,62582,62463,0
Female,University,Single,26,290000,18099,18912,18249,20305,26615,27063,1400,0,2305,6615,1896,17512,18249,18000,20000,25167,0
Female,Graduate,Single,30,180000,174847,181556,94532,22800,96940,99550,12151,0,2000,75206,4110,169405,94532,20800,21734,95440,1
Female,Graduate,Single,34,230000,18482,22938,3569,2845,1935,6781,5000,1000,0,2000,5000,17938,2569,2845,-65,1781,0
Female,University,Married,27,140000,125273,125756,111799,107375,104299,106280,6000,6000,3910,3936,3871,119756,105799,103465,100363,102409,1
Female,Graduate,Single,24,30000,2880,3285,2280,248,248,-150,3285,0,248,0,0,0,2280,0,248,-150,1
Female,Graduate,Single,26,140000,136170,139270,137548,96340,94201,97068,6799,5100,3300,3400,7461,132471,132448,93040,90801,89607,0
Male,University,Married,46,50000,15220,16961,19930,19328,37113,19165,2000,3258,0,679,1528,14961,16672,19328,36434,17637,0
Female,University,Married,22,80000,1941,2132,1667,2146,1073,2761,2132,1667,2146,0,2761,0,0,0,1073,0,0
Male,Graduate,Single,28,120000,35220,38036,38746,40107,41464,42680,3700,1640,2000,2000,2000,34336,37106,38107,39464,40680,0
Female,University,Single,37,400000,8948,10306,22263,20511,27808,8342,10306,22263,20568,27808,8342,0,0,-57,0,0,0
Male,University,Married,43,70000,93025,95655,66404,31688,17317,6270,3664,2127,618,738,125,91991,64277,31070,16579,6145,0
Female,University,Single,39,190000,70396,65185,53691,56997,55956,58020,5000,2000,4200,0,3000,60185,51691,52797,55956,55020,1
Female,University,Married,40,60000,57030,48742,35628,31738,28217,29817,5000,2000,1022,1009,5000,43742,33628,30716,27208,24817,0
Female,High School,Married,38,20000,1118,12776,11417,16449,6989,2021,12783,1000,6782,670,2021,-7,10417,9667,6319,0,0
Female,High School,Single,50,30000,665,0,0,0,0,0,0,0,0,0,0,0,0,0,0,0,1
Male,Graduate,Married,41,450000,560,0,0,0,0,0,0,0,0,0,0,0,0,0,0,0,0
Female,Graduate,Married,38,70000,64839,65184,69361,69836,71179,69484,2400,5700,2600,3000,0,62784,63661,67236,68179,69484,1
Female,University,Married,38,160000,61934,65918,67214,71604,75500,83933,5000,3000,6000,6000,10000,60918,64214,65604,69500,73933,0
Female,University,Married,30,140000,2290,2290,2292,3365,1567,1707,2290,2292,3365,1567,1707,0,0,0,0,0,0
Female,Graduate,Single,26,130000,7852,8871,9883,10079,10289,10495,1152,1164,360,372,376,7719,8719,9719,9917,10119,1
Female,University,Single,42,70000,44689,45669,46621,45573,48678,47744,2000,2000,0,4000,0,43669,44621,45573,44678,47744,1
Male,High School,Single,34,10000,7165,8647,9247,9431,8843,9075,2000,1141,325,331,389,6647,8106,9106,8512,8686,0
Female,University,Single,54,30000,29230,30786,27167,27440,30117,29523,3500,0,3000,6000,0,27286,27167,24440,24117,29523,0
Male,Graduate,Single,42,20000,15610,18250,0,0,0,1000,3000,0,0,0,1000,15250,0,0,0,0,0
Female,University,Single,44,360000,10311,2758,1397,298,7950,60097,2758,1397,298,7950,60097,0,0,0,0,0,0
Male,High School,Single,29,50000,1050,1050,1050,1050,1050,1050,0,0,0,0,0,1050,1050,1050,1050,1050,1
Male,University,Single,24,20000,16981,16424,17242,18448,19495,20026,0,1400,1500,1500,1000,16424,15842,16948,17995,19026,1
Male,University,Single,29,110000,10839,2995,2419,4219,9704,6952,2995,2419,4219,9704,6952,0,0,0,0,0,0
Female,Graduate,Single,40,150000,-3,371,0,0,222,0,374,0,0,222,0,-3,0,0,0,0,0
Female,University,Married,30,140000,21593,17636,17800,14869,12895,12833,2000,2000,2000,1000,1000,15636,15800,12869,11895,11833,0
Female,High School,Married,47,70000,70798,69923,66375,63639,64973,66391,2500,2350,2300,2360,2500,67423,64025,61339,62613,63891,1
Male,Other,Single,28,80000,87377,84962,68301,32106,32776,31832,62,2145,1300,1310,1500,84900,66156,30806,31466,30332,0
Male,Graduate,Single,32,80000,14939,14457,2312,1156,1156,1469,1000,2000,0,1156,1469,13457,312,1156,0,0,0
Male,University,Single,24,50000,51116,49042,54439,9753,9952,9352,0,2327,1072,199,9000,49042,52112,8681,9753,352,0
Male,Graduate,Single,27,100000,14712,19142,37882,40882,45683,5765,5000,20000,3000,5000,2000,14142,17882,37882,40683,3765,0
Female,University,Single,35,130000,1923,1995,0,0,0,0,1000,0,0,0,0,995,0,0,0,0,0
Male,Graduate,Single,32,400000,71991,80225,41429,25858,10219,15967,10242,10268,3000,4000,6070,69983,31161,22858,6219,9897,0
Male,Graduate,Single,41,500000,326,628,6290,11604,24679,8642,628,6290,6000,14000,8642,0,0,5604,10679,0,1
Male,Graduate,Single,26,450000,20571,37283,43482,5626,73516,11854,20000,20006,5676,74306,11889,17283,23476,-50,-790,-35,0
Female,Graduate,Single,26,80000,19891,20650,21002,19478,17882,5120,1576,1424,576,1000,102,19074,19578,18902,16882,5018,0
Male,Graduate,Married,45,500000,10147,7358,11727,10850,9061,13017,7395,11807,10904,9106,13081,-37,-80,-54,-45,-64,0
Female,Graduate,Single,32,210000,1400,2800,1400,1400,27100,25644,2800,1400,0,27100,1543,0,0,1400,0,24101,0
Female,Graduate,Single,28,440000,67594,64042,62021,59545,48225,40049,3000,3000,5000,3000,3000,61042,59021,54545,45225,37049,0
Male,Graduate,Single,27,280000,39664,28033,27292,16567,7021,10171,9022,10006,6000,1000,10200,19011,17286,10567,6021,-29,0
Male,University,Married,50,10000,2400,2400,2400,2400,2400,2400,0,0,0,0,0,2400,2400,2400,2400,2400,1
Female,University,Married,36,210000,124011,119970,68742,65557,65287,64428,5011,3000,3000,3000,3000,114959,65742,62557,62287,61428,0
Male,Graduate,Single,26,100000,96644,99119,97195,69299,68030,63601,5000,5900,0,2500,2500,94119,91295,69299,65530,61101,0
Female,Graduate,Single,33,210000,6309,0,0,0,0,0,0,0,0,0,0,0,0,0,0,0,1
Female,Graduate,Married,37,500000,993,1413,14123,159738,158400,160588,1413,14123,159738,4285,5001,0,0,0,154115,155587,0
Male,Graduate,Married,39,150000,65627,64803,62844,61785,61136,57287,2982,2803,2019,2060,2098,61821,60041,59766,59076,55189,0
Female,Graduate,Married,40,390000,30245,227123,211996,210100,206462,203201,236533,38142,15152,38097,23080,-9410,173854,194948,168365,180121,0
Female,University,Married,26,100000,97361,96265,49380,29152,28832,29949,4732,1500,1500,1500,1500,91533,47880,27652,27332,28449,1
Male,Graduate,Married,45,300000,5045,688,6431,3645,2041,1800,688,6495,3681,2448,1910,0,-64,-36,-407,-110,0
Male,University,Married,46,80000,79656,80382,61813,30457,30477,30506,3211,2800,1200,1300,1700,77171,59013,29257,29177,28806,0
Male,University,Single,22,50000,50781,45429,28927,19896,19475,19168,41,1617,816,1003,1004,45388,27310,19080,18472,18164,0
Female,University,Single,34,200000,30833,34322,36725,36749,40138,42459,4000,3000,3000,4000,3000,30322,33725,33749,36138,39459,0
Female,Graduate,Married,42,380000,7079,10387,2956,316,316,312,10437,2982,316,316,312,-50,-26,0,0,0,0
Female,High School,Single,25,90000,74818,57334,49899,37251,33061,30869,2400,1502,2006,1500,1500,54934,48397,35245,31561,29369,0
Male,Graduate,Single,27,50000,6291,6045,7487,7218,7800,7526,0,1550,0,700,0,6045,5937,7218,7100,7526,1
Female,High School,Single,51,30000,770,-10,390,3797,0,0,0,400,3797,0,0,-10,-10,0,0,0,0
Male,Graduate,Married,44,300000,21507,18505,17036,12863,9597,2304,1379,1008,270,206,329,17126,16028,12593,9391,1975,0
Male,High School,Married,57,20000,390,390,390,21515,2942,0,390,390,10728,59,0,0,0,10787,2883,0,1
Female,Graduate,Married,47,50000,390,390,390,2728,0,780,390,390,2728,0,780,0,0,0,0,0,0
Male,Graduate,Single,28,50000,18771,10655,1659,6524,29949,3268,10000,1659,6546,29949,3268,655,0,-22,0,0,0
Female,University,Other,42,70000,69486,68650,65458,19087,10220,11913,3000,1604,1000,10220,11913,65650,63854,18087,0,0,0
Female,Graduate,Married,34,230000,124824,102327,103506,100554,103929,107780,10001,5000,4500,5000,6500,92326,98506,96054,98929,101280,0
Female,University,Married,37,290000,277449,271080,280510,198869,222558,134187,52000,40504,20000,30003,15004,219080,240006,178869,192555,119183,0
Male,Graduate,Married,49,240000,511,-5,-5,561,0,0,0,0,566,0,0,-5,-5,-5,0,0,0
Male,Graduate,Single,32,330000,2145,636,0,4009,0,2307,0,0,4009,0,2307,636,0,0,0,0,0
Male,Graduate,Married,38,300000,87118,56182,60039,52009,32862,3730,1691,10043,1065,164,3748,54491,49996,50944,32698,-18,0
Female,Graduate,Married,40,160000,326,326,326,652,326,476,326,326,652,0,476,0,0,0,326,0,1
Male,Graduate,Married,36,360000,28291,31055,33788,36491,41179,45823,3000,3000,3000,5000,5000,28055,30788,33491,36179,40823,0
Female,University,Other,49,60000,59902,61336,61792,57619,12996,2054,3400,4500,17,500,1500,57936,57292,57602,12496,554,1
Male,Graduate,Single,42,200000,163340,168701,172074,173907,184067,180612,8000,8000,6500,13500,0,160701,164074,167407,170567,180612,0
Female,Graduate,Single,50,220000,216194,222220,225648,-2,-2,-2,11000,10050,2,0,0,211220,215598,-4,-2,-2,0
Female,University,Married,42,500000,431195,440304,341673,76519,77223,76684,17624,14783,3000,3000,2853,422680,326890,73519,74223,73831,0
Male,University,Single,38,10000,7955,7976,8985,9164,9356,9593,1140,1149,328,340,393,6836,7836,8836,9016,9200,1
Female,University,Other,47,20000,17624,18342,17750,18102,18485,19175,1300,0,647,674,1000,17042,17750,17455,17811,18175,0
Female,Other,Married,33,50000,24890,25440,26191,25193,25742,27171,1925,28293,0,1100,2030,23515,-2102,25193,24642,25141,1
Female,University,Single,27,220000,1051,735,419,1470,1154,735,735,419,1470,0,735,0,0,0,1154,0,1
Male,High School,Married,38,140000,110674,131306,127701,135551,135859,134687,22500,0,10000,2600,2300,108806,127701,125551,133259,132387,1
Female,Graduate,Single,27,80000,42414,43770,44455,47825,48220,48884,2039,1724,4094,2300,1600,41731,42731,43731,45920,47284,0
Female,Graduate,Single,24,70000,69023,70601,70426,69013,58329,51271,3600,2500,2100,2128,3000,67001,67926,66913,56201,48271,0
Female,Graduate,Married,32,390000,1714,52856,11914,14503,13407,52830,53367,11978,14572,13418,42121,-511,-64,-69,-11,10709,0
Male,University,Married,47,10000,8884,8689,9449,6376,6530,1506,1159,3001,350,3002,1606,7530,6448,6026,3528,-100,0
Male,Graduate,Single,36,290000,22681,25980,10409,118253,111765,13294,20246,10460,118299,2794,13358,5734,-51,-46,108971,-64,0
Male,High School,Married,47,280000,2479,3554,4746,2377,2390,3504,3564,4792,2384,2393,3524,-10,-46,-7,-3,-20,0
Female,University,Married,29,250000,180056,179349,30349,29568,30188,30786,4077,1500,1917,1097,1101,175272,28849,27651,29091,29685,0
Female,University,Married,45,80000,34282,35006,34144,34820,35553,36258,1567,0,1243,1291,1297,33439,34144,33577,34262,34961,1
Female,University,Married,37,500000,207205,208827,203696,201655,202938,202136,9755,7414,6940,7299,8021,199072,196282,194715,195639,194115,0
Male,University,Single,26,50000,47974,48527,49381,9999,8793,9138,2500,2000,324,1000,1000,46027,47381,9675,7793,8138,0
Male,High School,Single,23,20000,1706,6354,6849,4113,3910,2547,6394,6849,82,78,51,-40,0,4031,3832,2496,0
Female,University,Single,23,50000,16621,8044,917,18353,35836,18320,1037,917,18436,0,699,7007,0,-83,35836,17621,1
Female,University,Married,47,160000,0,0,0,0,0,0,0,0,0,0,0,0,0,0,0,0,1
Male,University,Single,24,20000,1650,1650,1650,1650,1650,1650,0,0,0,0,0,1650,1650,1650,1650,1650,1
Female,High School,Married,25,80000,550,1606,1422,2685,1395,2896,1606,4,2693,1395,2906,0,1418,-8,0,-10,0
Female,University,Married,27,290000,284298,281970,276346,0,281225,288652,14013,16346,0,281225,11787,267957,260000,0,0,276865,0
Male,High School,Married,25,20000,15706,16849,17285,18683,9121,14374,1700,1110,1500,500,300,15149,16175,17183,8621,14074,0
Female,University,Married,37,30000,26168,27442,30165,29383,32739,33143,2000,3500,0,4000,1150,25442,26665,29383,28739,31993,0
Male,Graduate,Single,32,170000,69013,67397,69518,70616,79267,84140,0,3800,2800,10000,6129,67397,65718,67816,69267,78011,0
Female,Graduate,Married,36,700000,450827,389039,328316,325968,271596,286805,13000,11939,10312,20004,20000,376039,316377,315656,251592,266805,0
Male,High School,Other,58,50000,46199,47179,47445,17945,18165,18557,2023,1289,789,659,694,45156,46156,17156,17506,17863,0
Male,Graduate,Single,31,200000,0,0,50307,28281,42163,0,0,50307,28281,42163,5040,0,0,0,0,-5040,0
Male,University,Married,27,20000,6599,9315,19067,18472,18037,18487,3000,10000,0,0,900,6315,9067,18472,18037,17587,0
Male,University,Married,41,60000,95648,56259,49425,16941,13349,14826,5000,4731,2000,10000,3000,51259,44694,14941,3349,11826,0
Male,High School,Married,42,160000,0,1564,-436,-436,436,436,1564,0,0,872,0,0,-436,-436,-436,436,0
Male,University,Married,34,370000,13854,3366,2671,13780,20652,10876,3382,2684,13795,10103,11020,-16,-13,-15,10549,-144,0
Female,High School,Single,49,500000,207406,207479,211508,223660,228014,223940,15000,10000,23660,20000,13940,192479,201508,200000,208014,210000,0
Female,University,Married,40,500000,240927,18676,9390,-3772,282777,288937,1093,9429,3423,291227,9011,17583,-39,-7195,-8450,279926,0
Female,Graduate,Single,22,50000,45107,30617,22324,18587,20316,18271,2000,2000,1000,2000,1000,28617,20324,17587,18316,17271,1
Female,Graduate,Married,36,140000,72462,75297,76441,78171,79757,81427,4000,3000,3000,3000,3000,71297,73441,75171,76757,78427,0
Female,University,Married,50,210000,390,390,390,390,390,150,390,390,390,390,150,0,0,0,0,0,1
Female,Graduate,Married,56,300000,0,0,0,0,0,0,0,0,0,0,0,0,0,0,0,0,1
Female,University,Single,23,60000,55765,56619,54636,18293,18107,18803,2600,1500,1000,1000,1000,54019,53136,17293,17107,17803,1
Male,University,Married,60,80000,48463,49484,50372,51246,52279,53069,2100,2000,2000,2000,1800,47384,48372,49246,50279,51269,1
Male,High School,Married,48,50000,50899,50527,50375,46952,50343,48831,2000,2000,2000,5001,5000,48527,48375,44952,45342,43831,0
Female,University,Married,44,240000,21468,15503,17812,14328,11110,7567,3000,3000,2880,306,2000,12503,14812,11448,10804,5567,0
Female,Graduate,Single,27,360000,1994,5305,4960,5228,6552,3827,5317,1007,2006,2562,13,-12,3953,3222,3990,3814,0
Female,Graduate,Single,24,140000,25118,18948,16923,12103,11519,11611,2000,2001,401,1000,1000,16948,14922,11702,10519,10611,0
Male,Graduate,Married,37,310000,190704,194111,144855,149146,198027,202293,7787,6000,7000,75593,7000,186324,138855,142146,122434,195293,0
Female,University,Single,22,20000,14413,16474,16510,16566,17370,19905,3000,1000,1000,2000,3000,13474,15510,15566,15370,16905,0
Female,University,Single,29,140000,46605,35797,36615,28354,18093,6723,2281,1683,929,1000,134,33516,34932,27425,17093,6589,0
Male,Graduate,Married,62,440000,14721,5049,649,1108,150,1075,4909,499,959,0,925,140,150,149,150,150,0
Male,University,Married,34,330000,17421,18769,17413,17769,18138,13788,1650,1200,510,524,668,17119,16213,17259,17614,13120,0
Male,Graduate,Single,26,60000,29860,30576,31962,32444,32971,33721,1500,1900,1310,1200,1300,29076,30062,31134,31771,32421,0
Female,University,Single,23,120000,38842,38973,37708,4293,4305,5128,2300,1200,1000,1000,888,36673,36508,3293,3305,4240,0
Female,University,Single,34,290000,8690,-204,3268,302,3586,2345,0,3600,800,5228,2345,-204,-332,-498,-1642,0,0
Male,University,Single,26,20000,14437,15509,15498,14952,15983,15576,1600,535,0,1272,0,13909,14963,14952,14711,15576,0
Female,University,Married,64,500000,493,1086,731,561,618,991,1086,731,561,618,991,0,0,0,0,0,1
Male,University,Single,25,20000,150,150,150,1150,1000,0,0,0,1000,0,0,150,150,150,1000,0,0
Female,High School,Married,46,150000,11164,11713,11759,12453,12147,12254,1000,500,850,0,400,10713,11259,11603,12147,11854,1
Female,University,Married,42,490000,15838,11356,25409,15926,8604,8941,11404,25458,86,8711,5034,-48,-49,15840,-107,3907,0
Male,University,Single,24,170000,108717,69632,56537,113576,138419,101452,8092,20121,100071,50122,6468,61540,36416,13505,88297,94984,0
Female,Graduate,Single,27,50000,2238,3057,1879,889,2399,1225,2000,0,0,2500,0,1057,1879,889,-101,1225,1
Male,University,Married,40,150000,106396,105332,82191,77262,49851,6666,7041,3000,3116,2500,5000,98291,79191,74146,47351,1666,0
Male,Graduate,Single,41,390000,6782,1466,3273,6965,4893,7777,1466,3273,6965,4893,7777,0,0,0,0,0,0
Male,Graduate,Single,33,380000,79099,80828,82583,84687,84832,84576,3000,3100,3500,3500,3200,77828,79483,81187,81332,81376,0
Female,University,Married,34,170000,-270,-270,99730,-27,-27,-27,0,100000,0,0,0,-270,-270,-27,-27,-27,0
Female,University,Married,26,170000,55658,48292,23264,12346,28910,13837,5000,1000,375,18785,757,43292,22264,11971,10125,13080,0
Male,Graduate,Married,36,390000,0,250,79,79,290,106,250,79,0,290,106,0,0,79,0,0,1
Female,University,Single,28,30000,20218,19607,21778,22124,22622,23002,0,2500,1000,1000,900,19607,19278,21124,21622,22102,0
Female,University,Married,48,300000,440,452,0,0,3427,1098,452,0,0,3427,1098,0,0,0,0,0,0
Female,Graduate,Single,25,180000,23890,2181,21073,12159,8418,6896,2181,21100,0,0,6896,0,-27,12159,8418,0,0
Female,University,Married,27,360000,241584,249687,250227,123146,101486,93700,124900,6850,4129,5000,2790,124787,243377,119017,96486,90910,0
Female,University,Married,42,230000,5838,6369,6790,8171,7396,7757,1300,1200,2000,0,1000,5069,5590,6171,7396,6757,0
Male,High School,Single,28,30000,25554,28031,28345,27591,28218,29880,3204,1068,0,1068,2136,24827,27277,27591,27150,27744,1
Female,University,Married,45,400000,9083,12641,15377,14757,44843,6622,12658,15384,14757,44843,6622,-17,-7,0,0,0,0
Male,University,Single,47,20000,19401,19670,19839,20236,19807,19843,1331,2000,688,1000,1500,18339,17839,19548,18807,18343,1
Female,University,Single,26,100000,1508,6186,2208,1823,1516,3378,6186,2208,1823,1516,3378,0,0,0,0,0,0
Male,University,Married,43,340000,-15,-15,-15,-15,-15,-15,0,0,0,0,0,-15,-15,-15,-15,-15,1
Female,University,Single,22,30000,27849,29094,29352,29766,19933,10921,2000,1200,614,520,335,27094,28152,29152,19413,10586,0
Male,High School,Married,38,440000,775,1550,775,775,925,775,1551,1,776,926,776,-1,774,-1,-1,-1,1
Male,University,Married,46,100000,390,390,370,-20,780,0,390,370,0,800,0,0,0,-20,-20,0,0
Female,High School,Single,28,30000,25354,24826,25412,21658,980,55,1650,1200,1000,1000,55,23176,24212,20658,-20,0,0
Male,University,Single,43,20000,20251,19637,19539,20080,18855,20130,0,2000,841,696,1600,19637,17539,19239,18159,18530,1
Male,University,Married,40,200000,303719,268163,228720,234177,201490,190721,5133,0,5857,202076,6726,263030,228720,228320,-586,183995,0
Male,University,Single,34,180000,167604,162774,148961,78024,72989,75454,6949,6502,3022,3000,3022,155825,142459,75002,69989,72432,0
Female,University,Single,34,50000,23264,13573,13876,13789,725,0,13573,13876,276,725,0,0,0,13513,0,0,0
Female,University,Single,27,210000,115583,130020,133963,115989,101628,104809,25000,15103,5000,4000,5000,105020,118860,110989,97628,99809,0
Female,University,Single,24,210000,94681,96920,98562,100329,103697,91408,3766,3507,3334,4723,3418,93154,95055,96995,98974,87990,0
Female,Graduate,Married,36,220000,190691,206000,194930,130938,134664,140238,20000,0,5000,6000,8000,186000,194930,125938,128664,132238,0
Male,Graduate,Married,36,240000,183360,187637,191846,194485,206747,203388,8600,8700,7200,15500,0,179037,183146,187285,191247,203388,0
Male,University,Single,33,200000,6195,2645,3416,3916,4248,5068,1300,1000,500,500,1000,1345,2416,3416,3748,4068,1
Male,University,Single,46,20000,19401,20650,0,0,0,0,1650,0,0,0,0,19000,0,0,0,0,1
Female,Graduate,Married,33,180000,13999,17829,6608,17087,17993,8662,4176,65,17087,2013,23,13653,6543,0,15980,8639,0
Female,Graduate,Single,26,90000,89526,89149,85301,65463,65923,67269,3400,3325,2300,2400,2400,85749,81976,63163,63523,64869,1
Male,High School,Married,56,130000,582,0,582,291,441,441,0,582,0,441,441,0,0,291,0,0,1
Male,Graduate,Married,51,100000,87603,93461,95022,95972,98283,97819,8200,4000,3400,4000,1600,85261,91022,92572,94283,96219,1
Female,Graduate,Single,54,450000,-237,-2400,-2400,3990,30050,9993,0,0,6390,30050,9993,-2400,-2400,-2400,0,0,0
Male,University,Married,42,210000,88498,168938,79989,69800,54256,48256,3555,2253,1404,1085,1652,165383,77736,68396,53171,46604,0
Female,University,Single,28,380000,123880,105184,69221,46858,33060,27047,7050,6018,3000,4000,4000,98134,63203,43858,29060,23047,0
Female,University,Married,39,20000,20246,36350,18910,33500,-15306,20000,3000,3000,290,5000,35306,33350,15910,33210,-20306,-15306,0
Female,Graduate,Single,27,50000,51076,50816,47977,34783,20570,20047,2223,1572,1700,1739,0,48593,46405,33083,18831,20047,0
Female,Graduate,Single,24,50000,1354,1050,-1,7999,-66,6784,1054,0,8000,0,6850,-4,-1,-1,-66,-66,1
Male,High School,Single,42,160000,43753,46869,45856,48818,49640,48737,4100,0,4000,1700,0,42769,45856,44818,47940,48737,0
Female,Graduate,Married,27,450000,-4,969,2226,1878,-25,5029,973,2243,2236,0,5054,-4,-17,-358,-25,-25,0
Male,High School,Married,47,30000,19150,19149,23888,24337,23725,0,600,5229,1000,0,0,18549,18659,23337,23725,0,0
Female,High School,Married,31,310000,214190,178194,140681,104855,77242,74165,9000,6005,5017,3000,4000,169194,134676,99838,74242,70165,0
Male,High School,Single,26,50000,41827,42650,45930,44891,47654,48721,1800,4000,0,3500,2000,40850,41930,44891,44154,46721,1
Male,High School,Single,35,160000,38486,39217,40537,41030,41891,43196,1652,1972,1465,1519,2000,37565,38565,39565,40372,41196,0
Male,Graduate,Single,31,170000,959,1898,850,6390,1958,1346,1911,850,6390,5,1358,-13,0,0,1953,-12,0
Female,Graduate,Single,28,230000,15714,13171,24589,31111,60562,9968,13171,20015,11000,60562,8000,0,4574,20111,0,1968,0
Male,High School,Single,25,20000,3556,3271,798,798,798,408,1481,798,798,798,408,1790,0,0,0,0,0
Female,University,Single,22,50000,64498,58261,401,43091,29842,30601,349,595,54061,32384,1234,57912,-194,-10970,-2542,29367,0
Female,High School,Married,25,140000,76910,22972,28336,30281,38339,80792,1994,18002,3001,9004,45117,20978,10334,27280,29335,35675,0
Female,University,Single,43,50000,48777,47331,48010,24331,25553,26733,0,2000,1000,2000,2000,47331,46010,23331,23553,24733,0
Female,University,Single,31,280000,2419,10499,16243,0,0,0,10517,16494,0,0,0,-18,-251,0,0,0,0
Female,Graduate,Single,31,360000,211,70,0,1600,0,1101,70,0,1600,0,1101,0,0,0,0,0,0
Male,High School,Single,22,50000,45803,46696,15287,7694,7921,8041,2400,1123,500,500,400,44296,14164,7194,7421,7641,0
Male,University,Single,21,20000,19739,17875,19174,19158,18762,19223,1000,26299,673,680,772,16875,-7125,18485,18082,18451,0
Female,University,Married,34,310000,87842,42594,26198,26766,27341,28891,3021,1600,1000,1000,2000,39573,24598,25766,26341,26891,0
Female,High School,Single,33,260000,7571,3563,2786,-14,-14,12074,1000,2786,14,0,12088,2563,0,-28,-14,-14,0
Male,Graduate,Married,41,80000,7866,8788,8498,9155,8864,9215,1200,0,800,0,500,7588,8498,8355,8864,8715,1
Male,High School,Single,42,30000,13347,12843,13850,14125,14423,14516,0,1227,502,522,521,12843,12623,13623,13901,13995,1
Female,University,Single,29,340000,135538,113464,88629,71435,69725,69714,4093,3000,11115,2052,2500,109371,85629,60320,67673,67214,0
Female,Graduate,Single,27,260000,37003,1105,2490,17445,1795,278,1305,2690,15650,0,278,-200,-200,1795,1795,0,0
Female,University,Married,40,420000,33561,38901,38710,38022,20256,22743,5900,900,101,3000,3000,33001,37810,37921,17256,19743,0
Female,Graduate,Married,54,80000,12894,15449,14909,14915,15382,16374,3084,0,550,707,1400,12365,14909,14365,14675,14974,1
Male,Graduate,Married,36,400000,44765,35776,67887,20356,12780,11625,10006,3072,72,62,11681,25770,64815,20284,12718,-56,0
Male,Graduate,Married,50,460000,30765,13883,19146,27639,38586,-260,13953,19441,27778,38780,0,-70,-295,-139,-194,-260,0
Male,University,Single,39,200000,31236,31996,32704,33351,34050,36184,1838,1546,1193,1236,2700,30158,31158,32158,32814,33484,0
Male,University,Married,52,160000,390,780,390,1080,540,390,780,0,1080,0,390,0,390,0,540,0,0
Male,Graduate,Single,26,70000,6121,7064,8143,8507,8869,9220,1200,1200,500,500,500,5864,6943,8007,8369,8720,1
Male,High School,Single,43,290000,170823,174650,123514,125973,128608,127976,8050,123514,4274,4426,4859,166600,0,121699,124182,123117,0
Female,Graduate,Single,29,120000,50150,44742,33231,-1320,-660,956,5069,2805,0,0,1616,39673,30426,-1320,-660,-660,0
Female,Graduate,Single,26,100000,24459,26726,25669,881,57540,55038,3000,1016,2007,57500,2000,23726,24653,-1126,40,53038,0
Female,High School,Married,55,30000,27381,27803,28170,9515,780,0,1633,1000,1190,0,0,26170,27170,8325,780,0,0
Female,Graduate,Single,23,30000,14546,15570,16882,16911,17416,17608,1265,1577,606,778,630,14305,15305,16305,16638,16978,1
Female,Graduate,Single,23,50000,33959,35409,36120,36991,37744,39115,2000,1601,1472,1500,2000,33409,34519,35519,36244,37115,0
Female,Graduate,Married,39,210000,4443,3569,1737,2433,3115,3899,3569,1737,2433,3115,3899,0,0,0,0,0,1
Male,High School,Single,24,10000,5530,5792,6050,5808,5569,5876,500,500,0,0,400,5292,5550,5808,5569,5476,1
Female,Graduate,Married,50,250000,18381,2749,5285,9138,1187,1235,2749,5674,9527,1187,1235,0,-389,-389,0,0,0
Female,University,Married,31,230000,0,2716,3648,6648,7982,9203,2716,1000,3000,4000,2000,0,2648,3648,3982,7203,0
Male,Graduate,Single,26,150000,0,0,0,0,0,0,0,0,0,0,0,0,0,0,0,0,0
Female,Graduate,Single,22,20000,21672,22031,21247,7475,0,0,1000,18,300,0,0,21031,21229,7175,0,0,1
Female,University,Married,41,150000,80435,74826,74485,71935,71757,71844,3349,3200,2700,2711,2800,71477,71285,69235,69046,69044,0
Male,High School,Single,48,20000,5861,6728,7739,8339,8061,8221,1119,1130,730,0,294,5609,6609,7609,8061,7927,0
Female,Graduate,Single,30,400000,1919,7381,2691,1781,7123,1470,7389,2691,1781,7123,1470,-8,0,0,0,0,0
Female,University,Married,40,20000,17761,21152,20508,19933,19517,20235,4000,0,0,0,1000,17152,20508,19933,19517,19235,0
Female,University,Married,45,440000,600,-420,417,2217,1321,8879,0,1937,1800,0,8480,-420,-1520,417,1321,399,1
Male,University,Single,26,20000,1439,1261,390,540,540,540,1261,390,540,540,540,0,0,0,0,0,0
Male,Graduate,Single,26,320000,316,316,316,316,316,316,316,316,316,316,316,0,0,0,0,0,0
Male,Graduate,Married,37,300000,41000,0,0,0,0,0,0,0,0,0,0,0,0,0,0,0,0
Female,High School,Married,24,50000,18965,21647,20731,13555,2338,41191,3000,15,587,2338,41191,18647,20716,12968,0,0,0
Male,Graduate,Single,27,210000,110757,113139,119812,120763,118722,121249,5650,10100,4400,0,4500,107489,109712,116363,118722,116749,0
Female,Graduate,Single,33,350000,2383,9911,12149,14774,2154,67081,9911,12149,16928,0,67081,0,0,-2154,2154,0,0
Male,Graduate,Married,33,470000,1260,2516,181,3011,2891,3502,2530,181,3020,1804,1517,-14,0,-9,1087,1985,0
Female,Graduate,Single,28,300000,0,0,0,0,0,0,0,0,0,0,0,0,0,0,0,0,0
Male,University,Single,25,30000,1050,1050,1050,1050,1050,1050,0,0,0,0,0,1050,1050,1050,1050,1050,1
Male,University,Single,28,210000,180004,184401,171506,133206,98885,88101,9000,7500,5503,4185,4500,175401,164006,127703,94700,83601,0
Female,Graduate,Married,37,30000,8301,9156,8983,8141,6422,5187,1191,1079,239,209,206,7965,7904,7902,6213,4981,0
Female,University,Single,27,200000,127843,131352,130884,132142,118084,114281,6579,4734,4368,4183,4227,124773,126150,127774,113901,110054,0
Male,University,Married,41,140000,82309,92682,103265,117188,113368,119194,12682,13265,17188,10000,15000,80000,90000,100000,103368,104194,0
Female,Graduate,Single,26,50000,45431,45187,34250,30276,30894,0,1811,1400,606,618,0,43376,32850,29670,30276,0,0
Male,University,Single,32,10000,9001,8322,8630,8630,7850,8150,0,1400,0,0,1600,8322,7230,8630,7850,6550,1
Female,University,Single,28,390000,116720,121588,121854,90634,84353,57677,7000,5000,4000,5000,10000,114588,116854,86634,79353,47677,0
Female,High School,Married,50,50000,48173,28233,28610,28808,29403,20260,2235,1612,1200,1057,871,25998,26998,27608,28346,19389,0
Female,University,Married,25,50000,16221,18965,19602,22156,22732,11378,3000,1500,4600,1000,600,15965,18102,17556,21732,10778,1
Female,High School,Single,31,30000,5477,7314,2970,2587,0,0,8011,2970,2587,0,0,-697,0,0,0,0,0
Female,Graduate,Single,31,50000,27166,30190,29421,28652,34032,32913,3769,0,0,6000,0,26421,29421,28652,28032,32913,1
Female,Graduate,Single,33,50000,0,0,12493,28365,6300,999,0,12493,16000,0,999,0,0,12365,6300,0,0
Male,Graduate,Other,41,260000,253795,253126,253218,249770,243277,240576,9269,9090,9034,8521,10067,243857,244128,240736,234756,230509,0
Female,Graduate,Single,34,50000,0,0,0,0,300,150,0,0,0,300,0,0,0,0,0,150,0
Male,Graduate,Single,28,140000,639,8358,2620,2073,4732,1131,8358,2620,2077,4732,1131,0,0,-4,0,0,0
Male,Graduate,Single,28,490000,422483,430538,392670,390031,396687,404885,15358,15049,14500,14000,15021,415180,377621,375531,382687,389864,0
Female,University,Single,24,60000,60425,57786,55272,55925,57063,48228,28,2500,2000,2030,2100,57758,52772,53925,55033,46128,1
Male,Graduate,Single,39,80000,62281,63774,68204,69484,68247,71110,2500,5500,3000,0,4000,61274,62704,66484,68247,67110,1
Male,Graduate,Single,26,80000,51533,45147,45921,46629,47655,48496,1800,1800,1690,1750,1887,43347,44121,44939,45905,46609,0
Male,Graduate,Single,28,290000,162118,150366,148949,141711,122755,216138,6000,6000,5000,10000,100000,144366,142949,136711,112755,116138,0
Male,University,Single,28,280000,104451,105960,100542,103087,103983,105638,4470,4188,5000,3679,3703,101490,96354,98087,100304,101935,0
Male,University,Single,29,130000,111731,108635,108842,110236,114763,118884,6000,6000,5000,6800,6500,102635,102842,105236,107963,112384,0
Male,High School,Married,52,20000,2912,390,780,780,780,390,390,780,780,780,390,0,0,0,0,0,0
Male,University,Single,31,50000,48548,49579,27496,20414,19978,18547,2032,1304,1500,0,868,47547,26192,18914,19978,17679,1
Female,Graduate,Single,28,330000,963,11,11,11,11,11,504,0,0,0,0,-493,11,11,11,11,0
Female,High School,Single,40,150000,95943,1473,1863,390,772,382,32153,1863,0,772,0,-30680,0,390,0,382,1
Female,University,Single,26,150000,96739,98351,100369,101035,101982,103970,4000,4500,4000,4000,5000,94351,95869,97035,97982,98970,0
Male,University,Other,27,210000,81387,82679,84014,84365,86517,87296,3883,4000,3008,3500,3139,78796,80014,81357,83017,84157,0
Male,University,Other,28,10000,5757,6805,7662,8034,8256,8957,1300,1128,500,500,1000,5505,6534,7534,7756,7957,1
Female,High School,Married,32,300000,15003,14469,15200,18000,0,0,1469,1200,3000,0,0,13000,14000,15000,0,0,0
Female,University,Single,35,140000,140387,129846,87849,84455,87287,81423,5509,7124,2866,4033,5954,124337,80725,81589,83254,75469,0
Female,University,Single,26,50000,0,0,0,0,0,0,0,0,0,0,0,0,0,0,0,0,0
Male,Graduate,Single,30,140000,1750,1003,0,440,1367,890,1003,0,440,1367,890,0,0,0,0,0,0
Female,University,Married,32,50000,46610,45005,43448,15075,16534,16809,2021,1500,700,1700,700,42984,41948,14375,14834,16109,0
Male,Graduate,Single,35,500000,1369,6138,20424,7840,846,790,4769,19629,157,0,790,1369,795,7683,846,0,0
Female,High School,Married,36,500000,70016,70837,63488,32050,46393,35207,2568,2000,1285,15000,1520,68269,61488,30765,31393,33687,0
Male,University,Single,38,20000,1442,1261,390,390,390,930,1261,390,390,390,930,0,0,0,0,0,0
Male,Graduate,Married,47,420000,10517,15571,9090,9622,10223,3942,15585,9100,9628,10223,3942,-14,-10,-6,0,0,0
Male,University,Married,37,60000,22007,24360,26647,27912,26889,29140,3000,3000,2000,0,3000,21360,23647,25912,26889,26140,1
Male,University,Married,37,60000,30010,34169,38551,42922,47245,44208,5000,5000,5000,5000,0,29169,33551,37922,42245,44208,0
Female,University,Single,35,190000,158360,113702,95214,95713,97079,97659,4800,4300,3600,3700,4000,108902,90914,92113,93379,93659,0
Male,Graduate,Married,48,220000,2500,2500,0,0,0,0,0,0,0,0,0,2500,0,0,0,0,1
Female,University,Single,28,110000,86774,88702,89655,90593,89025,94509,4200,3300,3300,0,7000,84502,86355,87293,89025,87509,1
Male,University,Married,33,290000,1300,0,500,1000,3441,2415,0,500,1000,3441,2415,0,0,0,0,0,0
Female,University,Married,25,50000,50105,50802,49988,19287,19698,20228,2300,1305,1000,855,1000,48502,48683,18287,18843,19228,0
Female,University,Single,39,110000,210804,107572,100475,48409,47693,49018,5426,4244,1837,1713,2100,102146,96231,46572,45980,46918,0
Female,University,Married,35,230000,2132,1520,3543,3351,-4,3267,1531,3553,3351,4,3271,-11,-10,0,-8,-4,0
Female,Graduate,Married,42,250000,16240,0,0,0,0,0,0,0,0,0,0,0,0,0,0,0,0
Male,Graduate,Single,26,100000,7136,8515,9749,14188,16602,19575,1500,1500,4500,5000,5000,7015,8249,9688,11602,14575,0
Female,Graduate,Single,23,30000,29064,27368,30475,27808,31208,30582,2000,5026,0,4000,0,25368,25449,27808,27208,30582,0
Male,Graduate,Married,47,230000,0,0,0,0,0,0,0,0,0,0,0,0,0,0,0,0,0
Male,University,Married,29,50000,49660,47359,45517,29699,28877,29531,2000,1500,2000,1100,2000,45359,44017,27699,27777,27531,1
Male,Graduate,Single,33,420000,-190,6509,0,0,0,0,6699,0,0,0,0,-190,0,0,0,0,0
Male,University,Single,33,30000,30247,29118,29997,30067,26709,13836,1590,1469,929,1265,886,27528,28528,29138,25444,12950,0
Male,Graduate,Single,34,20000,8834,7499,8147,7247,4617,0,1000,1000,1300,1500,1680,6499,7147,5947,3117,-1680,1
Female,Graduate,Married,43,200000,200898,197438,200912,145658,146351,149667,10000,9000,6000,6000,6000,187438,191912,139658,140351,143667,0
Female,Graduate,Single,27,90000,17374,16806,18768,18169,19682,19220,0,2251,0,1807,0,16806,16517,18169,17875,19220,0
Male,High School,Married,45,110000,66820,36002,37484,38935,40633,41393,4400,3900,3900,4000,3100,31602,33584,35035,36633,38293,0
Female,University,Single,26,60000,58452,52445,52974,54589,59518,60491,2500,2000,2500,6000,2100,49945,50974,52089,53518,58391,0
Male,Graduate,Single,35,80000,37642,39947,43773,31830,7848,390,4000,5000,5500,7848,390,35947,38773,26330,0,0,0
Male,High School,Married,41,50000,85579,78993,69424,64201,58110,57337,3023,23,4023,2523,7926,75970,69401,60178,55587,49411,0
Male,Graduate,Single,28,180000,0,0,0,0,383,2388,0,0,0,773,2395,0,0,0,-390,-7,0
Female,University,Single,39,110000,109221,111674,111867,111535,111870,110979,4230,4230,4200,4300,4150,107444,107637,107335,107570,106829,0
Female,Graduate,Married,33,150000,50286,110884,113152,116097,118500,120896,61101,3210,3911,3354,3400,49783,109942,112186,115146,117496,0
Female,University,Single,30,120000,104801,100502,86478,81902,78616,80307,4000,2960,3833,2855,3000,96502,83518,78069,75761,77307,0
Male,Graduate,Single,40,150000,152175,148872,145978,139791,142745,146872,5800,5245,5200,5200,6500,143072,140733,134591,137545,140372,0
Female,High School,Married,42,360000,9152,6329,21830,5469,9057,312,6361,22236,5682,9147,313,-32,-406,-213,-90,-1,0
Male,University,Married,56,60000,26344,26382,27046,27187,27372,27549,1446,1500,960,1000,1027,24936,25546,26227,26372,26522,1
Male,University,Married,40,480000,69011,69842,71857,66673,65200,65511,3000,3000,2096,2115,2089,66842,68857,64577,63085,63422,0
Female,University,Single,25,400000,393159,44917,52366,29995,22722,24479,2522,17213,1000,1000,2100,42395,35153,28995,21722,22379,0
Female,University,Single,24,60000,44238,47076,48871,47669,48135,50056,4000,3000,0,1500,3000,43076,45871,47669,46635,47056,0
Female,University,Married,29,240000,198128,211417,206386,219111,211373,211215,16500,0,16007,7,8229,194917,206386,203104,211366,202986,1
Female,Graduate,Single,27,30000,3415,4330,0,0,0,0,1000,1000,0,0,0,3330,-1000,0,0,0,0
Female,Graduate,Single,38,240000,138151,111189,75880,46407,12697,215281,6021,3004,4006,5000,215281,105168,72876,42401,7697,0,0
Female,University,Single,23,50000,16370,15373,12065,10199,9261,6816,1524,2588,0,284,1000,13849,9477,10199,8977,5816,1
Female,Graduate,Single,27,130000,91467,68747,66372,64854,66432,46919,3247,3372,2354,2432,2919,65500,63000,62500,64000,44000,0
Female,University,Married,49,30000,23778,24507,25892,27366,26798,28321,1415,1800,2200,0,2500,23092,24092,25166,26798,25821,0
Male,University,Married,35,10000,9159,10004,9722,10044,9856,10285,1160,1139,1241,345,580,8844,8583,8803,9511,9705,0
Male,University,Single,27,180000,51826,6699,6529,104327,105867,106806,1500,2000,100000,4500,5041,5199,4529,4327,101367,101765,0
Female,High School,Single,26,230000,14361,15491,16190,11849,11826,6248,1369,1068,306,457,348,14122,15122,11543,11369,5900,0
Female,Graduate,Single,27,30000,28686,27620,28164,30444,29887,29153,0,2000,3000,0,1000,27620,26164,27444,29887,28153,0
Male,High School,Married,52,50000,7839,8761,8472,8641,9298,9000,1200,0,310,797,0,7561,8472,8331,8501,9000,0
Male,Graduate,Single,30,500000,1089,58665,168052,254571,59587,13398,58665,170119,156000,2000,13398,0,-2067,98571,57587,0,0
Male,University,Single,30,360000,0,1000,1000,0,0,0,1000,0,0,0,0,0,1000,0,0,0,0
Female,Graduate,Married,43,460000,323408,261444,309622,297039,258056,188083,5229,580464,80017,31017,27,256215,-270842,217022,227039,188056,0
Female,University,Single,32,10000,8509,9228,9821,9495,9469,10191,1400,1300,350,500,1650,7828,8521,9145,8969,8541,0
Female,Graduate,Single,32,270000,48114,42573,55350,92141,57961,45282,20091,30128,60183,2071,2045,22482,25222,31958,55890,43237,0
Male,University,Married,43,80000,43749,46330,43134,38010,38510,38427,3356,3204,2017,3515,2506,42974,39930,35993,34995,35921,0
Male,Graduate,Single,32,100000,87580,84140,86400,87275,89082,91030,3300,3881,2500,2519,2700,80840,82519,84775,86563,88330,0
Male,High School,Married,42,20000,13053,4078,0,0,0,0,16,0,0,0,0,4062,0,0,0,0,1
Male,University,Married,38,300000,374,1685,1485,990,495,495,2000,1485,0,0,495,-315,0,990,495,0,1
Female,University,Single,44,30000,2436,11376,21354,28308,23346,10784,11378,11004,9003,3349,10785,-2,10350,19305,19997,-1,0
Male,Graduate,Single,33,160000,-77,1598,1097,772,447,797,2000,0,0,0,1000,-402,1097,772,447,-203,1
Female,University,Single,25,30000,7204,7453,7098,10148,22070,23182,1200,1114,4000,13000,2000,6253,5984,6148,9070,21182,0
Female,Graduate,Single,31,160000,4203,9739,15628,3666,4098,4237,9739,17751,3666,4098,4237,0,-2123,0,0,0,0
Female,Graduate,Single,31,380000,276,276,0,196050,202129,295891,276,0,202129,9500,98500,0,0,-6079,192629,197391,0
Male,University,Single,43,180000,164222,169073,171820,160018,164717,151235,7500,5900,6000,7000,7000,161573,165920,154018,157717,144235,0
Male,Graduate,Married,45,100000,99626,101446,21300,20091,19299,9346,4600,1429,600,600,1000,96846,19871,19491,18699,8346,0
Male,Graduate,Married,38,260000,263,511,248,-15,3526,263,512,1,1,3805,1,-1,247,-16,-279,262,0
Female,High School,Single,25,180000,120583,97341,87773,89547,91639,93991,3507,3201,3200,3500,4000,93834,84572,86347,88139,89991,0
Male,High School,Married,38,240000,230131,216824,219487,151295,228276,233079,8500,6900,6000,80000,8600,208324,212587,145295,148276,224479,0
Male,University,Other,44,30000,6289,9331,12380,15158,15760,18985,3173,3222,3000,1000,3500,6158,9158,12158,14760,15485,1
Male,University,Single,26,50000,20329,14244,30580,15365,15587,15940,1600,1600,1000,1000,1000,12644,28980,14365,14587,14940,0
Female,University,Married,43,180000,7823,9549,1968,1800,8198,511,9549,1968,1800,8198,0,0,0,0,0,511,0
Male,University,Single,24,20000,610,13222,13488,11818,12428,5965,13002,3000,0,1000,5965,220,10488,11818,11428,0,0
Male,University,Single,31,130000,48628,52379,31247,40047,12450,2294,5207,0,9000,12450,2294,47172,31247,31047,0,0,1
Male,Graduate,Married,36,240000,229,-167,-563,254,-142,344,0,0,1213,0,1032,-167,-563,-959,-142,-688,0
Female,Other,Married,35,160000,0,0,0,0,0,0,0,0,0,0,0,0,0,0,0,0,0
Male,High School,Single,29,60000,4511,5529,6544,7093,7973,9038,1096,1111,660,1000,1200,4433,5433,6433,6973,7838,1
Male,High School,Married,35,100000,96521,98728,74239,75704,55704,56810,3938,2515,2516,4022,2032,94790,71724,73188,51682,54778,0
Female,University,Single,28,320000,0,0,2428,990,495,854,0,2428,990,0,854,0,0,0,495,0,0
Female,University,Married,62,110000,33536,30155,26054,22918,23216,14371,3000,2000,3000,6000,2340,27155,24054,19918,17216,12031,0
Female,Graduate,Single,31,50000,48903,53997,52298,50778,48055,45704,6500,0,0,3130,2532,47497,52298,50778,44925,43172,1
Male,University,Married,38,50000,27686,28436,31051,31542,32185,32900,1500,3100,1300,1300,1400,26936,27951,30242,30885,31500,1
Male,University,Single,39,140000,139079,143816,134472,130129,133031,136919,7000,4800,4659,5000,6100,136816,129672,125470,128031,130819,0
Male,University,Married,46,80000,81283,80390,79080,77850,80330,80000,2892,3000,5390,4106,3000,77498,76080,72460,76224,77000,1
Male,University,Single,23,50000,47385,48790,19306,19857,20361,20051,2472,1234,785,900,2800,46318,18072,19072,19461,17251,0
Female,University,Married,35,140000,130215,126720,128116,136956,134665,142199,0,5000,11000,0,10000,126720,123116,125956,134665,132199,1
Female,University,Married,52,210000,5723,3386,8964,2241,2241,2241,1237,4482,0,2241,2241,2149,4482,2241,0,0,0
Male,University,Married,35,130000,8010,5932,4950,-2490,-37594,-21295,1500,1012,0,0,0,4432,3938,-2490,-37594,-21295,0
Female,Graduate,Single,31,200000,4138,790,1230,390,390,390,790,1230,390,390,390,0,0,0,0,0,1
Male,University,Single,40,110000,4202,5524,6144,7628,7111,7981,2000,2000,2000,1000,2000,3524,4144,5628,6111,5981,0
Female,University,Single,27,140000,107257,104122,104742,107626,114633,116904,0,3842,4626,8933,4300,104122,100900,103000,105700,112604,0
Male,University,Single,43,20000,390,390,390,390,540,930,390,390,390,540,780,0,0,0,0,150,0
Male,University,Single,30,450000,610723,555086,497132,514249,462666,472480,20200,18000,25135,432130,17000,534886,479132,489114,30536,455480,1
Male,University,Married,36,170000,87076,77902,54592,56128,57469,59669,3781,2104,3208,2998,3000,74121,52488,52920,54471,56669,0
Female,University,Married,36,170000,158651,143801,138145,125499,124205,123940,5428,4707,4400,4450,4650,138373,133438,121099,119755,119290,0
Male,University,Single,29,180000,175773,179866,173007,168743,172275,176861,6059,5653,6488,5138,6313,173807,167354,162255,167137,170548,0
Male,Graduate,Married,39,200000,303347,171592,176615,185049,188375,183069,6500,8051,13000,6500,0,165092,168564,172049,181875,183069,0
Female,University,Married,27,80000,25424,24499,25181,5187,5524,5529,2000,2150,1000,2500,1000,22499,23031,4187,3024,4529,0
Female,University,Single,41,150000,15938,16128,17051,15109,13895,14236,1317,2008,1004,505,573,14811,15043,14105,13390,13663,0
Male,Graduate,Single,31,160000,157303,161498,153226,78511,9808,8358,8055,5045,2280,305,2000,153443,148181,76231,9503,6358,1
Male,High School,Single,38,60000,3059,291,1131,441,443,732,291,1131,441,443,580,0,0,0,0,152,0
Female,University,Married,39,240000,47739,46712,45660,48905,47993,52015,0,0,4000,0,5000,46712,45660,44905,47993,47015,1
Male,University,Single,24,20000,12549,11552,6622,6232,390,930,2319,0,0,0,930,9233,6622,6232,390,0,1
Male,Graduate,Single,30,500000,449733,425268,489942,437809,409337,406573,20120,120063,40000,12389,12000,405148,369879,397809,396948,394573,0
Female,University,Single,50,280000,9173,11564,6781,5725,3989,2599,11574,7104,5857,3989,2599,-10,-323,-132,0,0,0
Male,Graduate,Other,50,200000,176077,179769,178358,177340,181281,191644,8000,3000,3400,6800,13600,171769,175358,173940,174481,178044,1
Female,Graduate,Single,29,290000,6649,15819,10986,8184,14936,19573,15837,11584,8184,14936,19573,-18,-598,0,0,0,0
Female,Graduate,Single,34,80000,75517,77078,73783,68909,66308,60687,6000,2000,0,5065,6235,71078,71783,68909,61243,54452,1
Female,High School,Married,61,20000,2730,5461,6218,5970,8945,9896,2800,1000,0,3100,1100,2661,5218,5970,5845,8796,1
Female,Graduate,Single,41,400000,48938,27703,43775,10644,42195,12246,27703,43947,10183,42195,12246,0,-172,461,0,0,0
Female,High School,Married,53,30000,30587,29462,28068,23362,29837,30357,1700,1288,982,32000,2000,27762,26780,22380,-2163,28357,0
Male,Graduate,Married,34,130000,128846,130525,74745,68597,54774,53728,5170,2584,4000,2006,2000,125355,72161,64597,52768,51728,1
Male,University,Married,33,60000,4843,8790,12420,14731,21508,7695,5000,5000,4000,4000,3500,3790,7420,10731,17508,4195,0
Male,High School,Married,37,20000,1439,1251,390,390,370,-20,1251,400,390,370,0,0,-10,0,0,-20,0
Male,University,Married,43,160000,-3,-3,997,1798,800,0,0,1003,1804,202,0,-3,-6,-6,598,0,0
Female,University,Single,25,110000,104871,107422,101930,102111,101521,100240,8000,0,4000,4000,3600,99422,101930,98111,97521,96640,0
Male,Graduate,Married,40,230000,87162,88801,87972,57846,57798,52071,4293,3000,1928,2000,2500,84508,84972,55918,55798,49571,0
Female,Graduate,Single,22,20000,18356,0,0,0,0,0,0,0,0,0,0,0,0,0,0,0,0
Female,University,Married,34,140000,15550,17780,18226,19915,20891,21542,2500,1500,2000,1300,1000,15280,16726,17915,19591,20542,0
Female,High School,Married,48,130000,46206,46396,43812,42132,44190,44636,3000,3000,3000,4000,4000,43396,40812,39132,40190,40636,0
Female,Graduate,Single,47,130000,18454,21121,20484,22145,21652,23138,2976,0,2000,0,2000,18145,20484,20145,21652,21138,1
Male,University,Married,30,200000,113676,116355,117802,116296,60792,30808,6000,5000,6000,3000,1611,110355,112802,110296,57792,29197,0
Female,High School,Married,43,60000,4703,0,0,0,0,992,0,0,0,0,992,0,0,0,0,0,1
Male,Graduate,Single,25,20000,-431,569,1769,2582,3184,3974,1000,1769,1000,800,1000,-431,0,1582,2384,2974,0
Female,Graduate,Single,32,110000,0,0,0,0,0,0,0,0,0,0,0,0,0,0,0,0,1
Female,Graduate,Single,27,320000,0,638,500,0,0,0,638,0,0,0,0,0,500,0,0,0,1
Male,High School,Other,40,130000,88222,88288,84822,85970,86644,87576,3515,3107,5003,3203,3456,84773,81715,80967,83441,84120,0
Male,Graduate,Married,50,280000,327918,321476,314931,176439,154010,134334,0,0,500,0,6267,321476,314931,175939,154010,128067,0
Male,Graduate,Single,34,290000,1597,-2002,-1001,3999,0,4483,0,0,5000,0,4483,-2002,-1001,-1001,0,0,0
Female,High School,Married,28,30000,17897,18944,19698,17855,13784,6616,1342,1096,514,1021,151,17602,18602,17341,12763,6465,0
Male,University,Single,28,80000,54475,3075,0,6150,0,0,6150,0,6150,0,0,-3075,0,0,0,0,0
Female,Graduate,Single,24,70000,10916,12386,9864,5201,6950,7256,2000,2063,2000,2000,421,10386,7801,3201,4950,6835,0
Female,High School,Married,44,80000,80808,81615,79075,79604,78567,79810,6926,0,3000,3000,3300,74689,79075,76604,75567,76510,0
Female,Graduate,Married,33,200000,1853,5928,8789,0,0,0,5928,3000,0,0,0,0,5789,0,0,0,0
Male,University,Married,28,50000,96393,100459,96051,18051,18767,19462,5800,300,18000,1000,1000,94659,95751,51,17767,18462,0
Male,University,Single,28,120000,59946,49595,35786,32651,29972,27425,4000,0,1210,1000,1035,45595,35786,31441,28972,26390,0
Male,Graduate,Single,29,80000,51630,54183,55685,58642,60533,61823,4000,3000,4500,3000,2300,50183,52685,54142,57533,59523,0
Female,University,Married,35,200000,51609,53165,55285,57370,59454,63461,3000,3000,3000,3000,5000,50165,52285,54370,56454,58461,1
Female,University,Married,34,90000,1905,1924,11855,665,0,665,1924,11855,10655,0,665,0,0,-9990,0,0,0
Female,University,Married,38,30000,29803,30766,29918,29071,29527,30480,1734,0,1148,1034,2667,29032,29918,27923,28493,27813,0
Female,High School,Married,29,30000,3489,14926,9937,8027,14709,7483,14969,9942,10,10022,384,-43,-5,8017,4687,7099,0
Female,High School,Single,23,50000,47486,47963,33499,19227,19334,19735,1703,1304,680,696,717,46260,32195,18547,18638,19018,0
Male,University,Single,31,150000,148815,148090,133619,127043,112067,39901,5147,4900,4677,4707,1700,142943,128719,122366,107360,38201,0
Female,University,Married,42,280000,256675,253682,260274,153516,156830,152045,13000,11000,8000,5866,8000,240682,249274,145516,150964,144045,0
Male,High School,Single,25,10000,6892,7915,10086,18714,9781,9979,1294,2465,500,1000,500,6621,7621,18214,8781,9479,0
Female,University,Married,35,160000,96515,139439,141416,112497,119511,119763,50439,6000,5000,9000,4000,89000,135416,107497,110511,115763,0
Female,University,Married,30,160000,51400,0,0,0,0,0,0,0,0,0,0,0,0,0,0,0,0
Male,Graduate,Married,46,390000,6346,94921,53796,6009,9096,3267,94921,53796,6009,9096,3267,0,0,0,0,0,0
Male,University,Single,22,50000,34033,34622,19993,18852,18020,18537,1342,1500,700,651,1000,33280,18493,18152,17369,17537,1
Male,University,Single,26,50000,18838,385,11500,2756,7000,12025,0,11615,2756,7000,12025,385,-115,0,0,0,0
Male,University,Single,28,150000,95322,96903,94682,89207,46259,50504,3216,2338,2653,2001,5012,93687,92344,86554,44258,45492,0
Male,High School,Single,23,50000,47104,25555,16097,16337,16330,16708,2000,1500,800,700,650,23555,14597,15537,15630,16058,0
Female,Graduate,Single,39,190000,83369,81617,83351,82989,83760,85707,3853,4000,3000,3200,3500,77764,79351,79989,80560,82207,0
Male,High School,Single,29,10000,142,142,142,142,142,142,0,0,0,0,0,142,142,142,142,142,1
Female,Graduate,Single,37,210000,-200,-200,199672,199272,199272,0,0,199872,0,0,0,-200,-200,199272,199272,0,0
Male,Graduate,Single,32,230000,1470,0,1470,735,419,316,0,1470,735,419,316,0,0,0,0,0,0
Female,Graduate,Married,52,150000,5094,29137,25772,48635,25907,7513,29148,25000,48635,13907,1513,-11,772,0,12000,6000,0
Female,Graduate,Married,34,230000,4358,6020,9938,9865,6981,12157,3000,5000,5828,6981,6157,3020,4938,4037,0,6000,0
Female,Graduate,Single,28,80000,4885,3482,4251,4047,3547,221,0,1000,500,1000,0,3482,3251,3547,2547,221,0
Female,Other,Single,31,160000,1790,0,31568,17638,1285,2705,0,31568,353,1285,2705,0,0,17285,0,0,0
Female,Graduate,Single,27,500000,33299,60857,26324,26091,9558,4242,60957,27056,26096,9605,4242,-100,-732,-5,-47,0,0
Female,Graduate,Single,34,180000,43374,38842,37895,36002,31173,30832,2100,2000,5000,1500,1500,36742,35895,31002,29673,29332,0
Female,University,Single,23,30000,28850,28102,30324,27446,29329,29720,0,2700,0,2300,1000,28102,27624,27446,27029,28720,1
Female,Graduate,Married,47,130000,113470,110794,65715,67523,68131,68140,4000,3000,5500,3000,3000,106794,62715,62023,65131,65140,0
Female,High School,Married,46,10000,10400,0,0,0,1864,1720,0,0,0,1864,50,0,0,0,0,1670,0
Female,University,Married,45,20000,650,264,264,264,654,654,264,264,264,1044,654,0,0,0,-390,0,0
Male,High School,Single,27,30000,18556,20252,22419,22075,29466,28911,2000,3008,5066,29572,1911,18252,19411,17009,-106,27000,0
Male,University,Single,38,30000,20996,25607,26813,25868,25418,27572,5000,2000,1089,3000,5000,20607,24813,24779,22418,22572,1
Female,Graduate,Married,39,320000,206461,117168,128832,133329,53870,13185,5000,15000,5000,5000,3000,112168,113832,128329,48870,10185,0
Male,University,Single,23,10000,10034,9239,10025,10227,9933,9884,0,1600,500,0,1000,9239,8425,9727,9933,8884,1
Female,Other,Single,53,350000,5095,4815,61044,22611,1385,6043,4840,61349,22687,1389,6058,-25,-305,-76,-4,-15,0
Male,High School,Single,35,20000,17365,19001,20269,18654,18914,20200,2618,2276,791,686,1600,16383,17993,17863,18228,18600,0
Male,University,Single,25,50000,53086,51981,50805,51518,50713,51309,0,0,1800,108,2400,51981,50805,49718,50605,48909,0
Male,Graduate,Single,28,310000,153620,147023,127390,129886,130676,127738,6603,4600,4507,4027,4025,140420,122790,125379,126649,123713,0
Male,University,Single,34,80000,66122,92131,47655,43182,44332,45440,2600,4300,2000,2000,2000,89531,43355,41182,42332,43440,0
Male,Graduate,Single,43,170000,1866,5750,200,41467,1028,2643,5750,200,41467,1328,2643,0,0,0,-300,0,0
Female,High School,Other,52,10000,9970,9625,9622,7773,5968,5380,2001,1801,0,700,1300,7624,7821,7773,5268,4080,1
Male,High School,Single,41,30000,0,0,0,0,0,0,0,0,0,0,0,0,0,0,0,0,0
Female,High School,Single,46,170000,1986,1050,170,2785,3128,505,1050,170,2785,3128,505,0,0,0,0,0,0
Female,Graduate,Married,32,230000,700,1428,600,0,0,0,1428,600,0,0,0,0,0,0,0,0,0
Female,University,Single,23,50000,16139,17261,14354,8713,1781,1615,1400,1000,500,1781,0,15861,13354,8213,0,1615,0
Female,Graduate,Married,52,300000,0,0,0,0,0,0,0,0,0,0,0,0,0,0,0,0,0
Male,University,Married,37,210000,0,0,0,150,150,150,0,0,150,150,150,0,0,0,0,0,0
Female,High School,Married,36,20000,21309,22693,20899,20014,19331,17176,3150,0,800,850,660,19543,20899,19214,18481,16516,0
Female,University,Married,32,20000,16434,17191,0,0,0,0,1500,0,0,0,0,15691,0,0,0,0,0
Female,University,Single,25,20000,16923,20319,19543,19534,19320,12442,4000,0,391,386,249,16319,19543,19143,18934,12193,0
Male,Graduate,Single,29,80000,31637,27137,25986,23496,23601,24650,1734,2000,2000,2000,2000,25403,23986,21496,21601,22650,0
Female,University,Other,22,30000,7928,2318,22430,20457,13964,14872,2318,22000,1000,1000,1000,0,430,19457,12964,13872,0
Male,Graduate,Single,33,200000,156558,167453,170010,172226,175918,179441,15000,6800,6500,6600,6600,152453,163210,165726,169318,172841,1
Male,Graduate,Single,31,210000,1172,380,1552,776,776,1359,380,1552,0,776,1359,0,0,776,0,0,0
Female,Graduate,Married,42,330000,899,7445,0,3899,2707,8000,7448,0,3899,2707,8000,-3,0,0,0,0,0
Male,University,Single,25,30000,14420,15390,14846,16098,15700,16784,1500,0,1500,0,1500,13890,14846,14598,15700,15284,1
Male,Graduate,Married,39,280000,17489,7542,2219,3008,849,1763,7614,2226,3008,1255,152446,-72,-7,0,-406,-150683,0
Male,Graduate,Married,37,300000,1943,0,0,0,0,0,0,0,0,0,0,0,0,0,0,0,0
Male,High School,Married,42,10000,6091,6837,7666,9270,7897,8763,1000,1000,9501,500,1000,5837,6666,-231,7397,7763,0
Female,University,Single,24,50000,27788,19742,20672,16336,16921,17489,2000,1600,1000,1000,1000,17742,19072,15336,15921,16489,0
Male,University,Married,49,280000,390,390,390,390,390,150,390,390,390,390,150,0,0,0,0,0,0
Male,University,Married,51,20000,14681,14777,15025,16504,17950,19558,1562,1200,2000,2000,2000,13215,13825,14504,15950,17558,0
Male,University,Single,32,130000,1496,1496,1496,1496,1496,1496,1496,1496,1496,1496,1496,0,0,0,0,0,0
Male,University,Single,25,20000,18193,18804,19324,18692,16035,12262,1800,1200,559,532,424,17004,18124,18133,15503,11838,0
Female,University,Single,26,120000,5820,216,3858,6849,2616,2805,216,3858,6849,2616,2805,0,0,0,0,0,0
Female,Graduate,Single,33,400000,7768,31313,8744,11640,41432,20075,31330,8853,11816,41432,20974,-17,-109,-176,0,-899,0
Female,University,Single,39,300000,6293,5483,990,990,990,990,5490,990,990,990,990,-7,0,0,0,0,0
Female,University,Single,23,30000,12775,13864,14927,15378,15978,16560,1600,1600,1000,1000,1000,12264,13327,14378,14978,15560,0
Male,University,Married,47,20000,14835,16605,19160,14506,12839,8495,3000,3000,5000,5000,3000,13605,16160,9506,7839,5495,1
Female,University,Married,43,320000,24685,27002,82271,5315,33059,908,30161,82271,5315,33059,908,-3159,0,0,0,0,0
Male,University,Married,57,80000,54211,55348,56477,57601,58807,60300,2007,2047,2060,2133,2469,53341,54430,55541,56674,57831,0
Male,High School,Married,59,160000,-220,390,170,-220,390,390,1000,170,0,1000,390,-610,0,-220,-610,0,0
Female,High School,Single,50,80000,46914,47918,47620,48571,48525,43987,2210,1700,1614,1600,1600,45708,45920,46957,46925,42387,0
Female,High School,Single,47,280000,27572,38918,27000,27000,0,30460,39787,29000,27000,0,30460,-869,-2000,0,0,0,0
Female,Graduate,Single,28,210000,0,0,0,0,0,0,0,0,0,0,0,0,0,0,0,0,1
Female,Graduate,Single,27,250000,8769,990,0,0,955,8175,990,0,0,955,8200,0,0,0,0,-25,0
Female,Graduate,Single,27,120000,3215,700,700,10673,9671,9332,700,700,10673,2550,0,0,0,0,7121,9332,0
Female,University,Single,27,20000,15685,16731,18048,18102,18491,19173,1300,1600,650,681,1000,15431,16448,17452,17810,18173,0
Female,University,Single,35,200000,72450,52795,41861,34531,1794,-345,5556,1000,2000,1000,0,47239,40861,32531,794,-345,0
Male,Graduate,Married,45,100000,42049,43570,44601,45598,46752,48008,2200,2100,2000,2000,2010,41370,42501,43598,44752,45998,0
Female,University,Married,53,80000,48688,101878,20475,20325,20276,20662,2530,3990,850,800,1100,99348,16485,19475,19476,19562,0
Female,Graduate,Single,39,450000,242,0,2343,2313,8295,699,0,2343,2313,8295,1806,0,0,0,0,-1107,0
Female,Graduate,Married,38,200000,5221,6875,5129,14997,2996,5525,6877,5129,17653,2996,6143,-2,0,-2656,0,-618,0
Female,University,Single,28,50000,47813,33463,29628,31230,0,0,1900,2000,2000,0,0,31563,27628,29230,0,0,0
Female,University,Single,31,500000,43818,45021,49283,66144,75191,80619,5000,5040,17604,10000,10000,40021,44243,48540,65191,70619,0
Male,Graduate,Single,25,50000,44663,48045,47306,49296,47220,49584,4100,400,3000,2,4005,43945,46906,46296,47218,45579,0
Female,Graduate,Married,29,450000,72622,6920,7700,9700,11700,0,2000,1000,2000,2000,0,4920,6700,7700,9700,0,0
Female,Graduate,Single,30,130000,780,0,390,540,540,636,0,390,540,540,636,0,0,0,0,0,0
Female,Graduate,Single,29,220000,-37,5645,11731,-729,-5960,-5960,5682,11742,0,5231,0,-37,-11,-729,-11191,-5960,0
Female,University,Married,38,210000,390,780,0,0,4853,5190,780,0,0,4853,5190,0,0,0,0,0,0
Male,Graduate,Single,57,50000,50698,51030,49984,20155,19959,20194,2100,1320,704,716,733,48930,48664,19451,19243,19461,0
Male,University,Single,31,260000,260783,54254,24119,16887,149104,127342,1743,24145,16900,150241,5285,52511,-26,-13,-1137,122057,0
Female,University,Single,26,70000,35867,28496,28401,22587,24361,25424,3000,3005,3000,3000,1500,25496,25396,19587,21361,23924,0
Male,University,Married,37,50000,49045,50174,43647,19305,20025,18584,2000,2000,1000,1000,1000,48174,41647,18305,19025,17584,1
Male,University,Single,28,20000,12762,12272,14255,13729,14706,14320,0,2500,0,1200,0,12272,11755,13729,13506,14320,1
Male,University,Married,34,170000,91450,90486,86004,64363,55912,54500,3400,0,3957,0,2200,87086,86004,60406,55912,52300,1
Female,University,Single,34,100000,104660,104108,102066,99186,97140,95123,4589,4516,3645,3649,3724,99519,97550,95541,93491,91399,0
Female,University,Single,30,200000,11916,23694,26397,12674,14068,6468,12366,11000,12674,14445,6867,11328,15397,0,-377,-399,1
Female,High School,Married,59,30000,28084,29299,28741,30467,29858,28898,1950,200,2492,0,580,27349,28541,27975,29858,28318,1
Female,Graduate,Single,39,300000,89792,91558,93741,99802,97711,99538,4500,5000,8000,0,4000,87058,88741,91802,97711,95538,0
Female,University,Single,28,360000,2500,2500,0,0,0,0,0,0,0,0,0,2500,0,0,0,0,1
Male,Graduate,Single,33,140000,128891,103523,86543,68972,47268,2299,4637,2083,1503,1083,1121,98886,84460,67469,46185,1178,0
Female,University,Single,28,360000,220,2755,1380,0,1999,-1,2755,1380,0,1999,0,0,0,0,0,-1,0
Female,University,Married,43,150000,32283,18361,9160,13596,11457,29550,18361,1000,13596,11457,18550,0,8160,0,0,11000,0
Male,University,Married,37,280000,149227,152331,153080,156000,160000,40485,5505,3258,3120,4000,100045,146826,149822,152880,156000,-59560,0
Female,University,Married,46,230000,1443,1443,2886,1443,1443,1443,1443,2886,0,1443,1443,0,0,1443,0,0,0
Female,High School,Married,46,80000,70324,66864,32990,30059,28786,29371,3000,2003,1500,1200,1200,63864,30987,28559,27586,28171,0
Male,Graduate,Single,32,50000,20542,10858,0,777,793,26793,1411,0,777,16,26000,9447,0,0,777,793,0
Male,Graduate,Single,30,180000,0,1186,0,0,0,0,1186,0,0,0,0,0,0,0,0,0,1
Male,University,Single,34,100000,32685,36546,37152,36258,38512,37741,4400,1500,0,3000,0,32146,35652,36258,35512,37741,1
Male,Graduate,Single,30,30000,21996,21356,23496,22820,23352,23963,0,2500,0,900,1000,21356,20996,22820,22452,22963,1
Male,Graduate,Married,37,80000,57844,59038,57501,60424,61811,63142,2700,0,4500,2500,2500,56338,57501,55924,59311,60642,0
Female,Graduate,Married,39,500000,28852,112344,26834,33120,21771,52277,90668,26834,33452,21881,52539,21676,0,-332,-110,-262,0
Female,University,Single,33,150000,6806,2774,0,500,399,0,2779,0,500,399,0,-5,0,0,0,0,0
Female,University,Single,22,50000,8566,8287,9288,9990,9694,9879,0,1300,1000,0,500,8287,7988,8990,9694,9379,0
Female,Graduate,Married,42,260000,6000,4856,4328,15711,0,127395,4570,4353,17767,23209,127395,286,-25,-2056,-23209,0,0
Female,University,Married,35,410000,11193,1831,13745,6033,8326,8926,1831,13745,121,8326,8926,0,0,5912,0,0,0
Female,High School,Married,33,50000,39847,37561,36725,35346,33810,32788,1719,1783,1200,1200,1500,35842,34942,34146,32610,31288,0
Female,University,Married,39,100000,100549,94471,57529,58070,58615,58760,3711,3155,1696,1889,1764,90760,54374,56374,56726,56996,0
Female,High School,Married,37,90000,62460,63354,64528,65815,67350,68605,2500,2300,2281,2519,2451,60854,62228,63534,64831,66154,0
Male,Graduate,Single,32,50000,16434,17550,21414,20774,21177,21612,1688,4476,0,888,788,15862,16938,20774,20289,20824,0
Female,University,Married,51,200000,93215,95336,93114,94239,99428,101843,4300,0,3365,6700,4000,91036,93114,90874,92728,97843,0
Male,Graduate,Single,33,240000,6785,57953,20367,6997,15607,44412,58243,20469,7032,15685,44513,-290,-102,-35,-78,-101,0
Male,Graduate,Single,29,360000,6167,3506,10845,8336,5878,12903,17,10859,380,187,12966,3489,-14,7956,5691,-63,1
Female,Graduate,Single,37,170000,49699,32301,74152,38579,77819,47975,32305,74198,38804,66000,40970,-4,-46,-225,11819,7005,0
Female,High School,Married,30,80000,41687,42719,43018,44013,45058,46068,2000,1300,2000,1900,1900,40719,41718,42013,43158,44168,1
Male,High School,Married,49,260000,8654,15260,6790,10070,585,435,15328,6914,10098,585,435,-68,-124,-28,0,0,0
Female,University,Single,55,70000,53214,54571,42413,42946,43843,44714,2230,2004,1537,1589,1598,52341,40409,41409,42254,43116,0
Female,High School,Single,43,30000,26828,25352,26553,26554,18869,12359,1588,1789,790,471,352,23764,24764,25764,18398,12007,0
Female,University,Married,35,290000,260698,267453,278924,235368,232117,230763,11019,20326,44,10035,10034,256434,258598,235324,222082,220729,0
Female,University,Married,46,110000,110950,111750,111227,110849,110575,110394,4088,3912,3888,3975,4162,107662,107315,106961,106600,106232,1
Male,University,Married,30,110000,57503,66128,64477,65413,66520,68270,9600,0,2600,2300,3000,56528,64477,62813,64220,65270,1
Male,University,Married,40,200000,93700,95991,15040,14074,14758,15442,4512,2010,1000,1000,1000,91479,13030,13074,13758,14442,0
Female,High School,Single,22,70000,52899,45758,37858,29660,29519,29457,1726,3028,1026,1195,1060,44032,34830,28634,28324,28397,0
Female,University,Single,29,150000,84357,86398,64763,66093,62568,63828,2841,3000,1839,1773,1792,83557,61763,64254,60795,62036,0
Female,University,Single,43,340000,106867,117152,113312,114379,113627,112193,12002,0,4387,4634,4519,105150,113312,109992,108993,107674,0
Female,University,Single,25,30000,10343,11069,12082,12473,12623,27460,1200,1201,592,500,1500,9869,10881,11881,12123,25960,1
Male,Graduate,Married,40,200000,390,394,388,822,386,540,400,390,830,400,550,-6,-2,-8,-14,-10,0
Female,University,Single,44,400000,4988,2986,96868,33745,5143,1601,3003,97353,33913,5168,1611,-17,-485,-168,-25,-10,0
Female,University,Married,41,110000,52388,41742,43852,39840,32801,33174,1780,3306,1108,1126,1269,39962,40546,38732,31675,31905,0
Male,University,Married,36,420000,56068,55115,19304,22304,28465,38182,15005,10013,10000,10000,20000,40110,9291,12304,18465,18182,0
Female,Other,Married,45,150000,232587,259740,241615,139741,144692,124197,30032,25099,80000,120000,95000,229708,216516,59741,24692,29197,0
Female,Graduate,Married,36,290000,97733,91270,79396,69925,71794,73597,3500,3000,3000,3000,3000,87770,76396,66925,68794,70597,0
Male,Graduate,Married,58,160000,0,0,0,0,4816,0,0,0,0,4816,0,0,0,0,0,0,0
Male,High School,Single,31,50000,44461,8635,-2550,-3300,-3300,-3300,1000,0,0,0,0,7635,-2550,-3300,-3300,-3300,1
Male,Graduate,Single,25,150000,132684,128111,120509,74837,74391,66932,5713,12137,9005,2528,3119,122398,108372,65832,71863,63813,0
Female,Graduate,Single,29,500000,82715,29004,104650,75583,26728,78226,7057,134011,8000,10000,78226,21947,-29361,67583,16728,0,0
Female,University,Single,26,140000,54868,56983,59152,67288,71674,31374,3000,4000,9500,5000,2000,53983,55152,57788,66674,29374,0
Male,Graduate,Married,44,200000,1785,750,0,0,708,15500,757,0,0,708,15699,-7,0,0,0,-199,0
Male,Graduate,Married,46,230000,519,518,2784,2360,1908,97,518,2784,32,0,0,0,0,2328,1908,97,1
Female,University,Single,26,60000,53986,47413,36527,28170,28963,29456,2050,2011,1200,1400,1200,45363,34516,26970,27563,28256,0
Male,University,Married,38,150000,509,14310,980,1000,1132,8774,14310,980,1000,1132,8774,0,0,0,0,0,0
Female,Graduate,Single,29,340000,2688,11432,12411,9119,29280,23093,11486,12824,10,29047,6153,-54,-413,9109,233,16940,0
Male,Graduate,Single,30,140000,5600,0,0,0,5302,10251,0,0,0,5302,5251,0,0,0,0,5000,0
Female,Graduate,Married,41,20000,6249,5965,2417,1616,1616,3067,0,0,0,0,3067,5965,2417,1616,1616,0,0
Female,Graduate,Single,26,200000,14513,84387,87121,87857,88766,90228,84387,5000,4000,4000,4000,0,82121,83857,84766,86228,0
Male,High School,Married,44,20000,2522,169,1261,1170,780,390,169,1261,1170,0,0,0,0,0,780,390,0
Female,Graduate,Married,29,300000,64437,65905,67344,69268,70647,73044,2000,2000,2500,2100,3000,63905,65344,66768,68547,70044,0
Female,Graduate,Married,64,200000,2035,1261,69048,3352,1992,1176,1261,69054,2000,0,1176,0,-6,1352,1992,0,1
Male,Graduate,Single,28,180000,180387,182361,184097,177870,169767,175867,9000,8500,8500,8000,14250,173361,175597,169370,161767,161617,0
Female,High School,Married,24,30000,27896,29938,30061,29621,27956,29484,2506,1748,1003,1022,2000,27432,28313,28618,26934,27484,0
Male,Graduate,Married,62,350000,83393,10237,14580,61024,86809,177816,10237,14580,61024,86809,177816,0,0,0,0,0,0
Male,Graduate,Single,28,160000,3236,-524,3003,737,0,894,0,3740,0,0,894,-524,-737,737,0,0,0
Female,High School,Married,42,20000,20205,16882,18094,19592,19930,20353,1500,1500,1800,800,900,15382,16594,17792,19130,19453,1
Male,Graduate,Single,28,130000,0,3000,0,0,0,0,3000,0,0,0,0,0,0,0,0,0,0
Female,Graduate,Married,43,180000,166569,144637,137261,135904,127905,129465,6000,6382,5000,4649,5084,138637,130879,130904,123256,124381,0
Female,University,Married,36,220000,195725,197466,189149,187531,187856,186532,8200,0,7000,7000,7200,189266,189149,180531,180856,179332,1
Female,University,Single,25,120000,54628,55235,45025,43834,43449,44675,2200,2000,1700,2000,2100,53035,43025,42134,41449,42575,0
Female,University,Married,33,500000,48415,50588,32091,19615,23084,4528,15021,1408,392,7000,4528,35567,30683,19223,16084,0,0
Female,Graduate,Single,29,150000,2889,3469,1791,570,0,0,3469,1791,570,0,0,0,0,0,0,0,1
Male,Graduate,Single,29,180000,18213,4390,1016,4745,0,0,4390,1016,4745,0,0,0,0,0,0,0,0
Male,Graduate,Single,30,440000,390512,200426,170209,136020,101744,78482,10063,7784,4632,3458,2671,190363,162425,131388,98286,75811,0
Female,University,Married,35,190000,189420,192058,185995,188649,190700,185912,8900,6700,6699,7400,6900,183158,179295,181950,183300,179012,0
Female,University,Married,40,160000,766,766,766,766,0,27547,766,766,766,0,27547,0,0,0,0,0,1
Male,University,Married,37,20000,6372,2818,3734,3826,2110,2054,1100,1000,500,2110,2054,1718,2734,3326,0,0,0
Male,High School,Married,44,30000,10056,11387,12192,12986,13775,14393,1500,1300,1000,1000,1000,9887,10892,11986,12775,13393,0
Male,Graduate,Married,32,420000,8120,2205,-94,6300,1047,67631,1011,0,6394,1047,67643,1194,-94,-94,0,-12,0
Female,Graduate,Single,28,370000,68452,71014,72547,74501,76058,77572,3513,3046,3000,2589,2603,67501,69501,71501,73469,74969,0
Male,University,Single,35,60000,62522,60932,113580,673,28976,29719,0,1680,2752,59358,1231,60932,111900,-2079,-30382,28488,0
Male,University,Single,43,180000,106765,99297,69691,71234,72930,75734,10000,5000,2703,3000,4013,89297,64691,68531,69930,71721,0
Female,High School,Single,25,90000,16977,19612,5613,5613,10113,10113,3000,3000,0,4500,0,16612,2613,5613,5613,10113,0
Female,University,Single,24,250000,69770,70954,70681,69497,41367,17004,3562,1914,1517,2000,8001,67392,68767,67980,39367,9003,1
Female,Graduate,Single,25,30000,25115,26287,26602,21000,0,0,1886,1620,0,0,0,24401,24982,21000,0,0,1
Male,Graduate,Married,41,140000,4523,12171,0,0,0,10832,12171,0,0,0,10832,0,0,0,0,0,0
Female,Graduate,Single,26,180000,51699,48469,49553,49772,50829,51234,2200,2200,2000,2000,2100,46269,47353,47772,48829,49134,0
Female,Graduate,Single,30,70000,12196,13291,14563,14625,15589,15189,1300,1500,600,1200,0,11991,13063,14025,14389,15189,0
Female,University,Single,36,320000,29862,33785,4900,15813,0,0,5000,4905,15873,0,0,28785,-5,-60,0,0,1
Male,Graduate,Single,28,150000,0,0,0,65696,67148,68460,0,0,65696,3000,3000,0,0,0,64148,65460,0
Male,University,Single,29,20000,3785,4871,7817,7977,0,0,1154,3100,160,0,0,3717,4717,7817,0,0,1
Male,Graduate,Single,25,30000,19041,20232,21293,22040,22786,23410,1500,1400,1100,1100,1003,18732,19893,20940,21686,22407,1
Male,Graduate,Single,31,500000,239824,226716,115610,89359,63609,123128,5614,118640,5841,6000,100000,221102,-3030,83518,57609,23128,0
Female,University,Single,22,30000,200,200,200,29847,30089,27957,0,0,29847,340,0,200,200,0,29749,27957,0
Male,University,Other,41,50000,780,12667,6713,6452,6188,4048,12667,1055,184,182,153,0,5658,6268,6006,3895,0
Male,High School,Married,44,20000,5855,6874,8037,8253,8427,9468,1122,1285,500,307,1182,5752,6752,7753,8120,8286,0
Female,High School,Married,51,10000,103,-677,-677,-1067,-747,71,0,0,0,1100,818,-677,-677,-1067,-1847,-747,1
Female,High School,Married,45,500000,338,338,98,522,285,950,338,98,522,285,950,0,0,0,0,0,0
Male,Graduate,Single,25,20000,2902,6888,7638,7388,6991,33327,4200,1000,0,0,27150,2688,6638,7388,6991,6177,1
Female,Graduate,Married,28,200000,40559,44565,46815,52978,53970,56064,5000,3000,7000,2000,3000,39565,43815,45978,51970,53064,0
Male,University,Married,31,10000,6106,7199,10215,9943,9758,9335,1200,4442,0,1200,1200,5999,5773,9943,8558,8135,0
Female,High School,Married,43,50000,44865,46760,47390,44520,45310,44430,2923,1700,0,3500,0,43837,45690,44520,41810,44430,1
Female,University,Married,35,320000,177391,182132,101849,92474,95279,77536,8200,4364,18000,4000,2576,173932,97485,74474,91279,74960,0
Male,University,Married,41,50000,48729,19598,0,0,0,402,1000,402,0,0,402,18598,-402,0,0,0,0
Female,Graduate,Married,41,30000,15636,4542,4075,3668,0,0,2000,1000,1000,1000,1800,2542,3075,2668,-1000,-1800,0
Male,High School,Single,36,110000,2509,1260,0,0,0,0,1260,0,0,0,0,0,0,0,0,0,1
Female,Graduate,Married,35,50000,0,354,134,134,0,0,354,134,0,0,0,0,0,134,0,0,0
Female,Graduate,Single,29,140000,112592,108669,110174,111079,113439,114983,0,5500,4900,5000,4112,108669,104674,106179,108439,110871,0
Female,Graduate,Married,44,90000,539,0,0,0,0,0,0,0,0,0,0,0,0,0,0,0,0
Male,University,Married,49,60000,59578,66781,65508,17677,19481,19205,22000,2188,2501,2512,4005,44781,63320,15176,16969,15200,1
Male,University,Single,24,20000,16276,16715,18327,17735,19446,18988,1000,2200,0,2000,0,15715,16127,17735,17446,18988,0
Female,Graduate,Married,62,340000,509365,522309,534137,466565,466774,471573,20309,20137,16565,16774,21573,502000,514000,450000,450000,450000,0
Male,University,Single,29,30000,31986,31189,29634,28174,27307,24449,0,4,1020,1110,989,31189,29630,27154,26197,23460,0
Male,Graduate,Married,35,170000,481,326,526,526,635,760,326,526,526,635,760,0,0,0,0,0,1
Male,Graduate,Married,45,130000,53709,55244,58716,57174,61240,61284,3000,5000,0,5000,1200,52244,53716,57174,56240,60084,1
Female,University,Married,44,250000,6107,8837,8535,10647,10352,12788,3000,0,3000,0,3000,5837,8535,7647,10352,9788,0
Female,University,Married,36,200000,390,1308,1662,14490,34902,390,1308,1662,14987,34902,390,0,0,-497,0,0,0
Female,University,Married,49,10000,3100,4116,5280,5543,5605,5717,1073,1237,500,300,205,3043,4043,5043,5305,5512,1
Female,University,Single,29,180000,13936,0,0,0,1030,440,0,0,0,1030,0,0,0,0,0,440,0
Female,Graduate,Single,29,230000,8916,318,725,2586,3198,4260,318,725,2592,3198,4260,0,0,-6,0,0,0
Female,High School,Married,45,200000,11025,6959,887,1462,15195,17933,6959,887,1462,15195,17933,0,0,0,0,0,0
Female,High School,Single,33,90000,130765,98506,94475,39368,34884,424,4800,4000,1000,698,424,93706,90475,38368,34186,0,0
Male,High School,Single,28,130000,3964,600,0,631,0,427,600,0,631,0,427,0,0,0,0,0,0
Male,Graduate,Single,26,230000,1099,19686,3036,4806,-1,1699,19686,4000,4806,0,1700,0,-964,0,-1,-1,0
Male,University,Single,36,320000,289508,302561,283356,275361,268871,256974,21041,1514,9122,9518,9209,281520,281842,266239,259353,247765,0
Male,High School,Single,34,30000,24367,28682,27922,28632,29075,30891,4723,0,1173,1056,2300,23959,27922,27459,28019,28591,1
Female,University,Single,25,80000,57994,17695,7987,2622,2449,-331,3327,44,2629,2457,0,14368,7943,-7,-8,-331,0
Female,Graduate,Married,35,80000,1000,0,0,0,490,707,0,0,0,490,707,0,0,0,0,0,1
Female,University,Married,45,260000,7893,5923,5601,5480,5911,5963,5923,5601,5482,5911,5963,0,0,-2,0,0,0
Male,High School,Single,26,20000,14081,15835,16985,19985,9421,9764,2000,2000,3000,1000,500,13835,14985,16985,8421,9264,1
Female,University,Married,34,200000,795,1795,3618,0,1496,0,1000,3618,0,1496,0,795,0,0,0,0,1
Female,University,Single,23,80000,54658,45978,32431,27674,23304,6586,5573,5,2000,1000,132,40405,32426,25674,22304,6454,0
Female,Graduate,Single,42,100000,60380,58567,79527,18950,19667,18531,2200,22004,656,1000,396,56367,57523,18294,18667,18135,0
Female,Other,Married,35,150000,39708,37441,36143,33567,32447,32592,1608,1510,1170,1183,1140,35833,34633,32397,31264,31452,0
Female,Graduate,Single,27,80000,76306,75970,77468,60167,57474,58815,3600,3574,2300,2300,2300,72370,73894,57867,55174,56515,0
Female,University,Single,48,20000,7684,8565,4519,3520,1680,5285,1200,2008,1680,0,5285,7365,2511,1840,1680,0,0
Female,University,Married,26,200000,15150,16311,16900,5000,0,282,1411,1000,5000,0,282,14900,15900,0,0,0,0
Female,University,Married,41,120000,36850,40232,41256,44063,46686,48768,4000,2000,3500,3500,3000,36232,39256,40563,43186,45768,1
Male,High School,Single,50,30000,46868,42397,38569,33570,19895,30125,1800,2200,1400,2000,30000,40597,36369,32170,17895,125,1
Male,Graduate,Single,37,200000,118134,126591,134110,139209,135902,138997,15034,20038,20019,5014,10047,111557,114072,119190,130888,128950,0
Female,High School,Single,38,80000,77929,77711,74525,61360,49359,48253,3006,2747,2344,1756,1758,74705,71778,59016,47603,46495,0
Female,Graduate,Married,46,280000,11967,183,1699,0,2722,0,183,1699,0,2722,0,0,0,0,0,0,1
Male,Graduate,Single,40,500000,353356,320704,321094,317546,279250,239172,17000,11684,15000,8995,9457,303704,309410,302546,270255,229715,0
Female,Graduate,Married,37,120000,696,-4,1878,407,247,1817,0,1882,407,247,2000,-4,-4,0,0,-183,0
Female,University,Married,41,220000,4016,3962,2908,3054,3054,0,3000,2000,3200,3054,0,962,908,-146,0,0,0
Male,University,Married,34,360000,6287,3580,2224,1206,-11,2216,2505,5,12,0,2227,1075,2219,1194,-11,-11,0
Female,Graduate,Married,35,210000,142422,143650,0,0,0,0,6500,0,0,0,0,137150,0,0,0,0,0
Female,Graduate,Married,28,160000,4529,4269,1170,780,780,0,0,0,0,0,0,4269,1170,780,780,0,1
Female,Graduate,Single,29,100000,0,0,0,0,0,0,0,0,0,0,0,0,0,0,0,0,1
Female,Graduate,Single,31,400000,4209,14858,28082,20188,68992,27613,14894,28222,20214,57060,16017,-36,-140,-26,11932,11596,0
Female,University,Married,46,110000,111301,69352,58442,55485,53539,41193,3075,3000,2000,2941,1512,66277,55442,53485,50598,39681,0
Male,Graduate,Married,37,360000,0,0,0,0,0,0,0,0,0,0,0,0,0,0,0,0,1
Female,University,Married,48,500000,39734,149570,137549,130893,108030,144938,117243,4500,4500,5000,50000,32327,133049,126393,103030,94938,0
Male,University,Single,27,130000,116646,113851,110317,108099,106028,104253,5578,4000,3863,3831,4136,108273,106317,104236,102197,100117,0
Female,Graduate,Single,26,60000,17873,5959,2933,2933,4933,1983,3000,1000,0,2000,0,2959,1933,2933,2933,1983,0
Male,Graduate,Married,39,240000,33984,2300,6904,15980,0,9060,3000,7104,15980,0,9060,-700,-200,0,0,0,0
Female,University,Married,40,100000,-14,1452,4091,3011,5955,0,1466,4091,3020,5955,0,-14,0,-9,0,0,0
Female,University,Married,38,150000,5195,4177,7444,19997,4095,52207,4185,7447,20013,4095,25869,-8,-3,-16,0,26338,0
Male,University,Married,39,290000,209265,215887,220787,223810,228043,234257,10000,10000,8165,9000,10000,205887,210787,215645,219043,224257,0
Male,University,Single,43,50000,34110,3552,0,0,0,0,3505,0,0,0,0,47,0,0,0,0,0
Female,University,Single,46,30000,8891,24501,24886,25014,29356,25515,28001,1245,763,5000,1164,-3500,23641,24251,24356,24351,0
Female,University,Married,35,210000,1338,1508,1409,1549,2454,946,1508,1409,1549,2454,946,0,0,0,0,0,0
Female,Graduate,Single,30,100000,14729,5691,11440,7470,44097,56328,0,6000,0,44097,15000,5691,5440,7470,0,41328,0
Female,High School,Single,40,30000,780,390,650,260,370,-20,0,650,0,500,0,390,0,260,-130,-20,0
Female,High School,Single,34,30000,9318,10621,15685,5476,0,0,10621,15685,5827,0,0,0,0,-351,0,0,0
Female,High School,Married,34,80000,78489,76697,74847,79620,78257,79953,0,0,6000,0,3200,76697,74847,73620,78257,76753,0
Female,University,Single,24,30000,2550,2550,2550,2550,2550,2550,0,0,0,0,0,2550,2550,2550,2550,2550,1
Female,High School,Single,41,70000,32581,32888,33481,33683,34227,34327,2000,1500,1138,1806,1383,30888,31981,32545,32421,32944,0
Female,Graduate,Single,27,470000,2981,3182,1512,3657,6556,3772,3182,1512,3657,6556,3772,0,0,0,0,0,0
Female,Graduate,Married,39,180000,0,0,0,0,0,0,0,0,0,0,0,0,0,0,0,0,1
Male,University,Married,32,20000,17106,18282,19424,19208,19600,20000,1458,1600,384,392,400,16824,17824,18824,19208,19600,1
Male,Graduate,Married,60,420000,195379,198147,200431,200252,202789,205082,8003,7529,10005,8015,10018,190144,192902,190247,194774,195064,0
Female,University,Single,29,100000,95205,102039,99504,94453,99711,97944,9300,0,3400,6800,0,92739,99504,91053,92911,97944,1
Female,High School,Married,53,130000,18614,20343,22386,24296,25436,27451,2343,2386,2296,1536,2451,18000,20000,22000,23900,25000,0
Male,Graduate,Married,34,200000,780,0,390,3672,390,390,0,390,3672,390,390,0,0,0,0,0,0
Male,Graduate,Single,44,150000,10710,4982,800,56800,54588,-7,137,15800,56800,0,7,4845,-15000,0,54588,-14,0
Female,Graduate,Single,30,410000,6972,3188,15106,15313,10959,8341,3188,15106,6000,0,8341,0,0,9313,10959,0,0
Male,Graduate,Married,40,30000,1047,447,318,258,0,318,447,318,258,0,318,0,0,0,0,0,1
Male,University,Single,23,20000,9352,9059,9823,10023,0,0,0,1000,200,0,0,9059,8823,9823,0,0,1
Female,University,Single,30,130000,126834,128882,15621,0,0,0,5802,1000,0,0,0,123080,14621,0,0,0,0
Female,Graduate,Single,28,180000,0,0,0,1430,0,0,0,0,1430,0,0,0,0,0,0,0,0
Male,Graduate,Single,32,120000,45117,45607,46247,45974,45854,45191,3000,3000,2000,2000,1500,42607,43247,43974,43854,43691,0
Female,High School,Married,27,190000,43903,53382,21811,2921,107441,108642,10882,0,2921,107441,4000,42500,21811,0,0,104642,0
Female,University,Married,53,30000,26891,28151,28827,29412,26199,27116,2000,1500,1000,1000,1351,26151,27327,28412,25199,25765,0
Male,Graduate,Single,28,170000,73254,68005,63311,57304,51663,45795,2500,3000,2200,2000,1700,65505,60311,55104,49663,44095,0
Male,High School,Married,32,120000,110826,113572,114719,115736,117729,120601,6000,4500,4400,4000,5000,107572,110219,111336,113729,115601,0
Male,University,Single,34,50000,35548,31713,50319,42805,39207,50155,0,21220,13,1510,15018,31713,29099,42792,37697,35137,0
Male,University,Single,50,100000,0,2976,44591,8910,0,0,2976,44591,0,0,0,0,0,8910,0,0,0
Female,University,Single,26,20000,10372,12897,12393,14185,13817,14434,3000,0,2000,0,1000,9897,12393,12185,13817,13434,1
Male,Graduate,Single,25,40000,511,513,1531,1017,506,499,513,1531,0,0,499,0,0,1017,506,0,1
Male,Graduate,Married,45,300000,1095,2930,2228,452,0,0,2941,2228,452,0,0,-11,0,0,0,0,0
Female,High School,Married,37,230000,0,0,0,0,2533,0,0,0,0,2533,0,0,0,0,0,0,0
Female,Graduate,Married,38,280000,5165,8559,6455,544,0,4694,6455,11,5,0,4694,2104,6444,539,0,0,1
Female,Graduate,Other,37,450000,0,0,0,0,0,0,0,0,0,0,0,0,0,0,0,0,0
Male,University,Single,30,260000,7426,6887,7757,8172,8407,8681,2000,1757,2000,2000,2000,4887,6000,6172,6407,6681,0
Female,High School,Married,39,50000,43994,33508,37600,0,0,-5000,5000,5000,0,0,0,28508,32600,0,0,-5000,0
Female,University,Married,29,50000,2550,2550,2550,2550,2550,1950,0,0,0,0,0,2550,2550,2550,2550,1950,1
Female,University,Married,36,240000,227797,192920,185654,181350,186501,187457,10011,7722,9000,8000,7000,182909,177932,172350,178501,180457,0
Female,University,Married,32,70000,22914,23953,23275,24584,24051,26654,1700,0,2000,0,3000,22253,23275,22584,24051,23654,0
Female,University,Single,30,60000,60922,59205,60850,40548,40580,40416,3205,2850,1578,1580,1416,56000,58000,38970,39000,39000,0
Female,University,Married,31,230000,160413,149267,126107,105831,82694,65983,6011,5012,2000,2300,2400,143256,121095,103831,80394,63583,0
Male,Graduate,Single,27,30000,27159,27577,28838,28085,28428,29430,1500,1749,1200,1100,1465,26077,27089,26885,27328,27965,0
Female,High School,Married,29,80000,80867,75615,77343,78883,79915,80296,0,3000,2744,3022,6000,75615,74343,76139,76893,74296,1
Female,University,Married,40,360000,0,0,0,0,0,0,0,0,0,0,0,0,0,0,0,0,0
Female,Graduate,Married,49,200000,51024,27254,36052,38440,40555,49699,10000,10021,5000,6000,10000,17254,26031,33440,34555,39699,0
Female,Graduate,Single,37,150000,180,1582,1402,3244,-13,-13,1402,0,3244,0,0,180,1402,0,-13,-13,0
Female,Graduate,Married,42,260000,387,616,450,773,268,402,616,450,773,268,402,0,0,0,0,0,0
Female,University,Single,24,180000,126420,130905,136925,56669,24610,20476,6519,10000,3000,2000,2000,124386,126925,53669,22610,18476,0
Female,High School,Married,32,220000,8178,9509,9110,6401,7084,5625,9140,9046,6007,5030,5019,369,64,394,2054,606,0
Female,Graduate,Single,40,180000,42790,43899,45172,46121,95432,50984,1800,2000,2000,2332,5000,42099,43172,44121,93100,45984,0
Female,Other,Other,46,90000,77263,26691,21066,20422,20327,13619,8333,1494,600,1000,1000,18358,19572,19822,19327,12619,0
Male,University,Single,24,20000,14558,17212,16635,16678,17268,17563,3200,0,600,1840,800,14012,16635,16078,15428,16763,0
Female,University,Single,31,290000,172758,176718,181392,173856,172835,176710,8100,9000,6500,7000,6800,168618,172392,167356,165835,169910,0
Male,University,Married,35,210000,396,1188,792,396,396,396,1188,0,0,396,396,0,792,396,0,0,0
Male,Graduate,Single,31,20000,18551,19595,20546,20250,19754,19833,1647,1598,692,697,777,17948,18948,19558,19057,19056,0
Female,Graduate,Single,27,310000,115126,105687,102306,93929,87681,73479,5222,5197,4000,5000,3980,100465,97109,89929,82681,69499,0
Male,University,Married,42,240000,66394,63650,7117,2898,5530,67010,1273,7117,2905,5530,46275,62377,0,-7,0,20735,0
Female,University,Married,42,330000,-4,8223,2996,207,-3,500,15450,0,209,3,503,-7227,2996,-2,-6,-3,1
Female,University,Single,29,310000,1469,1340,9794,15792,8944,88643,1340,9794,7004,1000,89137,0,0,8788,7944,-494,1
Male,University,Single,26,30000,200,200,200,200,200,200,0,0,0,0,0,200,200,200,200,200,1
Male,Graduate,Married,37,470000,134561,226498,165474,120644,119006,110780,150055,7046,10000,15029,15017,76443,158428,110644,103977,95763,0
Female,Graduate,Married,56,280000,89739,73565,77944,81926,79277,78723,4000,6000,6000,7000,5000,69565,71944,75926,72277,73723,0
Female,Graduate,Married,34,120000,0,0,0,0,0,0,0,0,0,0,0,0,0,0,0,0,0
Male,University,Single,28,240000,4882,5205,2747,4594,4092,4361,5220,2773,4614,4104,4374,-15,-26,-20,-12,-13,1
Male,University,Married,53,800000,7639,5552,64535,40814,12590,9339,11145,64657,131,247,9366,-5593,-122,40683,12343,-27,0
Female,Graduate,Single,30,320000,1663,7025,1189,0,2701,2043,7025,1189,0,2701,2043,0,0,0,0,0,1
Female,Graduate,Married,34,140000,103288,98632,93615,91282,88128,87812,4500,4126,3509,3500,4000,94132,89489,87773,84628,83812,0
Male,University,Single,25,20000,8880,9889,10087,9585,10082,10965,1500,700,0,1000,1400,8389,9387,9585,9082,9565,0
Female,University,Single,43,160000,0,0,0,0,0,695,0,0,0,0,695,0,0,0,0,0,0
Female,University,Married,38,280000,237821,223180,237301,201226,207802,219281,11000,20000,10000,10000,15000,212180,217301,191226,197802,204281,0
Female,University,Single,33,330000,166917,159118,149325,143242,138627,139977,7400,6600,4800,5000,5400,151718,142725,138442,133627,134577,0
Female,Graduate,Married,24,230000,35000,35000,44884,10086,6905,237,35000,44884,202,405,237,0,0,9884,6500,0,0
Male,University,Single,25,50000,1170,780,0,0,0,0,0,0,0,0,0,780,0,0,0,0,1
Female,University,Single,33,210000,21854,17376,18796,117846,118877,121476,2269,3000,100004,4000,3687,15107,15796,17842,114877,117789,0
Male,University,Single,29,170000,0,0,0,0,0,0,0,0,0,0,0,0,0,0,0,0,0
Male,Graduate,Single,47,220000,159351,162791,167631,169593,172967,183598,6000,7536,6231,6271,13500,156791,160095,163362,166696,170098,0
Male,Graduate,Single,30,90000,1166,1918,930,930,2250,930,1918,1194,930,2250,930,0,-264,0,0,0,0
Male,University,Married,26,20000,11338,10870,12380,11884,12894,12540,0,2000,0,1203,0,10870,10380,11884,11691,12540,0
Female,University,Married,31,480000,20824,21960,20885,19949,23031,27176,5004,5000,795,5000,5000,16956,15885,19154,18031,22176,0
Male,Graduate,Married,36,140000,40836,41878,42977,43960,45093,46342,2001,2100,2000,2000,2000,39877,40877,41960,43093,44342,0
Male,Graduate,Married,41,160000,97266,99466,102650,0,0,0,3769,5000,0,0,0,95697,97650,0,0,0,0
Female,University,Married,41,80000,78337,77959,78206,72040,73733,75309,3500,3700,3000,3000,2793,74459,74506,69040,70733,72516,1
Female,Graduate,Single,22,100000,72222,73859,75427,76587,78711,80510,3400,3400,3000,3500,3200,70459,72027,73587,75211,77310,0
Female,University,Single,35,310000,184404,180576,175348,139525,139156,115785,6225,5808,4312,4427,4524,174351,169540,135213,134729,111261,0
Female,University,Married,36,200000,371,37647,371,2977,3784,10579,37647,371,2977,3784,10579,0,0,0,0,0,0
Male,University,Married,55,50000,25330,25894,26866,26673,26871,27009,1745,1717,914,1000,963,24149,25149,25759,25871,26046,0
Female,University,Married,39,100000,78353,77726,79151,80249,82405,77011,1200,3400,2900,3500,3000,76526,75751,77349,78905,74011,1
Female,Graduate,Single,26,240000,0,189,651,0,127,0,189,651,0,127,0,0,0,0,0,0,0
Male,University,Married,53,30000,18112,18456,19004,19030,24541,26305,1329,1267,683,8000,2731,17127,17737,18347,16541,23574,0
Male,High School,Married,43,180000,3690,15618,4685,238,218,6690,15682,4699,238,218,6710,-64,-14,0,0,-20,0
Female,Graduate,Single,24,40000,38272,39159,40007,41973,40689,40640,2000,2000,3100,0,1500,37159,38007,38873,40689,39140,1
Female,University,Married,31,70000,71065,69311,70882,68678,69030,66791,2566,2775,2381,3000,2452,66745,68107,66297,66030,64339,0
Female,University,Single,22,50000,30631,30479,28301,26829,27173,26424,4809,0,1200,1500,943,25670,28301,25629,25673,25481,0
Male,University,Single,30,500000,2817,7682,47403,36067,46054,34290,5037,47221,5026,16005,2000,2645,182,31041,30049,32290,0
Female,Graduate,Single,33,200000,390,0,780,0,0,0,0,780,0,0,0,0,0,0,0,0,0
Male,Graduate,Married,51,250000,2487,2487,2487,2487,2487,2487,0,0,0,0,0,2487,2487,2487,2487,2487,1
Male,Graduate,Married,49,50000,48518,49244,45385,17912,31278,14818,1800,82,1500,10000,1062,47444,45303,16412,21278,13756,0
Male,University,Married,33,180000,0,0,0,0,0,0,0,0,0,0,0,0,0,0,0,0,0
Female,Graduate,Married,42,160000,3607,4417,1058,2146,2534,2242,4417,1058,2146,2534,2242,0,0,0,0,0,0
Male,University,Single,40,20000,15476,16533,15975,17903,17336,16910,1600,0,2500,0,0,14933,15975,15403,17336,16910,0
Female,University,Married,44,50000,27321,24726,22581,20192,18813,17328,1415,1500,700,700,629,23311,21081,19492,18113,16699,0
Female,Graduate,Single,23,20000,17165,18387,19573,19504,19642,20128,1500,1600,700,1000,1000,16887,17973,18804,18642,19128,0
Female,Graduate,Single,24,150000,291,291,291,658,441,1197,291,291,658,441,1197,0,0,0,0,0,0
Male,University,Single,48,360000,29269,26763,23202,24979,26734,17956,1500,2000,2000,2000,2000,25263,21202,22979,24734,15956,0
Male,University,Single,28,20000,8814,10167,21774,10707,10539,10757,1500,1200,378,389,400,8667,20574,10329,10150,10357,0
Female,University,Single,32,170000,71752,73282,74707,75626,75845,25140,2687,2671,3100,3286,1100,70595,72036,72526,72559,24040,0
Male,High School,Single,42,30000,27742,31130,29105,58840,28840,1319,4600,0,1060,1091,1319,26530,29105,57780,27749,0,0
Female,University,Married,29,80000,49528,44639,39720,34465,29488,32912,1730,1644,1222,1400,10000,42909,38076,33243,28088,22912,0
Female,University,Single,25,110000,111115,113515,111815,79375,78541,79731,6000,5000,3000,3100,3000,107515,106815,76375,75441,76731,0
Male,University,Single,25,140000,1198,4656,1516,-660,249,-427,4660,2000,0,2200,1500,-4,-484,-660,-1951,-1927,0
Male,University,Single,34,50000,50713,49402,44415,0,0,0,3000,1000,0,0,0,46402,43415,0,0,0,0
Female,University,Married,34,120000,88210,86473,86353,84327,82469,82491,3300,3022,3100,3000,3100,83173,83331,81227,79469,79391,0
Male,High School,Single,22,10000,18289,9217,10203,9634,9857,9704,1317,1303,334,373,326,7900,8900,9300,9484,9378,0
Female,Graduate,Married,43,20000,1716,4019,2500,1000,0,0,4027,2500,0,0,0,-8,0,1000,0,0,0
Female,Graduate,Single,31,180000,4582,1359,316,3072,2756,2440,1359,316,3072,0,0,0,0,0,2756,2440,1
Female,University,Single,24,240000,50787,51524,31783,33993,36783,37102,1601,1400,3000,3180,37102,49923,30383,30993,33603,0,0
Male,University,Married,30,120000,6305,7052,8786,8863,10763,7140,1000,2000,177,2000,1000,6052,6786,8686,8763,6140,1
Female,Graduate,Single,28,150000,8982,0,1187,1182,882,441,0,1187,0,0,0,0,0,1182,882,441,0
Male,High School,Married,55,30000,2395,2395,2395,2395,2395,2395,0,0,0,0,0,2395,2395,2395,2395,2395,1
Male,Graduate,Single,31,80000,17873,65585,64047,48107,48620,45280,65592,2051,2002,2013,2004,-7,61996,46105,46607,43276,0
Male,Graduate,Married,28,50000,4545,0,0,0,0,0,0,0,0,0,0,0,0,0,0,0,1
Female,High School,Married,58,30000,26580,27652,27905,27158,29239,29791,1800,1000,0,2518,1185,25852,26905,27158,26721,28606,1
Male,Graduate,Married,29,200000,9585,1686,820,1889,6617,3986,1735,824,1889,6617,3986,-49,-4,0,0,0,0
Female,University,Single,31,480000,1759,1759,1759,1759,1759,1759,1759,1759,1759,1759,1759,0,0,0,0,0,1
Male,University,Single,55,50000,21133,21793,19641,15848,16026,16359,1325,1506,713,582,600,20468,18135,15135,15444,15759,1
Male,University,Married,23,30000,28224,29276,28635,30127,30525,29793,1800,150,2250,1000,0,27476,28485,27877,29525,29793,1
Female,Graduate,Single,31,300000,7834,1086,316,316,316,316,1093,316,316,316,316,-7,0,0,0,0,1
Female,University,Married,36,500000,4952,6607,8544,15351,5839,9192,3008,4005,8048,131,9213,3599,4539,7303,5708,-21,0
Male,Graduate,Single,30,350000,18265,31619,2071,2915,1011,23620,16158,2081,2929,1016,23738,15461,-10,-14,-5,-118,0
Male,Graduate,Married,41,150000,6780,10633,3260,0,0,1081,10638,3260,0,0,1081,-5,0,0,0,0,0
Male,University,Married,46,30000,20328,18944,3395,0,0,0,1582,1033,0,0,0,17362,2362,0,0,0,0
Female,Graduate,Single,25,20000,20420,16592,14400,17000,17000,20000,2,2000,3000,0,3000,16590,12400,14000,17000,17000,0
Female,University,Single,41,380000,302130,266160,236316,224029,224022,225978,10018,10000,15000,30000,30251,256142,226316,209029,194022,195727,0
Female,Graduate,Married,42,70000,40466,41805,42520,43378,46664,47341,1994,1709,1567,4000,1600,39811,40811,41811,42664,45741,1
Female,University,Married,40,300000,2991,1278,4043,683,172,402,1278,4045,685,172,402,0,-2,-2,0,0,0
Male,High School,Single,27,160000,80166,34775,34073,15676,99436,90927,0,142848,1800,90000,3300,34775,-108775,13876,9436,87627,1
Female,University,Single,32,230000,328,1593,2015,1077,1479,3104,1621,2015,10,1479,3104,-28,0,1067,0,0,0
Male,Graduate,Married,51,260000,229,674,476,2856,814,605,674,0,2880,814,605,0,476,-24,0,0,0
Male,University,Married,37,360000,194836,134296,128307,61650,0,87754,5180,5564,2850,0,87754,129116,122743,58800,0,0,0
Female,University,Single,26,50000,49028,49740,780,390,850,18460,2400,780,0,850,18000,47340,0,390,0,460,0
Male,University,Single,24,20000,2500,3068,-380,-380,-380,-380,3068,0,0,0,0,0,-380,-380,-380,-380,0
Female,University,Single,29,140000,116597,55208,47397,45860,46264,41870,3018,3000,1356,2000,2000,52190,44397,44504,44264,39870,0
Male,University,Single,24,50000,44687,39137,39877,28471,29309,28409,2138,44447,2202,2004,1202,36999,-4570,26269,27305,27207,0
Male,High School,Single,27,50000,45002,46053,45120,45870,46975,49284,2100,2100,1800,2000,3100,43953,43020,44070,44975,46184,0
Male,University,Single,28,50000,39103,40142,41462,42130,43011,43863,1667,1987,1655,1710,1719,38475,39475,40475,41301,42144,0
Female,Graduate,Single,22,50000,24763,33542,30455,2000,0,0,10000,1175,2000,0,0,23542,29280,0,0,0,1
Female,Graduate,Single,24,80000,75356,78236,77700,58025,59527,60778,5000,4176,4000,3000,2141,73236,73524,54025,56527,58637,0
Female,University,Married,28,90000,24657,25743,26406,24364,19726,19166,1500,1500,1508,1000,1000,24243,24906,22856,18726,18166,0
Female,University,Married,27,50000,492,492,492,492,492,470,493,493,493,493,471,-1,-1,-1,-1,-1,0
Female,University,Married,32,270000,116315,119103,122249,123905,105064,105600,6500,6843,6284,3617,3716,112603,115406,117621,101447,101884,0
Female,University,Single,34,60000,64684,63036,60031,27725,28282,30268,0,2459,1433,990,2419,63036,57572,26292,27292,27849,0
Female,University,Married,35,240000,3862,1780,0,0,0,0,1783,0,0,0,0,-3,0,0,0,0,0
Male,Graduate,Single,36,240000,131477,126941,62378,20156,157391,158991,6009,3017,1048,150004,5613,120932,59361,19108,7387,153378,0
Male,High School,Married,43,30000,22494,21845,21207,23491,22818,24321,0,0,2645,0,2029,21845,21207,20846,22818,22292,1
Male,University,Single,42,50000,51047,47924,49053,50106,17756,18072,0,2200,2180,1000,1000,47924,46853,47926,16756,17072,0
Male,University,Single,33,370000,72322,74758,78423,81017,81698,83562,4252,5500,4500,2926,3182,70506,72923,76517,78772,80380,0
Male,University,Married,34,50000,49372,47420,47992,49278,28086,30196,0,2500,3500,1000,3397,47420,45492,45778,27086,26799,0
Male,University,Single,35,130000,2541,0,7609,8217,9741,8308,0,7609,2500,1600,510,0,0,5717,8141,7798,0
Male,University,Single,40,20000,17361,16803,16253,15695,16832,16420,0,0,0,1400,0,16803,16253,15695,15432,16420,0
Male,University,Single,39,410000,335938,328323,321091,274957,268891,262570,14000,13014,30000,12000,10000,314323,308077,244957,256891,252570,0
Male,Graduate,Married,47,50000,47695,49550,51636,53561,53283,53057,2657,2743,2668,1712,1762,46893,48893,50893,51571,51295,0
Male,Graduate,Single,42,30000,31217,30406,31380,30277,30028,30198,0,3600,0,1100,1050,30406,27780,30277,28928,29148,0
Male,University,Married,44,20000,16401,9620,9264,11693,11826,13242,3000,1000,3000,1000,2000,6620,8264,8693,10826,11242,0
Male,Graduate,Married,41,50000,34384,35503,38931,38006,44357,43516,2000,4000,0,7000,0,33503,34931,38006,37357,43516,0
Male,Graduate,Married,36,360000,8162,3141,587,1647,1745,597,3144,590,1670,1748,600,-3,-3,-23,-3,-3,0
Male,University,Single,45,70000,9728,9423,12251,12358,11865,11975,0,3000,600,0,450,9423,9251,11758,11865,11525,0
Male,High School,Single,38,160000,47268,47269,45688,47690,48712,49525,2725,2767,2769,1791,1928,44544,42921,44921,46921,47597,0
Male,University,Single,38,20000,19817,19751,20242,20098,20059,20513,2000,1700,1300,1008,1700,17751,18542,18798,19051,18813,0
Male,University,Married,39,110000,64494,49464,40359,34533,36819,32467,4000,3007,3000,3000,3000,45464,37352,31533,33819,29467,0
Male,University,Married,45,50000,20530,15843,18256,19896,19874,19248,0,3000,2000,1000,2000,15843,15256,17896,18874,17248,0
Male,University,Married,32,80000,75149,76786,72626,29012,28653,28398,4003,3003,2003,1146,1403,72783,69623,27009,27507,26995,0
Male,Graduate,Married,31,150000,1600,1815,0,0,0,16877,1815,0,0,0,16877,0,0,0,0,0,0
Male,University,Single,42,290000,76063,72418,65814,60861,60901,53023,4434,3814,2861,1901,2023,67984,62000,58000,59000,51000,0
Male,High School,Married,48,340000,4726,5178,65826,63877,53845,51983,1379,61883,2147,1855,1774,3799,3943,61730,51990,50209,0
Male,High School,Married,43,110000,103225,106004,108831,79455,54971,57257,4500,5000,3043,2000,3000,101504,103831,76412,52971,54257,0
Male,Graduate,Married,46,150000,148364,150565,150254,64644,40150,41250,5400,5026,1722,1500,3000,145165,145228,62922,38650,38250,1
Male,University,Married,38,280000,3596,959,1067,3405,1805,2153,963,1072,3422,1814,2162,-4,-5,-17,-9,-9,0
Male,University,Married,46,20000,8168,12309,11834,11180,780,1170,4600,0,0,0,0,7709,11834,11180,780,1170,1
Male,University,Married,36,180000,114140,115764,117426,119000,120528,123451,5000,5000,5000,5000,5000,110764,112426,114000,115528,118451,1
Male,Graduate,Single,39,50000,33307,38730,50694,49483,17299,17959,6000,13000,0,1000,1000,32730,37694,49483,16299,16959,1
Male,Graduate,Married,38,200000,0,0,0,0,0,0,0,0,0,0,0,0,0,0,0,0,1
Male,University,Single,35,280000,117,1368,14027,-2,475,5038,1375,14111,0,477,5063,-7,-84,-2,-2,-25,0
Male,Graduate,Married,35,100000,65451,72277,78115,79244,77373,78973,8000,7000,3000,0,3000,64277,71115,76244,77373,75973,0
Male,University,Single,33,50000,8406,8418,8347,12321,6294,3333,3000,3000,7508,1000,1000,5418,5347,4813,5294,2333,0
Male,Graduate,Married,38,210000,81582,82768,654,628,302,476,4000,1584,300,0,500,78768,-930,328,302,-24,0
Male,University,Married,33,280000,22331,22341,23359,23647,-1353,93696,1371,1389,1175,0,95049,20970,21970,22472,-1353,-1353,0
Male,Graduate,Married,39,350000,3948,4368,5339,0,0,0,2184,10678,0,0,0,2184,-5339,0,0,0,0
Male,High School,Single,39,230000,948,1156,1728,1156,1172,396,1156,1728,0,1172,0,0,0,1156,0,396,0
Male,Graduate,Single,40,100000,97582,99964,96270,97440,94518,24180,5000,5000,6000,0,484,94964,91270,91440,94518,23696,0
Male,Graduate,Married,35,390000,24297,28804,43996,47532,49414,51380,5000,20000,5006,5006,5008,23804,23996,42526,44408,46372,0
Male,University,Married,40,210000,3180,0,0,0,0,0,0,0,0,0,0,0,0,0,0,0,0
Male,High School,Single,47,50000,29789,28699,29305,27595,27745,28086,1763,1759,1439,979,1164,26936,27546,26156,26766,26922,0
Male,High School,Married,44,50000,15109,16117,17217,18005,18369,18888,1263,1363,1151,515,670,14854,15854,16854,17854,18218,0
Male,Graduate,Married,42,340000,13454,14544,-2429,10300,3630,3577,15074,528,15303,13,3615,-530,-2957,-5003,3617,-38,0
Male,University,Single,38,300000,5256,2491,3523,6355,5055,-445,4000,2000,3000,0,0,-1509,1523,3355,5055,-445,0
Male,High School,Married,37,150000,8027,7121,10292,3141,7522,3929,7129,11000,3141,7531,3929,-8,-708,0,-9,0,0
Male,Graduate,Other,45,200000,74416,75891,77516,79088,80141,81833,3061,3200,3196,2700,2714,72830,74316,75892,77441,79119,0
Male,Graduate,Single,34,350000,334427,322808,254410,11423,8415,10230,332,81256,8441,6,8013,322476,173154,2982,8409,2217,1
Male,University,Single,34,20000,17809,15650,16691,17903,18318,19033,1300,1300,1500,1000,1000,14350,15391,16403,17318,18033,0
Male,University,Married,35,470000,170812,172332,177566,182074,183417,185608,6500,8000,9000,7000,8000,165832,169566,173074,176417,177608,1
Male,Graduate,Married,39,200000,132589,135286,139725,142605,149894,153054,4900,6600,6700,11200,5700,130386,133125,135905,138694,147354,1
Male,High School,Single,40,20000,9080,8790,8505,9557,10395,11227,0,0,1200,1000,1000,8790,8505,8357,9395,10227,0
Male,Graduate,Married,37,230000,211,162,155,155,75,635,162,155,155,75,635,0,0,0,0,0,0
Male,University,Single,33,200000,154000,155392,76667,151434,49407,51636,5000,5000,88300,5000,3000,150392,71667,63134,44407,48636,1
Male,High School,Married,34,70000,63580,64688,66566,56942,58986,61031,3000,3002,2500,3000,3000,61688,63564,54442,55986,58031,0
Male,High School,Married,38,20000,19868,19805,19900,390,390,0,1515,1000,390,390,0,18290,18900,0,0,0,1
Male,University,Single,34,10000,9178,7692,9484,10004,10084,9936,1500,2257,1200,500,500,6192,7227,8804,9584,9436,0
Male,High School,Single,35,100000,67646,69237,70638,71680,72705,74195,3300,3100,2800,2800,2800,65937,67538,68880,69905,71395,1
Male,High School,Married,39,130000,957,6214,1625,728,2464,1139,6220,1628,730,2466,1145,-6,-3,-2,-2,-6,0
Male,Graduate,Married,46,240000,7278,800,437,11624,9411,-3316,804,437,11705,9473,1405,-4,0,-81,-62,-4721,0
Male,Graduate,Single,33,590000,42337,90090,68573,61065,30510,25887,60092,68753,10000,15033,25965,29998,-180,51065,15477,-78,0
Male,Graduate,Single,39,420000,403552,390237,368259,344875,338552,345971,13703,15581,13000,12000,13000,376534,352678,331875,326552,332971,0
Male,University,Married,34,360000,5375,0,7799,8506,0,4186,0,7799,8528,0,4186,0,0,-22,0,0,0
Male,Graduate,Married,35,280000,59188,146368,244092,210226,177595,153181,100000,101585,90762,50119,282,46368,142507,119464,127476,152899,0
Male,Graduate,Married,35,400000,0,2720,98,44321,1699,0,2720,98,45869,1699,0,0,0,-1548,0,0,0
Male,University,Married,35,10000,5828,7717,8830,9687,10025,10400,2000,1400,1162,500,600,5717,7430,8525,9525,9800,0
Male,University,Married,35,110000,112829,108073,110313,108986,48641,46982,0,6307,5093,2008,2010,108073,104006,103893,46633,44972,1
Male,Graduate,Single,47,220000,628,314,290,5134,346,427,1,291,5159,347,428,313,-1,-25,-1,-1,0
Male,University,Married,46,130000,89634,90999,94519,97939,101299,109615,5000,5000,5000,5000,10000,85999,89519,92939,96299,99615,0
Male,University,Single,33,50000,45853,44206,34713,19474,19508,19837,5435,2109,1576,1000,2000,38771,32604,17898,18508,17837,0
Male,Graduate,Single,34,520000,203647,185853,178531,170915,162864,155297,6501,7001,5989,5701,6001,179352,171530,164926,157163,149296,0
Male,University,Single,47,30000,15783,15237,15693,16928,18299,20129,0,1000,1500,1659,2129,15237,14693,15428,16640,18000,1
Male,Other,Married,45,50000,33634,34770,34948,-52,848,850,2000,1000,0,900,2,32770,33948,-52,-52,848,0
Male,University,Married,32,260000,29389,2981,12001,20325,43849,22820,2796,12173,20619,43968,3014,185,-172,-294,-119,19806,0
Male,University,Married,44,210000,245,245,141,-104,-104,-104,245,141,88,0,0,0,0,-192,-104,-104,0
Male,Graduate,Single,38,500000,130700,15785,154653,450497,425957,298509,15785,154653,338394,16000,500,0,0,112103,409957,298009,0
Male,Graduate,Married,33,120000,119684,121113,113997,117085,117945,109855,5000,4200,5000,5000,4200,116113,109797,112085,112945,105655,0
Male,University,Single,32,110000,97510,92152,94503,95571,91794,80365,3300,3838,3056,8000,3000,88852,90665,92515,83794,77365,0
Male,Graduate,Single,32,420000,11728,8860,4829,12181,7597,17772,8904,4866,12241,7635,17858,-44,-37,-60,-38,-86,0
Male,High School,Married,41,80000,76015,77582,60311,62471,21071,2099,3008,3000,5000,10000,2099,74574,57311,57471,11071,0,1
Male,University,Married,41,300000,39260,29318,16703,16000,10154,10154,2052,3012,2048,10154,0,27266,13691,13952,0,10154,0
Male,Graduate,Single,35,260000,139582,149124,145333,148332,160810,155683,13400,0,6910,16502,0,135724,145333,141422,144308,155683,1
Male,Graduate,Married,42,500000,0,0,0,0,0,0,0,0,0,0,0,0,0,0,0,0,0
Male,University,Married,37,20000,20334,18555,3455,4359,4448,4704,0,1096,1000,89,256,18555,2359,3359,4359,4448,0
Male,Graduate,Single,36,160000,156775,157941,146063,128318,96654,98694,5145,5187,5014,3000,3251,152796,140876,123304,93654,95443,0
Male,Graduate,Single,34,290000,0,0,0,0,0,0,0,0,0,0,0,0,0,0,0,0,0
Male,Graduate,Married,32,360000,120533,124530,128518,134368,135626,134864,6000,6000,8000,4918,5000,118530,122518,126368,130708,129864,0
Male,Other,Married,35,200000,3000,5752,5028,13784,14482,11836,5752,5028,13800,2900,3100,0,0,-16,11582,8736,0
Male,Graduate,Single,41,180000,105347,66897,49287,4130,238,0,6241,2324,1019,1,0,60656,46963,3111,237,0,0
Male,Graduate,Single,35,100000,1818,1644,2449,-571,40342,41113,0,1020,0,41113,1000,1644,1429,-571,-771,40113,1
Male,Graduate,Other,38,500000,1523,0,0,0,0,0,0,0,0,0,0,0,0,0,0,0,1
Male,University,Married,38,50000,13921,14800,16394,6198,7717,7722,1500,2000,1091,2000,500,13300,14394,5107,5717,7222,0
Male,Graduate,Single,36,290000,215472,222699,213253,126952,103575,56564,11000,9500,4000,3003,2000,211699,203753,122952,100572,54564,0
Male,Graduate,Single,32,270000,0,0,0,0,0,0,0,0,0,0,0,0,0,0,0,0,0
Male,Graduate,Single,33,250000,5017,22469,-29,-29,-29,-29,22581,0,0,0,0,-112,-29,-29,-29,-29,0
Male,High School,Married,45,80000,75222,131966,68466,68547,59339,32500,2379,6036,1763,1187,650,129587,62430,66784,58152,31850,1
Male,Graduate,Married,35,360000,1540,1099,6342,5077,1274,-6,1102,6353,5105,1277,0,-3,-11,-28,-3,-6,0
Male,Graduate,Single,40,50000,25667,26441,27213,28521,28458,29053,1500,1500,1771,1500,1053,24941,25713,26750,26958,28000,0
Male,Graduate,Single,35,420000,168182,163177,149406,136292,128344,120582,15000,6000,5000,10000,10000,148177,143406,131292,118344,110582,0
Male,Graduate,Married,39,180000,257579,274731,281713,242063,122295,-1005,20000,11000,145000,26000,0,254731,270713,97063,96295,-1005,0
Male,Graduate,Single,36,180000,0,0,0,0,680,34704,0,0,0,680,34704,0,0,0,0,0,0
Male,Graduate,Married,45,220000,3455,11997,5874,416,416,416,12001,5874,416,416,416,-4,0,0,0,0,0
Male,Other,Single,45,210000,2563,5854,1032,788,3499,3372,5854,1032,788,3565,3372,0,0,0,-66,0,0
Male,University,Married,47,180000,179253,95170,97338,99694,65977,67415,3700,3700,4100,2360,2500,91470,93638,95594,63617,64915,0
Male,University,Married,44,210000,236136,220847,216703,206635,96240,88040,0,9400,5000,2000,1800,220847,207303,201635,94240,86240,0
Male,University,Married,50,20000,18206,18217,19930,780,780,0,1000,3000,0,0,0,17217,16930,780,780,0,0
Male,University,Married,50,50000,19786,19170,21864,21215,23494,22978,0,3008,0,2638,0,19170,18856,21215,20856,22978,1
Male,High School,Married,51,250000,-18,2482,-18,-18,-18,-18,2518,0,0,0,0,-36,-18,-18,-18,-18,0
Male,Graduate,Single,51,50000,0,0,0,0,0,0,0,0,0,0,0,0,0,0,0,0,0
Male,University,Married,56,50000,46794,46836,48062,49242,18713,19456,1756,1982,2162,633,1007,45080,46080,47080,18080,18449,0
Male,High School,Married,51,50000,44147,45063,36421,18759,19131,19531,1785,1973,1311,683,707,43278,34448,17448,18448,18824,1
Male,Graduate,Other,51,50000,48600,49387,49259,30864,16016,13913,1986,1638,1130,449,418,47401,47621,29734,15567,13495,0
Male,Graduate,Married,48,50000,47009,49942,50382,49162,40973,39671,4000,1500,0,1275,1377,45942,48882,49162,39698,38294,0
Male,University,Married,55,370000,360546,369909,370605,366054,310869,311284,15901,13603,13500,11014,12024,354008,357002,352554,299855,299260,0
Male,High School,Married,56,20000,9453,10143,10730,12241,11748,12456,1000,900,2000,0,900,9143,9830,10241,11748,11556,1
Male,High School,Married,61,300000,269781,275773,282818,289012,123239,123812,10001,11001,12001,10001,5001,265772,271817,277011,113238,118811,0
Male,University,Married,53,50000,48120,47824,48954,46716,18685,19076,1818,1948,1835,669,692,46006,47006,44881,18016,18384,0
Male,Graduate,Married,52,200000,2343,3943,1443,1443,1443,1443,3943,1443,1443,1443,1443,0,0,0,0,0,0
Male,University,Married,53,180000,316,316,316,316,316,316,316,316,316,316,316,0,0,0,0,0,1
Male,University,Married,50,490000,208353,205873,210880,215628,217883,223541,10000,10000,10000,10000,10000,195873,200880,205628,207883,213541,0
Male,Graduate,Single,65,330000,20727,197441,184973,172124,158958,144889,194000,6710,6223,5671,5274,3441,178263,165901,153287,139615,0
Male,University,Married,50,160000,142779,146635,148953,144119,48552,49770,7700,6100,0,2000,2000,138935,142853,144119,46552,47770,1
Male,University,Single,48,80000,74040,74658,72885,47663,48350,47208,3500,2500,2000,2000,2000,71158,70385,45663,46350,45208,0
Male,High School,Single,52,30000,18034,16604,16635,15413,14296,9090,6,1335,2000,0,0,16598,15300,13413,14296,9090,0
Male,University,Single,52,150000,4966,-1390,-4661,129847,131969,134515,1406,133122,136320,5001,5000,-2796,-137783,-6473,126968,129515,0
Male,Graduate,Single,50,50000,22551,18975,18830,19425,19414,19427,1296,1318,1303,682,703,17679,17512,18122,18732,18724,0
Male,University,Married,52,50000,43286,47744,46706,48066,49026,49755,5500,0,2500,2000,2000,42244,46706,45566,47026,47755,0
Male,High School,Married,50,200000,17306,17380,20341,16223,17466,16613,17380,20341,16223,17466,16613,0,0,0,0,0,0
Male,University,Married,54,240000,14332,16135,249258,243589,204754,201426,2000,234000,30,7046,7023,14135,15258,243559,197708,194403,0
Male,University,Single,51,50000,41700,42858,44131,14242,14525,14830,1853,2126,1237,520,539,41005,42005,13005,14005,14291,0
Male,Graduate,Single,53,150000,103720,103662,105000,0,0,0,5000,3000,0,0,0,98662,102000,0,0,0,0
Male,University,Married,58,190000,147335,135184,139664,142293,113086,115433,0,6586,5881,3292,3399,135184,133078,136412,109794,112034,0
Male,University,Married,66,450000,-81,15029,-1318,-9157,-20753,-22680,15110,40,258,9,23,-81,-1358,-9415,-20762,-22703,0
Male,High School,Married,55,30000,2395,2395,2395,2395,2395,2395,0,0,0,0,0,2395,2395,2395,2395,2395,1
Male,University,Married,63,410000,429392,425895,411492,371539,308888,240970,15120,16284,16524,10320,8525,410775,395208,355015,298568,232445,1
Male,High School,Married,55,50000,50805,50690,51393,49949,21942,19826,1750,5600,34,10600,712,48940,45793,49915,11342,19114,1
Male,University,Single,57,240000,1115,1211,2206,62507,63226,63517,1211,2455,64395,1917,4160,0,-249,-1888,61309,59357,0
Female,High School,Single,26,20000,19026,19495,19417,19159,15574,0,2302,2004,1200,1000,0,17193,17413,17959,14574,0,0
Female,Graduate,Single,42,290000,768,42863,2632,11767,4684,3685,42863,2632,11780,4684,3685,0,0,-13,0,0,0
Female,Graduate,Single,28,330000,32316,33705,28743,28217,25432,19938,2000,2000,2000,800,687,31705,26743,26217,24632,19251,0
Female,University,Single,23,170000,139172,140837,139639,146931,98827,100833,4970,5300,10000,3500,3500,135867,134339,136931,95327,97333,0
Female,Graduate,Single,23,70000,72593,70828,74271,70467,50700,49329,0,7463,2200,2840,1781,70828,66808,68267,47860,47548,1
Female,Graduate,Single,24,120000,14709,8158,3529,11050,15811,14774,9326,3538,11050,5313,516,-1168,-9,0,10498,14258,0
Male,Graduate,Married,53,250000,0,0,0,0,0,0,0,0,0,0,0,0,0,0,0,0,1
Female,High School,Single,29,290000,279804,279377,283202,283401,285291,287510,10000,11000,10000,10000,11000,269377,272202,273401,275291,276510,0
Female,University,Single,26,20000,25451,24025,21148,17767,2692,-956,3000,1500,1035,54,24056,21025,19648,16732,2638,-25012,0
Female,Graduate,Single,23,80000,74860,80461,78259,66068,50748,51490,6865,37,2122,3600,1600,73596,78222,63946,47148,49890,1
Female,University,Single,22,30000,27332,26600,27832,26897,27278,27851,0,2006,2000,1100,1137,26600,25826,24897,26178,26714,0
Female,University,Single,23,50000,8730,4388,0,0,5412,6414,1000,0,0,5412,2000,3388,0,0,0,4414,1
Female,University,Single,21,30000,23243,24394,25693,25760,165,0,1704,2168,1000,165,0,22690,23525,24760,0,0,1
Female,University,Single,22,200000,205736,199379,132963,145115,153040,155636,7758,5001,15000,10800,5600,191621,127962,130115,142240,150036,1
Female,University,Single,23,70000,32244,33549,34308,35638,36046,36958,1841,1600,1900,1300,1489,31708,32708,33738,34746,35469,0
Female,University,Married,26,50000,50905,49796,50783,49776,50937,49956,2200,2100,2000,2000,2000,47596,48683,47776,48937,47956,0
Female,University,Single,22,30000,14617,17363,20430,25130,7746,10583,3000,3376,5076,8009,6017,14363,17054,20054,-263,4566,0
Female,University,Single,22,70000,64838,69136,69422,65107,28736,29221,6000,2000,55,1170,1100,63136,67422,65052,27566,28121,0
Female,University,Single,22,80000,73954,77526,99205,74016,48043,48545,5400,3451,3577,2000,1800,72126,95754,70439,46043,46745,1
Female,University,Single,25,50000,33703,30857,28481,27634,26691,26329,1800,1800,1400,915,1500,29057,26681,26234,25776,24829,0
Female,University,Single,26,300000,29300,18988,6893,49379,49161,50646,1214,2000,49379,1500,2000,17774,4893,0,47661,48646,0
Female,University,Single,22,30000,2006,3116,28844,25317,25885,25165,1157,25885,1500,2170,1000,1959,2959,23817,23715,24165,0
Female,University,Single,30,50000,49129,49102,49049,41876,29158,29493,1833,1804,1494,1031,1062,47269,47245,40382,28127,28431,0
Female,High School,Married,31,50000,50734,43406,44333,44577,44501,11614,1700,2016,1600,2100,1000,41706,42317,42977,42401,10614,0
Female,University,Single,22,80000,3436,3473,10007,3584,2961,3831,3473,10020,2986,22,3835,0,-13,598,2939,-4,0
Female,University,Single,23,50000,40760,39660,23203,18983,13466,18878,1500,1500,1100,1466,5556,38160,21703,17883,12000,13322,0
Female,University,Married,23,50000,50859,49808,49993,50025,29562,29786,1965,2150,2118,1045,1077,47843,47843,47907,28517,28709,0
Female,University,Single,23,40000,8160,9197,9895,11420,12723,14360,1327,1000,2000,1500,2000,7870,8895,9420,11223,12360,1
Female,University,Single,23,160000,17920,17195,17164,7175,1942,100025,2000,3181,3012,1942,100025,15195,13983,4163,0,0,0
Female,Graduate,Single,23,60000,21972,24612,16711,8549,7635,12258,3126,1392,5033,3601,5200,21486,15319,3516,4034,7058,0
Female,University,Single,23,30000,27186,27585,30398,29305,29408,28699,1451,3564,0,1174,1207,26134,26834,29305,28234,27492,1
Female,Graduate,Single,23,30000,12936,15904,15364,16798,19203,18757,3200,0,2000,3000,0,12704,15364,14798,16203,18757,0
Female,University,Single,23,30000,34084,33476,32006,31672,31247,30673,1521,1573,1500,1300,1300,31955,30433,30172,29947,29373,0
Female,Graduate,Single,23,90000,5802,4657,10967,14644,12467,4155,4657,10967,10000,249,0,0,0,4644,12218,4155,0
Female,University,Single,24,100000,85343,83855,78703,76544,75360,76507,2916,3000,3000,3000,3000,80939,75703,73544,72360,73507,0
Female,Graduate,Single,23,50000,8400,9412,10433,11443,12268,11928,1160,1181,1191,1016,0,8252,9252,10252,11252,11928,0
Female,University,Single,25,90000,28276,29305,30336,28800,9852,2160,1505,1536,1000,9852,2160,27800,28800,27800,0,0,0
Female,University,Single,28,90000,65521,63869,65212,66627,70652,69397,0,2368,2500,5140,0,63869,62844,64127,65512,69397,1
Female,University,Single,23,50000,48668,48554,45445,38551,28056,28310,4034,2000,5008,1000,2000,44520,43445,33543,27056,26310,1
Female,University,Married,25,80000,76117,76660,46137,48218,48286,48207,2300,2200,3207,2000,2000,74360,43937,45011,46286,46207,0
Female,University,Single,25,60000,6234,7402,8270,9287,10076,10612,1276,1144,1161,950,700,6126,7126,8126,9126,9912,0
Female,University,Single,25,80000,4418,7327,10190,13768,17748,10577,3000,3000,4000,5000,1000,4327,7190,9768,12748,9577,0
Female,University,Single,25,20000,14549,17144,16580,18366,18766,18324,2845,0,2067,1000,0,14299,16580,16299,17766,18324,0
Female,Graduate,Single,25,30000,7593,9634,4476,8830,8153,6422,2379,7,7002,13,155,7255,4469,1828,8140,6267,0
Female,University,Single,24,80000,60423,55120,20407,18839,3810,23836,2007,2000,1014,0,23836,53113,18407,17825,3810,0,0
Female,University,Single,24,160000,2227,316,632,316,316,632,0,632,0,316,632,316,0,316,0,0,0
Female,Graduate,Married,34,460000,11689,12911,15418,22465,25546,36452,2000,3000,8000,4000,16000,10911,12418,14465,21546,20452,0
Female,University,Single,24,90000,88550,78892,75808,63362,65300,67248,3000,3500,3000,3000,3000,75892,72308,60362,62300,64248,1
Female,University,Single,24,30000,300,300,300,300,300,300,0,0,0,0,0,300,300,300,300,300,0
Female,University,Single,28,220000,224166,219085,213888,215125,216543,217390,8200,7729,9207,7917,7911,210885,206159,205918,208626,209479,0
Female,High School,Single,22,70000,53443,49938,39926,18648,5022,5935,3000,2500,2500,1000,1000,46938,37426,16148,4022,4935,0
Female,University,Single,24,110000,107378,109604,111661,112299,113035,109678,5500,5300,4000,4000,0,104104,106361,108299,109035,109678,1
Female,University,Married,25,50000,16092,12352,-1618,-809,46976,47618,2352,809,928,48659,1400,10000,-2427,-1737,-1683,46218,0
Female,Graduate,Single,26,120000,316,316,316,316,316,316,316,316,316,316,316,0,0,0,0,0,0
Female,University,Single,26,150000,127487,120586,118785,117406,106323,102179,6000,4500,5400,3900,4500,114586,114285,112006,102423,97679,0
Female,University,Single,26,140000,182424,115115,120176,101065,64570,51521,10207,9120,3000,2117,2000,104908,111056,98065,62453,49521,0
Female,Graduate,Single,26,120000,102157,103182,91442,88476,72666,74561,5367,20000,3500,2512,7500,97815,71442,84976,70154,67061,0
Female,University,Single,26,40000,36835,37528,35964,34258,516,38432,2000,2000,5000,516,39235,35528,33964,29258,0,-803,0
Female,University,Single,30,90000,75620,75382,73980,75036,77094,75708,3300,3350,3300,5500,1600,72082,70630,71736,71594,74108,1
Female,University,Single,23,50000,22613,21957,24482,24693,25283,27367,0,3200,910,1000,2500,21957,21282,23783,24283,24867,1
Female,University,Single,26,130000,90833,2774,740,740,73758,72800,2788,740,0,73758,0,-14,0,740,0,72800,0
Female,Graduate,Single,26,180000,100,100,100,100,100,100,100,100,100,100,100,0,0,0,0,0,0
Female,Graduate,Single,26,220000,4750,4909,3791,7982,5850,11304,2012,3791,8493,5850,11304,2897,0,-511,0,0,0
Female,University,Married,29,160000,6252,5073,6854,3759,3164,3000,4000,2230,0,16,16,1073,4624,3759,3148,2984,0
Female,High School,Single,29,70000,20064,24336,25510,24726,25377,24818,24336,3010,0,875,600,0,22500,24726,24502,24218,0
Female,Graduate,Single,27,60000,4262,7169,8396,8113,8971,10824,3000,1500,0,1000,2000,4169,6896,8113,7971,8824,1
Female,University,Single,27,140000,120072,78166,72631,65517,59275,58208,2824,2508,4973,2300,0,75342,70123,60544,56975,58208,0
Female,University,Married,27,70000,68425,71783,72616,68201,50995,48822,6800,3100,15,3850,0,64983,69516,68186,47145,48822,0
Female,University,Single,28,320000,4114,390,944,473,1747,1193,390,944,473,5000,1200,0,0,0,-3253,-7,0
Female,Graduate,Single,28,60000,20217,8376,7139,4254,4855,5355,1116,2420,0,800,1000,7260,4719,4254,4055,4355,0
Female,Graduate,Single,27,360000,0,0,0,0,0,0,0,0,0,0,0,0,0,0,0,0,1
Female,Graduate,Single,27,500000,3715,2862,827,-4571,-4954,1566,2013,1044,163,5,8007,849,-217,-4734,-4959,-6441,0
Female,Graduate,Single,28,200000,0,0,0,1545,1156,6099,0,0,1545,1156,5000,0,0,0,0,1099,0
Female,University,Single,28,160000,1049,2058,2164,3975,3720,5668,2060,2164,2000,1500,2000,-2,0,1975,2220,3668,0
Female,University,Single,44,80000,7491,2900,0,0,0,0,2900,0,0,0,0,0,0,0,0,0,0
Female,University,Single,39,20000,19064,20356,18186,16524,19026,16309,2000,2000,2000,5000,1000,18356,16186,14524,14026,15309,0
Female,High School,Single,41,110000,105152,97804,100364,91061,65582,67002,0,5200,5000,2500,2600,97804,95164,86061,63082,64402,0
Female,University,Married,38,30000,2805,0,0,48514,49300,691,0,0,48514,986,691,0,0,0,48314,0,0
Female,University,Married,31,140000,-53,-53,1117,0,0,0,0,1170,0,0,0,-53,-53,0,0,0,0
Female,University,Married,32,150000,17594,14850,15919,10177,7954,8049,1609,2000,1000,0,8049,13241,13919,9177,7954,0,0
Female,University,Single,33,140000,54279,55991,59465,62855,63670,67464,2615,5000,5000,2455,5000,53376,54465,57855,61215,62464,0
Female,University,Single,35,460000,442291,449790,450047,453770,396600,392879,16000,17610,17500,13810,14100,433790,432437,436270,382790,378779,1
Female,University,Single,28,60000,58204,56930,56616,56749,57504,58296,2030,2083,1983,2200,2500,54900,54533,54766,55304,55796,0
Female,High School,Married,40,90000,78976,84566,89609,87282,88261,90029,7500,7300,0,3300,3300,77066,82309,87282,84961,86729,1
Female,Other,Married,44,130000,112570,109131,118539,115029,115793,118335,0,11323,0,4294,4700,109131,107216,115029,111499,113635,1
Female,University,Single,28,300000,25193,34242,35228,12512,12570,13022,10000,1377,1149,2000,615,24242,33851,11363,10570,12407,0
Female,University,Married,29,130000,85342,88063,89895,87577,93136,91551,5000,4100,0,7000,0,83063,85795,87577,86136,91551,0
Female,University,Married,29,160000,3617,2091,5816,5414,615,25072,2122,5822,5524,615,25139,-31,-6,-110,0,-67,0
Female,University,Single,36,20000,12530,13518,14596,15550,16790,17175,1500,1600,1500,1500,800,12018,12996,14050,15290,16375,0
Female,High School,Married,42,20000,16478,19187,18592,19431,19993,-1000,2994,0,1238,800,0,16193,18592,18193,19193,-1000,1
Female,Graduate,Single,34,210000,5081,4053,3853,3942,2338,1767,4055,3856,3945,2338,1767,-2,-3,-3,0,0,0
Female,University,Married,38,100000,89745,91659,96808,84528,67873,65503,3421,7728,0,5000,2600,88238,89080,84528,62873,62903,0
Female,Graduate,Married,43,120000,24484,26751,28999,30064,33732,5992,3000,3000,2000,5000,0,23751,25999,28064,28732,5992,1
Female,High School,Married,41,60000,56261,55773,55953,55562,55063,54819,1993,2627,2700,2500,2300,53780,53326,52862,52563,52519,0
Female,University,Single,26,30000,30028,26208,28804,22335,17448,17448,0,3400,0,0,0,26208,25404,22335,17448,17448,1
Female,Graduate,Married,30,290000,53476,52089,49979,36439,33231,32131,2009,2569,1532,987,1002,50080,47410,34907,32244,31129,0
Female,University,Single,34,260000,40066,38115,38730,37947,40122,34751,2000,3030,5039,7000,3000,36115,35700,32908,33122,31751,0
Female,High School,Married,34,130000,124777,133265,129713,129883,122349,101415,12000,0,5100,4820,3844,121265,129713,124783,117529,97571,0
Female,University,Married,42,180000,0,0,0,0,0,0,0,0,0,0,0,0,0,0,0,0,0
Female,University,Married,36,80000,79407,66491,59040,49555,38185,32582,2491,2540,1566,1485,1258,64000,56500,47989,36700,31324,0
Female,University,Married,38,70000,59195,37953,34689,35700,36252,37008,2195,1881,1892,1444,1490,35758,32808,33808,34808,35518,0
Female,University,Single,34,290000,58481,41773,40597,38441,37454,35484,2000,2000,2000,2000,2000,39773,38597,36441,35454,33484,0
Female,University,Married,37,80000,28652,29869,33071,33531,34184,33503,2000,4000,1300,1500,0,27869,29071,32231,32684,33503,0
Female,University,Married,27,300000,2200,1378,1109,0,474,337,1378,1422,0,474,337,0,-313,0,0,0,0
Female,Graduate,Married,28,200000,148880,151913,155170,159089,160950,164691,7000,7200,8000,6000,6500,144913,147970,151089,154950,158191,0
Female,Graduate,Single,29,30000,15982,12226,13565,15526,14979,15735,2226,1539,2500,0,1000,10000,12026,13026,14979,14735,0
Female,Graduate,Single,35,240000,86508,86596,87475,89253,91128,127950,3583,2768,2817,2928,37950,83013,84707,86436,88200,90000,0
Female,Graduate,Married,35,500000,416,258,1563,21557,14802,19552,258,1563,21557,1000,8000,0,0,0,13802,11552,0
Female,University,Married,45,30000,31548,30226,31237,13511,13781,14070,1665,1676,1223,493,511,28561,29561,12288,13288,13559,0
Female,Graduate,Single,28,180000,2096,3775,5570,4722,8643,7783,1721,2005,31,5000,1000,2054,3565,4691,3643,6783,0
Female,University,Married,31,180000,384,0,0,0,503,2156,0,0,0,503,2343,0,0,0,0,-187,1
Female,Graduate,Single,37,180000,34607,43623,46667,31931,33928,35235,10000,5000,15000,5000,2000,33623,41667,16931,28928,33235,0
Female,University,Single,26,260000,217735,222109,220219,206666,185282,167161,9553,7893,9241,7106,6506,212556,212326,197425,178176,160655,0
Female,University,Single,33,80000,1305,-789,-789,1042,1042,0,0,0,2000,0,0,-789,-789,-958,1042,0,0
Female,University,Single,38,400000,0,0,0,0,45374,46306,0,0,0,45374,1113,0,0,0,0,45193,0
Female,High School,Single,27,360000,0,750,-2,468,-8,2496,750,2,470,0,2504,0,-4,-2,-8,-8,0
Female,Graduate,Single,29,130000,0,0,0,0,0,0,0,0,0,0,0,0,0,0,0,0,0
Female,University,Single,35,50000,48848,49988,45434,34688,24124,21072,2000,2000,1900,1032,3000,47988,43434,32788,23092,18072,0
Female,University,Single,29,290000,19315,30310,29312,31404,31004,29124,15000,2000,3000,0,0,15310,27312,28404,31004,29124,0
Female,Graduate,Married,38,360000,1873,13532,5757,28974,8093,3250,13537,5762,29000,8093,1500,-5,-5,-26,0,1750,0
Female,University,Single,29,240000,238225,243044,239228,243318,195320,196664,9000,10500,10000,7000,7300,234044,228728,233318,188320,189364,0
Female,High School,Married,41,80000,76095,78197,64065,54764,55868,57288,3500,2600,2000,2000,2303,74697,61465,52764,53868,54985,0
Female,University,Single,32,230000,-46,-46,-46,4826,4829,1788,0,0,4872,4829,1788,-46,-46,-46,0,0,1
Female,Graduate,Married,39,230000,219712,208532,229229,143168,145270,141874,30500,25000,10000,5000,5000,178032,204229,133168,140270,136874,0
Female,University,Married,37,330000,2202,2900,2335,7278,6646,5324,2911,2579,7278,6,26,-11,-244,0,6640,5298,0
Female,University,Married,34,30000,22419,24932,23502,24603,24996,26426,3207,0,1800,1100,2000,21725,23502,22803,23896,24426,0
Female,University,Married,33,120000,42687,46640,50865,54401,57873,61917,5000,5000,5000,5000,5000,41640,45865,49401,52873,56917,0
Female,Other,Married,30,60000,3591,-5,-5,0,1360,1180,0,0,5,1360,1180,-5,-5,-5,0,0,0
Female,University,Married,42,230000,430,430,430,430,430,430,430,430,430,430,430,0,0,0,0,0,1
Female,University,Married,43,330000,-58,22301,0,0,0,0,22359,5895,0,0,0,-58,-5895,0,0,0,0
Female,University,Married,44,380000,1040,0,0,12500,37811,1500,0,0,12500,25311,1500,0,0,0,12500,0,0
Female,Graduate,Single,27,150000,8404,4493,11848,7435,3685,3545,4493,11848,7435,0,3545,0,0,0,3685,0,0
Female,High School,Single,29,170000,116048,117485,119050,120225,122345,124302,4200,4300,4400,4518,4500,113285,114750,115825,117827,119802,1
Female,University,Married,30,200000,1626,730,3049,700,2423,2210,233,3049,700,2423,2210,497,0,0,0,0,0
Female,University,Married,31,200000,24605,25653,26750,24014,10885,7371,1462,1559,2000,390,328,24191,25191,22014,10495,7043,0
Female,University,Married,32,260000,104717,102159,102369,80488,82150,84818,5300,3500,3000,3000,4000,96859,98869,77488,79150,80818,0
Female,University,Married,47,430000,1343,909,5271,757,157,157,909,5319,757,157,157,0,-48,0,0,0,0
Female,University,Married,46,20000,10935,11456,13169,13656,14430,14200,1000,1900,1000,1000,0,10456,11269,12656,13430,14200,1
Female,University,Married,30,200000,75014,77044,80096,82269,85093,86870,3190,4195,4300,5000,3196,73854,75901,77969,80093,83674,0
Female,Graduate,Single,31,290000,5307,4739,11495,11214,4084,6348,4739,11527,15537,4873,26348,0,-32,-4323,-789,-20000,0
Female,Graduate,Single,28,240000,188956,189678,189471,191623,195624,199259,7200,7500,6300,6000,6100,182478,181971,185323,189624,193159,0
Female,Graduate,Married,34,290000,3412,1573,11859,2483,1170,20328,1573,11886,2485,1170,20328,0,-27,-2,0,0,0
Female,Graduate,Single,41,490000,250970,255009,248203,101770,63192,64720,10000,11547,4600,2000,2000,245009,236656,97170,61192,62720,0
Female,Graduate,Married,39,230000,970,1475,1636,1149,334,459,1483,1640,1152,335,460,-8,-4,-3,-1,-1,0
Female,University,Single,26,290000,81022,59327,102180,58554,59358,45266,2121,48345,1689,1516,1240,57206,53835,56865,57842,44026,0
Female,High School,Single,28,20000,5741,5155,5754,5150,858,0,0,2294,0,1056,0,5155,3460,5150,-198,0,0
Female,Graduate,Single,28,300000,9582,6803,7198,6975,9356,3697,1818,7217,7023,9383,3714,4985,-19,-48,-27,-17,0
Female,University,Married,48,130000,390,390,1170,780,390,390,390,1170,0,0,390,0,0,780,390,0,1
Female,University,Married,37,150000,119398,97435,98481,98101,97178,97249,3459,4913,3929,2390,3052,93976,93568,94172,94788,94197,0
Female,University,Married,37,50000,35874,32130,34602,35172,27568,28467,1600,3000,1477,2000,1500,30530,31602,33695,25568,26967,0
Female,University,Married,45,200000,1182,0,198,3532,0,0,0,198,3532,0,0,0,0,0,0,0,0
Female,University,Married,47,180000,107,825,7609,825,1650,825,825,7609,825,1650,0,0,0,0,0,825,0
Female,Graduate,Married,43,300000,21670,-5,-5,1578,1307,0,0,0,1583,1307,0,-5,-5,-5,0,0,0
Female,University,Other,41,30000,8055,9263,8973,10337,10022,10924,1500,0,1675,0,1065,7763,8973,8662,10022,9859,1
Female,High School,Married,44,420000,0,5526,7248,7303,0,932,5526,2000,2002,0,932,0,5248,5301,0,0,0
Female,University,Single,42,320000,2920,2610,9433,2490,2655,1070,2610,9439,2493,2655,0,0,-6,-3,0,1070,0
Female,Graduate,Single,31,380000,66979,70289,69790,71506,74078,77088,5700,2500,3500,5000,5000,64589,67290,68006,69078,72088,0
Female,High School,Married,43,270000,46107,42151,40546,36822,31700,29133,1700,1700,1500,1100,1200,40451,38846,35322,30600,27933,0
Female,University,Married,40,150000,213638,190709,168741,170544,146787,149759,7877,8069,6708,40502,5706,182832,160672,163836,106285,144053,0
Female,University,Married,46,180000,171768,164274,165923,169038,172388,165165,7400,6100,6200,6543,6251,156874,159823,162838,165845,158914,0
Female,University,Single,29,180000,2639,0,0,0,0,0,0,0,0,0,0,0,0,0,0,0,1
Female,High School,Married,41,140000,114133,122191,128069,103319,105702,108619,10000,8000,5000,4000,4520,112191,120069,98319,101702,104099,1
Female,High School,Married,38,90000,85718,88476,90120,91124,65778,65866,4200,5000,4776,2400,3000,84276,85120,86348,63378,62866,0
Female,University,Married,33,100000,83013,89589,92887,0,0,0,8000,5000,0,0,0,81589,87887,0,0,0,0
Female,University,Married,34,60000,2084,145,145,145,145,1195,0,0,0,0,1200,145,145,145,145,-5,1
Female,University,Single,42,140000,117460,110301,107289,63778,41334,42664,7000,16000,0,3000,2000,103301,91289,63778,38334,40664,0
Female,High School,Married,43,50000,15214,14673,17621,17839,17257,17826,0,3200,800,0,1000,14673,14421,17039,17257,16826,0
Female,Graduate,Married,39,140000,0,797,190,3260,32617,20506,797,190,3269,32617,5000,0,0,-9,0,15506,0
Female,University,Single,31,230000,19451,13716,14718,13524,15529,12936,1017,5028,5003,3012,3,12699,9690,8521,12517,12933,0
Female,High School,Single,37,240000,-3,-3,2486,2500,580,490,0,2489,2500,580,490,-3,-3,0,0,0,0
Female,Graduate,Married,46,180000,184650,0,0,0,0,0,0,0,0,0,0,0,0,0,0,0,0
Female,High School,Married,39,80000,18787,19869,20897,21911,22545,23181,1400,1352,1366,1000,1000,18469,19545,20545,21545,22181,0
Female,Graduate,Married,37,150000,61137,62350,63653,64955,66249,67637,2230,2306,2356,2372,2456,60120,61347,62599,63877,65181,0
Female,Graduate,Single,35,300000,0,0,0,0,150000,0,0,0,0,150000,0,0,0,0,0,0,0
Female,Graduate,Married,45,420000,412289,414634,409078,412057,402926,373095,16272,17029,15514,15056,13707,398362,392049,396543,387870,359388,1
Female,Graduate,Single,31,60000,7233,1596,1562,0,0,0,1596,1562,0,0,0,0,0,0,0,0,0
Female,High School,Married,48,30000,29757,29059,26386,9370,7290,0,1720,1450,1010,500,0,27339,24936,8360,6790,0,0
Female,Graduate,Single,37,210000,430,1570,17036,73158,46823,1427,1570,17036,73158,936,29,0,0,0,45887,1398,0
Female,University,Single,38,170000,0,0,0,0,0,330,0,0,0,0,330,0,0,0,0,0,1
Female,University,Married,44,270000,24775,18018,15896,32396,50411,60957,10203,15908,20000,29000,22000,7815,-12,12396,21411,38957,0
Female,Graduate,Single,39,120000,28724,-72,-72,-72,-72,-72,0,0,0,0,0,-72,-72,-72,-72,-72,0
Female,High School,Single,42,150000,30643,31209,25977,30776,920,0,1237,1354,5153,924,0,29972,24623,25623,-4,0,0
Female,Graduate,Single,37,150000,7591,5538,18987,0,1399,150,5538,18987,0,1399,150,0,0,0,0,0,1
Female,University,Married,35,240000,5391,7375,4908,5638,2582,4127,7375,4908,5638,2587,4127,0,0,0,-5,0,0
Female,High School,Other,43,130000,15923,82292,396,1552,776,776,70000,792,1552,0,776,12292,-396,0,776,0,0
Female,High School,Married,38,150000,105911,109006,108761,79044,79350,80594,5530,4100,3150,2211,2270,103476,104661,75894,77139,78324,0
Female,Graduate,Married,37,20000,19921,18100,19146,20098,20191,18216,1594,1640,1592,685,662,16506,17506,18506,19506,17554,0
Female,Graduate,Single,33,390000,2703,1017,0,0,1560,4386,1017,0,0,1560,4386,0,0,0,0,0,0
Female,University,Married,39,270000,161039,164354,167788,339599,174797,180313,6000,6079,6213,12840,8500,158354,161709,333386,161957,171813,0
Female,Graduate,Married,45,180000,1560,316,316,316,316,316,0,316,316,316,316,316,0,0,0,0,1
Female,Graduate,Single,30,200000,78866,74961,69702,63210,57098,46455,20000,2513,1656,5000,20000,54961,67189,61554,52098,26455,0
Female,University,Single,37,180000,491,0,0,0,0,0,0,0,0,0,0,0,0,0,0,0,0
Female,Graduate,Single,39,330000,118467,110930,100498,95072,94164,94043,4000,4600,4000,4190,6680,106930,95898,91072,89974,87363,0
Female,Graduate,Single,40,140000,51270,54000,4117,6817,0,0,4500,4117,3000,0,0,49500,0,3817,0,0,0
Female,University,Married,34,220000,387,1083,1969,389,389,389,1086,2099,390,390,390,-3,-130,-1,-1,-1,0
Female,Graduate,Married,40,400000,6376,4925,4382,1240,167621,3284,5949,4403,1250,168459,3301,-1024,-21,-10,-838,-17,0
Female,University,Married,36,150000,339351,133681,100683,147127,79942,71976,7000,3500,3000,5242,3009,126681,97183,144127,74700,68967,0
Female,University,Married,36,200000,2500,0,0,0,0,0,0,0,0,0,0,0,0,0,0,0,1
Female,University,Married,43,30000,661,25166,26195,27209,27924,30204,25166,1437,1451,1166,2900,0,24758,25758,26758,27304,0
Female,University,Single,30,170000,106667,103955,85601,82963,58547,57080,3458,3426,2711,1779,1940,100497,82175,80252,56768,55140,0
Female,University,Married,30,180000,18435,1563,3842,7146,10480,13886,0,3842,5000,5000,10000,1563,0,2146,5480,3886,0
Female,University,Married,31,300000,5361,2700,3822,1103,1622,-1,1060,1182,1108,1630,0,1640,2640,-5,-8,-1,0
Female,University,Single,32,100000,76112,77494,96445,92742,92644,95497,4500,25445,0,3500,6790,72994,71000,92742,89144,88707,0
Female,Graduate,Married,38,500000,5410,2760,36861,23200,34255,18554,2700,36861,10000,20055,1000,60,0,13200,14200,17554,0
Female,High School,Married,40,80000,34965,35660,37082,38464,38922,40791,1578,2000,2000,1397,2500,34082,35082,36464,37525,38291,0
Female,University,Single,40,60000,61756,60800,55390,50221,22032,20710,2200,2100,8000,800,1000,58600,53290,42221,21232,19710,0
Female,University,Married,37,50000,24380,23325,21940,20718,24048,5017,1366,1400,1200,5000,5017,21959,20540,19518,19048,0,0
Female,High School,Married,48,500000,485,6342,6390,5477,1060,23726,6342,1228,1000,1060,23726,0,5162,4477,0,0,0
Female,High School,Other,37,50000,47676,48896,49325,48033,27019,26450,2300,1500,0,3400,0,46596,47825,48033,23619,26450,1
Female,High School,Married,44,160000,6061,1594,2904,2313,2753,2191,2000,3037,0,1000,0,-406,-133,2313,1753,2191,0
Female,University,Married,46,180000,0,0,0,0,0,0,0,0,0,0,0,0,0,0,0,0,0
Female,Graduate,Married,46,520000,133890,106928,37238,36293,55826,34989,5022,0,20000,40000,0,101906,37238,16293,15826,34989,0
Female,Graduate,Married,33,160000,5459,20415,2141,2144,5816,2144,20415,2141,2144,5816,2144,0,0,0,0,0,0
Female,Graduate,Married,35,380000,472,14985,10472,39993,25356,39772,14985,10472,39993,25356,39772,0,0,0,0,0,0
Female,University,Married,33,440000,411970,420142,443407,431200,440000,-6948,15003,30000,0,9000,788,405139,413407,431200,431000,-7736,0
Female,Graduate,Single,33,280000,3192,4962,7860,10708,13516,16279,2000,3000,3000,3000,3000,2962,4860,7708,10516,13279,0
Female,University,Married,35,130000,63281,56889,60955,62038,62393,65439,10000,5000,2142,5000,4000,46889,55955,59896,57393,61439,0
Female,University,Married,31,250000,0,0,0,1000,0,1013,0,0,1000,0,1013,0,0,0,0,0,0
Female,University,Married,39,360000,0,791,173,1640,287,2418,791,173,1640,287,2426,0,0,0,0,-8,0
Female,University,Single,36,470000,9,89,0,157,157,205430,1960,0,157,0,205430,-1871,0,0,157,0,0
Female,University,Married,29,330000,132702,135972,137289,141844,143470,146596,6972,4989,6844,5470,5596,129000,132300,135000,138000,141000,0
Female,University,Married,42,240000,1986,1323,329,9228,7776,7500,1323,329,9228,7776,7500,0,0,0,0,0,0
Female,Graduate,Married,48,360000,485,-15,-15,12588,1243,-6,0,0,12603,1250,0,-15,-15,-15,-7,-6,0
Female,High School,Single,40,80000,81428,78041,75945,61740,29089,28267,4,3716,2000,1000,1000,78037,72229,59740,28089,27267,1
Female,Graduate,Single,29,280000,15801,9982,9909,10420,10142,10329,1200,1200,1200,1000,350,8782,8709,9220,9142,9979,0
Female,Graduate,Married,38,60000,0,780,780,390,390,390,780,0,0,390,390,0,780,390,0,0,0
Female,Graduate,Married,44,220000,34510,33661,34913,36334,38729,39062,0,2100,2000,3000,1100,33661,32813,34334,35729,37962,1
Female,University,Married,45,140000,53951,55444,57549,60971,61374,63243,3000,3000,5000,2000,3000,52444,54549,55971,59374,60243,0
Female,Graduate,Single,29,230000,23586,6633,2525,146959,150080,153186,5576,2525,146959,4452,4586,1057,0,0,145628,148600,0
Female,Graduate,Married,30,360000,-6,1191,23812,3155,-140,27994,1197,23931,3171,0,28134,-6,-119,-16,-140,-140,0
Female,Graduate,Single,30,390000,152535,153477,148629,141571,126583,154557,5153,10000,10000,5010,50000,148324,138629,131571,121573,104557,0
Female,University,Married,32,280000,11561,12662,13752,14815,15168,15523,1300,1300,1300,600,600,11362,12452,13515,14568,14923,0
Female,High School,Single,32,310000,41623,42465,32003,33885,29125,17227,3021,7000,5040,1000,7000,39444,25003,28845,28125,10227,0
Female,University,Married,33,500000,264479,275025,285034,290002,295756,302149,15000,14500,10370,11000,11000,260025,270534,279632,284756,291149,0
Female,University,Single,39,230000,72288,69680,66081,64495,60511,57450,2429,2579,2100,2000,2000,67251,63502,62395,58511,55450,0
Female,High School,Married,41,30000,0,0,0,0,0,0,0,0,0,0,0,0,0,0,0,0,0
Female,Other,Married,41,120000,0,77,-1460,-1460,-1460,-1460,77,1460,0,0,0,0,-2920,-1460,-1460,-1460,0
Female,University,Single,43,200000,10000,10000,10000,10301,10000,10000,10000,10000,10301,10000,10000,0,0,0,0,0,0
Female,Graduate,Single,30,390000,60819,61300,59328,57852,55903,53516,5000,2506,3000,2500,2000,56300,56822,54852,53403,51516,0
Female,Graduate,Single,30,200000,59891,60537,61592,59786,58172,59175,3000,2800,3000,2100,2070,57537,58792,56786,56072,57105,0
Female,University,Married,38,600000,485861,462675,464983,416550,416545,420232,33,15287,14069,15013,15003,462642,449696,402481,401532,405229,0
Female,High School,Married,45,20000,21646,24390,23719,23936,23253,25871,3400,0,900,0,3000,20990,23719,23036,23253,22871,1
Female,University,Married,48,140000,41241,42548,44552,46503,48418,49277,1996,3000,3000,3000,1790,40552,41552,43503,45418,47487,0
Female,University,Married,34,90000,336,168,432,0,0,0,0,432,0,0,0,168,0,0,0,0,1
Female,High School,Married,44,20000,5636,6737,7832,8624,8800,9300,1200,1208,1000,176,500,5537,6624,7624,8624,8800,0
Female,Other,Married,45,30000,26958,26716,26679,22972,20152,11688,4000,5022,1232,820,286,22716,21657,21740,19332,11402,0
Female,Graduate,Single,35,250000,154878,152677,134445,136219,117625,107642,5200,5200,10000,4014,4057,147477,129245,126219,113611,103585,0
Female,University,Single,33,350000,187649,141353,142923,145149,132948,85677,5100,5400,6100,6000,3200,136253,137523,139049,126948,82477,0
Female,University,Married,49,150000,4016,5115,3425,1334,2117,1098,5119,1002,1336,2119,1098,-4,2423,-2,-2,0,0
Female,University,Single,42,300000,113308,109901,108659,110781,107833,104466,5400,5800,6000,7000,5000,104501,102859,104781,100833,99466,0
Female,High School,Married,53,50000,46778,47770,49009,50593,20218,20645,1770,2009,2593,1000,752,46000,47000,48000,19218,19893,1
Female,High School,Married,58,390000,1186,15523,0,609,0,0,15657,0,609,0,0,-134,0,0,0,0,0
Female,High School,Single,53,120000,1743,316,316,632,316,316,0,316,632,0,316,316,0,0,316,0,0
Female,High School,Single,53,140000,142270,144418,143728,125158,93998,91229,5357,5829,6240,3500,3500,139061,137899,118918,90498,87729,0
Female,High School,Married,51,80000,80904,64144,54029,51497,28250,28073,2500,2200,1817,1200,1200,61644,51829,49680,27050,26873,0
Female,High School,Married,55,50000,23593,24787,9145,12423,41956,45112,1831,1189,3467,30000,4000,22956,7956,8956,11956,41112,0
Female,University,Single,49,140000,1282,367,0,3794,0,865,367,0,3794,0,865,0,0,0,0,0,1
Female,University,Married,50,330000,5600,0,98,0,0,318,0,98,0,0,318,0,0,0,0,0,0
Female,University,Married,49,280000,28788,31315,30529,33562,34557,35600,3315,0,3562,1557,1600,28000,30529,30000,33000,34000,0
Female,University,Married,49,470000,3388,1359,7650,6682,1942,0,1359,7650,6682,1942,0,0,0,0,0,0,1
Female,Other,Married,54,100000,95980,99056,100415,102666,63913,65246,4057,3232,3275,2290,2365,94999,97183,99391,61623,62881,0
Female,High School,Married,53,160000,123760,124218,124438,112113,96459,93449,6018,5810,4591,3524,3542,118200,118628,107522,92935,89907,0
Female,High School,Married,51,320000,8391,2855,1021,953,868,872,2869,1026,957,868,4,-14,-5,-4,0,868,0
Female,High School,Married,49,130000,132571,-829,-829,-829,-829,-829,0,0,0,0,0,-829,-829,-829,-829,-829,0
Female,High School,Married,53,50000,41174,42196,43327,42335,43326,46256,2000,2100,0,2000,3800,40196,41227,42335,41326,42456,0
Female,University,Married,50,540000,66637,66665,66513,67149,66880,67667,3100,3070,3100,2320,2796,63565,63443,64049,64560,64871,0
Female,Other,Single,48,50000,47937,33816,60320,36249,780,0,2000,2000,3293,0,0,31816,58320,32956,780,0,0
Female,University,Married,48,140000,248822,246595,249664,253418,258909,255232,10000,10200,9000,9000,10000,236595,239464,244418,249909,245232,0
Female,University,Married,53,50000,28509,29230,30356,31342,32644,32719,1500,1600,1498,2627,1400,27730,28756,29844,30017,31319,0
Female,University,Married,69,360000,0,0,0,0,0,0,0,0,0,0,0,0,0,0,0,0,0
Female,Graduate,Married,45,420000,0,23621,29042,35000,292962,247622,23621,29052,35000,292962,0,0,-10,0,0,247622,0
Female,Graduate,Married,51,360000,1495,1117,7062,-3,1178,-2,1120,7065,0,1181,0,-3,-3,-3,-3,-2,0
Female,High School,Married,63,110000,390,390,390,390,780,0,390,390,390,780,0,0,0,0,0,0,1
Female,Graduate,Married,52,170000,416,2939,5447,416,7509,6387,2939,3000,5,7509,6387,0,2447,411,0,0,0
Female,Graduate,Other,53,350000,36138,7613,5875,4020,33127,6877,7619,5875,4020,33127,6877,-6,0,0,0,0,0
Female,University,Married,56,240000,133954,138785,141894,143270,201082,215709,8500,6500,5000,60000,17464,130285,135394,138270,141082,198245,0
Female,University,Single,51,240000,489,4006,696,696,696,696,4006,696,696,696,696,0,0,0,0,0,0
Female,University,Married,57,80000,0,2412,0,0,0,1650,2412,0,0,0,1650,0,0,0,0,0,0
Female,High School,Married,59,60000,694,694,694,694,694,28948,694,694,694,694,28948,0,0,0,0,0,0
Female,University,Married,53,220000,220389,223682,223193,215040,210884,210479,8490,8100,8000,7804,8254,215192,215093,207040,203080,202225,1
Female,Graduate,Single,54,500000,260356,253580,239479,200081,185130,168868,18609,9800,6610,6000,6000,234971,229679,193471,179130,162868,0
Male,University,Single,24,20000,15886,16337,16470,10195,11195,11995,2500,800,1500,1000,800,13837,15670,8695,10195,11195,0
Male,University,Married,27,360000,245135,244583,156843,63861,64437,8844,8000,0,2700,3000,1000,236583,156843,61161,61437,7844,1
Female,University,Married,53,300000,5551,6564,7954,8690,0,1420,1110,1500,1000,0,1420,5454,6454,7690,0,0,0
Male,University,Single,38,60000,57775,51280,16299,-41,-41,-41,2000,1043,0,0,0,49280,15256,-41,-41,-41,1
Male,University,Married,30,360000,2500,2500,2500,2500,2500,0,0,0,0,0,0,2500,2500,2500,2500,0,1
Male,University,Single,23,50000,42284,31512,26097,27148,54991,28480,1800,1600,1500,1000,2400,29712,24497,25648,53991,26080,0
Male,University,Married,24,130000,46113,49520,47627,47262,46226,390,5000,0,1925,0,0,44520,47627,45337,46226,390,0
Male,Graduate,Married,24,50000,47734,47025,48102,48612,49465,50299,1763,1840,1751,1717,1773,45262,46262,46861,47748,48526,0
Male,University,Single,28,150000,134218,118580,95916,82867,58995,59799,4465,10629,3500,1833,1886,114115,85287,79367,57162,57913,0
Male,Graduate,Single,24,30000,28327,27406,28400,28115,28826,27745,1464,1458,1443,1154,1008,25942,26942,26672,27672,26737,0
Male,Graduate,Single,29,350000,27916,24973,22752,21010,4470,6838,2001,2010,1082,10506,7034,22972,20742,19928,-6036,-196,0
Male,University,Single,25,50000,48517,37071,5181,8548,50678,48220,5204,5196,8557,48011,2040,31867,-15,-9,2667,46180,0
Male,University,Single,23,20000,13284,13987,15958,16168,16268,16600,1229,2200,900,500,332,12758,13758,15268,15768,16268,0
Male,University,Single,23,20000,0,0,0,0,17330,16066,0,0,0,17330,738,0,0,0,0,15328,0
Male,Graduate,Single,26,180000,-106,-200,-200,-200,0,4709,0,0,0,200,4709,-200,-200,-200,-200,0,0
Male,High School,Single,26,50000,0,0,0,0,0,0,0,0,0,0,0,0,0,0,0,0,0
Male,University,Single,26,150000,156387,148656,150963,152607,103113,96518,0,6000,10000,4000,4000,148656,144963,142607,99113,92518,1
Male,Graduate,Single,27,120000,117324,91457,94478,74807,76952,0,3500,5390,3200,3500,3000,87957,89088,71607,73452,-3000,0
Male,University,Single,27,20000,7320,7761,631,4481,6481,3465,2000,631,4481,2000,300,5761,0,0,4481,3165,1
Male,University,Single,24,60000,836,836,6842,4603,3884,760,836,6842,1000,117,760,0,0,3603,3767,0,0
Male,High School,Single,28,80000,38151,39227,38318,42614,86966,41950,2000,0,5000,1500,1500,37227,38318,37614,85466,40450,1
Male,High School,Single,30,50000,49631,49641,50355,0,0,0,3000,2000,0,0,0,46641,48355,0,0,0,0
Male,Graduate,Single,25,50000,44477,45425,48559,49065,48057,48942,2000,3134,1640,0,1968,43425,45425,47425,48057,46974,0
Male,University,Single,22,30000,30465,27943,14588,30158,29562,29818,1630,2231,16310,1051,1103,26313,12357,13848,28511,28715,0
Male,University,Single,26,20000,15481,18004,19121,18521,18615,19015,3100,1700,0,700,700,14904,17421,18521,17915,18315,1
Male,University,Single,27,50000,0,0,0,0,0,0,0,0,0,0,0,0,0,0,0,0,0
Male,Graduate,Single,25,150000,51568,52952,95134,31578,26089,16624,3000,60086,2000,2000,5000,49952,35048,29578,24089,11624,0
Male,University,Married,26,50000,0,0,0,2056,973,973,0,0,2056,973,973,0,0,0,0,0,0
Male,Graduate,Single,28,500000,59646,49412,48060,51132,49348,40652,43018,3030,10022,3064,3022,6394,45030,41110,46284,37630,0
Male,Graduate,Single,27,120000,75896,77931,79384,81367,82321,84336,3900,3300,3900,3200,3500,74031,76084,77467,79121,80836,0
Male,Graduate,Single,27,260000,256324,250666,245741,240132,234520,227149,10000,9000,10340,11500,8042,240666,236741,229792,223020,219107,0
Male,University,Single,23,20000,7130,9455,9159,10000,0,0,2455,0,1000,0,0,7000,9159,9000,0,0,1
Male,University,Single,24,20000,20036,19322,17619,10688,11346,0,0,2000,4000,2033,0,19322,15619,6688,9313,0,0
Male,Graduate,Single,29,200000,33188,10293,55615,37643,47437,38640,11958,73912,37858,47675,38834,-1665,-18297,-215,-238,-194,0
Male,High School,Married,31,80000,0,0,0,0,0,0,0,0,0,0,0,0,0,0,0,0,0
Male,University,Single,28,160000,0,0,0,0,0,0,0,0,0,0,0,0,0,0,0,0,0
Male,Graduate,Single,28,200000,2006,1823,-2,-2,-90,-90,0,27,88,0,0,1823,-29,-90,-90,-90,0
Male,University,Single,29,90000,85769,87877,89766,63793,24265,25713,3535,3703,2085,1026,2000,84342,86063,61708,23239,23713,0
Male,High School,Single,41,20000,9913,3261,1491,390,390,390,50,1491,2500,390,390,3211,0,-2110,0,0,0
Male,University,Single,36,120000,396,396,396,392,396,396,396,396,392,400,396,0,0,0,-4,0,0
Male,Graduate,Single,35,490000,156021,155635,156094,159376,158235,163963,8030,9071,18944,10000,8030,147605,147023,140432,148235,155933,0
Male,University,Married,38,290000,3137,7999,2948,-6097,11037,17834,8042,2980,2777,17941,10002,-43,-32,-8874,-6904,7832,0
Male,High School,Single,30,160000,275241,280903,272419,0,0,0,8365,9368,0,0,0,272538,263051,0,0,0,0
Male,Graduate,Single,30,220000,84630,87604,89687,90889,91892,93815,5000,5000,4200,4000,4000,82604,84687,86689,87892,89815,0
Male,University,Married,38,290000,116625,118801,99370,84836,82168,80299,5000,3530,3019,2818,3000,113801,95840,81817,79350,77299,0
Male,Graduate,Married,37,360000,0,0,0,0,0,0,0,0,0,0,0,0,0,0,0,0,1
Male,University,Single,40,120000,58908,53306,50104,43957,43401,37371,1000,3000,0,5000,0,52306,47104,43957,38401,37371,1
Male,Graduate,Single,30,360000,194001,197032,183154,143367,135751,138659,8000,10000,5500,5000,5100,189032,173154,137867,130751,133559,0
Male,High School,Married,33,80000,390,390,390,1936,390,390,390,390,1936,390,390,0,0,0,0,0,1
Male,University,Married,37,420000,3823,149793,56611,77406,79316,73995,150298,10617,25000,3034,3012,-505,45994,52406,76282,70983,0
Male,Graduate,Married,39,360000,12768,0,0,0,0,0,0,0,0,0,0,0,0,0,0,0,0
Male,University,Married,45,230000,41414,42420,44234,45684,46653,47779,2000,2500,2500,2000,2000,40420,41734,43184,44653,45779,0
Male,High School,Married,46,50000,51814,53077,51400,0,0,0,2400,0,0,0,0,50677,51400,0,0,0,1
Male,University,Married,48,60000,60924,60089,59828,58217,18527,40334,2400,2800,2000,1110,40621,57689,57028,56217,17417,-287,0
Male,University,Single,30,200000,179273,182624,188541,179380,41060,41258,6657,10000,8000,2000,2000,175967,178541,171380,39060,39258,0
Male,University,Married,30,480000,1309,662,645,32636,27552,1428,668,645,32641,27552,1428,-6,0,-5,0,0,0
Male,High School,Married,32,360000,33597,-1,-1,-1,-1,-1,0,0,0,0,0,-1,-1,-1,-1,-1,0
Male,Graduate,Married,33,100000,94257,78728,65747,67046,69938,74800,0,3100,3000,4000,6000,78728,62647,64046,65938,68800,1
Male,Graduate,Married,37,150000,22109,10876,10268,5872,3068,2181,10943,10273,5978,3068,2181,-67,-5,-106,0,0,1
Male,High School,Married,39,20000,19831,1391,19037,19939,15110,0,1300,20398,1300,694,0,91,-1361,18639,14416,0,0
Male,Graduate,Married,45,500000,2900,0,0,0,0,0,0,0,0,0,0,0,0,0,0,0,0
Male,Graduate,Married,36,180000,0,0,0,0,0,0,0,0,0,0,0,0,0,0,0,0,0
Male,University,Married,29,230000,50845,48170,46987,45669,44510,43084,1768,1769,1635,1660,1544,46402,45218,44034,42850,41540,0
Male,University,Single,43,180000,5904,5715,2378,10396,2527,2173,5739,2385,10427,2534,2179,-24,-7,-31,-7,-6,0
Male,University,Single,29,60000,0,0,0,0,0,0,0,0,0,0,0,0,0,0,0,0,1
Male,Graduate,Married,42,200000,0,581,581,581,581,581,581,581,581,581,581,0,0,0,0,0,1
Male,High School,Married,28,30000,38390,20830,56262,59113,58016,30900,4200,36444,4360,4,2204,16630,19818,54753,58012,28696,0
Male,Graduate,Married,31,20000,4596,5675,8231,2717,4733,1099,1161,2717,0,4733,1099,4514,5514,2717,0,0,1
Male,Graduate,Married,41,110000,80959,80733,80984,80706,80580,77993,3486,2958,2803,2940,2821,77247,78026,77903,77640,75172,0
Male,High School,Married,41,80000,90894,93167,81146,80674,63110,40376,4000,3200,2606,2431,1779,89167,77946,78068,60679,38597,1
Male,University,Married,35,160000,160303,164150,0,0,0,0,8000,0,0,0,0,156150,0,0,0,0,0
Male,University,Single,35,20000,19600,19694,19945,20051,19472,19830,1312,1363,1249,1000,2000,18382,18582,18802,18472,17830,1
Male,High School,Single,30,30000,4318,5096,6353,7092,7972,7702,1000,1500,1000,1000,0,4096,4853,6092,6972,7702,0
Male,University,Married,48,30000,29428,19950,24514,4083,6234,0,1402,10096,4083,6255,0,18548,14418,0,-21,0,0
Male,University,Married,34,150000,52692,54229,55768,56266,54764,58862,3000,3000,2000,0,5000,51229,52768,54266,54764,53862,1
Male,University,Married,31,280000,235937,178376,183488,188165,99133,101547,7000,8000,8000,5000,4003,171376,175488,180165,94133,97544,0
Male,University,Single,33,50000,51210,47140,48478,48173,21134,20403,0,3518,3000,2352,2000,47140,44960,45173,18782,18403,0
Male,University,Married,28,50000,47237,50632,49546,49448,19887,38212,4500,0,1713,1003,699,46132,49546,47735,18884,37513,1
Male,Graduate,Married,34,280000,-2159,5777,7936,2932,6493,4867,7936,2980,29,6493,4867,-2159,4956,2903,0,0,0
Male,University,Married,41,200000,92272,69963,67223,69167,69289,70333,6582,0,2943,2301,2374,63381,67223,66224,66988,67959,0
Male,High School,Married,47,210000,6460,3623,10325,8751,11920,8967,3623,10362,8751,11920,8967,0,-37,0,0,0,1
Male,High School,Married,27,360000,0,0,0,0,0,0,0,0,0,0,0,0,0,0,0,0,0
Male,High School,Married,29,50000,47479,46415,50351,49038,28661,30398,0,4690,0,1000,2159,46415,45661,49038,27661,28239,0
Male,University,Single,33,90000,60881,65215,66748,70101,80611,89870,5000,2200,4035,12200,10000,60215,64548,66066,68411,79870,0
Male,University,Married,35,270000,48465,45898,46765,55438,54285,54198,1737,2000,10000,1461,1492,44161,44765,45438,52824,52706,0
Male,High School,Married,44,50000,1261,1261,0,1261,1261,1261,1261,0,2522,1261,1261,0,0,-1261,0,0,0
Male,University,Single,43,80000,70479,71900,0,0,0,0,3300,0,0,0,0,68600,0,0,0,0,0
Male,High School,Married,38,160000,25003,23621,24994,15778,9333,7083,2000,5060,5000,1500,0,21621,19934,10778,7833,7083,0
Male,University,Married,36,200000,75,3707,697,0,2769,1382,3707,697,0,2769,1438,0,0,0,0,-56,0
Male,University,Married,37,30000,19177,20054,20930,21291,20651,22110,1500,1500,1000,0,1801,18554,19430,20291,20651,20309,1
Male,University,Single,32,260000,170276,164617,150188,138975,134225,128321,6200,6000,6000,5006,5006,158417,144188,132975,129219,123315,1
Male,University,Married,34,520000,10000,10000,10000,10317,10000,126247,10000,10000,10317,10000,126247,0,0,0,0,0,0
Male,High School,Married,37,140000,13806,1003,1170,1003,1003,1003,1003,1170,1003,1003,1003,0,0,0,0,0,1
Male,University,Single,34,20000,18351,17706,18831,18334,17280,15582,1304,1429,1608,346,312,16402,17402,16726,16934,15270,1
Male,High School,Married,41,50000,20186,15773,13555,0,0,0,2700,103,0,0,0,13073,13452,0,0,0,1
Male,University,Single,31,50000,8673,10957,17187,6377,6370,1910,5011,10000,10000,6000,0,5946,7187,-3623,370,1910,0
Male,High School,Married,42,170000,191865,186841,183151,170838,80934,80821,7080,8271,5159,2700,2619,179761,174880,165679,78234,78202,0
Male,University,Single,32,180000,45469,39368,9652,10775,1943,13243,5000,2000,3000,1943,13000,34368,7652,7775,0,243,0
Male,University,Married,35,360000,0,0,1300,300,0,598,0,1300,0,0,598,0,0,300,0,0,0
Male,University,Married,39,220000,4949,4724,6478,7412,7886,8358,0,2000,1200,600,600,4724,4478,6212,7286,7758,0
Male,Graduate,Married,48,500000,107595,109605,113409,114191,117285,120388,5000,5571,4152,5000,5000,104605,107838,110039,112285,115388,0
Male,University,Single,36,80000,79673,79353,80107,78323,45985,45434,7100,2600,371,1904,1801,72253,77507,77952,44081,43633,0
Male,University,Married,40,150000,154432,106396,105332,82191,77262,49851,4000,7041,3000,3116,2500,102396,98291,79191,74146,47351,0
Male,High School,Married,47,140000,292,396,792,884,488,1092,500,792,488,0,1000,-104,0,396,488,92,1
Male,University,Single,39,190000,146224,149289,152886,156273,159800,162570,5500,6000,6000,6000,6000,143789,146886,150273,153800,156570,0
Male,Graduate,Single,32,200000,270160,275565,282023,286199,265201,271381,11000,12003,11010,15000,10004,264565,270020,275189,250201,261377,0
Male,Graduate,Single,33,260000,93767,80944,67691,53334,76056,64968,3014,3017,2016,43000,2000,77930,64674,51318,33056,62968,0
Male,Graduate,Single,30,210000,137825,140883,145675,149399,150796,88463,5346,7056,7656,5885,3345,135537,138619,141743,144911,85118,0
Male,University,Married,38,240000,7123,6848,836,2508,1672,836,836,836,2508,0,0,6012,0,0,1672,836,1
Male,Graduate,Married,39,140000,0,0,0,0,0,0,0,0,0,0,0,0,0,0,0,0,1
Male,Graduate,Married,34,200000,7468,5023,618,605,3098,805,5048,621,608,3114,1003,-25,-3,-3,-16,-198,0
Male,University,Single,35,200000,27784,33877,35420,26609,25392,23367,10000,10000,2000,5000,5000,23877,25420,24609,20392,18367,0
Male,Graduate,Single,41,500000,1296,0,0,0,0,2300,0,0,0,0,2300,0,0,0,0,0,0
Male,University,Married,39,50000,31476,30676,33261,32427,34579,35476,0,3400,0,2700,1600,30676,29861,32427,31879,33876,1
Male,University,Single,38,130000,-470,-470,-470,-470,47296,0,0,0,0,47766,0,-470,-470,-470,-470,0,0
Male,University,Single,31,230000,100074,107085,115039,117144,117429,117560,9000,10000,6000,3405,3000,98085,105039,111144,114024,114560,0
Male,Graduate,Single,34,260000,916,2615,1580,920,730,466,2615,1586,920,730,466,0,-6,0,0,0,0
Male,University,Married,46,260000,57963,262696,247462,252073,195628,199646,247562,9000,8300,6576,7000,15134,238462,243773,189052,192646,0
Male,University,Single,30,160000,750,370,-20,780,0,1470,400,0,800,0,1470,-30,-20,-20,0,0,0
Male,University,Married,40,250000,65087,62216,39814,34374,34768,38830,0,2000,1871,1265,4643,62216,37814,32503,33503,34187,1
Male,Graduate,Single,30,180000,0,0,0,0,0,0,0,0,0,0,0,0,0,0,0,0,0
Male,Graduate,Married,32,20000,12720,13451,14786,15532,16767,17104,1250,1554,1300,1500,750,12201,13232,14232,15267,16354,1
Male,Graduate,Married,37,270000,160069,156346,159223,165480,76144,77944,6000,7000,9000,5000,3000,150346,152223,156480,71144,74944,1
Male,Graduate,Married,47,280000,3587,3187,3190,1982,3590,3590,3200,3203,1992,3608,3600,-13,-13,-10,-18,-10,0
Male,University,Single,30,30000,7038,8052,10153,9761,9960,4010,1291,2392,1000,199,80,6761,7761,8761,9761,3930,0
Male,University,Single,36,450000,8012,4009,5226,4715,3275,6422,4021,5241,4729,3284,6441,-12,-15,-14,-9,-19,1
Male,Graduate,Married,33,360000,21936,35331,30580,34985,39585,49735,14000,5000,5000,5000,10150,21331,25580,29985,34585,39585,0
Male,University,Single,36,20000,18458,17334,16768,17539,18775,18586,1450,0,1134,1370,1000,15884,16768,16405,17405,17586,0
Male,High School,Single,40,200000,316,316,316,316,316,316,316,316,316,316,316,0,0,0,0,0,1
Male,Graduate,Married,46,500000,16347,20496,14509,16910,10854,16809,17029,8014,14030,7012,16016,3467,6495,2880,3842,793,0
Male,Graduate,Married,42,200000,-6028,10177,10229,7899,4553,4252,20405,10426,8008,4575,4273,-10228,-197,-109,-22,-21,0
Male,High School,Married,39,450000,28499,13119,9983,4904,45338,51646,1214,3109,4904,45338,7570,11905,6874,0,0,44076,0
Male,University,Single,37,20000,3254,2522,0,780,390,390,2000,0,780,0,390,522,0,0,390,0,1
Male,Graduate,Married,42,500000,9894,1500,14148,28190,7423,3588,1500,14148,20000,0,0,0,0,8190,7423,3588,0
Male,Graduate,Single,31,260000,102350,96133,90183,89846,101034,84152,4033,4000,4005,14066,3017,92100,86183,85841,86968,81135,0
Male,Graduate,Married,38,60000,46389,49808,48736,49525,57564,56517,4200,0,1900,8900,0,45608,48736,47625,48664,56517,1
Male,University,Married,37,10000,8487,9003,0,390,4555,5165,2008,0,390,4555,1000,6995,0,0,0,4165,0
Male,University,Married,34,240000,133272,133373,138006,136195,140860,138787,6000,9583,6000,10000,4974,127373,128423,130195,130860,133813,0
Male,Graduate,Married,43,480000,377420,389573,400693,393892,348733,331930,20000,20000,20005,15000,15000,369573,380693,373887,333733,316930,0
Male,Graduate,Married,38,520000,98615,102085,102762,104865,106947,109507,5102,3800,3803,3822,4277,96983,98962,101062,103125,105230,0
Male,University,Married,42,20000,20745,21431,19745,19943,19235,19245,1373,1386,1189,570,589,20058,18359,18754,18665,18656,1
Male,Graduate,Single,33,180000,3060,1854,3238,2106,1510,1746,1000,2500,0,1000,500,854,738,2106,510,1246,0
Male,University,Married,43,290000,172,1930,1752,3710,3848,4285,1930,0,2000,200,500,0,1752,1710,3648,3785,0
Male,High School,Single,40,50000,43530,43344,46616,48872,19981,16554,2000,4000,4500,2000,1000,41344,42616,44372,17981,15554,1
Male,Graduate,Single,39,500000,297309,290425,286959,278420,291642,286666,10322,13500,10000,30000,12000,280103,273459,268420,261642,274666,0
Male,University,Single,40,100000,95600,87442,60737,66077,68990,70724,15037,5003,8058,8000,3000,72405,55734,58019,60990,67724,0
Male,Graduate,Married,39,300000,20938,21064,26041,18158,18147,45199,21169,26171,18249,18238,45301,-105,-130,-91,-91,-102,0
Male,Graduate,Married,40,130000,62177,60580,65489,66327,64665,68740,0,5900,2500,0,5300,60580,59589,63827,64665,63440,0
Male,Graduate,Married,50,500000,2112,6000,2079,2710,2040,-55,6031,2509,2713,2010,0,-31,-430,-3,30,-55,0
Male,University,Married,55,220000,757,757,3257,757,757,757,757,3257,757,757,757,0,0,0,0,0,0
Male,High School,Married,63,260000,261326,264126,244115,248831,263528,258973,9166,9001,9061,19155,1,254960,235114,239770,244373,258972,0
Male,University,Married,51,50000,40197,41240,37093,32925,26640,22247,2044,2000,1547,2388,944,39196,35093,31378,24252,21303,1
Male,University,Single,55,110000,51716,113395,111693,115073,111811,111719,65668,4267,9455,0,3991,47727,107426,105618,111811,107728,1
Male,Graduate,Married,49,350000,27506,4213,1518,4625,363,858,4213,1529,4713,363,858,0,-11,-88,0,0,0
Male,University,Married,48,180000,1294,1294,1466,1294,2324,264,1294,1466,1294,2324,264,0,0,0,0,0,0
Male,High School,Single,50,120000,118506,118930,125089,122242,119996,122049,4500,9000,1609,5000,5000,114430,116089,120633,114996,117049,0
Male,University,Married,51,460000,326,827,289,44517,36065,6591,831,290,44558,101,6621,-4,-1,-41,35964,-30,1
Male,University,Married,52,250000,29860,29086,33288,32459,34600,36539,0,5000,0,3000,2500,29086,28288,32459,31600,34039,1
Male,University,Married,58,50000,60524,61627,56937,51506,45058,37598,2200,2297,1751,1086,3307,59427,54640,49755,43972,34291,0
Male,Graduate,Married,56,350000,257463,256706,257944,149040,144639,139558,10023,7700,5162,5025,5041,246683,250244,143878,139614,134517,0
Male,High School,Married,52,20000,16049,19967,19368,18759,19131,19533,4519,0,0,683,709,15448,19368,18759,18448,18824,1
Male,University,Married,49,290000,4040,5438,3116,13459,2685,2532,5457,3131,13526,2698,2544,-19,-15,-67,-13,-12,0
Male,Graduate,Married,50,500000,70144,74850,76463,77611,78735,80430,6500,3400,3000,3000,3100,68350,73063,74611,75735,77330,1
Male,Graduate,Single,57,240000,224041,238077,245387,248945,224776,11567,18800,12000,10000,20019,3000,219277,233387,238945,204757,8567,0
Male,University,Single,52,50000,45840,47595,28491,3642,12291,16674,8000,8080,15012,10000,8000,39595,20411,-11370,2291,8674,0
Male,Graduate,Married,50,180000,62782,66114,69436,72560,76169,77988,5000,5000,5000,5000,3000,61114,64436,67560,71169,74988,0
Male,High School,Married,52,500000,30561,38207,18008,29158,11484,103340,38219,18008,29248,11484,103340,-12,0,-90,0,0,0
Male,University,Single,51,110000,110950,69564,51264,51584,49601,50485,2500,2500,1800,1800,2000,67064,48764,49784,47801,48485,0
Male,University,Married,53,500000,-12,1270,4338,1080,2576,6200,1282,4338,1100,2576,1024,-12,0,-20,0,5176,0
Male,University,Married,53,30000,29557,30091,28247,28884,29523,30672,1427,2973,1500,1100,2000,28664,25274,27384,28423,28672,0
Male,Graduate,Married,53,600000,458652,467150,458862,469703,447130,440982,17000,0,18000,16000,16000,450150,458862,451703,431130,424982,1
Male,Graduate,Married,60,80000,49246,53315,47740,50100,0,0,5000,3300,6267,0,0,48315,44440,43833,0,0,0
Male,Graduate,Married,61,270000,15194,16934,18533,8855,3140,5140,2000,2000,2000,1000,2000,14934,16533,6855,2140,3140,0
Male,High School,Single,56,30000,32758,33720,32779,31557,30094,27223,1521,1580,1358,895,1217,32199,31199,30199,29199,26006,0
Female,University,Single,22,20000,9498,9202,10741,12326,11888,9351,0,2000,1800,0,900,9202,8741,10526,11888,8451,1
Female,Graduate,Single,23,20000,19175,19889,17703,18690,19065,19261,1575,1400,1300,643,862,18314,16303,17390,18422,18399,0
Male,High School,Married,56,90000,48900,37039,36334,34214,30789,28994,2000,4000,1100,0,1050,35039,32334,33114,30789,27944,1
Male,University,Married,59,160000,1443,1443,1443,1443,1443,1443,1443,1443,1443,1443,1443,0,0,0,0,0,0
Female,University,Single,23,90000,87727,89402,88118,87852,49042,49251,3160,3688,4559,1665,1707,86242,84430,83293,47377,47544,0
Female,University,Single,24,60000,0,948,948,632,316,316,948,0,0,0,316,0,948,632,316,0,1
Female,High School,Single,24,20000,12509,0,0,0,13398,7224,0,0,0,13398,0,0,0,0,0,7224,0
Female,University,Single,25,120000,827,827,827,827,1654,827,827,827,827,1654,0,0,0,0,0,827,0
Female,University,Married,27,20000,19667,15,15,41,10522,12340,0,0,26,19700,2000,15,15,15,-9178,10340,0
Female,University,Single,28,130000,120208,111999,114413,116721,117795,120511,5500,5700,5692,4500,4850,106499,108713,111029,113295,115661,1
Female,University,Single,27,90000,18525,14242,25574,21948,19689,11026,10105,16776,19689,0,5000,4137,8798,2259,19689,6026,0
Female,Graduate,Single,27,430000,389,389,389,383,1462,389,390,390,384,1469,390,-1,-1,-1,-7,-1,0
Female,Graduate,Single,27,360000,0,0,12063,6080,0,0,0,12063,6080,0,0,0,0,0,0,0,0
Female,Graduate,Single,22,10000,9791,7052,6816,5210,0,0,1275,2500,1000,0,0,5777,4316,4210,0,0,0
Female,University,Single,25,210000,648,34601,30853,13774,3988,0,39637,1371,1000,11197,0,-5036,29482,12774,-7209,0,0
Female,High School,Married,30,120000,757,757,1549,757,757,1328,757,1549,757,757,1328,0,0,0,0,0,0
Female,University,Married,30,120000,121038,121211,119339,122334,121254,122094,4700,4400,5000,4600,5000,116511,114939,117334,116654,117094,0
Female,Graduate,Single,30,100000,92162,93769,95163,74656,65718,78474,3800,3420,80,1800,17000,89969,91743,74576,63918,61474,0
Female,University,Single,28,60000,5669,6328,8460,10146,9413,15997,2000,3000,2500,0,15997,4328,5460,7646,9413,0,1
Female,Graduate,Single,25,20000,0,0,0,6000,16321,286,0,0,6000,16321,286,0,0,0,0,0,0
Female,University,Single,26,200000,0,0,0,0,0,0,0,0,0,0,0,0,0,0,0,0,0
Female,High School,Single,26,90000,3268,6745,3402,8652,5381,7190,6745,1131,5381,4,7190,0,2271,3271,5377,0,1
Female,Graduate,Single,28,220000,53342,56022,5806,5637,23054,10730,5000,5806,5637,23054,0,51022,0,0,0,10730,0
Female,University,Married,40,180000,22523,20831,1537,-43,-43,-43,2045,1000,0,0,0,18786,537,-43,-43,-43,0
Female,Graduate,Single,31,320000,77052,65457,62680,62597,60080,55314,3000,3000,3017,2100,3000,62457,59680,59580,57980,52314,0
Female,University,Single,29,280000,7545,2549,3266,10501,10131,8471,2709,3284,11001,8,6,-160,-18,-500,10123,8465,0
Female,University,Single,30,130000,396,792,396,792,396,396,792,0,792,0,396,0,396,0,396,0,0
Female,Graduate,Single,30,280000,0,230,0,327,168,168,230,0,327,0,0,0,0,0,168,168,1
Female,University,Married,30,50000,86750,42968,43444,40616,2008,-1500,4000,4013,5000,5000,5000,38968,39431,35616,-2992,-6500,0
Female,University,Single,33,200000,10111,2900,0,0,0,4549,0,0,0,0,4549,2900,0,0,0,0,0
Female,Graduate,Single,33,320000,2722,11040,9422,0,1200,1150,11040,9422,0,1200,1150,0,0,0,0,0,0
Female,University,Married,37,90000,2330,1073,2323,1073,1073,9699,0,2323,0,1073,9699,1073,0,1073,0,0,0
Female,University,Married,34,180000,314,8000,0,0,0,600,8000,0,0,0,600,0,0,0,0,0,0
Female,University,Married,35,140000,62244,55125,48943,42337,35446,29383,2000,2200,2000,1300,2000,53125,46743,40337,34146,27383,0
Female,Graduate,Single,36,330000,43943,41738,37766,37117,30555,13420,5019,1952,2000,814,475,36719,35814,35117,29741,12945,0
Female,University,Single,25,90000,0,840,420,0,1140,150,840,420,0,1140,0,0,0,0,0,150,1
Female,University,Single,27,180000,53490,54552,56300,56831,57958,59330,1952,2627,2063,2072,2303,52600,53673,54768,55886,57027,0
Female,Graduate,Married,38,200000,5625,12125,13300,3450,13880,5147,12125,13416,3450,13880,5147,0,-116,0,0,0,0
Female,University,Married,38,270000,2974,3562,5061,5500,116681,119553,1071,2000,1000,116681,5000,2491,3061,4500,0,114553,0
Female,Graduate,Single,23,60000,51275,41950,40861,35638,32147,19796,2000,1718,3800,2000,2386,39950,39143,31838,30147,17410,0
Female,University,Single,26,80000,24986,23000,1000,0,0,0,2000,1000,0,0,0,21000,0,0,0,0,0
Female,Graduate,Single,29,250000,1381,1381,7014,1581,36022,34011,1381,7014,1581,36022,10000,0,0,0,0,24011,1
Female,University,Married,32,270000,276339,264141,270573,275560,243792,251098,11000,12000,11000,8700,11077,253141,258573,264560,235092,240021,0
Female,Graduate,Single,40,170000,15442,16869,21014,18517,9058,5035,2000,5020,2000,3000,1000,14869,15994,16517,6058,4035,0
Female,University,Married,36,250000,253627,239250,245611,33017,182078,184036,10153,11000,4701,190071,8000,229097,234611,28316,-7993,176036,0
Female,University,Married,38,360000,994,0,27566,28558,12495,18906,0,27566,2513,12495,8906,0,0,26045,0,10000,0
Female,University,Married,34,310000,86769,87842,42594,26198,26766,27341,2800,3021,1600,1000,1000,85042,39573,24598,25766,26341,0
Female,University,Married,39,200000,0,21801,62433,-82,16550,5239,21801,42745,0,16632,5265,0,19688,-82,-82,-26,0
Female,High School,Married,42,130000,0,0,0,0,0,0,0,0,0,0,0,0,0,0,0,0,0
Female,University,Married,49,310000,52439,44350,34608,21262,11944,-2571,2042,1562,1118,1139,2195,42308,33046,20144,10805,-4766,0
Female,University,Single,34,200000,19252,10000,0,0,0,0,1000,0,0,0,0,9000,0,0,0,0,0
Female,University,Married,35,190000,187777,189420,192058,185995,188649,190700,8300,8900,6700,6699,7400,181120,183158,179295,181950,183300,0
Female,University,Married,36,210000,26656,2641,0,0,0,0,2641,0,0,0,0,0,0,0,0,0,0
Female,University,Married,36,100000,5788,5802,14562,6930,5958,1448,1600,14562,6969,5958,1448,4202,0,-39,0,0,0
Female,University,Married,39,90000,90880,87502,91442,89804,87213,90441,0,7300,1144,3265,6788,87502,84142,88660,83948,83653,0
Female,University,Single,41,290000,268498,272517,275748,277300,209747,212027,10000,12000,8000,7000,7000,262517,263748,269300,202747,205027,0
Female,University,Married,42,200000,8050,0,1560,0,0,0,0,1560,0,0,0,0,0,0,0,0,0
Female,Graduate,Single,40,120000,326,326,326,12055,11968,12968,326,326,12055,239,1000,0,0,0,11729,11968,0
Female,University,Married,37,130000,41200,42532,46413,45000,45800,0,2019,4900,0,1000,0,40513,41513,45000,44800,0,1
Female,High School,Married,46,150000,38985,36466,31907,33300,34681,36060,10107,20000,10000,10000,10000,26359,11907,23300,24681,26060,0
Female,Graduate,Married,37,220000,14298,100606,11202,21683,10860,12534,101405,11202,21778,10860,12534,-799,0,-95,0,0,0
Female,University,Married,37,200000,97645,99894,97400,4283,145769,143712,3952,4500,4283,148192,5133,95942,92900,0,-2423,138579,0
Female,High School,Married,37,120000,3140,448,0,0,0,10614,448,0,0,0,10614,0,0,0,0,0,0
Female,University,Single,37,200000,-1,297,-2,-2,-2,-2,298,0,0,0,0,-1,-2,-2,-2,-2,0
Female,University,Married,41,100000,1594,4612,2098,3494,2086,2379,4612,2099,3494,2086,2379,0,-1,0,0,0,0
Female,University,Single,43,130000,109464,106613,107700,103736,101414,100157,3835,5433,4431,6938,3467,102778,102267,99305,94476,96690,0
Female,University,Single,55,10000,9193,7653,8337,8356,8527,4694,0,1201,1000,171,94,7653,7136,7356,8356,4600,1
Female,University,Married,45,150000,135260,144927,148990,70303,64749,66206,12000,7007,3000,3000,2500,132927,141983,67303,61749,63706,0
Female,High School,Married,42,60000,29243,31093,26401,326,324,1126,3032,1454,326,324,1130,28061,24947,0,0,-4,0
Male,High School,Single,27,130000,133019,133178,132355,131797,131457,132202,6000,6000,5000,5000,5000,127178,126355,126797,126457,127202,0
Male,Graduate,Single,22,50000,45192,9920,16991,17727,18391,18490,5000,31991,1500,1200,10000,4920,-15000,16227,17191,8490,0
Male,Graduate,Single,27,410000,7189,15646,15678,40512,17884,34251,16090,16076,40203,17974,34518,-444,-398,309,-90,-267,0
Male,Graduate,Single,29,210000,0,0,1865,-3,-3,3677,0,1865,0,0,3680,0,0,-3,-3,-3,0
Male,University,Single,30,140000,1288,-4925,136239,137748,81195,47338,0,143200,5200,2352,2000,-4925,-6961,132548,78843,45338,0
Male,High School,Married,31,80000,28175,57433,61513,59769,61937,66088,30000,5000,0,3000,5000,27433,56513,59769,58937,61088,1
Male,University,Single,31,30000,10916,11940,11462,13263,12758,13545,1500,0,2300,0,1300,10440,11462,10963,12758,12245,1
Male,Graduate,Married,32,200000,760,380,760,380,380,0,0,760,0,380,0,380,0,380,0,0,0
Male,Graduate,Single,31,550000,17516,1600,94,100,704,7480,0,94,112,704,7491,1600,0,-12,0,-11,0
Male,University,Single,24,80000,-1461,-1461,-1458,16950,16475,19284,0,3,18950,0,5889,-1461,-1461,-2000,16475,13395,1
Male,Graduate,Single,25,50000,49357,49983,50516,50987,48960,48691,2100,2000,2500,2000,1800,47883,48516,48487,46960,46891,0
Male,Graduate,Single,26,30000,24599,23397,22721,22403,21972,22512,1700,0,1700,900,1000,21697,22721,20703,21072,21512,0
Male,Graduate,Single,26,100000,2724,46286,46435,4398,3437,3476,45000,2300,1000,0,1000,1286,44135,3398,3437,2476,0
Male,Graduate,Single,27,70000,2219,0,0,0,0,1453,0,0,0,0,1453,0,0,0,0,0,0
Male,Graduate,Single,32,220000,13596,34661,29084,31770,3322,32528,34661,11000,31770,3322,32528,0,18084,0,0,0,0
Male,University,Single,25,30000,0,1170,390,0,9494,11473,1170,0,0,9494,3000,0,390,0,0,8473,1
Male,University,Single,28,250000,22303,51749,186394,9458,6620,10040,51762,186398,9467,6620,10040,-13,-4,-9,0,0,0
Male,High School,Single,28,20000,18953,14043,13266,14340,15301,14916,18,1600,1600,1500,0,14025,11666,12740,13801,14916,0
Male,University,Single,29,210000,118905,118620,78297,36137,33264,29493,5000,4000,2000,2000,2000,113620,74297,34137,31264,27493,0
Male,Graduate,Single,29,360000,0,0,0,0,0,0,0,0,0,0,0,0,0,0,0,0,0
Male,University,Single,29,170000,23070,186183,164405,93983,2806,1732,164000,7000,5215,3500,2000,22183,157405,88768,-694,-268,0
Male,University,Single,29,10000,9363,9990,-10,6390,6682,7271,1000,0,6400,400,700,8990,-10,-10,6282,6571,0
Male,University,Single,30,280000,31272,40688,139417,144087,147694,155284,10000,100000,7000,6000,10000,30688,39417,137087,141694,145284,1
Male,University,Single,22,30000,4921,3810,3890,2199,2209,1429,1500,2000,2000,400,0,2310,1890,199,1809,1429,1
Male,University,Single,24,20000,15110,16548,17443,16216,18027,12364,2000,1500,1500,2000,0,14548,15943,14716,16027,12364,0
Male,Graduate,Single,26,10000,6376,7386,8581,9765,10066,10151,1121,1316,1500,450,500,6265,7265,8265,9616,9651,1
Male,University,Single,26,80000,350,-40,70,180,-210,220,0,500,500,0,820,-40,-430,-320,-210,-600,0
Male,Graduate,Single,29,360000,109997,205119,209680,213527,174907,126309,100000,8270,8423,6753,5139,105119,201410,205104,168154,121170,0
Male,Graduate,Single,31,250000,-160,-550,450,330,-60,1540,0,1390,660,0,1600,-550,-940,-330,-60,-60,0
Male,University,Single,33,170000,2754,2754,2754,2754,2754,2754,2754,2754,2754,2754,2754,0,0,0,0,0,0
Male,Graduate,Single,33,80000,73983,75454,77738,77235,76835,34751,3300,4100,2000,0,0,72154,73638,75235,76835,34751,1
Male,University,Married,33,130000,39251,40772,40437,9919,10295,7964,2500,3200,1200,500,447,38272,37237,8719,9795,7517,0
Male,University,Single,34,260000,32324,24103,20158,12619,176498,172274,1503,2260,3030,170039,6227,22600,17898,9589,6459,166047,0
Male,University,Married,31,20000,21676,21054,20442,19773,20238,18062,0,0,0,1000,1000,21054,20442,19773,19238,17062,0
Male,Graduate,Married,32,400000,187698,190103,195498,0,0,0,7000,10000,0,0,0,183103,185498,0,0,0,1
Male,Graduate,Married,33,220000,586,-64,942,5378,126,3419,0,1006,6031,1003,4003,-64,-64,-653,-877,-584,0
Male,High School,Single,27,180000,172511,177587,175867,159053,126688,122947,8008,6528,6500,5000,5000,169579,169339,152553,121688,117947,0
Male,University,Single,29,10000,9893,8694,8365,9526,9711,9764,1125,1146,1307,492,357,7569,7219,8219,9219,9407,0
Male,High School,Single,53,500000,17362,16666,16666,16666,33923,16666,16666,16666,16666,33923,0,0,0,0,0,16666,0
Male,University,Single,35,50000,47816,49694,48543,46366,9076,9812,3000,3000,3019,3000,1000,46694,45543,43347,6076,8812,0
Male,University,Married,36,180000,15315,0,0,0,500,2240,0,0,0,500,2240,0,0,0,0,0,0
Male,University,Married,39,370000,3633,1746,3677,1746,1746,1746,0,3677,0,1746,1746,1746,0,1746,0,0,0
Male,Graduate,Married,37,360000,68438,71287,73406,74397,75467,79841,4000,3009,3509,3500,5000,67287,70397,70888,71967,74841,0
Male,University,Married,41,230000,33842,35273,36693,37006,36519,31204,2000,2000,2000,2500,2000,33273,34693,35006,34019,29204,0
Male,Graduate,Married,45,270000,0,278,608,494,315,0,278,608,494,315,0,0,0,0,0,0,0
Male,Graduate,Married,35,150000,5819,805,-48,8029,2188,9157,809,0,8077,2199,9202,-4,-48,-48,-11,-45,0
Male,University,Married,37,170000,0,0,0,0,0,0,0,0,0,0,0,0,0,0,0,0,0
Male,University,Married,41,10000,3311,7244,3980,0,9263,3693,7244,4000,0,9263,3693,0,-20,0,0,0,0
Male,Graduate,Married,47,210000,8417,15271,12803,13984,9958,13066,15271,12831,13996,9958,13066,0,-28,-12,0,0,0
Male,Graduate,Married,39,270000,10648,0,15332,9094,225604,7443,0,3119,9124,225616,7443,0,12213,-30,-12,0,0
Male,University,Single,44,50000,15735,15681,35492,7988,8986,10463,1500,3100,3000,1500,2000,14181,32392,4988,7486,8463,0
Male,University,Married,34,250000,6461,8117,2200,3772,8650,17650,8117,2200,3772,8650,10000,0,0,0,0,7650,0
Male,Graduate,Single,35,50000,50481,48264,19142,18188,18397,18161,3183,1565,7240,795,1000,45081,17577,10948,17602,17161,1
Male,University,Married,35,280000,202260,102097,104596,106950,87706,88396,4000,4000,4000,3000,3600,98097,100596,102950,84706,84796,0
Male,University,Married,35,210000,5811,0,0,0,1243,0,0,0,0,1243,0,0,0,0,0,0,0
Male,Graduate,Married,45,360000,0,709,0,0,0,0,709,0,0,0,0,0,0,0,0,0,0
Male,University,Married,44,250000,254933,244433,249882,248013,99071,98928,8754,10866,5592,2212,2565,235679,239016,242421,96859,96363,0
Male,Other,Married,40,170000,69072,153837,144225,111983,0,0,100467,50269,3567,0,0,53370,93956,108416,0,0,0
Male,University,Single,38,140000,137611,135905,142477,140617,139353,140953,6010,12500,4009,5000,6000,129895,129977,136608,134353,134953,0
Female,University,Single,21,30000,28409,28530,29435,30841,29434,16565,2000,2000,2000,1765,331,26530,27435,28841,27669,16234,0
Female,University,Married,22,20000,14414,15424,16448,17462,18305,17871,1554,1578,1592,1435,0,13870,14870,15870,16870,17871,1
Female,University,Single,22,50000,50784,50670,50222,20013,39721,30526,2300,2000,1682,41803,1261,48370,48222,18331,-2082,29265,0
Female,Graduate,Single,21,50000,36809,33121,29672,22365,12702,4134,5143,5000,1021,0,3000,27978,24672,21344,12702,1134,0
Female,University,Single,22,60000,60330,60382,60264,46149,28990,30067,2500,2501,1506,1000,1500,57882,57763,44643,27990,28567,1
Male,Graduate,Married,51,170000,316,316,316,316,316,316,316,316,316,316,316,0,0,0,0,0,0
Male,Graduate,Married,42,220000,2358,156,0,50510,2202,4533,156,0,50510,0,5131,0,0,0,2202,-598,0
Female,University,Married,30,50000,27369,6425,4580,0,0,0,0,1050,0,0,0,6425,3530,0,0,0,0
Female,University,Single,23,20000,19242,15014,13484,7612,8612,5007,1500,1535,1000,1000,1000,13514,11949,6612,7612,4007,0
Female,University,Married,38,20000,19520,16247,6687,5165,5060,2180,1623,1262,1101,2180,0,14624,5425,4064,2880,2180,0
Female,University,Single,30,50000,49310,48210,48673,33270,7689,15529,0,2310,1900,400,8000,48210,46363,31370,7289,7529,1
Female,Graduate,Married,27,160000,146643,151342,152714,141957,140605,143519,6645,4844,6368,3961,4086,144697,147870,135589,136644,139433,0
Female,University,Single,27,400000,20030,3497,6725,6016,8985,14705,3513,6742,1435,9030,14778,-16,-17,4581,-45,-73,0
Female,University,Single,27,140000,134936,137328,138767,137231,128228,110803,6700,6704,5000,4155,4100,130628,132063,132231,124073,106703,0
Female,Graduate,Single,27,80000,993,1528,1138,4130,3740,1404,1528,1499,4130,0,1404,0,-361,0,3740,0,0
Female,University,Single,27,140000,137582,145941,142243,138383,131645,123840,12100,0,0,6000,5000,133841,142243,138383,125645,118840,0
Female,Graduate,Married,27,340000,307650,0,0,495,495,1528,0,0,495,495,1528,0,0,0,0,0,0
Female,University,Single,26,70000,7053,9761,50926,48588,49323,50685,3000,45000,3000,2000,2500,6761,5926,45588,47323,48185,0
Female,Graduate,Single,26,130000,0,365,894,6006,1385,1666,365,894,6006,1385,1666,0,0,0,0,0,0
Female,High School,Single,22,30000,41867,38195,37026,34579,32477,32477,0,2145,1400,1000,0,38195,34881,33179,31477,32477,1
Female,University,Single,23,90000,23362,23255,23539,28986,27079,21966,9025,3539,9000,650,584,14230,20000,19986,26429,21382,0
Female,University,Married,23,30000,28108,27228,24921,25945,20634,1600,0,1500,5229,942,1704,27228,23421,20716,19692,-104,0
Female,University,Single,22,100000,96491,94043,97522,97696,90605,85293,0,5000,3000,2113,2995,94043,92522,94696,88492,82298,0
Female,University,Married,23,20000,15988,16219,17626,18398,19052,15429,794,1674,1446,1100,0,15425,15952,16952,17952,15429,0
Female,Graduate,Single,24,30000,736,1472,736,736,736,1423,1472,0,736,736,1423,0,736,0,0,0,0
Female,Graduate,Single,23,90000,60374,57829,59492,68365,66832,69248,3000,2600,10000,0,3500,54829,56892,58365,66832,65748,0
Female,Graduate,Single,23,20000,17476,18807,15784,19062,19444,20004,2000,1500,4300,624,800,16807,14284,14762,18820,19204,1
Female,University,Single,22,30000,200,200,200,200,29847,30089,0,0,0,29847,340,200,200,200,0,29749,0
Female,Graduate,Single,22,80000,6518,65145,53655,50279,41166,28657,65145,2386,2000,2000,3000,0,51269,48279,39166,25657,0
Female,High School,Single,25,200000,7930,5790,9853,5334,5481,11344,1343,5033,3516,5497,11378,4447,4820,1818,-16,-34,0
Female,High School,Single,23,60000,60465,60100,58795,47818,28357,29309,3000,2148,3049,3000,3002,57100,56647,44769,25357,26307,0
Female,University,Single,22,60000,60434,60935,56585,77520,29002,30274,2141,3085,3623,0,3158,58794,53500,73897,29002,27116,0
Female,University,Married,22,80000,79026,81521,83628,152452,0,0,4400,4001,12,0,0,77121,79627,152440,0,0,1
Female,Graduate,Other,22,20000,14033,14993,16244,18300,18100,-1900,1500,1800,2800,0,0,13493,14444,15500,18100,-1900,1
Female,University,Single,22,130000,29929,27812,21213,15443,25371,4264,3412,1700,0,15571,4264,24400,19513,15443,9800,0,0
Female,University,Single,22,20000,6655,9711,12450,13949,13437,13082,3200,2900,2000,0,0,6511,9550,11949,13437,13082,1
Female,Graduate,Single,23,50000,1980,269,-721,-710,29114,27154,269,710,268,45171,1036,0,-1431,-978,-16057,26118,0
Female,University,Married,23,60000,58032,61026,44438,35619,30210,1527,4800,0,1539,1500,1527,56226,44438,34080,28710,0,1
Female,University,Single,23,100000,90680,93267,95189,96332,97560,95885,5000,4300,3600,3700,0,88267,90889,92732,93860,95885,0
Female,High School,Single,24,70000,5633,6646,7665,8836,9532,9730,1114,1133,1304,1000,351,5532,6532,7532,8532,9379,0
Female,High School,Single,22,30000,9340,10533,10221,16808,17738,17174,1500,0,6808,1502,0,9033,10221,10000,16236,17174,1
Female,Graduate,Single,22,10000,6251,6498,6744,6977,6593,7481,500,500,500,242,1000,5998,6244,6477,6351,6481,0
Female,University,Single,23,10000,5403,6462,7479,8489,9007,9227,1300,1272,1282,800,500,5162,6207,7207,8207,8727,0
Female,High School,Single,23,50000,35158,34364,34212,33886,32929,34549,1544,1861,2004,1324,3768,32820,32351,31882,31605,30781,1
Female,University,Single,24,30000,0,0,0,0,0,0,0,0,0,0,0,0,0,0,0,0,0
Female,University,Single,24,30000,26581,27080,26759,27186,27208,27234,1500,1445,1425,1000,1000,25580,25314,25761,26208,26234,1
Female,High School,Single,24,100000,54938,55621,56999,57748,62489,60984,1985,2664,2700,6700,0,53636,54335,55048,55789,60984,0
Female,High School,Single,24,30000,31073,30279,30428,30485,31012,30402,0,1500,2700,1300,0,30279,28928,27785,29712,30402,1
Female,University,Single,24,90000,15985,11413,61879,56377,51068,51722,4000,55000,3750,2500,2500,7413,6879,52627,48568,49222,0
Female,University,Single,24,140000,50643,51916,52903,53652,52201,55497,2400,2400,2200,0,4300,49516,50503,51452,52201,51197,1
Female,University,Married,24,50000,25207,25435,0,0,0,0,1000,0,0,0,0,24435,0,0,0,0,0
Female,University,Single,24,70000,64927,58840,42859,0,0,2254,2177,5000,0,0,2254,56663,37859,0,0,0,0
Female,University,Single,25,10000,8599,9695,10385,9987,9987,0,1400,1000,0,0,0,8295,9385,9987,9987,0,1
Female,University,Single,24,20000,12764,12267,13266,12756,13801,13439,0,1500,0,1259,0,12267,11766,12756,12542,13439,1
Female,University,Single,44,100000,12566,2421,3360,2845,2505,2158,3061,1390,6477,50,43,-640,1970,-3632,2455,2115,0
Female,Graduate,Single,27,130000,116186,111703,105091,100046,96090,90359,5500,4500,3500,6011,3200,106203,100591,96546,90079,87159,0
Female,University,Single,24,130000,12163,21895,18885,19057,2511,10358,10095,7005,6013,2511,10358,11800,11880,13044,0,0,0
Female,University,Single,23,80000,77894,79427,79514,72712,42309,43227,2850,2874,2335,1600,1600,76577,76640,70377,40709,41627,0
Female,University,Single,23,50000,48409,39572,16922,19319,17644,18209,1605,1603,3000,0,1000,37967,15319,16319,17644,17209,0
Female,Graduate,Single,23,50000,50668,46576,46225,46473,45099,45116,0,2120,2810,1000,2083,46576,44105,43663,44099,43033,1
Female,University,Married,24,150000,1473,1473,3323,5953,2559,4509,1473,3323,5970,2571,4515,0,0,-17,-12,-6,0
Female,University,Other,24,50000,40901,37962,26566,9866,5386,5651,1600,6207,1465,2200,1000,36362,20359,8401,3186,4651,0
Female,University,Single,26,70000,105338,100820,96815,90968,86011,81276,3600,3990,2700,2300,2300,97220,92825,88268,83711,78976,0
Female,University,Married,26,30000,30372,30954,30670,29856,30584,27883,1805,2074,0,2304,0,29149,28596,29856,28280,27883,1
Female,Graduate,Single,25,390000,21382,19133,19327,26992,33483,37465,4000,5000,11417,10000,10000,15133,14327,15575,23483,27465,0
Female,University,Single,25,80000,36808,38190,39571,40775,40592,20650,2000,2000,1867,1784,1050,36190,37571,38908,38808,19600,0
Female,Graduate,Single,26,70000,41614,43610,46581,47634,51305,52580,3000,4000,1829,4500,2100,40610,42581,45805,46805,50480,0
Female,University,Single,23,30000,10550,11670,13469,14045,14509,16962,1300,2000,1100,1000,2700,10370,11469,12945,13509,14262,1
Female,University,Single,23,60000,45995,44955,20264,20614,20877,21535,2400,1700,1403,1000,1000,42555,18564,19211,19877,20535,0
Female,High School,Married,24,20000,13506,14772,16520,17623,15237,13776,1500,2000,1500,506,803,13272,14520,16123,14731,12973,0
Female,University,Single,25,70000,73939,70488,51152,35122,28633,28039,3000,2000,4500,1200,0,67488,49152,30622,27433,28039,1
Female,University,Single,25,200000,195520,195884,194045,189557,177185,171010,7080,8000,7011,8500,6010,188804,186045,182546,168685,165000,0
Female,University,Single,23,50000,48227,48273,42670,49263,18296,34822,2000,2520,20000,1000,1000,46273,40150,29263,17296,33822,0
Female,University,Married,27,50000,52180,51009,49025,38697,18561,18952,0,2080,1600,657,683,51009,46945,37097,17904,18269,0
Female,University,Single,23,20000,13858,15121,16472,18087,17499,17868,1500,1600,2200,0,650,13621,14872,15887,17499,17218,0
Female,Graduate,Single,23,50000,34443,33590,34651,35677,36485,37300,0,1600,1600,1400,1400,33590,33051,34077,35085,35900,0
Female,University,Single,24,90000,35411,17417,26046,10689,12455,15181,10000,14790,5000,5249,9932,7417,11256,5689,7206,5249,0
Female,University,Single,24,100000,177646,94299,96389,97571,86202,92282,7900,4500,3800,3500,7500,86399,91889,93771,82702,84782,0
Female,University,Single,24,70000,61094,62483,63882,64733,66680,71243,3000,3000,2500,3000,5800,59483,60882,62233,63680,65443,0
Female,University,Single,24,90000,87711,80699,68100,33434,0,0,3248,2991,2655,0,0,77451,65109,30779,0,0,0
Female,High School,Married,23,30000,27552,30686,29915,29994,27310,27778,3605,2,1731,1093,1026,27081,29913,28263,26217,26752,0
Female,Graduate,Single,27,100000,81152,81912,83231,62421,63814,65164,3000,2700,2270,2433,2530,78912,80531,60151,61381,62634,0
Female,University,Single,25,280000,196909,176261,174573,174488,172747,126494,6285,5897,5895,7747,6509,169976,168676,168593,165000,119985,0
Female,University,Single,28,100000,101080,87572,92041,75461,74233,76543,0,7690,0,2800,5700,87572,84351,75461,71433,70843,0
Female,University,Married,28,140000,62204,65280,56504,53528,42168,25742,7028,6000,5026,5000,3000,58252,50504,48502,37168,22742,0
Female,Graduate,Single,27,10000,6100,7274,9596,9289,9593,9795,1281,2603,0,1000,500,5993,6993,9289,8593,9295,1
Female,University,Married,28,50000,48198,45579,43670,16643,10021,9833,2195,1978,1144,341,345,43384,41692,15499,9680,9488,0
Female,Graduate,Single,28,120000,2750,-650,-975,-1625,2561,4187,0,0,0,4186,2000,-650,-975,-1625,-1625,2187,0
Female,University,Married,27,20000,10489,8652,7143,6044,780,116,1222,1200,1004,780,116,7430,5943,5040,0,0,1
Female,University,Married,27,30000,390,780,390,780,390,390,780,0,780,0,390,0,390,0,390,0,0
Female,University,Single,26,130000,0,0,0,0,0,0,0,0,0,0,0,0,0,0,0,0,0
Female,Graduate,Single,27,150000,5200,1689,-17,3996,2278,1132,1689,0,4013,2278,1132,0,-17,-17,0,0,0
Female,University,Married,27,180000,114556,116155,120264,124203,125702,128734,5000,6000,6000,5000,5000,111155,114264,118203,120702,123734,0
Female,University,Single,26,400000,74465,68544,60763,53184,45776,38432,3600,2200,1700,1500,1315,64944,58563,51484,44276,37117,0
Female,Graduate,Single,27,300000,-2,-2,0,876,0,0,874,876,876,0,0,-876,-876,0,0,0,0
Female,Graduate,Single,27,30000,23575,24584,25885,26851,26808,27599,1400,1700,1900,557,1000,23184,24185,24951,26251,26599,0
Female,Graduate,Single,27,130000,0,0,734,0,390,988,0,734,0,390,988,0,0,0,0,0,0
Female,High School,Married,26,20000,15271,16707,20601,19952,19586,18528,2000,4500,0,671,700,14707,16101,19952,18915,17828,1
Female,University,Married,27,50000,50151,48945,36467,18890,30288,30003,1724,1819,2664,31057,1064,47221,34648,16226,-769,28939,0
Female,University,Single,27,80000,4073,3863,8109,7849,0,0,0,4500,21,0,0,3863,3609,7828,0,0,0
Female,University,Single,26,20000,16932,17938,18798,19347,8007,4890,1596,1456,1005,160,98,16342,17342,18342,7847,4792,0
Female,University,Single,27,50000,48407,47760,45064,45744,43123,42343,2100,0,3400,0,1528,45660,45064,42344,43123,40815,1
Female,University,Single,26,80000,80919,77264,79332,80969,79144,79023,3000,3700,4000,3000,3300,74264,75632,76969,76144,75723,0
Female,Graduate,Single,26,340000,4617,13054,15449,9610,4173,12929,13054,15449,9610,4373,12929,0,0,0,-200,0,0
Female,University,Married,27,30000,29083,27227,28327,27831,14215,32635,1500,1938,2000,505,25000,25727,26389,25831,13710,7635,0
Female,University,Single,27,120000,57449,38254,23017,14440,4770,1595,1743,1640,1010,95,1595,36511,21377,13430,4675,0,0
Female,Graduate,Single,27,50000,4040,3800,0,0,0,0,0,0,0,0,0,3800,0,0,0,0,1
Female,University,Single,27,50000,33944,29194,27862,21229,20178,19275,1513,2000,2000,1000,1000,27681,25862,19229,19178,18275,0
Female,Graduate,Single,28,500000,27250,20000,19501,20000,0,0,20000,19501,1000,0,0,0,0,19000,0,0,0
Female,University,Single,27,360000,2500,0,0,0,0,0,0,0,0,0,0,0,0,0,0,0,1
Female,Graduate,Single,27,60000,0,3187,2816,3579,3400,4417,3366,0,1000,0,1017,-179,2816,2579,3400,3400,0
Female,University,Single,27,50000,50686,49525,49603,49222,30421,30352,1779,3001,1558,1045,1074,47746,46602,47664,29376,29278,0
Female,Graduate,Single,27,130000,15700,250,7671,12088,74088,63593,250,7671,5000,65000,3000,0,0,7088,9088,60593,0
Female,University,Single,29,360000,58653,56329,55957,52392,61700,42975,5886,4054,8412,15096,1208,50443,51903,43980,46604,41767,0
Female,University,Single,27,160000,156506,157177,157804,157478,156098,156659,7000,6000,7217,6000,6000,150177,151804,150261,150098,150659,0
Female,University,Married,27,360000,5146,15381,0,0,0,0,15381,0,0,0,0,0,0,0,0,0,0
Female,University,Single,28,210000,2316,2316,2836,2316,1446,131242,2316,2836,2316,1446,131242,0,0,0,0,0,0
Female,University,Single,28,230000,183197,185399,198941,201358,204067,200720,6724,18150,7200,7500,0,178675,180791,194158,196567,200720,1
Female,University,Single,27,70000,34263,37375,36498,37516,38587,43924,4000,0,1929,2000,6000,33375,36498,35587,36587,37924,1
Female,University,Married,25,50000,2126,1513,1246,1111,3018,5847,1513,1246,1111,3018,5847,0,0,0,0,0,0
Female,University,Single,25,80000,2177,1677,7360,0,0,0,2000,5860,0,0,0,-323,1500,0,0,0,0
Female,University,Single,26,100000,1734,6645,7725,11246,9755,8260,6649,2704,5250,4,0,-4,5021,5996,9751,8260,1
Female,University,Married,28,200000,197142,198367,96731,67431,60690,60442,9197,3700,6478,2114,2337,189170,93031,60953,58576,58105,0
Female,University,Single,28,70000,68462,69205,70644,70759,70352,70659,3100,3160,3100,2500,2600,66105,67484,67659,67852,68059,0
Female,Graduate,Married,28,110000,109474,110723,111125,106828,84729,82910,11602,4238,4316,11190,0,99121,106887,102512,73539,82910,0
Female,Graduate,Single,28,50000,51943,50800,51967,50794,51911,50976,0,4156,0,4100,0,50800,47811,50794,47811,50976,1
Female,Graduate,Single,28,50000,43810,44184,4273,4999,5726,1473,1500,1300,2390,2200,0,42684,2973,2609,3526,1473,0
Female,University,Single,27,70000,25105,27867,28125,28364,29586,30110,3500,1000,1000,2000,1000,24367,27125,27364,27586,29110,0
Female,University,Single,27,60000,56670,57252,55764,64522,62945,61700,2100,0,9700,0,0,55152,55764,54822,62945,61700,1
Female,University,Married,27,130000,76885,79106,81231,81983,83773,85532,3500,4000,3000,3146,3260,75606,77231,78983,80627,82272,0
Female,University,Single,25,150000,114074,116313,118700,115328,121084,123473,5600,5700,0,9200,4500,110713,113000,115328,111884,118973,1
Female,University,Single,27,30000,17845,20615,19962,18191,12134,6879,3384,0,1450,0,500,17231,19962,16741,12134,6379,0
Female,University,Single,26,200000,12557,11443,4794,11720,12293,10798,1084,1024,11726,2608,344,10359,3770,-6,9685,10454,0
Female,University,Married,29,50000,48712,98492,50095,49057,17426,17789,2128,2477,2409,769,792,96364,47618,46648,16657,16997,0
Female,Graduate,Single,29,260000,0,18488,17276,6165,9219,980,18488,17276,6179,9219,0,0,0,-14,0,980,0
Female,Graduate,Single,29,360000,8805,10768,16659,25302,15147,5281,5001,6688,16251,394,5307,5767,9971,9051,14753,-26,0
Female,University,Single,29,30000,13519,16493,15545,16557,16857,18121,3211,0,1275,575,1539,13282,15545,15282,16282,16582,1
Female,University,Married,29,100000,73742,75216,82006,84044,84532,80828,2700,8000,4304,3000,0,72516,74006,79740,81532,80828,1
Female,University,Married,29,80000,52533,56340,57022,55081,55350,55906,5120,2600,0,2200,2028,51220,54422,55081,53150,53878,0
Female,University,Married,29,30000,27030,23830,24943,27507,30767,29762,2379,1500,3000,3722,0,21451,23443,24507,27045,29762,0
Female,Graduate,Single,28,400000,1026,8968,1600,8799,6171,4921,9066,1608,9070,1001,3,-98,-8,-271,5170,4918,0
Female,Graduate,Single,29,240000,3126,3126,626,626,776,783,626,626,626,776,783,2500,0,0,0,0,0
Female,University,Single,30,110000,124206,124679,126200,130540,127114,111429,4000,5000,8000,0,5000,120679,121200,122540,127114,106429,1
Female,Graduate,Single,28,220000,57739,42144,19270,1500,5520,0,2000,1000,1500,5520,0,40144,18270,0,0,0,0
Female,Graduate,Single,28,200000,105051,99648,144932,134530,129395,124561,32000,60000,6305,4300,4500,67648,84932,128225,125095,120061,0
Female,University,Single,28,360000,264971,257086,253407,259551,265149,340930,9043,8847,10000,10000,80016,248043,244560,249551,255149,260914,0
Female,University,Single,28,30000,19334,20218,19607,21778,22124,22622,1500,0,2500,1000,1000,18718,19607,19278,21124,21622,0
Female,Graduate,Single,28,110000,107649,82139,74760,63520,62529,58228,3500,3899,3000,1800,3000,78639,70861,60520,60729,55228,0
Female,Graduate,Single,29,80000,33947,37339,36601,40589,42675,44567,4000,2500,5000,3000,2500,33339,34101,35589,39675,42067,0
Female,University,Single,35,50000,13517,14536,15694,16431,17056,17581,1550,1700,1300,900,800,12986,13994,15131,16156,16781,0
Female,Graduate,Single,22,100000,74001,72222,73859,75427,76587,78711,0,3400,3400,3000,3500,72222,70459,72027,73587,75211,1
Female,University,Single,23,50000,26871,19785,10103,9763,9592,7797,1500,1500,1500,1500,1200,18285,8603,8263,8092,6597,0
Female,High School,Single,28,350000,0,0,0,0,0,0,0,0,0,0,0,0,0,0,0,0,1
Female,High School,Married,28,80000,63900,65343,66171,58683,43421,44267,3000,2470,2228,1516,2000,62343,63701,56455,41905,42267,1
Female,Graduate,Married,29,90000,45343,31228,29756,27751,20292,14937,2967,2007,1429,1092,412,28261,27749,26322,19200,14525,0
Female,Graduate,Single,27,120000,110994,29177,30212,31226,31844,32513,1471,1506,1520,1138,1180,27706,28706,29706,30706,31333,0
Female,Graduate,Single,25,50000,3624,4487,4545,6249,6249,6249,1100,1600,2000,0,0,3387,2945,4249,6249,6249,0
Female,University,Single,23,50000,19455,13675,10476,11197,11609,11922,1500,1500,1200,600,500,12175,8976,9997,11009,11422,0
Female,University,Single,24,90000,10648,10951,11288,10852,10519,9235,1500,1529,1113,800,0,9451,9759,9739,9719,9235,0
Female,University,Single,25,70000,32486,33640,35286,36889,34152,36694,2000,2500,2519,5090,3100,31640,32786,34370,29062,33594,0
Female,University,Married,31,10000,10243,9920,8894,8136,8449,8493,0,1281,1135,448,329,9920,7613,7001,8001,8164,0
Female,University,Single,29,130000,867,1110,1170,780,390,0,1200,1170,0,0,0,-90,0,780,390,0,0
Female,Graduate,Single,27,360000,130640,120058,110795,101668,78730,66682,4500,4100,4208,3000,2300,115558,106695,97460,75730,64382,0
Female,University,Married,35,80000,63706,66613,69602,70752,74183,72727,5660,4688,2900,5200,0,60953,64914,67852,68983,72727,0
Female,University,Single,27,70000,47938,49638,51005,54141,52676,53871,2500,2464,4600,0,2200,47138,48541,49541,52676,51671,0
Female,Graduate,Single,22,30000,29188,25908,19998,15675,8240,438,0,1441,1000,165,438,25908,18557,14675,8075,0,1
Female,University,Single,24,80000,68250,68817,71181,68997,70364,71842,3000,3500,3000,2503,2596,65817,67681,65997,67861,69246,0
Female,University,Single,24,80000,1138,800,179,1755,0,1190,804,179,1755,0,1190,-4,0,0,0,0,0
Female,Graduate,Single,29,150000,110018,47600,26219,17705,17920,17494,2400,1619,2550,800,0,45200,24600,15155,17120,17494,0
Female,University,Single,29,260000,193000,149410,138021,98578,84967,83224,5072,4439,3079,3020,3036,144338,133582,95499,81947,80188,0
Female,University,Married,29,20000,14757,16196,17825,20234,20510,19897,2000,2200,3000,900,0,14196,15625,17234,19610,19897,0
Female,University,Single,25,20000,7561,8576,9621,10485,10700,10922,1144,1189,1053,268,277,7432,8432,9432,10432,10645,1
Female,University,Single,27,200000,18354,9000,9306,9306,9000,9000,0,9306,9306,9000,9000,9000,0,0,0,0,0
Female,University,Married,25,110000,96343,93959,91624,96190,95233,97760,0,0,7000,1500,4200,93959,91624,89190,93733,93560,1
Female,Graduate,Married,24,160000,2990,8619,4405,4445,2820,4970,8619,1000,4000,2820,4970,0,3405,445,0,0,0
Female,University,Married,24,20000,17191,18594,19489,20200,20000,0,2000,1500,1200,0,0,16594,17989,19000,20000,0,0
Female,University,Single,26,110000,63376,67293,67536,77697,82888,88048,5000,1317,11380,6508,6540,62293,66219,66317,76380,81508,0
Female,Graduate,Single,30,200000,182967,194924,75635,94454,60875,41221,15349,10,32000,0,3000,179575,75625,62454,60875,38221,1
Female,High School,Single,29,50000,48259,48740,26953,27860,28420,29045,1726,1500,1376,936,1000,47014,25453,26484,27484,28045,1
Female,University,Single,30,340000,257884,254863,24810,27502,3490,99514,13000,2000,5000,3490,99000,241863,22810,22502,0,514,0
Female,Graduate,Single,30,220000,6391,2383,1496,5199,20718,12428,2402,1503,5233,20828,12490,-19,-7,-34,-110,-62,0
Female,University,Single,30,180000,148860,135814,138654,130773,121293,123947,6500,7000,6600,4700,5100,129314,131654,124173,116593,118847,0
Female,Other,Single,32,110000,109655,98133,95391,79409,78014,77709,3500,3515,3307,3014,3009,94633,91876,76102,75000,74700,0
Female,University,Married,32,50000,49330,49547,49740,50275,20089,19964,2150,2100,2097,1289,712,47397,47640,48178,18800,19252,0
Female,High School,Single,28,50000,40527,42066,41126,40165,42683,43843,2500,0,0,3200,2000,39566,41126,40165,39483,41843,0
Female,University,Single,29,240000,17486,16262,6046,3774,889,5474,5005,3000,1000,18,5000,11257,3046,2774,871,474,0
Female,Graduate,Single,29,200000,56555,0,0,3941,16405,-150,0,0,3941,16405,0,0,0,0,0,-150,0
Female,High School,Married,29,90000,91116,89047,91595,88197,59822,55345,3500,4000,3002,1974,2000,85547,87595,85195,57848,53345,0
Female,University,Married,29,20000,3138,4090,2060,780,1000,0,1030,1000,780,1000,0,3060,1060,0,0,0,1
Female,Graduate,Single,30,300000,0,0,0,0,0,0,0,0,0,0,0,0,0,0,0,0,1
Female,University,Single,30,290000,4479,8025,3499,3264,-550,-550,15499,0,3302,0,0,-7474,3499,-38,-550,-550,0
Female,University,Married,30,20000,18354,16419,10419,780,0,0,1225,1015,780,0,0,15194,9404,0,0,0,1
Female,University,Single,31,200000,101431,102604,125731,120465,118759,119378,5000,30000,5809,4002,4500,97604,95731,114656,114757,114878,0
Female,Graduate,Married,31,130000,128319,131825,127949,129357,126999,126719,6300,4800,5000,4700,5000,125525,123149,124357,122299,121719,0
Female,University,Single,27,10000,6694,7546,8345,8688,8865,9046,1124,1207,1000,177,181,6422,7138,7688,8688,8865,0
Female,Graduate,Single,28,210000,74235,74108,59594,51877,44293,38215,4000,5000,2000,2540,3000,70108,54594,49877,41753,35215,0
Female,University,Married,28,130000,115303,113502,111651,102622,96723,98827,4157,4168,5025,3223,4105,109345,107483,97597,93500,94722,0
Female,University,Married,29,80000,82074,79440,102872,49043,23962,23283,0,4300,0,1000,5000,79440,98572,49043,22962,18283,1
Female,Graduate,Married,37,410000,54326,23223,25865,21619,19336,1433,5000,15014,5034,10006,1433,18223,10851,16585,9330,0,0
Female,University,Married,31,60000,37549,40603,39676,42407,41428,45576,4000,0,3700,0,5000,36603,39676,38707,41428,40576,1
Female,University,Single,31,30000,0,0,0,0,0,0,0,0,0,0,0,0,0,0,0,0,0
Female,University,Married,32,320000,101121,86781,74909,55472,53699,46313,5800,9805,5006,3704,12860,80981,65104,50466,49995,33453,0
Female,University,Married,32,80000,8592,4000,6881,7697,3333,3063,4000,6881,5003,3000,3063,0,0,2694,333,0,0
Female,University,Married,32,210000,189307,194602,199963,205137,84877,83899,8438,10000,10000,84890,2948,186164,189963,195137,-13,80951,0
Female,University,Married,32,60000,20524,21584,22437,22771,23099,23583,1700,1500,1000,1000,1000,19884,20937,21771,22099,22583,1
Female,University,Married,29,310000,13158,1062,8805,3024,0,0,1062,8805,3087,0,0,0,0,-63,0,0,0
Female,University,Single,25,130000,51734,77751,93696,79187,116374,120793,77817,79000,3382,103001,6000,-66,14696,75805,13373,114793,0
Female,University,Single,26,60000,58117,53986,47413,36527,28170,28963,2400,2050,2011,1200,1400,51586,45363,34516,26970,27563,0
Female,University,Single,29,30000,25167,25299,22912,14940,9365,1280,1414,1415,1002,200,104,23885,21497,13938,9165,1176,0
Female,University,Single,25,150000,1344,1041,2021,4495,15145,525,1041,2021,4495,10650,525,0,0,0,4495,0,0
Female,University,Married,25,30000,28766,27183,30023,29243,31262,30327,0,3600,0,2800,0,27183,26423,29243,28462,30327,1
Female,University,Single,42,130000,49363,47432,94050,21000,858,2160,5026,5000,21000,858,2160,42406,89050,0,0,0,0
Female,University,Single,26,50000,18253,20539,20616,20977,23287,22637,2900,700,1000,2970,0,17639,19916,19977,20317,22637,0
Female,University,Single,27,170000,80848,83678,28461,13263,3637,4814,8000,2000,1000,1000,2000,75678,26461,12263,2637,2814,0
Female,University,Married,32,30000,27807,27078,26363,27379,28953,28354,0,0,1758,2332,0,27078,26363,25621,26621,28354,1
Female,High School,Married,32,250000,860,860,860,860,440,1280,860,860,860,440,1280,0,0,0,0,0,0
Female,University,Single,32,110000,108087,103307,103749,78961,76180,76353,0,5100,3411,3003,3000,103307,98649,75550,73177,73353,0
Female,Graduate,Single,29,160000,14023,14224,101479,101454,102861,103921,1450,101505,3600,3700,3800,12774,-26,97854,99161,100121,0
Female,Graduate,Single,33,340000,63201,68466,64478,67271,62269,56502,8100,0,5000,5000,0,60366,64478,62271,57269,56502,0
Female,High School,Married,36,100000,102505,101554,101827,100055,80923,81249,3830,4100,4510,3186,2886,97724,97727,95545,77737,78363,0
Female,University,Single,28,230000,64992,56763,58020,59580,59224,61867,2500,2500,3000,2000,4000,54263,55520,56580,57224,57867,0
Female,Graduate,Married,31,200000,0,0,0,0,0,0,0,0,0,0,0,0,0,0,0,0,0
Female,University,Married,30,30000,2400,2400,2400,2400,2400,2400,0,0,0,0,0,2400,2400,2400,2400,2400,1
Female,University,Single,30,120000,110612,114323,116835,118053,119047,119641,5555,5847,5800,4445,4700,108768,110988,112253,114602,114941,0
Female,University,Single,28,120000,67087,66665,67525,67091,67419,67711,2400,3040,2400,2500,2450,64265,64485,64691,64919,65261,0
Female,University,Married,31,50000,50701,49147,21163,19894,19758,19324,0,507,1300,1000,700,49147,20656,18594,18758,18624,1
Female,High School,Single,31,20000,5556,3684,4298,3882,3563,3242,1028,1032,1000,72,369,2656,3266,2882,3491,2873,0
Female,University,Single,30,500000,98618,73464,84741,72510,69053,64841,25464,43095,7522,9065,8841,48000,41646,64988,59988,56000,0
Female,Graduate,Single,31,100000,0,-740,740,1480,1480,740,0,2220,1480,740,0,-740,-1480,0,740,740,0
Female,Graduate,Single,38,50000,21534,22283,21638,22651,23275,24902,1400,0,1376,1000,2000,20883,21638,21275,22275,22902,1
Female,Graduate,Single,30,210000,7264,8816,10749,5125,5732,9297,2000,2500,2000,1000,4000,6816,8249,3125,4732,5297,0
Female,University,Married,30,50000,50425,51400,0,0,0,0,2400,0,0,0,0,49000,0,0,0,0,0
Female,High School,Married,29,200000,128649,131059,132120,128669,131499,143020,6000,4600,0,4800,13700,125059,127520,128669,126699,129320,1
Female,University,Single,27,150000,1745,3384,1555,2126,60092,59831,3384,1555,2126,60092,3000,0,0,0,0,56831,0
Female,University,Married,34,50000,62643,59851,65545,62672,57755,55512,2151,10000,2100,0,2000,57700,55545,60572,57755,53512,1
Female,Graduate,Single,30,300000,217329,206703,203164,164371,161331,154515,8000,20219,7500,6500,7500,198703,182945,156871,154831,147015,0
Female,Graduate,Single,31,120000,316,316,316,316,632,316,316,316,316,632,0,0,0,0,0,316,0
Female,University,Single,36,190000,187972,188542,190411,190197,180392,163922,8197,8400,6486,6046,6069,180345,182011,183711,174346,157853,0
Female,University,Married,35,70000,68445,67371,68263,68927,69176,70592,3001,3052,3348,2617,2840,64370,65211,65579,66559,67752,0
Female,University,Married,39,50000,78874,74268,66468,56847,50680,26729,4725,1400,0,1545,2022,69543,65068,56847,49135,24707,1
Female,University,Single,38,50000,31426,23712,18919,24227,25229,12150,1655,1675,15000,2610,0,22057,17244,9227,22619,12150,0
Female,High School,Married,38,80000,82391,80977,88815,83153,50910,60012,2925,12265,9,1737,1760,78052,76550,83144,49173,58252,0
Female,University,Other,35,30000,25952,26657,27972,28628,29005,29817,1440,1750,1390,764,1000,25217,26222,27238,28241,28817,1
Female,University,Married,41,140000,41814,43616,44710,45661,50880,49934,2500,2100,2000,6000,0,41116,42610,43661,44880,49934,0
Female,High School,Married,49,20000,18769,21349,20732,19946,19546,19546,3186,0,0,0,0,18163,20732,19946,19546,19546,1
Female,University,Married,38,30000,6061,3656,0,0,0,0,1007,0,0,0,0,2649,0,0,0,0,1
Female,High School,Married,44,260000,148803,137561,130539,112300,105517,108011,5100,5300,4303,3600,4000,132461,125239,107997,101917,104011,0
Female,Graduate,Married,48,30000,25265,26529,30090,28908,30472,29483,2000,4000,0,2400,0,24529,26090,28908,28072,29483,1
Female,University,Single,41,50000,49487,48282,39490,27835,23391,24507,0,2000,2537,1500,1500,48282,37490,25298,21891,23007,1
Female,University,Married,35,50000,16053,16024,25350,25738,25948,26163,2000,10000,1500,1000,1000,14024,15350,24238,24948,25163,0
Female,High School,Married,35,60000,10722,10254,15043,19738,19195,19473,0,5000,5000,0,2000,10254,10043,14738,19195,17473,1
Female,University,Married,48,50000,18704,18106,19793,19378,18874,19361,0,2000,1500,1000,2000,18106,17793,17878,17874,17361,1
Female,University,Married,38,80000,72704,70907,59223,40128,41152,41527,3133,2132,1650,2000,1503,67774,57091,38478,39152,40024,0
Female,University,Married,41,80000,79958,81662,78899,78245,62234,60737,3452,4066,3469,4630,0,78210,74833,74776,57604,60737,1
Female,High School,Married,40,100000,49328,44045,42373,37088,75672,31645,2038,1994,1457,1205,1162,42007,40379,35631,74467,30483,0
Female,High School,Married,37,30000,28361,27227,29346,23548,11790,7276,0,3313,108,299,325,27227,26033,23440,11491,6951,0
Female,University,Married,49,30000,23705,24709,25745,27949,27216,29138,1386,1422,2626,0,2351,23323,24323,25323,27216,26787,0
Female,High School,Married,46,30000,9847,10857,11877,12891,13960,14082,1181,1201,1215,1284,490,9676,10676,11676,12676,13592,0
Female,University,Married,31,50000,13815,13307,12755,8400,3150,0,0,3,17,0,0,13307,12752,8383,3150,0,1
Female,University,Single,48,240000,234312,231407,233781,220150,190170,194018,9454,10128,8012,6500,7000,221953,223653,212138,183670,187018,1
Female,High School,Married,44,30000,0,0,0,0,0,379,0,0,0,0,379,0,0,0,0,0,0
Female,University,Single,35,240000,15750,12891,0,0,0,0,1005,0,0,0,0,11886,0,0,0,0,0
Female,University,Single,31,50000,28947,30072,30895,31589,32071,32709,1900,1600,1500,1300,1300,28172,29295,30089,30771,31409,1
Female,Graduate,Single,23,70000,7531,8545,9588,10900,46462,47599,1145,1188,1500,36000,2000,7400,8400,9400,10462,45599,1
Female,High School,Married,28,80000,72561,62691,61652,54602,50011,49701,2300,2809,2104,1708,1768,60391,58843,52498,48303,47933,0
Female,University,Single,30,120000,98546,100675,104347,108258,104972,104638,5600,6800,7300,0,4600,95075,97547,100958,104972,100038,0
Female,High School,Married,32,100000,32200,37211,36338,37698,38074,40295,5884,0,2270,1300,3000,31327,36338,35428,36774,37295,0
Female,University,Married,44,50000,49644,0,0,0,0,0,0,0,0,0,0,0,0,0,0,0,0
Female,University,Married,39,320000,42442,3336,7210,6091,24641,30005,3336,7210,6091,24641,30000,0,0,0,0,5,0
Female,Graduate,Married,36,220000,215979,210475,216513,196219,200117,204312,7800,9639,7123,7162,7419,202675,206874,189096,192955,196893,0
Female,Graduate,Single,33,140000,87713,88906,88736,91287,91057,91538,5000,5000,5000,5000,3500,83906,83736,86287,86057,88038,0
Female,Graduate,Married,37,140000,136431,135134,139178,139900,109665,108129,4849,6703,6120,4015,4042,130285,132475,133780,105650,104087,1
Female,University,Single,24,50000,0,0,37111,37516,36614,37537,0,37111,1307,0,1509,0,0,36209,36614,36028,0
Female,Graduate,Single,25,60000,538,269,269,269,0,1257,0,269,269,0,1526,269,0,0,0,-269,1
Female,University,Single,47,90000,81902,71768,72163,27124,27724,28724,3274,2271,1400,1000,1000,68494,69892,25724,26724,27724,0
Female,University,Other,44,20000,2400,2400,2400,2400,2400,2400,0,0,0,0,0,2400,2400,2400,2400,2400,1
Female,University,Single,29,130000,34529,52868,51457,60045,47696,43677,19000,0,10000,10000,10000,33868,51457,50045,37696,33677,0
Female,University,Married,34,80000,84720,86221,84062,79076,31984,29306,3808,2804,30,1108,1108,82413,81258,79046,30876,28198,1
Female,University,Married,37,230000,126251,128542,122493,124743,127507,121400,4500,4600,4389,4697,4800,124042,117893,120354,122810,116600,0
Female,University,Married,29,180000,25781,26000,26310,26662,26166,26176,1800,1800,1500,1056,950,24200,24510,25162,25110,25226,0
Female,University,Single,34,20000,17489,3077,0,0,0,0,3077,19837,0,15846,2000,0,-19837,0,-15846,-2000,0
Female,University,Married,34,210000,4141,5347,25064,30684,29892,30516,1283,20000,6071,0,1107,4064,5064,24613,29892,29409,0
Female,University,Single,22,70000,69242,71007,72596,70467,48129,47751,3500,3300,0,2000,2000,67507,69296,70467,46129,45751,0
Female,Graduate,Single,22,50000,15787,17486,17823,18495,18266,18631,2250,1587,1259,765,773,15236,16236,17236,17501,17858,0
Female,University,Married,30,140000,106526,85019,82784,81458,86227,84646,4000,3000,4000,7000,0,81019,79784,77458,79227,84646,0
Female,University,Married,32,100000,29987,29219,27865,11166,32261,7961,2007,2049,1045,23610,4000,27212,25816,10121,8651,3961,0
Female,University,Single,37,80000,5583,3946,0,0,0,0,3946,0,0,0,0,0,0,0,0,0,0
Female,Graduate,Married,36,300000,0,0,0,0,1894,2394,0,0,0,1894,500,0,0,0,0,1894,0
Female,High School,Single,26,200000,0,2381,10,1010,2230,1191,0,15,1000,2000,1191,2381,-5,10,230,0,0
Female,University,Single,29,100000,600,600,0,0,0,0,600,0,0,0,0,0,0,0,0,0,0
Female,University,Married,45,50000,49375,45390,46210,46549,20084,20264,1721,2321,1660,3000,1004,43669,43889,44889,17084,19260,0
Female,High School,Married,47,140000,151790,147998,144280,139701,90756,92935,0,0,0,0,3000,147998,144280,139701,90756,89935,0
Female,University,Married,28,50000,43206,42105,40591,31609,29662,24741,2100,2021,1500,1009,1000,40005,38570,30109,28653,23741,0
Female,Graduate,Single,28,500000,229258,134264,134908,141358,121262,131147,10042,8048,20141,10000,12000,124222,126860,121217,111262,119147,0
Female,University,Single,31,360000,3000,2668,2668,-7,-7,3500,2668,3000,7,0,3507,0,-332,-14,-7,-7,0
Female,University,Single,34,240000,-10,-10,-10,-10,-10,-10,0,0,0,0,0,-10,-10,-10,-10,-10,0
Female,Graduate,Married,35,200000,316,734,418,424,424,424,734,0,424,424,424,0,418,0,0,0,0
Female,Graduate,Married,35,280000,281424,232826,195621,96843,99232,102620,9604,53459,4000,4000,5000,223222,142162,92843,95232,97620,0
Female,Graduate,Married,36,330000,0,0,0,469,150,3661,0,0,469,150,3661,0,0,0,0,0,0
Female,High School,Single,32,100000,79158,93667,58161,41414,28835,29423,23591,2116,1400,1165,588,70076,56045,40014,27670,28835,0
Female,High School,Married,35,30000,10211,6314,0,0,600,300,0,0,0,600,0,6314,0,0,0,300,1
Female,University,Single,37,130000,129677,131798,98083,92317,87375,87634,5940,4700,4433,3100,3300,125858,93383,87884,84275,84334,1
Female,University,Single,41,30000,25562,23250,23217,21295,19076,9292,0,1600,1500,1000,1720,23250,21617,19795,18076,7572,0
Female,High School,Other,43,50000,17962,18766,18177,19147,17827,18389,1400,0,1289,800,1000,17366,18177,17858,17027,17389,1
Female,University,Married,39,80000,0,174,2071,2036,840,1081,174,2071,150,0,931,0,0,1886,840,150,1
Female,Graduate,Single,30,570000,323085,303794,243673,74003,57763,50852,50468,33372,74085,290,51107,253326,210301,-82,57473,-255,0
Female,University,Married,32,20000,17044,16478,19098,18397,18696,38282,0,3200,0,700,700,16478,15898,18397,17996,37582,0
Female,University,Single,35,90000,30646,29919,29045,28025,26758,26012,1500,1509,1400,1000,1100,28419,27536,26625,25758,24912,0
Female,High School,Married,43,150000,142811,139652,111868,107702,103112,103246,6000,10700,1600,0,2800,133652,101168,106102,103112,100446,1
Female,University,Married,41,110000,182235,185646,168171,129227,49830,50287,6071,5070,3362,1755,2000,179575,163101,125865,48075,48287,0
Female,High School,Married,37,170000,33039,30336,30826,31996,33676,25301,3,2008,5000,2037,2029,30333,28818,26996,31639,23272,0
Female,University,Single,26,90000,61982,46323,43710,45474,46369,47623,2000,2100,2500,1650,2000,44323,41610,42974,44719,45623,0
Female,University,Single,26,110000,45028,46276,47527,48735,49925,50967,2000,2000,2000,2000,2000,44276,45527,46735,47925,48967,0
Female,University,Married,28,20000,2120,1760,0,0,0,0,0,0,0,0,0,1760,0,0,0,0,0
Female,University,Married,31,200000,5000,5000,5000,5000,5000,5000,0,0,0,0,0,5000,5000,5000,5000,5000,1
Female,University,Married,34,50000,51012,49882,50446,49910,29844,30524,2000,2200,2270,1204,1300,47882,48246,47640,28640,29224,0
Female,High School,Married,45,50000,22352,23244,20791,22104,22237,22703,1324,1351,1664,797,825,21920,19440,20440,21440,21878,0
Female,High School,Married,46,30000,2572,8822,5786,2749,28241,26960,8848,5869,0,26965,1066,-26,-83,2749,1276,25894,0
Female,High School,Married,46,50000,65,0,1271,940,110,0,0,1271,949,110,0,0,0,-9,0,0,1
Female,High School,Married,26,80000,6808,8686,11628,12008,11658,12603,2000,3100,1000,0,1000,6686,8528,11008,11658,11603,0
Female,Graduate,Single,26,160000,157453,155081,137027,70845,0,0,5937,5000,1417,0,0,149144,132027,69428,0,0,0
Female,University,Single,40,10000,-4,-4,-4,26,326,-87,0,0,30,300,1000,-4,-4,-4,26,-1087,1
Female,University,Single,26,20000,19725,17368,16801,17789,17419,17628,1293,0,1281,771,640,16075,16801,16508,16648,16988,0
Female,Graduate,Married,34,70000,40498,41192,42274,43596,44173,45309,1668,1750,2023,1600,1850,39524,40524,41573,42573,43459,0
Female,High School,Other,37,110000,67930,64654,63389,60021,58660,59891,2293,2255,2139,2097,2174,62361,61134,57882,56563,57717,0
Female,University,Married,45,150000,16611,18540,18204,16132,-5880,-20544,18552,18267,16142,5880,13707,-12,-63,-10,-11760,-34251,0
Female,Graduate,Married,39,500000,418958,439432,440324,440565,440050,438953,39432,20000,20000,20000,20000,400000,420324,420565,420050,418953,0
Female,University,Married,48,30000,28695,29824,29066,31236,29819,30058,1900,0,3000,0,1500,27924,29066,28236,29819,28558,1
Female,High School,Married,46,160000,24904,2338,4856,4127,3995,842,2343,4856,1000,3995,842,-5,0,3127,0,0,0
Female,University,Married,36,300000,77765,1443,41071,58995,24713,28948,1443,41071,58995,24713,28948,0,0,0,0,0,0
Female,High School,Married,46,200000,154875,140376,129962,124282,118956,121449,5216,8000,20000,15653,3793,135160,121962,104282,103303,117656,0
Female,University,Single,35,50000,2628,1000,2050,3000,0,0,1000,1050,1000,0,1000,0,1000,2000,0,-1000,0
Female,University,Single,29,80000,60857,46724,35074,32812,25930,26414,2000,2000,2000,1100,1000,44724,33074,30812,24830,25414,0
Female,University,Single,29,140000,122662,123536,104817,102161,85512,83028,6504,4000,4500,3500,4000,117032,100817,97661,82012,79028,0
Female,High School,Married,32,60000,63354,65299,67087,27121,26316,26476,3000,3490,1794,1311,953,62299,63597,25327,25005,25523,1
Female,High School,Married,47,50000,25347,29766,26283,28198,23159,23089,4881,0,4087,0,1798,24885,26283,24111,23159,21291,0
Female,University,Single,39,30000,29758,30454,30221,29376,29564,28762,1500,1518,1439,1017,1032,28954,28703,27937,28547,27730,0
Female,University,Married,45,80000,28775,28951,26813,27383,27475,27823,1442,1459,1500,1000,1003,27509,25354,25883,26475,26820,0
Female,University,Married,43,50000,50738,49236,48608,48423,49023,49681,4,1939,2000,1700,1750,49232,46669,46423,47323,47931,0
Female,University,Single,39,90000,2489,1242,1062,1062,1062,0,0,1062,1062,0,0,1242,0,0,1062,0,0
Female,University,Married,46,120000,80324,79071,76279,60939,61036,61359,3458,2519,2158,2151,2368,75613,73760,58781,58885,58991,0
Female,University,Married,39,50000,52714,51593,50492,47633,18283,18610,0,0,5000,3000,1000,51593,50492,42633,15283,17610,1
Female,University,Single,31,80000,75953,81055,81587,78103,78335,78678,7000,3000,0,3000,3100,74055,78587,78103,75335,75578,0
Female,Graduate,Married,31,160000,3089,0,12548,0,0,0,0,12548,0,0,0,0,0,0,0,0,0
Female,University,Single,33,140000,316,316,13816,316,316,316,316,13816,316,316,316,0,0,0,0,0,0
Female,University,Married,33,50000,33441,20668,22926,21767,13806,5320,2659,2917,4600,1000,5200,18009,20009,17167,12806,120,0
Female,University,Married,35,50000,40506,41742,43157,14510,14963,16580,5000,3000,2000,500,2000,36742,40157,12510,14463,14580,0
Female,High School,Single,40,50000,19824,29311,30862,26614,15571,14971,15000,10000,5000,1500,800,14311,20862,21614,14071,14171,0
Female,University,Married,47,360000,410,3620,7656,56397,43882,21818,3620,7656,56397,0,0,0,0,0,43882,21818,0
Female,University,Married,38,120000,50721,25967,25949,25619,4456,2714,1667,1967,1650,500,0,24300,23982,23969,3956,2714,0
Female,High School,Married,38,160000,113336,116136,118474,115127,111864,102418,6000,5500,0,3700,3200,110136,112974,115127,108164,99218,1
Female,University,Married,42,100000,8166,8783,9417,10002,9804,9626,1140,1164,1139,331,350,7643,8253,8863,9473,9276,0
Female,University,Married,46,110000,105851,108187,108015,88618,71865,65629,5604,4661,3560,4915,0,102583,103354,85058,66950,65629,0
Female,High School,Single,30,300000,0,0,0,0,0,0,0,0,0,0,0,0,0,0,0,0,1
Female,University,Single,31,110000,98006,93978,93066,88823,78144,78169,4300,4295,3000,2887,3000,89678,88771,85823,75257,75169,0
Female,Graduate,Married,31,220000,67722,74057,75767,77902,79505,82061,7500,3500,4000,3500,4000,66557,72267,73902,76005,78061,0
Female,University,Single,31,100000,71171,72613,74105,75617,77150,78953,1746,1792,1828,1855,2121,70867,72313,73789,75295,76832,0
Female,University,Single,28,50000,16639,16041,12151,4963,0,0,14,1505,2000,0,0,16027,10646,2963,0,0,0
Female,University,Single,28,140000,5420,3978,3723,0,0,0,2000,0,0,0,0,1978,3723,0,0,0,0
Female,University,Married,43,50000,7965,12717,11016,22263,18711,12712,12724,11022,22264,378,258,-7,-6,-1,18333,12454,0
Female,High School,Married,28,30000,16162,13301,12930,13233,12595,12454,2000,1307,2000,252,249,11301,11623,11233,12343,12205,1
Female,University,Single,30,170000,92626,90727,93345,93812,95613,95972,5000,5000,5000,5000,4400,85727,88345,88812,90613,91572,0
Female,University,Married,32,260000,1249,0,0,0,1178,1692,0,0,0,1178,1692,0,0,0,0,0,1
Female,University,Married,33,290000,2369,1298,2369,1298,1298,1623,1298,2369,1298,1298,1623,0,0,0,0,0,1
Female,University,Single,37,80000,52052,51407,0,0,0,0,2000,0,0,0,0,49407,0,0,0,0,1
Female,University,Married,35,160000,776,776,1172,380,776,1172,776,1172,380,776,1172,0,0,0,0,0,0
Female,Graduate,Married,40,100000,97229,94777,95634,65828,61621,62756,0,2924,5226,0,2278,94777,92710,60602,61621,60478,1
Female,University,Married,37,40000,25561,26343,25635,28100,27352,27862,1500,0,2900,0,1100,24843,25635,25200,27352,26762,1
Female,Graduate,Single,35,290000,190453,194303,197076,197488,196976,196579,8100,7000,8400,7000,7500,186203,190076,189088,189976,189079,0
Female,University,Single,42,160000,152699,152630,95758,97251,98010,99669,4462,0,4385,3639,3762,148168,95758,92866,94371,95907,1
Female,University,Married,36,140000,59379,63007,61459,59798,61287,8383,5200,0,0,3009,1000,57807,61459,59798,58278,7383,0
Female,University,Single,45,80000,-1600,82150,0,0,0,0,83750,0,0,0,0,-1600,0,0,0,0,0
Female,University,Married,42,30000,16484,17709,17141,20730,20116,19512,1800,0,4200,0,0,15909,17141,16530,20116,19512,1
Female,University,Married,46,70000,24036,25035,25930,26206,26477,27404,1700,1600,1000,1000,1500,23335,24330,25206,25477,25904,1
Female,University,Married,29,30000,419,1173,1370,880,780,0,1173,1370,880,500,0,0,0,0,280,0,1
Female,University,Married,30,50000,34811,30753,6680,0,0,0,2000,1000,0,0,0,28753,5680,0,0,0,1
Female,Graduate,Single,32,570000,47758,33050,36283,36502,37669,39102,3000,4880,3000,3000,3000,30050,31403,33502,34669,36102,0
Female,Other,Married,33,200000,92707,73970,122304,116674,89694,68256,3112,50000,6760,3486,2476,70858,72304,109914,86208,65780,0
Female,University,Married,37,10000,3305,2870,2440,2510,2641,2222,0,0,500,400,0,2870,2440,2010,2241,2222,0
Female,High School,Married,48,60000,58653,59063,53377,37418,37543,35447,2500,2000,1900,1500,1300,56563,51377,35518,36043,34147,1
Female,University,Single,46,220000,86957,85577,91266,88051,81803,79286,4000,12000,3100,0,2900,81577,79266,84951,81803,76386,1
Female,University,Single,42,60000,60902,61078,61160,61055,60895,61587,2350,2532,2510,3250,2900,58728,58628,58545,57645,58687,1
Female,University,Married,42,280000,185147,132646,137109,135264,133046,126155,5000,10000,5000,5000,5000,127646,127109,130264,128046,121155,1
Female,University,Single,31,10000,10468,9138,10309,10299,10295,10306,1160,1331,1321,517,528,7978,8978,8978,9778,9778,0
Female,Graduate,Single,31,200000,191807,195618,200170,202965,155579,124488,8500,9200,8000,7000,5000,187118,190970,194965,148579,119488,0
Female,University,Married,33,200000,103876,66894,12475,14208,15270,14880,2034,3000,2083,10000,0,64860,9475,12125,5270,14880,1
Female,University,Married,37,220000,81191,78538,76747,67266,60896,160731,3000,3000,3520,3000,106200,75538,73747,63746,57896,54531,0
Female,University,Married,45,370000,155124,162526,168389,338660,221808,222304,10000,10000,10000,114000,10000,152526,158389,328660,107808,212304,0
Female,University,Married,36,100000,25945,21237,16723,15868,8275,5954,4021,3013,4031,3012,2006,17216,13710,11837,5263,3948,0
Female,University,Married,45,290000,145023,115830,76453,59734,61238,63089,6000,4000,5500,2500,3000,109830,72453,54234,58738,60089,0
Female,High School,Married,43,20000,0,0,0,0,0,0,0,0,0,0,0,0,0,0,0,0,1
Female,University,Single,36,200000,199278,201725,203794,189024,191803,195044,7279,8679,6300,6000,6000,194446,195115,182724,185803,189044,1
Female,High School,Single,33,110000,35370,30661,62708,52873,48240,41313,11000,40000,3526,4515,3000,19661,22708,49347,43725,38313,0
Female,University,Married,41,80000,78032,59156,61063,56202,25775,24688,2130,5804,121,1003,853,57026,55259,56081,24772,23835,0
Female,University,Married,36,100000,100050,96652,97974,97486,95479,92817,4500,4600,4500,3500,3500,92152,93374,92986,91979,89317,0
Female,University,Married,39,50000,41598,35995,33059,32663,29608,28939,1825,1593,1458,1186,1198,34170,31466,31205,28422,27741,0
Female,University,Other,30,20000,17836,17246,19381,18772,19145,19545,0,2921,0,685,708,17246,16460,18772,18460,18837,1
Female,Graduate,Single,33,300000,13713,14547,13328,20714,13054,12632,15003,13539,20714,13054,12636,-456,-211,0,0,-4,0
Female,University,Single,41,160000,71900,0,0,0,0,0,0,0,0,0,0,0,0,0,0,0,0
Female,High School,Married,40,80000,16413,12171,11554,7830,4305,5427,2160,1500,1218,311,1351,10011,10054,6612,3994,4076,1
Female,University,Married,34,30000,16944,16374,17724,18473,19763,19306,0,1620,1350,1600,0,16374,16104,17123,18163,19306,1
Female,University,Married,37,30000,8229,11076,11787,11301,11677,11766,3000,1188,0,564,426,8076,10599,11301,11113,11340,0
Female,University,Married,36,60000,60333,51838,45728,36441,37336,38138,2100,2000,1700,1500,1400,49738,43728,34741,35836,36738,0
Female,University,Single,32,200000,24429,13060,13683,-3942,123250,125926,1500,1000,0,128000,4600,11560,12683,-3942,-4750,121326,1
Female,University,Married,41,50000,23064,17783,16315,12225,11184,10133,1281,1214,1155,375,364,16502,15101,11070,10809,9769,0
Female,High School,Single,45,50000,10723,9872,658,1473,1473,1473,1000,658,1000,1473,1473,8872,0,473,0,0,0
Female,University,Married,42,270000,-330,-330,-330,-330,-330,-330,0,0,0,0,0,-330,-330,-330,-330,-330,0
Female,High School,Married,40,30000,27783,27584,28638,29584,30036,29404,1748,1802,1748,1200,1223,25836,26836,27836,28836,28181,1
Female,University,Married,41,60000,34632,35654,36991,37701,38452,39255,1600,1915,1625,1376,1422,34054,35076,36076,37076,37833,1
Female,University,Single,28,60000,0,1672,836,836,780,390,1672,836,0,780,390,0,0,836,0,0,1
Female,Graduate,Married,39,50000,50465,51092,56266,39545,19856,19765,4000,3032,1668,1500,1805,47092,53234,37877,18356,17960,1
Female,University,Married,37,220000,194640,189976,189665,171669,167294,172042,0,15510,0,5500,7250,189976,174155,171669,161794,164792,0
Female,High School,Married,36,50000,51741,96172,48827,38600,19541,19795,300,5222,2034,744,5200,95872,43605,36566,18797,14595,1
Female,High School,Single,33,30000,22463,25362,24672,25317,26516,26133,3278,0,1233,1432,0,22084,24672,24084,25084,26133,1
Female,University,Single,33,280000,28928,24266,20209,20395,18969,18381,1634,1649,1304,703,701,22632,18560,19091,18266,17680,0
Female,University,Married,35,120000,2415,11837,9754,24007,22299,31576,9886,0,20000,0,10000,1951,9754,4007,22299,21576,0
Female,High School,Married,39,120000,69830,68108,70415,74443,75527,77171,0,3400,5800,2900,3000,68108,67015,68643,72627,74171,0
Female,High School,Married,41,70000,23546,23462,17548,15864,14937,12841,1573,1355,1203,516,500,21889,16193,14661,14421,12341,0
Female,University,Married,39,550000,67886,67806,66328,26422,21386,17674,3688,2577,2169,1000,602,64118,63751,24253,20386,17072,0
Female,University,Single,36,220000,124418,126695,106534,109884,106114,108202,6300,4000,5500,3775,4100,120395,102534,104384,102339,104102,0
Female,University,Married,45,340000,3253,15865,1946,546,546,590,15886,1946,546,546,590,-21,0,0,0,0,0
Female,High School,Single,32,110000,9943,9267,4957,6037,7628,2746,9284,6960,6055,7651,8,-17,-2003,-18,-23,2738,0
Female,High School,Married,34,140000,131138,133452,136194,137490,106322,104583,6300,7000,5421,4000,4000,127152,129194,132069,102322,100583,0
Female,University,Single,41,360000,352538,360648,339204,282520,290521,27792,14152,15000,15000,15004,5071,346496,324204,267520,275517,22721,1
Female,Graduate,Single,30,290000,1459,1029,2154,1492,229,943,1078,2154,1518,229,943,-49,0,-26,0,0,0
Female,University,Married,48,200000,26465,20435,8475,8162,10962,7350,1000,8475,0,3000,0,19435,0,8162,7962,7350,0
Female,University,Married,38,60000,21261,2522,0,1411,1455,4486,2522,0,1411,1455,4486,0,0,0,0,0,0
Female,University,Married,43,40000,1858,220,960,960,960,1383,220,960,960,960,1383,0,0,0,0,0,0
Female,University,Single,29,120000,9102,10626,15003,9270,46193,30774,2000,5000,0,49920,1500,8626,10003,9270,-3727,29274,0
Female,University,Married,38,80000,62622,54613,43232,32361,22382,20509,3208,1964,3428,7,1000,51405,41268,28933,22375,19509,1
Female,University,Married,43,300000,0,0,0,0,0,0,0,0,0,0,0,0,0,0,0,0,1
Female,University,Married,25,20000,3454,6875,13936,2816,7419,165,6885,14523,2816,7419,0,-10,-587,0,0,165,1
Female,University,Married,46,30000,34713,32875,29088,26788,17014,3000,2000,4,2916,106,3000,30875,29084,23872,16908,0,1
Female,Graduate,Single,30,180000,174869,173094,131039,132269,144990,152632,8328,7000,4900,15000,10000,164766,124039,127369,129990,142632,0
Female,University,Single,39,110000,111533,110367,112974,108390,107180,107309,5500,5900,5500,5000,5000,104867,107074,102890,102180,102309,0
Female,University,Married,40,250000,121558,126367,130658,79361,81196,83040,6500,7000,4000,3000,3000,119867,123658,75361,78196,80040,0
Female,University,Single,32,140000,137647,136497,135505,137629,120147,122247,5004,5000,5000,4300,5000,131493,130505,132629,115847,117247,0
Female,University,Married,29,80000,76362,77883,81811,80250,61467,10662,3392,5800,1000,600,400,74491,76011,79250,60867,10262,1
Female,High School,Married,32,20000,18539,18800,21274,20109,19976,20143,1400,3300,0,1000,1000,17400,17974,20109,18976,19143,0
Female,High School,Single,47,50000,11961,14259,16028,17760,19462,22141,2500,2000,2000,2000,3000,11759,14028,15760,17462,19141,0
Female,High School,Married,40,90000,14028,11732,9940,11264,12774,13038,3090,1176,1500,2000,609,8642,8764,9764,10774,12429,0
Female,University,Married,33,20000,17287,13864,14534,9662,8091,0,1572,1242,1020,2000,0,12292,13292,8642,6091,0,0
Female,University,Single,34,150000,121764,150928,151428,111159,97154,98404,35837,8794,3454,98231,3486,115091,142634,107705,-1077,94918,0
Female,Graduate,Married,34,150000,3099,3102,3087,2887,2887,2887,3102,3087,2887,2887,2887,0,0,0,0,0,0
Female,High School,Single,41,50000,3048,4063,5081,6090,6211,6342,1074,1092,1101,222,231,2989,3989,4989,5989,6111,1
Female,University,Single,47,90000,932,319,800,0,0,0,319,800,0,0,0,0,0,0,0,0,0
Female,University,Single,40,350000,26774,22062,38491,4683,3797,6677,22181,38683,4706,3816,6708,-119,-192,-23,-19,-31,0
Female,University,Single,38,30000,22070,23075,24124,27012,26279,26831,1676,1725,3613,0,975,21399,22399,23399,26279,25856,0
Female,Graduate,Married,28,150000,0,0,522,0,3978,25590,0,522,0,3978,25590,0,0,0,0,0,0
Female,Graduate,Single,29,190000,189417,95341,74959,76514,78047,79603,3318,2719,2800,2800,2900,92023,72240,73714,75247,76703,1
Female,University,Married,36,340000,3058,4087,5129,3142,3210,4153,1087,1129,1052,120,1000,3000,4000,2090,3090,3153,0
Female,University,Married,47,50000,49571,37680,31932,25300,18902,18920,2000,1812,2000,664,700,35680,30120,23300,18238,18220,0
Female,University,Single,29,50000,30715,29923,32700,28768,29639,28629,0,3304,4,2230,0,29923,29396,28764,27409,28629,1
Female,University,Single,30,280000,0,0,0,0,0,0,0,0,0,0,0,0,0,0,0,0,0
Female,Graduate,Single,31,230000,903,1711,1292,885,1292,795,1711,1292,885,1292,795,0,0,0,0,0,1
Female,Graduate,Single,31,400000,72551,8572,2190,12881,7497,11563,8657,2190,12881,0,4590,-85,0,0,7497,6973,0
Female,High School,Married,37,190000,752,1302,18666,19623,21268,23038,1302,18666,2000,3000,3000,0,0,17623,18268,20038,1
Female,Graduate,Single,31,170000,18038,26669,11709,14168,9084,0,10047,11909,5000,16,0,16622,-200,9168,9068,0,0
Female,Graduate,Single,30,150000,0,0,0,0,1883,1883,0,0,0,1883,0,0,0,0,0,1883,1
Female,Graduate,Single,32,140000,97528,99468,101863,105575,122173,116266,3562,4000,5445,20000,0,95906,97863,100130,102173,116266,1
Female,University,Single,23,110000,37857,39117,34330,12207,71932,73769,2000,3000,1500,71392,3000,37117,31330,10707,540,70769,0
Female,Graduate,Single,31,260000,16083,759,-484,-484,3872,2,759,0,0,4356,0,0,-484,-484,-484,2,0
Female,University,Single,37,30000,25037,18486,19082,19145,15839,9335,2000,2000,2500,2000,2000,16486,17082,16645,13839,7335,0
Female,High School,Married,42,130000,95564,92809,95477,95334,96066,97413,0,4500,3500,3400,4000,92809,90977,91834,92666,93413,1
Female,High School,Single,37,190000,44098,157205,91091,88145,90414,85083,164582,10056,10000,5000,10000,-7377,81035,78145,85414,75083,0
Female,University,Single,36,10000,7081,6819,7996,9004,9180,9371,0,1290,1298,474,487,6819,6706,7706,8706,8884,1
Female,University,Married,42,30000,5288,6310,8693,11541,13344,15118,1117,2500,3000,2000,2000,5193,6193,8541,11344,13118,1
Female,Graduate,Single,45,300000,122838,124057,125120,133997,118000,131067,10039,10048,20172,11034,20109,114018,115072,113825,106966,110958,0
Female,University,Married,40,200000,9798,14457,8916,12868,7818,12910,14499,8983,12908,7834,12919,-42,-67,-40,-16,-9,0
Female,High School,Married,36,130000,140479,133540,126408,119174,111339,103492,5000,5000,4200,4000,3600,128540,121408,114974,107339,99892,0
Female,High School,Single,35,400000,1432,8125,7017,10525,13295,11024,8132,7018,10542,13378,11045,-7,-1,-17,-83,-21,1
Female,University,Single,32,220000,93682,96466,99009,100462,102614,104806,4337,5000,4000,3824,4000,92129,94009,96462,98790,100806,0
Female,Graduate,Married,34,100000,0,0,0,0,0,315,0,0,0,0,315,0,0,0,0,0,0
Female,University,Married,38,80000,29249,28795,27006,23705,18275,18104,1800,1550,1244,751,612,26995,25456,22461,17524,17492,0
Female,High School,Single,34,50000,60170,48000,50192,50451,49086,34161,3000,3000,5000,3000,1000,45000,47192,45451,46086,33161,0
Female,Graduate,Married,34,200000,0,0,0,0,0,0,0,0,0,0,0,0,0,0,0,0,0
Female,University,Married,43,400000,398711,407664,186081,189987,193824,201699,17000,7000,7000,7000,11000,390664,179081,182987,186824,190699,0
Female,University,Single,48,50000,47295,30348,24446,25535,26109,26689,4000,1800,1500,1000,1000,26348,22646,24035,25109,25689,0
Female,High School,Married,37,140000,4637,4619,5538,2770,390,390,1141,1450,1000,390,390,3478,4088,1770,0,0,0
Female,University,Married,49,10000,8671,6613,7648,8758,9410,4373,1265,1300,1400,1000,304,5348,6348,7358,8410,4069,0
Female,High School,Married,41,80000,3482,2946,1524,2946,1473,0,1000,1524,1473,1473,0,1946,0,1473,0,0,0
Female,Graduate,Married,38,220000,136269,138972,141900,144764,147657,150749,4967,5160,5233,5278,5464,134005,136740,139531,142379,145285,0
Female,University,Single,45,80000,78083,79829,80896,53052,91667,47160,3045,2545,2100,1700,3374,76784,78351,50952,89967,43786,0
Female,Graduate,Married,35,360000,94657,34529,106276,73331,7759,31840,45000,100000,73427,7759,31840,-10471,6276,-96,0,0,1
Female,University,Married,46,20000,16371,17384,19954,19259,20139,19434,1289,2859,0,1044,0,16095,17095,19259,19095,19434,1
Female,University,Married,46,20000,10640,11252,12277,12287,12140,11990,1185,1600,1000,243,240,10067,10677,11287,11897,11750,0
Female,High School,Single,34,20000,19381,20359,19360,20421,19832,18052,1600,300,1700,0,804,18759,19060,18721,19832,17248,0
Female,University,Married,38,70000,50416,51412,53109,53630,108596,55886,1835,2520,2000,2000,4058,49577,50589,51630,106596,51828,0
Female,University,Married,33,210000,29672,31050,0,0,0,87045,2100,0,0,0,87045,28950,0,0,0,0,0
Female,University,Married,32,240000,153104,102049,105086,0,0,0,4500,5014,0,0,0,97549,100072,0,0,0,0
Female,University,Married,34,50000,24636,25064,51224,26230,18755,19227,1500,2300,2800,1000,1150,23564,48924,23430,17755,18077,0
Female,University,Married,31,50000,17019,7412,45137,41168,5890,7000,2591,40693,3900,1000,1500,4821,4444,37268,4890,5500,0
Female,Graduate,Single,38,230000,0,0,0,1158,1158,1158,0,0,1158,0,0,0,0,0,1158,1158,0
Female,Graduate,Single,45,120000,90041,86140,87941,89737,95451,97379,3079,3185,3251,7200,3600,83061,84756,86486,88251,93779,0
Female,Graduate,Single,44,180000,7668,10006,7996,8960,6310,4656,2489,0,1166,126,112,7517,7996,7794,6184,4544,1
Female,Graduate,Married,38,290000,3613,14708,7209,14912,45473,15095,14718,7420,15118,45473,15095,-10,-211,-206,0,0,0
Female,Graduate,Married,47,160000,151400,155658,143564,130860,122188,79360,6960,6882,6307,4730,2874,148698,136682,124553,117458,76486,0
Female,High School,Married,43,80000,66852,68152,71459,73690,71908,76294,3000,5000,4000,0,5700,65152,66459,69690,71908,70594,1
Female,University,Single,31,50000,28133,29461,32067,31252,32633,33965,1800,3400,0,1900,2000,27661,28667,31252,30733,31965,1
Female,High School,Married,33,20000,0,0,0,0,0,0,0,0,0,0,0,0,0,0,0,0,1
Female,University,Other,34,50000,33436,31231,30994,20244,12135,12270,2005,2005,2716,1000,911,29226,28989,17528,11135,11359,1
Female,University,Married,34,80000,63619,64484,62882,69109,67401,68863,2500,0,7282,0,2700,61984,62882,61827,67401,66163,1
Female,High School,Married,43,30000,32577,29268,26897,23352,18738,15236,0,1468,1564,591,489,29268,25429,21788,18147,14747,0
Female,University,Married,37,10000,7621,7368,8226,9834,9549,9774,0,1122,1730,0,508,7368,7104,8104,9549,9266,1
Female,University,Single,41,200000,15094,1717,988,1805,72551,90988,1727,991,1817,72836,30300,-10,-3,-12,-285,60688,0
Female,University,Married,33,50000,49450,50067,69594,46181,16770,19890,1743,2236,2807,629,3810,48324,67358,43374,16141,16080,0
Female,University,Single,34,480000,489305,479927,471639,375196,285319,209218,18231,20010,13013,11209,9010,461696,451629,362183,274110,200208,1
Female,University,Married,46,260000,28700,29484,28592,16869,12713,10420,15000,10000,3000,12713,10420,14484,18592,13869,0,0,0
Female,Graduate,Single,34,200000,129554,116490,119279,121782,125427,140460,5600,6000,4300,5500,17000,110890,113279,117482,119927,123460,0
Female,Graduate,Married,40,210000,0,0,0,4351,0,6200,0,0,4351,0,6200,0,0,0,0,0,0
Female,University,Married,41,70000,50460,52331,53896,54426,52956,54459,3000,3000,2000,0,2500,49331,50896,52426,52956,51959,1
Female,University,Married,43,50000,49072,50559,49060,44908,29969,30230,4000,0,2000,1039,1100,46559,49060,42908,28930,29130,0
Female,University,Single,45,20000,13696,15156,16183,16893,18200,17769,2000,1574,1284,1591,0,13156,14609,15609,16609,17769,1
Female,University,Married,35,80000,390,0,1151,10312,12238,8279,0,1151,10312,12238,5000,0,0,0,0,3279,0
Female,High School,Married,37,200000,10701,4251,5144,6807,51013,54416,4251,5144,2000,44406,54725,0,0,4807,6607,-309,0
Female,Graduate,Married,38,210000,29504,0,0,0,1742,0,0,0,0,1742,0,0,0,0,0,0,0
Female,High School,Married,35,210000,79662,25442,26823,32032,37457,43814,3000,1791,6000,6000,7000,22442,25032,26032,31457,36814,0
Female,Graduate,Other,35,360000,3555,2570,0,0,0,6920,2570,0,0,0,6920,0,0,0,0,0,0
Female,University,Single,56,80000,57730,64934,63325,67711,71984,73672,8198,0,5487,5429,3000,56736,63325,62224,66555,70672,1
Female,High School,Married,43,50000,3238,4672,2865,3878,4809,5726,1500,1056,1069,1000,1000,3172,1809,2809,3809,4726,0
Female,University,Single,40,20000,3135,2643,2454,2250,2296,4315,2000,2296,2296,2342,4315,643,158,-46,-46,0,0
Female,University,Married,38,40000,35183,39197,39477,39924,39004,41462,4600,1200,1400,0,3069,34597,38277,38524,39004,38393,1
Female,University,Married,38,50000,29989,31184,33850,34495,35129,35918,2000,3500,1500,1500,1500,29184,30350,32995,33629,34418,1
Female,University,Married,45,170000,133341,133715,130591,138404,138733,137642,6804,6883,11600,5020,1200,126911,123708,126804,133713,136442,0
Female,Graduate,Married,37,310000,123,123,0,123,0,0,123,0,123,0,0,0,0,0,0,0,0
Female,University,Married,24,50000,46108,49330,48263,49780,56396,55479,4000,0,2384,8000,0,45330,48263,47396,48396,55479,0
Female,Graduate,Single,25,30000,24709,28970,28233,27481,29484,30157,5000,0,0,2471,1300,23970,28233,27481,27013,28857,0
Female,University,Married,45,200000,144249,144423,139978,126213,93788,94875,6097,8039,5112,5000,5008,138326,131939,121101,88788,89867,0
Female,University,Married,38,260000,191160,194522,190339,186688,177785,165789,8357,7200,6500,6000,6000,186165,183139,180188,171785,159789,0
Female,University,Single,29,80000,59520,60492,62160,64714,62420,62990,2753,3438,4400,0,2400,57739,58722,60314,62420,60590,1
Female,University,Single,27,180000,0,0,0,0,0,0,0,0,0,0,0,0,0,0,0,0,0
Female,Graduate,Single,28,130000,2936,1688,5890,1113,1283,3000,2464,5890,1113,1283,3000,-776,0,0,0,0,0
Female,Graduate,Married,30,190000,176699,188703,184403,90887,90097,90295,15000,3000,4100,3200,3264,173703,181403,86787,86897,87031,1
Female,University,Married,33,110000,105440,105852,111966,106068,109293,105804,5300,11000,0,8077,0,100552,100966,106068,101216,105804,0
Female,University,Married,40,60000,42922,45617,46549,32902,30677,31318,3700,2000,0,1059,1096,41917,44549,32902,29618,30222,1
Female,High School,Married,49,40000,35771,34896,39322,38319,39531,40224,0,5000,0,2000,1400,34896,34322,38319,37531,38824,0
Female,University,Married,32,80000,1880,1261,1650,3176,3379,1807,1261,1650,3176,3379,1807,0,0,0,0,0,0
Female,Other,Single,33,100000,42622,46884,51103,52251,53480,54467,5000,5000,2000,2100,2000,41884,46103,50251,51380,52467,0
Female,University,Married,34,400000,95390,95654,97702,98972,101154,102371,2988,3780,3000,3004,2988,92666,93922,95972,98150,99383,0
Female,University,Married,40,70000,56922,60047,56884,57717,26342,26342,5500,0,2723,1062,936,54547,56884,54994,25280,25406,1
Female,University,Married,49,500000,3645,2744,1000,16639,7081,0,2744,1005,16639,142,0,0,-5,0,6939,0,0
Female,High School,Single,46,190000,124245,126722,129376,132016,134632,137470,4536,4696,4791,4811,5000,122186,124680,127225,129821,132470,0
Female,University,Single,35,200000,4585,5859,7763,8525,6843,2865,1500,2000,1000,518,1000,4359,5763,7525,6325,1865,0
Female,University,Married,42,210000,109919,92271,79445,27278,32509,41225,11488,10000,11990,17990,15000,80783,69445,15288,14519,26225,0
Female,University,Single,47,340000,196112,183453,167592,162628,142779,139548,6446,6207,5758,4853,4940,177007,161385,156870,137926,134608,0
Female,Graduate,Single,38,180000,16056,179490,180360,177460,140738,141830,180040,8200,9607,5103,5237,-550,172160,167853,135635,136593,0
Female,University,Single,28,110000,10048,8311,3404,407,1250,88628,2000,3000,410,1250,89035,6311,404,-3,0,-407,0
Female,High School,Single,42,80000,11460,455,10843,9011,7560,7686,455,10843,0,22,7709,0,0,9011,7538,-23,0
Female,High School,Married,31,30000,9388,10387,10624,11539,11771,9075,1162,1229,1144,376,329,9225,9395,10395,11395,8746,0
Female,Graduate,Single,31,200000,2905,1258,1863,390,390,390,0,2253,0,390,390,1258,-390,390,0,0,0
Female,University,Married,31,80000,51346,52955,54063,54608,55695,56786,3000,2500,2000,2500,2500,49955,51563,52608,53195,54286,0
Female,Graduate,Single,31,300000,34515,60700,33843,5045,10288,12565,30000,5000,5045,10288,5000,30700,28843,0,0,7565,1
Female,Graduate,Single,32,280000,215052,191094,195204,199091,201581,206054,7000,7200,8800,7300,7700,184094,188004,190291,194281,198354,0
Female,University,Single,32,110000,-296,1733,-153,6540,632,316,2345,0,7009,632,0,-612,-153,-469,0,316,0
Female,University,Single,33,130000,108984,106533,104394,103798,82816,78727,3775,3988,6000,3784,3010,102758,100406,97798,79032,75717,0
Female,Other,Married,32,500000,33647,482,9034,64346,5988,16890,486,9041,64988,6000,16899,-4,-7,-642,-12,-9,0
Female,University,Married,32,150000,0,0,0,0,0,0,0,0,0,0,0,0,0,0,0,0,0
Female,University,Single,36,450000,12050,13500,6350,11670,1530,1232,13551,6364,11728,1532,1234,-51,-14,-58,-2,-2,0
Female,University,Married,34,230000,167299,165568,140467,133479,122948,125519,8448,5785,5400,4397,4548,157120,134682,128079,118551,120971,0
Female,University,Single,34,80000,74860,84054,82194,78715,26681,0,11074,3,5,1075,0,72980,82191,78710,25606,0,0
Female,Graduate,Married,34,260000,199,598,400,199,1117,922,599,2,200,1118,5,-1,398,-1,-1,917,0
Female,University,Married,34,150000,140711,147833,148066,142163,135075,135309,12416,6130,27,4610,5000,135417,141936,142136,130465,130309,0
Female,University,Married,35,50000,23280,0,0,0,0,0,0,0,0,0,0,0,0,0,0,0,0
Female,High School,Married,35,30000,27785,28786,26496,25098,26209,25325,1800,1500,1450,1500,1500,26986,24996,23648,24709,23825,1
Female,High School,Married,41,100000,102250,97551,101882,98311,97546,101281,0,8900,0,3500,7570,97551,92982,98311,94046,93711,1
Female,University,Married,43,190000,189697,185105,184180,156969,157856,158451,0,9021,6000,5489,5670,185105,175159,150969,152367,152781,1
Female,University,Married,34,130000,9383,9380,7350,3488,3991,3077,1317,1268,1010,4003,3086,8063,6082,2478,-12,-9,0
Female,University,Married,38,30000,24380,15525,0,0,0,0,1600,0,0,0,0,13925,0,0,0,0,1
Female,University,Single,38,30000,29632,30239,30526,29219,30012,28422,1492,1661,1238,1031,1083,28747,28865,27981,28981,27339,0
Female,Graduate,Married,44,110000,87418,93862,91505,98566,99700,97833,7900,0,8600,3800,0,85962,91505,89966,95900,97833,1
Female,High School,Married,39,120000,116983,117616,74853,78692,78456,76140,5750,4000,6300,3000,0,111866,70853,72392,75456,76140,0
Female,High School,Married,41,30000,30518,34984,30321,23610,20614,18873,5002,7,1511,5005,5183,29982,30314,22099,15609,13690,0
Female,High School,Married,36,30000,7109,7963,9152,10282,10180,10394,1132,1321,1451,349,362,6831,7831,8831,9831,10032,1
Female,University,Single,42,30000,26504,28056,27987,1812,0,0,2000,2000,2000,0,0,26056,25987,-188,0,0,0
Female,High School,Single,45,10000,6925,10273,9964,9327,9512,9200,3647,0,0,332,333,6626,9964,9327,9180,8867,1
Female,University,Married,32,400000,183339,179701,179979,89317,59413,65890,10016,7473,6151,2000,7015,169685,172506,83166,57413,58875,0
Female,High School,Other,32,20000,19446,20650,0,0,0,1000,2000,0,0,0,1000,18650,0,0,0,0,0
Female,University,Married,36,20000,18720,18932,19543,20002,19314,19320,1610,1374,1215,596,609,17322,18169,18787,18718,18711,1
Female,Graduate,Single,33,500000,30267,14773,18129,18934,21687,16438,14773,18129,18941,16687,16438,0,0,-7,5000,0,0
Female,University,Married,33,30000,31087,29545,26270,24966,23834,20859,0,0,2000,2000,0,29545,26270,22966,21834,20859,1
Female,University,Married,33,50000,7642,3273,4166,0,0,0,0,1000,0,0,0,3273,3166,0,0,0,1
Female,University,Single,33,30000,30336,29965,28048,29775,27736,26956,3005,2000,3000,3000,2000,26960,26048,26775,24736,24956,0
Female,University,Single,33,30000,17011,15720,18443,7138,7638,5884,2000,3000,1000,500,5884,13720,15443,6138,7138,0,1
Female,University,Single,33,110000,36075,39442,41240,42380,380,96736,4000,2760,3000,380,96736,35442,38480,39380,0,0,0
Female,University,Married,34,100000,39192,39951,39030,43381,43771,44626,1700,0,5000,1400,1700,38251,39030,38381,42371,42926,0
Female,University,Married,36,200000,175000,184057,189643,115046,24895,35410,12000,9427,5934,13000,11000,172057,180216,109112,11895,24410,0
Female,High School,Married,40,110000,41629,42626,45666,84725,49757,46196,1688,3728,1726,1608,2169,40938,41938,82999,48149,44027,0
Female,University,Single,38,140000,139001,141453,132415,130305,79775,74462,4826,8000,3100,3000,5417,136627,124415,127205,76775,69045,0
Female,University,Other,45,70000,70820,66163,67605,68855,70377,67818,2500,2507,2428,2594,2602,63663,65098,66427,67783,65216,0
Female,High School,Single,37,130000,31280,32582,33328,34310,35059,44458,1813,1559,1541,1290,10000,30769,31769,32769,33769,34458,0
Female,University,Married,45,30000,390,780,780,0,0,0,780,0,0,0,0,0,780,0,0,0,0
Female,High School,Married,36,160000,92816,87606,82218,79438,72451,39831,5000,10000,5018,127,10015,82606,72218,74420,72324,29816,0
Female,Other,Single,36,50000,46277,42207,20361,17527,17318,17738,2058,1265,5000,700,700,40149,19096,12527,16618,17038,0
Female,University,Married,36,80000,4749,6108,2861,3277,3319,1150,6120,2861,3279,3319,1150,-12,0,-2,0,0,0
Female,High School,Married,44,50000,46989,51036,48353,47264,29325,31100,5177,22,2154,1200,3450,45859,48331,45110,28125,27650,0
Female,High School,Married,40,50000,31297,30175,30140,29724,30316,29269,1476,1517,1451,1043,1048,28699,28623,28273,29273,28221,0
Female,University,Single,44,180000,3481,757,9877,4383,3482,4479,761,9962,3485,2,4479,-4,-85,898,3480,0,0
Female,University,Married,42,130000,0,0,441,305,0,0,0,441,305,0,0,0,0,0,0,0,1
Female,Graduate,Married,47,420000,0,14165,53697,50081,44875,42691,14165,55732,1563,1594,1454,0,-2035,48518,43281,41237,0
Female,University,Married,44,140000,110575,0,0,0,0,0,0,0,0,0,0,0,0,0,0,0,1
Female,University,Married,42,20000,12029,13045,16024,15420,13929,11307,1224,3203,0,1000,0,11821,12821,15420,12929,11307,0
Female,University,Other,40,200000,118728,110699,61827,35902,326,1446,4895,3927,35955,0,5826,105804,57900,-53,326,-4380,1
Female,Graduate,Married,49,180000,0,0,0,0,0,0,0,0,0,0,0,0,0,0,0,0,0
Female,High School,Married,37,120000,19821,20836,23562,22890,23189,23521,1651,3377,0,976,855,19185,20185,22890,22213,22666,0
Female,University,Married,43,210000,190693,169931,173389,154440,155592,116249,7000,7000,10005,6193,4231,162931,166389,144435,149399,112018,0
Female,University,Married,45,30000,23155,22490,26789,26065,27408,26831,0,5000,0,2084,0,22490,21789,26065,25324,26831,1
Female,University,Single,43,80000,72987,72055,70730,68487,57304,41345,2561,2745,2100,1684,4000,69494,67985,66387,55620,37345,0
Female,University,Married,35,110000,85958,83389,83734,82532,81032,79835,2968,4088,3677,5400,0,80421,79646,78855,75632,79835,0
Female,University,Married,36,60000,60299,44659,44291,41241,29534,29297,2000,3042,1433,1012,1029,42659,41249,39808,28522,28268,1
Female,University,Married,36,60000,59945,57262,27275,22095,14293,12217,1805,5816,1000,5000,12217,55457,21459,21095,9293,0,0
Female,Graduate,Single,37,140000,-18,-18,-18,-18,-18,-18,0,0,0,0,0,-18,-18,-18,-18,-18,0
Female,University,Married,35,60000,57267,57225,47343,29164,27829,27574,3023,2245,2005,2000,1088,54202,45098,27159,25829,26486,0
Female,Graduate,Single,39,500000,51,-8,-8,10362,21905,23717,0,0,10370,15000,10000,-8,-8,-8,6905,13717,1
Female,University,Married,41,420000,373978,389754,366938,361024,354813,344221,33808,14996,13209,12890,11081,355946,351942,347815,341923,333140,1
Female,University,Married,43,30000,15780,15246,17838,17272,18131,17711,0,3141,0,1434,0,15246,14697,17272,16697,17711,1
Female,High School,Married,38,170000,4202,5146,6494,1264,948,632,1336,2000,1264,0,0,3810,4494,0,948,632,0
Female,Graduate,Married,49,200000,1248,0,94,1712,9549,1060,0,94,1712,9549,1060,0,0,0,0,0,0
Female,Graduate,Married,45,160000,108799,110963,114975,115923,107621,110006,3972,5800,4431,3854,4121,106991,109175,111492,103767,105885,0
Female,Graduate,Married,35,200000,205002,195441,192803,304997,188504,189527,41,8597,8583,6880,7235,195400,184206,296414,181624,182292,1
Female,University,Married,43,20000,19295,19639,18541,19059,19757,19913,1295,1309,1602,1300,600,18344,17232,17457,18457,19313,0
Female,Other,Single,39,190000,109023,99265,78430,77653,78395,70849,4000,3507,3003,3003,3510,95265,74923,74650,75392,67339,0
Female,Graduate,Married,45,70000,6369,390,3060,780,2079,0,0,3450,0,2079,0,390,-390,780,0,0,1
Female,University,Single,33,220000,153664,156646,158994,154506,126399,129357,7000,6300,0,5000,5000,149646,152694,154506,121399,124357,0
Female,Graduate,Single,34,500000,11765,6599,11421,-83,49699,3821,6648,11986,0,49947,3840,-49,-565,-83,-248,-19,0
Female,Graduate,Single,37,210000,349,10128,19631,23906,373,3073,10152,19631,23906,0,3073,-24,0,0,373,0,1
Female,University,Married,31,50000,43979,44970,48101,46993,47940,50903,1724,3855,0,1694,3713,43246,44246,46993,46246,47190,0
Female,Other,Married,38,160000,141282,144433,152067,155527,157886,156241,5500,10000,6000,6100,6100,138933,142067,149527,151786,150141,0
Female,Graduate,Single,39,20000,16690,17696,18878,19308,19498,0,1588,1770,1200,390,0,16108,17108,18108,19108,0,1
Female,University,Married,37,70000,68886,60353,32488,35377,30159,29177,2850,1919,5154,1184,0,57503,30569,30223,28975,29177,1
Female,Graduate,Married,40,220000,63386,64165,61655,61855,64966,66942,8000,3000,3000,5000,3000,56165,58655,58855,59966,63942,0
Female,University,Married,48,200000,1002,0,490,902,0,0,0,490,902,0,0,0,0,0,0,0,0
Female,High School,Married,44,130000,129329,123615,107284,54656,22534,8754,4505,3577,1231,2534,5012,119110,103707,53425,20000,3742,0
Female,University,Single,34,30000,16935,17855,17280,18594,18806,19045,1500,0,1606,818,690,16355,17280,16988,17988,18355,0
Female,Graduate,Married,45,260000,4856,1853,108,0,134,4950,1853,108,0,134,4950,0,0,0,0,0,0
Female,High School,Married,32,230000,167419,16968,7226,1469,690,388,76,3742,1546,0,388,16892,3484,-77,690,0,0
Female,Graduate,Single,33,240000,0,0,0,0,0,0,0,0,0,0,0,0,0,0,0,0,0
Female,Graduate,Married,32,260000,2378,4884,329,2464,2673,12354,4884,329,2465,2673,12354,0,0,-1,0,0,0
Female,University,Married,33,360000,-10,2635,590,-9,-9,-9,2645,2,0,0,0,-10,588,-9,-9,-9,0
Female,Graduate,Married,36,260000,416,416,416,3541,416,416,416,416,3541,416,416,0,0,0,0,0,0
Female,University,Married,34,230000,3128,10998,1509,1390,1072,849,10998,1509,1390,0,849,0,0,0,1072,0,0
Female,Graduate,Single,35,300000,103,344,891,889,889,739,344,891,889,889,739,0,0,0,0,0,0
Female,Graduate,Married,45,140000,2300,483,487,1011,524,1037,483,487,1011,0,1000,0,0,0,524,37,0
Female,High School,Married,38,380000,379080,374137,371624,362191,322148,309689,13501,14152,12270,11031,10207,360636,357472,349921,311117,299482,1
Female,Graduate,Single,31,190000,150183,129603,131661,137765,123616,125841,7000,7000,8500,5000,6000,122603,124661,129265,118616,119841,0
Female,Graduate,Single,31,500000,67475,72191,64130,45766,45324,55011,6000,2332,1219,5000,54000,66191,61798,44547,40324,1011,0
Female,Graduate,Married,39,200000,14510,7922,0,0,506,4408,7922,0,0,506,4408,0,0,0,0,0,0
Female,University,Married,37,310000,30691,27595,29616,29598,27589,28985,7595,5616,9598,5589,5985,20000,24000,20000,22000,23000,0
Female,High School,Married,49,30000,24885,25886,26901,27907,28469,29058,1215,1230,1236,798,822,24671,25671,26671,27671,28236,0
Female,University,Married,49,280000,66749,67942,67908,63990,64050,64486,3001,2382,67867,2420,2338,64941,65526,-3877,61630,62148,0
Female,Graduate,Married,42,80000,18378,19377,20471,20638,21003,20529,1600,1700,800,1000,0,17777,18771,19838,20003,20529,1
Female,University,Married,35,150000,1846,5466,3660,2415,5033,803,3672,0,2415,5033,803,1794,3660,0,0,0,1
Female,University,Married,48,30000,10509,12727,12240,11747,12651,12305,2700,0,0,1100,0,10027,12240,11747,11551,12305,1
Female,Graduate,Married,41,170000,118379,120087,121958,123629,123605,123794,4294,4428,4326,4154,4345,115793,117530,119303,119451,119449,0
Female,Graduate,Married,42,110000,47021,48235,49455,51132,52183,53192,2000,2000,2500,2500,2000,46235,47455,48632,49683,51192,0
Female,High School,Married,46,30000,29201,30406,31295,29929,27744,28117,2000,1700,954,0,2253,28406,29595,28975,27744,25864,1
Female,Graduate,Single,33,90000,33035,34178,36133,38240,37325,39725,2000,2500,3000,0,3000,32178,33633,35240,37325,36725,1
Female,University,Single,40,50000,50531,50446,48763,35038,27839,27872,2504,1815,2389,3003,2800,47942,46948,32649,24836,25072,1
Female,Graduate,Married,36,120000,536,210,-116,-442,732,406,0,0,0,1500,0,210,-116,-442,-768,406,1
Female,High School,Single,46,20000,18505,17898,18067,18917,18717,17144,0,1800,1600,400,0,17898,16267,17317,18317,17144,0
Female,Graduate,Married,42,220000,316,316,396,316,32816,316,316,396,316,32816,316,0,0,0,0,0,0
Female,University,Married,42,230000,390,390,390,390,1240,4234,390,390,390,1240,4234,0,0,0,0,0,0
Female,Graduate,Single,29,160000,1116,2599,1302,1852,736,3542,2599,0,1852,0,3542,0,1302,0,736,0,1
Female,University,Married,38,450000,87836,92361,96013,34079,35629,59829,6000,6000,10000,15000,35000,86361,90013,24079,20629,24829,0
Female,Graduate,Married,46,390000,6570,2287,0,18692,10418,8590,2287,0,18692,1000,172,0,0,0,9418,8418,0
Female,University,Single,29,90000,34954,34093,37539,36641,37061,38011,0,4000,0,1326,1547,34093,33539,36641,35735,36464,0
Female,University,Married,33,60000,56038,54660,49907,44057,27510,28086,1911,1879,1500,1000,1019,52749,48028,42557,26510,27067,1
Female,University,Married,34,180000,3359,4060,-200,2000,0,19726,4060,0,2200,0,19726,0,-200,-200,0,0,1
Female,High School,Married,40,80000,7111,12774,16817,15274,20043,13318,6500,5000,4025,8000,5000,6274,11817,11249,12043,8318,0
Female,University,Single,43,180000,543,-535,2145,12532,655,390,0,3212,12532,655,157,-535,-1067,0,0,233,0
Female,University,Married,46,320000,545,5590,8477,18428,119,9416,5590,8489,18443,0,9416,0,-12,-15,119,0,0
Female,Graduate,Single,36,320000,29026,28179,28695,19370,10155,3788,5000,5018,1000,3000,0,23179,23677,18370,7155,3788,0
Female,University,Married,39,100000,95893,97040,65668,66046,66779,45833,3552,2617,2098,1916,1707,93488,63051,63948,64863,44126,0
Female,High School,Married,42,20000,18650,15456,16504,17496,18219,18783,1300,1300,1280,1000,1000,14156,15204,16216,17219,17783,0
Female,High School,Single,34,140000,316,0,2549,151,0,574,0,2549,151,0,574,0,0,0,0,0,0
Female,High School,Single,39,100000,1130,600,0,660,2030,3170,600,0,660,2030,3170,0,0,0,0,0,0
Female,High School,Single,44,10000,10422,9775,10964,11153,10762,10126,0,2500,1000,400,0,9775,8464,10153,10362,10126,1
Female,University,Married,36,30000,23309,24610,26404,27149,27634,28215,2000,2500,1500,1200,1142,22610,23904,25649,26434,27073,0
Female,High School,Married,39,50000,38506,36749,32159,25145,17331,17901,2008,3000,2000,1000,1000,34741,29159,23145,16331,16901,0
Female,University,Married,44,20000,12346,13615,13674,27524,13490,15261,1500,2000,2500,500,2000,12115,11674,25024,12990,13261,0
Female,University,Single,31,200000,0,0,500,0,0,0,0,500,0,0,0,0,0,0,0,0,0
Female,University,Married,32,320000,44312,23132,-2793,-2793,20381,25198,3000,23,0,23381,5000,20132,-2816,-2793,-3000,20198,1
Female,University,Single,37,360000,1066,0,878,1142,926,1401,0,878,1142,926,1401,0,0,0,0,0,1
Female,Graduate,Married,33,200000,0,0,0,0,0,0,0,0,0,0,0,0,0,0,0,0,0
Female,High School,Married,34,140000,138375,138796,142280,142002,89035,94006,5000,8000,6314,3200,6400,133796,134280,135688,85835,87606,0
Female,Graduate,Single,31,420000,127901,95981,65979,36614,208821,209508,3900,5000,5000,208821,9508,92081,60979,31614,0,200000,0
Female,Graduate,Single,36,150000,20755,25019,24335,24908,15339,0,4938,0,1200,507,0,20081,24335,23708,14832,0,0
Female,University,Single,38,200000,14956,9023,4963,5418,5131,5741,5000,1155,1000,103,1000,4023,3808,4418,5028,4741,0
Female,University,Married,42,230000,3210,0,0,0,0,0,0,0,0,0,0,0,0,0,0,0,0
Female,University,Married,38,30000,18971,20344,21705,22537,24161,25128,2000,2000,1500,2000,1500,18344,19705,21037,22161,23628,0
Female,University,Married,41,30000,39745,27393,26948,27379,22767,4721,1522,1800,1222,1500,1000,25871,25148,26157,21267,3721,0
Female,Graduate,Single,36,50000,18992,19881,20767,20136,21802,21315,1500,1500,0,2000,0,18381,19267,20136,19802,21315,0
Female,Graduate,Married,44,410000,-1,1733,-2506,-2506,-2506,-2506,1734,2506,0,0,0,-1,-5012,-2506,-2506,-2506,0
Female,University,Single,43,280000,273535,280598,141996,131471,134963,139471,12000,7300,5000,6000,7000,268598,134696,126471,128963,132471,0
Female,University,Married,46,200000,47403,37835,30212,26302,20465,12460,1550,1503,5000,3000,1000,36285,28709,21302,17465,11460,0
Female,Graduate,Married,45,270000,1526,0,0,0,0,0,0,0,0,0,0,0,0,0,0,0,0
Female,Graduate,Single,32,320000,20488,18607,41195,89714,64646,6103,18615,42067,30014,39515,6110,-8,-872,59700,25131,-7,0
Female,University,Married,32,60000,57199,57417,35875,36695,36837,37307,2491,1669,1805,1263,1439,54926,34206,34890,35574,35868,0
Female,University,Married,35,130000,125989,127884,128231,127677,125675,127318,6500,6500,6201,5000,5500,121384,121731,121476,120675,121818,0
Female,High School,Married,54,30000,24285,25379,26964,29307,28537,30378,1500,2000,2800,0,2300,23879,24964,26507,28537,28078,1
Female,High School,Married,50,200000,162296,169288,168430,100175,95267,87086,13000,6900,4200,3000,3200,156288,161530,95975,92267,83886,0
Female,University,Married,51,170000,3022,2742,4592,3798,8717,4362,2751,4592,3798,8774,4362,-9,0,0,-57,0,0
Female,Other,Married,50,80000,115027,118188,117725,118100,60745,54509,6000,5500,4356,3000,2100,112188,112225,113744,57745,52409,0
Female,Graduate,Single,50,500000,0,0,0,0,0,706,0,0,0,0,706,0,0,0,0,0,0
Female,High School,Married,47,50000,1091,390,1554,390,780,390,390,1554,390,780,0,0,0,0,0,390,0
Female,University,Married,50,90000,72840,0,13009,17405,20115,19655,0,13009,4627,3000,0,0,0,12778,17115,19655,0
Female,Other,Married,50,350000,136293,139215,142695,98404,100367,102465,4846,5577,3488,3417,3536,134369,137118,94916,96950,98929,0
Female,High School,Single,52,110000,32085,34601,31304,29291,26415,23170,3393,0,1600,1000,1000,31208,31304,27691,25415,22170,0
Female,High School,Single,50,120000,149301,149540,118675,120047,100637,79613,3000,125000,4065,4000,3000,146540,-6325,115982,96637,76613,1
Female,High School,Married,55,30000,10682,11399,12421,13507,13782,14159,1200,1214,1300,500,600,10199,11207,12207,13282,13559,1
Female,University,Married,53,30000,14495,15447,16390,17717,19420,18970,1500,1500,1600,2000,0,13947,14890,16117,17420,18970,1
Female,Graduate,Married,51,250000,6811,0,0,0,0,0,0,0,0,0,0,0,0,0,0,0,0
Female,High School,Married,52,50000,22377,23380,24488,25775,1080,540,1380,1488,1775,1080,0,22000,23000,24000,0,540,0
Female,High School,Married,53,160000,95907,108036,110538,130873,134524,135264,15325,5731,24677,5753,5325,92711,104807,106196,128771,129939,0
Female,University,Married,49,140000,8280,3147,2421,5021,2646,6117,3147,2000,5021,2646,5541,0,421,0,0,576,1
Female,High School,Married,51,80000,52275,50838,51901,52959,54012,55147,0,1883,1920,1931,2003,50838,50018,51039,52081,53144,1
Female,High School,Single,53,10000,1473,2095,622,149,-1324,-797,2095,0,1000,0,2000,0,622,-851,-1324,-2797,1
Female,Other,Married,50,300000,528,264,264,264,517,528,0,264,264,517,11,264,0,0,0,517,0
Female,University,Married,50,90000,43439,44512,47677,46615,47537,48616,2100,4200,0,2000,2000,42412,43477,46615,45537,46616,0
Female,University,Single,51,20000,0,0,0,0,0,0,0,0,0,0,0,0,0,0,0,0,0
Female,University,Married,53,30000,25627,26891,28151,28827,29412,26199,2000,2000,1500,1000,1000,24891,26151,27327,28412,25199,0
Female,High School,Single,50,80000,46239,46914,47918,47620,48571,48525,1754,2210,1700,1614,1600,45160,45708,45920,46957,46925,0
Female,Graduate,Single,54,20000,14034,15296,20035,19435,18835,18395,1500,5000,0,0,0,13796,15035,19435,18835,18395,1
Female,High School,Married,55,20000,3580,4751,5813,7052,7779,8495,1238,1300,1500,1000,1000,3513,4513,5552,6779,7495,0
Female,University,Married,53,50000,36997,36927,34929,31874,28993,29409,1607,2010,1505,1001,2007,35320,32919,30369,27992,27402,1
Female,Graduate,Married,60,120000,3956,0,2216,2550,9246,8307,0,2216,2557,9246,8307,0,0,-7,0,0,0
Female,University,Married,47,30000,30567,58722,30077,29841,20075,12250,3778,1900,1019,26,1131,54944,28177,28822,20049,11119,0
Female,University,Married,56,30000,14909,15565,16620,16056,17386,16968,1200,1600,0,1600,0,14365,15020,16056,15786,16968,1
Female,High School,Married,55,80000,46777,44628,43943,42913,43217,41662,5024,5014,5016,5017,5011,39604,38929,37897,38200,36651,0
Female,University,Married,55,50000,21371,22389,25327,25668,24959,25506,1376,3314,1050,0,1100,21013,22013,24618,24959,24406,0
Female,University,Married,56,80000,63995,65347,66705,68506,69787,68844,3000,3000,3500,3000,300,62347,63705,65006,66787,68544,1
Female,University,Married,52,100000,94935,98462,100978,96606,92062,90228,6018,5000,0,6040,4000,92444,95978,96606,86022,86228,0
Female,High School,Married,62,30000,18563,19647,20725,21774,22114,22607,1700,1700,1700,1000,1000,17947,19025,20074,21114,21607,1
Female,Graduate,Single,51,130000,73903,74661,75593,78110,81793,86452,6000,5002,6000,5000,6000,68661,70591,72110,76793,80452,0
Female,High School,Married,54,20000,7189,6925,8402,9111,9802,10508,0,1600,1000,1000,866,6925,6802,8111,8802,9642,0
Female,University,Married,57,80000,82150,0,0,0,0,0,0,0,0,0,0,0,0,0,0,0,1
Female,Graduate,Married,51,100000,94247,87079,89076,91143,77655,78518,3200,3400,3700,2800,2900,83879,85676,87443,74855,75618,0
Female,High School,Single,50,20000,11545,12945,13972,15730,15183,16182,1600,1542,2300,0,1400,11345,12430,13430,15183,14782,1
Female,University,Married,51,120000,138313,134057,130935,124458,78671,8730,5000,6000,3000,3000,2000,129057,124935,121458,75671,6730,0
Female,University,Single,53,50000,3914,7419,7156,8492,9515,9287,3591,0,1500,1100,0,3828,7156,6992,8415,9287,1
Female,High School,Married,59,80000,75662,70073,53169,50875,50372,49470,3212,2106,2000,1603,1903,66861,51063,48875,48769,47567,0
Female,High School,Married,54,90000,18131,18219,36190,17754,11104,11234,2301,1354,2906,370,381,15918,34836,14848,10734,10853,0
Female,High School,Single,47,60000,50469,43093,37137,26015,18840,19183,3329,3429,2015,2000,2004,39764,33708,24000,16840,17179,0
Female,High School,Married,50,100000,27666,28677,31516,30701,32392,32645,1473,3312,0,2578,1294,27204,28204,30701,29814,31351,1
Female,University,Married,50,50000,51212,50658,48999,49388,48853,47765,2070,2357,1746,1628,1520,48588,46642,47642,47225,46245,0
Female,High School,Married,53,30000,17585,18598,19379,19762,20141,19680,1600,1379,1000,1000,0,16998,18000,18762,19141,19680,1
Female,Graduate,Married,58,240000,7217,8204,3001,6861,4681,2729,8210,3001,6866,4681,2729,-6,0,-5,0,0,0
Female,Graduate,Married,47,200000,101986,97680,94125,89550,98565,54370,4000,3455,5000,10000,2500,93680,90670,84550,88565,51870,0
Female,High School,Single,50,130000,390,52180,206,3265,5661,7026,107767,206,3265,3000,2000,-55587,0,0,2661,5026,0
Female,High School,Married,50,110000,101084,103476,111998,112290,106721,107636,4700,11500,3925,0,5000,98776,100498,108365,106721,102636,0
Female,University,Married,51,50000,40268,27913,22733,15100,7080,8049,2000,3334,27,300,1092,25913,19399,15073,6780,6957,0
Female,High School,Married,56,20000,6949,8823,10523,12043,13542,14728,2000,2000,2000,2000,2000,6823,8523,10043,11542,12728,1
Female,High School,Married,69,50000,12196,13985,15750,17434,19220,17822,2000,2000,2000,2000,605,11985,13750,15434,17220,17217,0
Female,University,Married,54,80000,48298,49402,50416,51293,50170,53391,2200,2100,2000,0,4200,47202,48316,49293,50170,49191,1
Female,High School,Married,52,20000,18049,14361,15425,16460,17380,17650,1536,1600,1600,1500,700,12825,13825,14860,15880,16950,1
Female,High School,Married,56,20000,11276,10803,11528,13524,13508,13149,0,1204,2200,500,0,10803,10324,11324,13008,13149,1
Female,High School,Married,53,30000,12466,15333,14802,15523,18470,18834,3086,0,1276,3223,805,12247,14802,14247,15247,18029,1
Female,Other,Married,59,240000,233918,235404,236564,241075,146440,132290,8357,10001,10000,10000,5000,227047,226563,231075,136440,127290,0
Female,High School,Single,56,50000,0,0,0,0,562,736,0,0,0,562,736,0,0,0,0,0,1
Female,High School,Single,53,80000,2315,1990,801,1030,2030,763,1400,801,1030,1000,0,590,0,0,1030,763,0
Female,Graduate,Single,56,180000,0,0,1829,-200,0,4208,0,1829,998,200,4208,0,0,-1198,-200,0,1
Female,High School,Married,55,240000,216170,218809,226013,229014,178852,182547,8000,11000,9000,7000,7000,210809,215013,220014,171852,175547,0
Female,University,Married,54,120000,89197,87088,85280,83873,78945,80597,3072,3074,2887,2774,2871,84016,82206,80986,76171,77726,0
Male,University,Single,21,20000,19820,19277,20997,20200,20000,0,2000,5000,0,0,0,17277,15997,20200,20000,0,1
Male,University,Single,33,100000,35169,39581,38678,37453,38013,0,5328,0,0,760,0,34253,38678,37453,37253,0,0
Male,University,Single,22,30000,1050,1050,1050,1050,1050,1050,0,0,0,0,0,1050,1050,1050,1050,1050,1
Male,University,Single,23,30000,19321,23985,23321,25809,24985,700,5320,0,3316,0,700,18665,23321,22493,24985,0,1
Male,University,Single,22,50000,51083,50043,98450,48689,19773,19931,3500,1000,2000,900,900,46543,97450,46689,18873,19031,0
Male,University,Single,23,100000,67873,49285,49992,35518,36426,37836,2000,1600,2000,1500,2000,47285,48392,33518,34926,35836,0
Male,Graduate,Single,23,80000,59976,60130,59744,44031,48089,44789,2926,2550,1848,6084,38,57204,57194,42183,42005,44751,0
Female,High School,Married,54,60000,892,21674,31632,13264,948,18002,21690,32264,12948,0,17370,-16,-632,316,948,632,0
Male,University,Single,25,120000,117160,92262,79889,66828,55511,21938,70,8000,2000,1346,3000,92192,71889,64828,54165,18938,1
Male,High School,Single,32,20000,3448,4460,5326,6574,7417,2246,1230,1096,1344,1187,285,3230,4230,5230,6230,1961,0
Male,University,Single,26,20000,17077,17504,16940,19621,18646,19022,1000,0,3300,0,1200,16504,16940,16321,18646,17822,0
Male,Graduate,Single,26,50000,46415,38226,31924,19682,19989,20452,1672,1699,1600,901,1500,36554,30225,18082,19088,18952,0
Male,University,Single,23,50000,2680,-1045,44316,45361,46135,46029,0,45361,1800,1503,1735,-1045,-1045,43561,44632,44294,0
Male,University,Married,24,50000,15524,16558,17596,18589,18997,18705,1300,1310,1300,700,1000,15258,16286,17289,18297,17705,1
Male,University,Single,23,10000,10078,8886,8815,9600,0,0,1300,1300,1000,0,0,7586,7515,8600,0,0,0
Male,University,Single,24,20000,14195,15166,14638,15582,17809,17385,1500,0,1500,2500,0,13666,14638,14082,15309,17385,1
Male,University,Single,25,30000,6122,7160,8185,9286,9483,9780,1300,1300,1400,500,600,5860,6885,7886,8983,9180,0
Male,High School,Single,25,10000,8525,5141,5239,7911,17890,10000,1500,5000,4000,2000,22400,3641,239,3911,15890,-12400,0
Male,High School,Single,22,10000,8357,8085,7817,7545,8268,7993,0,0,0,1000,0,8085,7817,7545,7268,7993,1
Male,University,Single,23,150000,17635,151686,147474,7474,8173,87500,135018,3000,120000,823,80000,16668,144474,-112526,7350,7500,1
Male,University,Single,24,80000,44507,46486,51876,48962,48614,49792,3000,6107,0,1675,1895,43486,45769,48962,46939,47897,1
Male,University,Single,24,20000,3843,4110,4560,4567,4060,1035,1073,1258,1000,228,1035,3037,3302,3567,3832,0,0
Male,Graduate,Single,24,120000,1330,2103,2473,1162,0,3443,2103,1170,1162,0,3443,0,1303,0,0,0,1
Male,Graduate,Single,24,40000,37412,38485,39575,39247,9687,33625,2000,20000,1359,600,33625,36485,19575,37888,9087,0,0
Male,High School,Single,24,20000,15846,16283,17325,17542,17756,18023,1000,1600,800,800,700,15283,15725,16742,16956,17323,1
Male,University,Married,24,100000,10618,13233,13427,13609,14683,15001,2800,700,700,1300,700,10433,12727,12909,13383,14301,1
Male,Graduate,Single,25,160000,898,2686,170,1363,10484,12455,2000,0,1363,11422,12455,686,170,0,-938,0,0
Male,Graduate,Single,24,20000,17375,16799,21408,20779,20170,19721,0,4893,0,0,0,16799,16515,20779,20170,19721,1
Male,University,Single,24,60000,58231,61671,59755,58194,38649,35361,5000,0,198,1500,1300,56671,59755,57996,37149,34061,1
Male,University,Single,27,150000,84034,81537,78407,73688,56995,52887,5065,20028,3152,2025,5211,76472,58379,70536,54970,47676,0
Male,University,Single,24,40000,38344,37433,38862,39125,39408,40925,0,2335,1200,1225,2300,37433,36527,37925,38183,38625,1
Male,University,Single,26,30000,25531,26301,27376,28359,24844,25364,1500,1500,1450,889,920,24801,25876,26909,23955,24444,0
Male,University,Single,26,420000,390188,395881,382620,333210,324487,327615,14000,15,13175,11700,11900,381881,382605,320035,312787,315715,1
Male,University,Single,26,20000,14962,14438,13921,15276,17019,18099,0,0,1900,3000,1500,14438,13921,13376,14019,16599,0
Male,University,Single,25,50000,44630,44802,40686,7710,0,0,1200,1200,1000,0,0,43602,39486,6710,0,0,1
Male,University,Single,23,20000,17845,17261,18976,19804,19204,18210,0,2000,1600,0,1150,17261,16976,18204,19204,17060,0
Male,High School,Single,24,20000,16973,17984,18748,19627,19624,19652,1600,1357,1236,623,653,16384,17391,18391,19001,18999,0
Male,University,Married,28,20000,15226,16658,19374,18766,20859,20247,2000,3300,0,2700,0,14658,16074,18766,18159,20247,0
Male,Graduate,Single,26,300000,0,0,0,0,0,0,0,0,0,0,0,0,0,0,0,0,0
Male,Graduate,Single,25,30000,22422,24334,26087,26184,25563,26099,2600,2441,820,0,851,21734,23646,25364,25563,25248,0
Male,Graduate,Single,27,140000,29751,143701,138062,86738,43417,37398,143713,5554,3619,3002,1940,-12,132508,83119,40415,35458,0
Male,University,Married,27,20000,20285,20256,20539,19725,19836,12559,1500,1800,1200,751,1000,18756,18739,18525,19085,11559,0
Male,Graduate,Single,27,390000,372743,377692,337892,298729,243169,133977,20008,15057,10100,10000,10000,357684,322835,288629,233169,123977,0
Male,University,Single,27,50000,39487,37777,36496,33512,29854,28144,1600,2000,6416,4406,1014,36177,34496,27096,25448,27130,0
Male,University,Single,26,50000,6945,7185,3412,4158,6158,2133,2000,2000,1000,2000,2000,5185,1412,3158,4158,133,0
Male,University,Married,26,50000,48019,48992,49689,31368,9454,6020,2072,1769,1003,189,120,46920,47920,30365,9265,5900,0
Male,University,Single,26,320000,303703,308121,204879,143976,143142,145070,12167,8335,5113,5062,5221,295954,196544,138863,138080,139849,0
Male,Graduate,Married,26,280000,277815,285477,253365,221167,195058,189623,12596,11320,7608,6628,7004,272881,242045,213559,188430,182619,0
Male,Graduate,Single,26,50000,38160,40213,41167,41890,42605,41792,3000,1900,1700,1700,0,37213,39267,40190,40905,41792,1
Male,University,Single,26,500000,126725,128206,129327,130136,127699,124623,6005,6005,6094,4161,5021,122201,123322,124042,123538,119602,0
Male,Graduate,Single,28,200000,2393,1726,1602,1040,3564,2031,1731,1606,1051,3574,2036,-5,-4,-11,-10,-5,0
Male,Graduate,Single,28,50000,0,0,0,0,0,0,0,0,0,0,0,0,0,0,0,0,0
Male,University,Single,27,300000,-158,-158,-158,-158,142,92,0,0,0,300,100,-158,-158,-158,-158,-8,0
Male,University,Single,27,30000,22284,21637,22981,24996,24309,26980,0,1682,2697,0,3219,21637,21299,22299,24309,23761,0
Male,University,Single,27,50000,49079,47992,48502,49170,49891,50570,0,1842,1770,1751,3894,47992,46660,47400,48140,46676,1
Male,University,Married,27,10000,3462,4150,3940,4720,4500,4282,900,0,1000,0,0,3250,3940,3720,4500,4282,1
Male,High School,Single,28,20000,8055,7777,8805,12647,12173,11855,0,1158,4000,0,0,7777,7647,8647,12173,11855,1
Male,High School,Single,27,50000,49684,45435,37636,32034,28133,23860,1961,2075,1294,999,934,43474,35561,30740,27134,22926,0
Male,University,Single,26,30000,27889,26990,24706,25022,26405,25861,2875,4900,2000,2100,0,24115,19806,23022,24305,25861,0
Male,Graduate,Single,30,100000,100544,101167,101007,97862,79099,79812,4511,3711,3685,2797,2897,96656,97296,94177,76302,76915,1
Male,Graduate,Single,29,130000,9619,6247,59904,81838,37422,15365,6247,59904,30000,10000,15365,0,0,51838,27422,0,0
Male,University,Single,30,20000,16906,17328,19145,18397,20697,20547,1000,2400,0,2700,0,16328,16745,18397,17997,20547,0
Male,Graduate,Single,29,150000,7562,10609,14101,17523,18914,28516,3500,4000,4000,2000,10000,7109,10101,13523,16914,18516,0
Male,University,Married,28,220000,38074,43083,47051,65321,83882,72812,6000,5000,20012,23099,10029,37083,42051,45309,60783,62783,0
Male,University,Single,29,100000,0,4586,2476,7845,13164,671,4586,2863,7845,7000,671,0,-387,0,6164,0,0
Male,University,Single,25,130000,119803,118737,113689,59473,-1518,-1518,5100,4600,3000,0,0,113637,109089,56473,-1518,-1518,1
Male,University,Single,29,40000,20528,22973,22317,24047,26644,26079,3100,0,2100,3000,0,19873,22317,21947,23644,26079,0
Male,Graduate,Single,30,10000,2300,2300,2300,2300,2300,2300,0,0,0,0,0,2300,2300,2300,2300,2300,1
Male,Graduate,Married,30,290000,0,-291,-582,-1164,291,732,0,0,0,1455,732,-291,-582,-1164,-1164,0,0
Male,University,Single,27,180000,134168,120734,124730,120423,113901,114077,4345,5966,4250,4200,4200,116389,118764,116173,109701,109877,0
Male,University,Single,27,280000,1566,2872,1572,2437,1572,1572,2891,1586,2444,1586,1579,-19,-14,-7,-14,-7,0
Male,University,Single,27,30000,1650,1650,1650,1650,1650,1650,0,0,0,0,0,1650,1650,1650,1650,1650,1
Male,Graduate,Married,29,310000,191457,187341,70359,77884,87484,89633,651,15000,10000,10200,2149,186690,55359,67884,77284,87484,1
Male,Graduate,Single,28,70000,19728,16923,10076,33079,23188,20937,8000,2000,30000,5000,20000,8923,8076,3079,18188,937,0
Male,Graduate,Single,28,120000,7164,9383,16571,16607,16043,16379,2515,7703,600,0,595,6868,8868,16007,16043,15784,1
Male,University,Single,29,240000,390,0,390,780,0,0,0,780,780,0,0,0,-390,0,0,0,0
Male,University,Married,27,50000,46806,46176,47151,47251,20515,19404,2000,5300,1500,1100,1000,44176,41851,45751,19415,18404,0
Male,Graduate,Married,28,320000,79819,64851,37762,16425,12177,45648,3524,2941,2013,270,42659,61327,34821,14412,11907,2989,0
Male,University,Single,29,80000,82150,0,0,0,0,0,0,0,0,0,0,0,0,0,0,0,0
Male,University,Single,29,20000,11586,11103,13913,13393,18152,17725,0,3000,0,5000,0,11103,10913,13393,13152,17725,1
Male,University,Single,29,80000,71795,62067,60949,71829,67567,62658,0,3000,15000,0,3000,62067,57949,56829,67567,59658,0
Male,University,Married,28,360000,0,2500,2500,0,0,0,2500,0,0,0,0,0,2500,0,0,0,0
Male,University,Single,29,50000,44177,44820,46022,46903,47837,48383,2070,3000,2000,2000,2000,42750,43022,44903,45837,46383,0
Male,University,Single,23,20000,4584,4005,5677,688,1688,61,4005,4078,1237,1000,61,0,1599,-549,688,0,1
Male,University,Single,25,10000,5365,5731,6095,6351,6603,6855,600,600,500,500,500,5131,5495,5851,6103,6355,0
Male,University,Single,28,100000,72610,72596,74331,75491,78244,77478,3500,3500,3000,4000,3000,69096,70831,72491,74244,74478,0
Male,University,Other,30,50000,47812,97538,49187,17518,17710,18079,2536,2454,1588,780,803,95002,46733,15930,16930,17276,0
Male,University,Single,24,30000,390,780,0,0,0,0,780,0,0,0,0,0,0,0,0,0,0
Male,University,Single,24,20000,15221,17847,18483,19079,19060,19061,3287,1313,1299,670,686,14560,17170,17780,18390,18375,0
Male,University,Single,28,70000,91930,93363,91325,93195,52925,52990,3500,0,3204,2003,2013,89863,91325,89991,50922,50977,0
Male,Graduate,Single,29,490000,264,678,-571,-1796,137158,139345,678,571,1225,140597,6000,0,-1142,-3021,-3439,133345,0
Male,Graduate,Single,29,30000,25264,24560,29128,29845,30257,30779,0,5000,1500,1200,1300,24560,24128,28345,29057,29479,1
Male,Graduate,Single,29,20000,15934,15028,16023,11631,12377,4830,1329,1324,1000,2000,1000,13699,14699,10631,10377,3830,0
Male,Graduate,Single,29,290000,783,2830,1357,14959,13459,115990,2838,1359,14968,2022,110142,-8,-2,-9,11437,5848,0
Male,High School,Other,29,20000,1800,1800,1800,1800,1800,1800,0,0,0,0,0,1800,1800,1800,1800,1800,0
Male,Graduate,Single,26,180000,8516,0,0,0,0,0,0,0,0,0,0,0,0,0,0,0,1
Male,University,Single,27,100000,100591,101568,64480,0,0,1218,3749,2782,0,0,1218,97819,61698,0,0,0,0
Male,University,Single,26,30000,24079,25848,22299,23615,23933,24901,2500,2000,2000,1000,1500,23348,20299,21615,22933,23401,1
Male,Graduate,Single,27,470000,213495,183680,153743,146971,127546,129998,10005,9001,8001,5001,5001,173675,144742,138970,122545,124997,0
Male,University,Single,29,200000,60068,50636,41265,49072,11314,11816,2500,2626,9412,500,1000,48136,38639,39660,10814,10816,0
Male,Graduate,Single,29,400000,1123,82556,67823,61918,61884,61911,82694,1939,1720,1712,1766,-138,65884,60198,60172,60145,0
Male,University,Single,29,400000,79435,75332,128630,69040,64657,54363,3803,2551,2735,2628,1574,71529,126079,66305,62029,52789,0
Male,University,Single,25,50000,48336,49377,48626,38587,19089,19485,1855,1804,1713,681,701,47522,46822,36874,18408,18784,0
Male,University,Single,25,70000,12088,11601,12114,13597,15060,16653,0,1000,2000,2000,2000,11601,11114,11597,13060,14653,0
Male,High School,Married,31,80000,27653,26703,26856,27844,27480,28061,0,1459,1447,983,1023,26703,25397,26397,26497,27038,0
Male,Graduate,Single,29,70000,33786,34730,35878,36392,36990,37751,1800,2000,1400,1500,1500,32930,33878,34992,35490,36251,1
Male,University,Single,28,20000,150,150,150,150,150,1150,0,0,0,0,1150,150,150,150,150,0,0
Male,University,Single,28,10000,619,619,8642,9151,8023,5475,0,8642,800,107,200,619,0,8351,7916,5275,1
Male,University,Single,30,430000,28966,29957,29199,30267,49268,48241,5011,0,2000,20000,15000,24946,29199,28267,29268,33241,1
Male,University,Single,30,40000,0,0,0,0,0,0,0,0,0,0,0,0,0,0,0,0,0
Male,University,Married,29,450000,179547,157945,118192,82644,17720,7068,8101,12029,35524,38,2015,149844,106163,47120,17682,5053,0
Male,High School,Married,30,10000,9211,8119,7604,7637,6056,2852,0,1176,1000,121,57,8119,6428,6637,5935,2795,1
Male,University,Single,29,10000,9073,9036,7385,7665,7817,7981,1120,1117,1127,279,289,7916,6268,6538,7538,7692,0
Male,University,Married,29,10000,2918,4204,5670,6416,7159,7904,1500,1700,1000,1000,1000,2704,3970,5416,6159,6904,0
Male,Graduate,Single,29,80000,79048,80676,78311,80777,79306,79195,3000,3100,7000,3200,3500,77676,75211,73777,76106,75695,0
Male,High School,Married,29,80000,69578,67871,68782,73955,79128,82275,0,2600,6332,7000,5000,67871,66182,67623,72128,77275,1
Male,University,Single,29,240000,230979,222096,220129,217549,204008,202268,7347,6830,6700,6400,6412,214749,213299,210849,197608,195856,0
Male,University,Single,31,280000,229780,31275,32868,34292,173487,177195,2000,2100,2500,185957,6500,29275,30768,31792,-12470,170695,0
Male,University,Single,31,50000,228,3183,5455,7629,6354,4655,2955,2500,2500,2526,2000,228,2955,5129,3828,2655,0
Male,Graduate,Single,32,80000,37639,38659,43427,42421,42344,43229,1650,5400,0,1662,1717,37009,38027,42421,40682,41512,0
Male,High School,Married,29,20000,0,0,0,0,0,0,0,0,0,0,0,0,0,0,0,0,0
Male,University,Single,29,90000,0,0,0,0,0,0,0,0,0,0,0,0,0,0,0,0,1
Male,Graduate,Single,29,200000,8099,3432,2249,3367,-33,11202,3447,2261,3377,0,11235,-15,-12,-10,-33,-33,0
Male,Graduate,Single,30,360000,2024,428,5306,3603,604,14850,428,5306,0,604,14850,0,0,3603,0,0,0
Male,University,Married,31,50000,1450,2590,770,0,0,0,2590,0,0,0,0,0,770,0,0,0,0
Male,Graduate,Single,27,130000,73561,70071,68392,69435,67790,69248,3500,0,2798,3500,2627,66571,68392,66637,64290,66621,1
Male,High School,Married,31,80000,65088,65200,61969,40457,42875,44724,3000,4000,3000,3000,4000,62200,57969,37457,39875,40724,0
Male,University,Single,29,200000,8951,6595,0,0,0,0,9117,0,0,0,0,-2522,0,0,0,0,1
Male,University,Married,39,150000,9937,9629,10633,10649,10570,10481,0,1175,1135,1000,1000,9629,9458,9514,9570,9481,0
Male,Graduate,Married,34,370000,379039,374221,279467,262511,248101,243899,14104,10107,9410,8398,8464,360117,269360,253101,239703,235435,0
Male,University,Single,45,310000,124793,1210,31635,1788,1927,553,1217,31967,1796,1936,556,-7,-332,-8,-9,-3,0
Male,Graduate,Single,41,240000,24171,26474,28480,30247,30122,27437,3759,3500,3000,982,3437,22715,24980,27247,29140,24000,0
Male,Graduate,Married,35,320000,106799,116015,117678,119245,120794,123796,11003,5000,5000,5000,5100,105012,112678,114245,115794,118696,0
Male,University,Single,39,50000,51998,50821,46892,33936,9225,9264,0,2343,1548,476,336,50821,44549,32388,8749,8928,0
Male,University,Married,41,50000,48537,36394,28278,16983,8888,9218,2022,2016,1272,1000,1000,34372,26262,15711,7888,8218,0
Male,High School,Married,30,50000,15397,17699,17127,18076,17061,17419,2882,0,1259,591,613,14817,17127,16817,16470,16806,1
Male,Graduate,Single,31,80000,72840,74631,77329,78147,79785,76766,9000,5000,3000,3000,2501,65631,72329,75147,76785,74265,0
Male,Graduate,Single,32,420000,90875,91789,89489,87076,55508,57771,4118,14000,0,1837,3010,87671,75489,87076,53671,54761,0
Male,Graduate,Single,32,50000,30559,31753,32847,33308,33755,34565,2000,1900,1300,1300,1500,29753,30947,32008,32455,33065,1
Male,University,Single,32,150000,90476,0,0,0,138355,130666,0,0,0,138355,0,0,0,0,0,130666,1
Male,Graduate,Single,34,130000,30190,31179,30569,28659,26952,15852,1818,2002,1400,600,1000,29361,28567,27259,26352,14852,1
Male,University,Married,34,170000,47956,48854,50068,56691,57367,56322,2000,2000,7500,2200,0,46854,48068,49191,55167,56322,0
Male,High School,Married,45,170000,165315,170562,170024,32898,34869,73932,8000,4000,3000,2500,5000,162562,166024,29898,32369,68932,0
Male,University,Single,25,120000,11147,9757,9423,3345,2929,2520,2446,438,1000,0,7,7311,8985,2345,2929,2513,0
Male,High School,Single,35,30000,29147,30268,29505,29916,14330,29000,1900,0,1300,884,780,28368,29505,28616,13446,28220,1
Male,University,Single,30,220000,6229,3516,7413,3697,3703,3500,1000,7397,0,3703,3500,2516,16,3697,0,0,0
Male,University,Single,25,50000,19775,21679,18566,19918,19584,18508,3800,0,2000,1500,1000,17879,18566,17918,18084,17508,1
Male,University,Single,34,30000,10522,10148,8587,8366,8528,7030,1200,0,1200,1500,0,8948,8587,7166,7028,7030,1
Male,Graduate,Single,30,250000,73936,106903,174837,81376,61474,27864,40000,85756,35153,4236,6080,66903,89081,46223,57238,21784,0
Male,University,Single,29,20000,13229,14237,15580,16304,17059,18056,1233,1576,1300,1000,1400,13004,14004,15004,16059,16656,1
Male,High School,Married,30,10000,7470,8315,11267,10626,10160,10052,1141,3258,0,0,357,7174,8009,10626,10160,9695,1
Male,University,Single,41,50000,50611,41732,41111,-39,-39,18056,2200,2200,0,0,20000,39532,38911,-39,-39,-1944,0
Male,High School,Married,48,30000,19650,20817,23860,24372,25776,25088,1500,3400,1200,2100,0,19317,20460,23172,23676,25088,1
Male,University,Single,31,20000,13516,13996,14475,14936,15688,16435,1000,1000,1000,1000,1000,12996,13475,13936,14688,15435,1
Male,University,Single,32,200000,196550,178609,180357,168935,88883,88973,8001,6500,6146,3300,2476,170608,173857,162789,85583,86497,0
Male,Graduate,Single,33,50000,7148,6887,9602,9304,10835,11658,0,3000,0,2000,1000,6887,6602,9304,8835,10658,0
Male,Graduate,Single,35,120000,326,326,176,-150,952,476,326,176,0,1428,0,0,0,-150,-476,476,0
Male,Graduate,Single,40,210000,325,325,325,325,325,325,325,325,325,325,325,0,0,0,0,0,1
Male,High School,Married,32,180000,181293,177552,182492,180746,131166,114909,6400,8612,7534,5506,4850,171152,173880,173212,125660,110059,0
Male,University,Married,32,50000,19606,18516,16481,12518,7538,5854,5027,3053,5040,1000,1016,13489,13428,7478,6538,4838,0
Male,High School,Married,40,70000,41986,31059,23283,11523,23516,1600,1455,1278,1000,235,1600,29604,22005,10523,23281,0,0
Male,Graduate,Married,44,200000,1640,0,0,0,0,0,0,0,0,0,0,0,0,0,0,0,0
Male,High School,Married,46,50000,10960,10487,13108,12601,13391,14027,0,2800,0,1000,1000,10487,10308,12601,12391,13027,1
Male,University,Married,47,230000,996,997,998,-1,999,0,1000,1000,0,1000,0,-3,-2,-1,-1,0,0
Male,Graduate,Married,42,30000,20214,19596,21972,21321,21897,22395,0,3005,0,930,1000,19596,18967,21321,20967,21395,1
Male,University,Single,32,30000,20881,22224,23557,24764,25234,14852,2000,2000,2000,1000,1000,20224,21557,22764,24234,13852,0
Male,University,Single,34,150000,204187,222314,5051,4408,1731,1960,20000,1093,1000,1731,2169,202314,3958,3408,0,-209,0
Male,University,Single,30,10000,1473,3236,4790,390,0,780,3236,2000,390,0,780,0,2790,0,0,0,1
Male,Graduate,Single,29,150000,4614,6370,9243,10280,10637,10916,2000,3000,1500,527,600,4370,6243,8780,10110,10316,0
Male,Graduate,Single,34,360000,0,0,0,733,0,1307,0,0,733,0,1307,0,0,0,0,0,0
Male,Graduate,Single,38,340000,86057,89605,87780,1680,1920,9151,5000,7785,1699,1920,9151,84605,79995,-19,0,0,0
Male,University,Single,34,50000,48844,49335,49236,43524,27062,27923,1898,1996,2162,2000,1300,47437,47240,41362,25062,26623,0
Male,University,Married,39,30000,20893,22206,19273,16469,14670,11214,2007,2000,2000,417,1500,20199,17273,14469,14253,9714,0
Male,Graduate,Single,34,360000,2739,1200,3118,0,162,4857,1206,3133,0,162,4881,-6,-15,0,0,-24,0
Male,Graduate,Married,46,150000,150838,152696,136915,139449,140851,142160,6000,5000,7000,5165,5500,146696,131915,132449,135686,136660,0
Male,High School,Single,28,160000,152626,156752,152858,161801,114389,89684,8100,0,14025,0,5300,148652,152858,147776,114389,84384,1
Male,University,Married,39,30000,28628,29160,21075,17257,15874,9514,2003,2400,1200,317,190,27157,18675,16057,15557,9324,0
Male,Graduate,Married,47,480000,10668,-2,454,150198,143388,157758,0,456,150244,2915,24550,-2,-2,-46,140473,133208,0
Male,University,Married,45,200000,98974,36829,31707,44433,4155,2114,10000,31727,44626,18,2124,26829,-20,-193,4137,-10,0
Male,High School,Single,39,50000,238,-152,48257,48455,48195,48828,0,48799,1773,1711,1785,-152,-542,46682,46484,47043,1
Male,University,Married,32,20000,17913,17328,20353,19966,19056,19445,0,3309,381,0,389,17328,17044,19585,19056,19056,1
Male,University,Married,44,60000,59331,54989,53898,54960,56054,55263,2000,2000,1962,1974,2159,52989,51898,52998,54080,53104,0
Male,Graduate,Single,26,200000,16000,0,0,0,0,-1108,0,0,0,0,40,0,0,0,0,-1148,0
Male,University,Married,27,20000,16203,4550,0,0,0,0,2000,0,0,0,0,2550,0,0,0,0,0
Male,High School,Married,35,440000,13754,12364,11613,12651,13211,23600,2017,3000,3019,5011,23748,10347,8613,9632,8200,-148,0
Male,Graduate,Single,34,100000,772,772,-8,2562,0,0,0,8,2570,0,0,772,-16,-8,0,0,0
Male,University,Single,38,100000,95933,96772,97240,98159,97481,97574,4499,4578,4606,3817,3998,92273,92662,93553,93664,93576,0
Male,University,Married,48,100000,11574,14570,16045,16508,15969,17733,3500,2000,1000,0,2000,11070,14045,15508,15969,15733,0
Male,High School,Married,46,230000,1313,1414,1258,2565,-5,1100,1421,1264,2577,0,1105,-7,-6,-12,-5,-5,0
Male,Graduate,Single,37,50000,13191,14659,17097,18207,20580,22577,2000,3000,1700,3000,2500,12659,14097,16507,17580,20077,0
Male,University,Married,32,50000,42163,38252,27396,23584,17272,17634,1472,1500,1282,618,640,36780,25896,22302,16654,16994,0
Male,University,Married,41,30000,14110,13591,14309,15320,15774,15950,0,1244,1255,709,578,13591,13065,14065,15065,15372,0
Male,University,Single,32,140000,67923,69412,67734,73079,75255,75757,3200,0,6500,4000,2000,66212,67734,66579,71255,73757,1
Male,High School,Single,43,60000,55800,53216,43077,36197,34283,20395,1782,1850,1318,5822,794,51434,41227,34879,28461,19601,0
Male,High School,Married,41,50000,26915,26184,29261,28444,28878,27655,0,3500,0,1100,1100,26184,25761,28444,27778,26555,0
Male,University,Single,36,350000,249663,230738,232382,234254,211309,210897,8026,9503,9015,7511,8011,222712,222879,225239,203798,202886,0
Male,High School,Married,44,20000,11623,12436,12943,15428,14883,15494,1300,1000,2700,0,850,11136,11943,12728,14883,14644,1
Male,University,Single,30,20000,16320,28674,15491,16299,16428,0,1238,1392,1200,329,0,27436,14099,15099,16099,0,0
Male,University,Single,36,50000,46712,50932,49400,0,0,0,5000,0,2000,0,0,45932,49400,-2000,0,0,0
Male,University,Married,41,20000,19951,19314,20526,19360,19660,6000,0,2976,0,500,120,19314,17550,19360,19160,5880,1
Male,High School,Married,34,110000,23751,25068,26351,26996,27754,28597,1717,2000,2000,1500,2000,23351,24351,24996,26254,26597,0
Male,Graduate,Married,44,200000,655,265,-125,-515,-905,-905,0,0,0,0,0,265,-125,-515,-905,-905,1
Male,University,Married,46,260000,82683,84424,86472,87157,88526,90355,4000,4300,3000,3700,3400,80424,82172,84157,84826,86955,1
Male,University,Married,36,150000,88655,86333,88931,92441,102903,105240,0,4000,5000,12000,4000,86333,84931,87441,90903,101240,1
Male,University,Single,33,50000,23142,28202,30610,30227,18413,17195,5494,3202,3502,3200,2500,22708,27408,26725,15213,14695,0
Male,University,Single,35,150000,13059,11526,18301,15858,2744,2144,11526,18305,15861,2744,0,0,-4,-3,0,2144,0
Male,Graduate,Single,35,250000,153798,164692,160658,180382,182914,186838,15000,0,24000,7000,7000,149692,160658,156382,175914,179838,1
Male,Other,Single,49,50000,36869,31255,28040,20799,9584,9788,1615,2507,10814,344,359,29640,25533,9985,9240,9429,0
Male,University,Married,47,50000,38830,35866,30260,19187,19324,19192,1600,8820,1293,820,700,34266,21440,17894,18504,18492,0
Male,High School,Other,44,50000,41755,40793,44084,44763,44939,46078,0,3949,1700,1200,2000,40793,40135,43063,43739,44078,0
Male,High School,Single,40,80000,81053,79337,82698,81467,49150,51303,300,6200,2139,0,4000,79037,76498,79328,49150,47303,0
Male,High School,Married,49,20000,11572,27270,14375,15200,20000,16560,2820,4000,1200,5000,10000,24450,10375,14000,15000,6560,0
Male,University,Married,47,220000,233756,216591,197022,198088,187000,179703,3000,0,6000,0,14004,213591,197022,192088,187000,165699,1
Male,High School,Married,39,120000,12190,13091,12591,17366,22064,21432,1400,0,5000,5000,0,11691,12591,12366,17064,21432,1
Male,High School,Single,39,200000,84184,95791,94901,92866,93514,85659,16000,5013,5024,10000,5000,79791,89888,87842,83514,80659,0
Male,High School,Married,47,30000,118587,89271,91157,30420,30384,29774,6624,3000,31959,1052,1062,82647,88157,-1539,29332,28712,0
Male,University,Single,43,50000,50756,50552,49465,40020,10407,9037,1934,1917,2500,500,500,48618,47548,37520,9907,8537,0
Male,High School,Single,42,50000,4864,5876,6898,7910,8681,8397,1252,1274,1286,1057,0,4624,5624,6624,7624,8397,0
Male,University,Married,45,230000,42770,22080,16740,14029,1439,2269,2000,1347,3078,1509,9000,20080,15393,10951,-70,-6731,0
Male,University,Single,33,280000,265120,238661,223383,162196,165129,168295,9104,9401,6001,6001,6201,229557,213982,156195,159128,162094,0
Male,Graduate,Single,43,70000,68228,65935,67454,67592,36515,37426,2378,2600,2613,1500,1500,63557,64854,64979,35015,35926,0
Male,University,Married,40,120000,112123,114344,117684,117344,58800,0,4089,5179,2543,1176,0,110255,112505,114801,57624,0,0
Male,Graduate,Single,39,170000,138811,136227,136893,122820,120550,102054,5505,4849,4614,4600,3704,130722,132044,118206,115950,98350,0
Male,High School,Married,41,30000,17301,18015,17437,18448,18815,19210,1295,0,1306,673,698,16720,17437,17142,18142,18512,0
Male,University,Married,33,20000,18706,17483,19509,18828,0,0,1275,3081,0,0,0,16208,16428,18828,0,0,1
Male,High School,Single,35,20000,16500,17012,18181,19331,19113,17996,1281,1450,1600,382,383,15731,16731,17731,18731,17613,0
Male,Graduate,Single,39,220000,184140,187089,189680,193561,205161,205477,7500,7100,7203,15000,3500,179589,182580,186358,190161,201977,1
Male,University,Single,44,50000,20995,21743,22300,4067,1290,0,3000,3007,1000,1290,0,18743,19293,3067,0,0,0
Male,Other,Married,46,300000,289299,297003,300153,9250,6088,2497,15000,13274,1010,185,2497,282003,286879,8240,5903,0,0
Male,University,Single,29,430000,1442,3058,0,980,0,0,3058,0,980,0,0,0,0,0,0,0,0
Male,University,Married,36,30000,1226,390,390,390,390,0,0,390,390,390,0,390,0,0,0,0,1
Male,High School,Other,46,20000,14075,15523,17264,18325,15680,0,2000,2000,1500,500,0,13523,15264,16825,15180,0,0
Male,Graduate,Married,40,210000,119752,114952,108857,103789,96250,95788,10030,6053,10036,6027,10028,104922,102804,93753,90223,85760,0
Male,University,Married,31,80000,47464,49665,50538,53314,27962,27873,3000,2000,29000,2004,2000,46665,48538,24314,25958,25873,1
Male,High School,Single,31,30000,28275,29772,27821,28075,29682,28001,2000,2000,2000,2014,2000,27772,25821,26075,27668,26001,0
Male,Graduate,Married,47,220000,165665,163494,162360,134989,124915,84959,2008,6000,6000,4000,2852,161486,156360,128989,120915,82107,1
Male,University,Single,32,80000,22753,25046,23466,25689,29820,22082,3000,3000,3000,4500,830,22046,20466,22689,25320,21252,0
Male,University,Married,31,480000,55346,58411,58883,59452,61168,56931,4000,3000,3000,3000,3000,54411,55883,56452,58168,53931,0
Male,Graduate,Single,33,150000,94020,78038,63176,52807,34199,32061,3040,5000,10116,5000,6000,74998,58176,42691,29199,26061,0
Male,High School,Married,31,60000,36243,35369,35320,0,0,0,0,1027,0,0,0,35369,34293,0,0,0,0
Male,University,Single,33,80000,24928,24229,25832,27394,29922,31879,0,2000,2000,3000,2600,24229,23832,25394,26922,29279,1
Male,University,Married,32,50000,46827,48134,49550,48377,18727,19116,2084,2500,1135,497,514,46050,47050,47242,18230,18602,0
Male,High School,Single,34,50000,33776,34824,33988,36311,36918,36191,1900,0,3200,1500,0,32924,33988,33111,35418,36191,1
Male,High School,Married,42,180000,177027,173635,172514,157768,126964,125456,7003,6500,7507,4500,5000,166632,166014,150261,122464,120456,0
Male,University,Married,39,100000,10603,11735,12460,0,0,0,1315,1040,0,0,0,10420,11420,0,0,0,1
Male,High School,Married,42,240000,259511,258208,245397,245014,209834,195913,11000,0,12300,14288,0,247208,245397,232714,195546,195913,0
Male,High School,Married,49,50000,49331,46429,47446,39516,17643,32230,2000,3030,4000,2000,2800,44429,44416,35516,15643,29430,1
Male,High School,Married,40,20000,8151,9011,10858,12670,13157,13742,1153,2000,2000,1000,800,7858,8858,10670,12157,12942,0
Male,University,Married,30,50000,48591,37944,50135,49526,19686,19374,12000,13000,5000,4010,6000,25944,37135,44526,15676,13374,0
Male,University,Married,31,200000,6926,1747,642,0,0,0,1747,642,0,0,0,0,0,0,0,0,0
Male,University,Single,32,180000,22832,19517,11988,0,0,0,1429,1000,0,0,0,18088,10988,0,0,0,0
Male,Graduate,Single,33,320000,0,0,0,0,0,0,0,0,0,0,0,0,0,0,0,0,1
Male,High School,Single,48,200000,87035,79529,67675,56519,11884,14343,2915,2646,2208,12503,14869,76614,65029,54311,-619,-526,0
Male,University,Single,41,20000,10142,10869,13940,14755,14223,15337,1200,3250,1340,0,1500,9669,10690,13415,14223,13837,1
Male,Graduate,Single,38,200000,5607,0,316,499,672,100,0,316,499,672,100,0,0,0,0,0,0
Male,High School,Single,40,20000,0,0,0,0,0,0,0,0,0,0,0,0,0,0,0,0,0
Male,University,Single,39,50000,50180,49089,48935,18243,20285,17175,0,1266,0,2301,0,49089,47669,18243,17984,17175,0
Male,University,Single,25,50000,50479,48294,48735,45036,19246,18872,1649,11890,1367,668,675,46645,36845,43669,18578,18197,1
Male,University,Married,43,80000,44620,33729,40350,38812,33459,31650,1582,15350,1491,3459,1650,32147,25000,37321,30000,30000,0
Male,Graduate,Single,33,180000,48252,39451,20027,15000,14958,-42,9024,1104,15000,14958,0,30427,18923,0,0,-42,0
Male,High School,Married,42,80000,-1590,-6256,-10922,-15588,-20254,-24920,4666,4666,4666,4666,266,-10922,-15588,-20254,-24920,-25186,0
Male,University,Single,36,150000,87021,86708,88909,90352,91355,93241,2000,4500,3800,3400,3500,84708,84409,86552,87955,89741,0
Male,University,Single,37,20000,830,17597,17840,16342,16428,18167,17597,1332,1134,1000,2000,0,16508,15208,15428,16167,0
Male,Graduate,Married,42,300000,1653,1734,0,0,0,0,1734,0,0,0,0,0,0,0,0,0,0
Male,University,Single,35,30000,25601,26886,26185,25470,25751,27179,2000,0,0,1000,2000,24886,26185,25470,24751,25179,0
Male,University,Married,49,140000,35815,36800,37344,37933,38522,38519,1590,1926,1911,1500,1541,35210,35418,36022,37022,36978,0
Male,Graduate,Married,36,80000,8415,10305,9979,1261,1261,1261,2181,0,0,1261,1261,8124,9979,1261,0,0,1
Male,University,Married,45,20000,13243,11699,12372,0,-800,0,1500,5017,0,0,800,10199,7355,0,-800,-800,0
Male,University,Married,35,70000,69388,70480,66646,69641,46458,50679,3439,3237,4938,1693,5000,67041,63409,64703,44765,45679,1
Male,University,Single,36,320000,318022,321560,150062,139555,116315,106541,10810,4746,4241,3275,3265,310750,145316,135314,113040,103276,0
Male,University,Married,46,80000,31290,780,390,780,780,390,780,390,0,1560,0,0,0,780,-780,390,0
Male,University,Married,33,50000,28086,29088,25692,24336,20243,18995,1500,2000,1410,1000,1000,27588,23692,22926,19243,17995,0
Male,University,Married,41,80000,15824,12781,9994,10704,9201,6275,2000,2000,4000,1000,1000,10781,7994,6704,8201,5275,0
Male,High School,Single,38,110000,52708,51021,51166,42718,42183,40909,2469,2119,1857,1418,1390,48552,49047,40861,40765,39519,0
Male,University,Married,45,50000,49573,49417,49085,33156,19344,18930,2245,1652,1497,10580,685,47172,47433,31659,8764,18245,0
Male,High School,Married,42,50000,10343,12161,15061,14400,16000,18000,2000,3100,0,2000,2000,10161,11961,14400,14000,16000,1
Male,University,Married,38,20000,14966,16278,17012,17992,18350,18738,1565,1299,1279,637,663,14713,15713,16713,17713,18075,0
Male,Graduate,Married,42,120000,63598,61987,64373,69164,67453,72997,0,4000,6500,0,6639,61987,60373,62664,67453,66358,0
Male,University,Single,37,30000,23422,24425,25463,26453,26987,28760,1397,1435,1425,959,2201,23028,24028,25028,26028,26559,0
Male,University,Other,34,50000,8603,7757,8742,6041,5383,0,1200,1141,1006,0,0,6557,7601,5035,5383,0,0
Male,High School,Single,35,100000,23704,21774,21818,1261,1261,1261,0,2000,1261,1261,1261,21774,19818,0,0,0,1
Male,University,Single,35,50000,150,150,150,150,150,805,0,0,0,0,805,150,150,150,150,0,0
Male,University,Single,34,30000,17803,19126,19500,0,0,0,1626,1000,0,0,0,17500,18500,0,0,0,0
Male,University,Married,38,40000,38291,37380,38180,40524,39720,39860,0,1706,3050,0,1565,37380,36474,37474,39720,38295,1
Male,University,Married,39,190000,166611,170196,172122,167858,171192,174937,7820,6100,0,6127,6503,162376,166022,167858,165065,168434,1
Male,High School,Married,39,10000,10866,10094,9212,9633,9550,9334,0,1201,1062,254,288,10094,8011,8571,9296,9046,1
Male,High School,Married,43,50000,50444,49654,49921,50512,20071,20277,2000,2050,1641,1000,1000,47654,47871,48871,19071,19277,0
Male,University,Single,34,20000,17676,17650,18740,18373,18768,19315,2000,2500,1000,1000,1000,15650,16240,17373,17768,18315,0
Male,High School,Single,37,120000,2284,2007,1371,4639,360,2650,2007,1371,4639,360,2650,0,0,0,0,0,0
Male,High School,Single,43,50000,50517,48230,42674,4593,18007,18230,2015,1882,2119,45800,662,46215,40792,2474,-27793,17568,0
Male,Graduate,Single,31,310000,279711,266417,271746,260673,199746,182994,10143,24932,10440,6265,6275,256274,246814,250233,193481,176719,0
Male,High School,Single,45,240000,221341,213264,207403,201331,195040,188968,7000,7500,7300,7000,7000,206264,199903,194031,188040,181968,0
Male,University,Married,47,50000,-658,46342,25600,-400,40000,0,47000,0,0,20400,0,-658,25600,-400,19600,0,1
Male,Graduate,Single,40,210000,1535,2652,179,1326,1326,1326,2652,179,1326,1326,1326,0,0,0,0,0,1
Male,University,Married,31,60000,16253,15695,18440,17838,17417,22102,0,3000,0,1000,5000,15695,15440,17838,16417,17102,0
Male,University,Single,31,20000,13192,14202,15237,17164,17294,16110,1230,1265,2192,694,0,12972,13972,14972,16600,16110,1
Male,University,Single,43,50000,50785,48709,50981,45793,46555,38816,3000,4414,1500,1042,2000,45709,46567,44293,45513,36816,1
Male,University,Single,39,30000,24065,25660,26257,27641,29335,10493,2005,2000,2000,2000,1000,23655,24257,25641,27335,9493,1
Male,Graduate,Single,29,60000,43434,44522,43222,43588,46564,47369,2100,0,1708,4000,2000,42422,43222,41880,42564,45369,1
Male,University,Single,29,90000,70559,51550,0,0,0,0,3000,0,0,0,0,48550,0,0,0,0,0
Male,University,Married,32,30000,12452,13439,14420,15838,17331,16973,1500,1500,2000,2000,0,11939,12920,13838,15331,16973,1
Male,University,Single,37,30000,2379,2379,2379,2379,2379,2379,0,0,0,0,0,2379,2379,2379,2379,2379,1
Male,High School,Married,39,220000,175808,179399,183039,185541,187984,191837,8000,8000,7000,7000,7000,171399,175039,178541,180984,184837,1
Male,Other,Married,39,250000,14310,3697,0,0,0,0,3700,0,0,0,0,-3,0,0,0,0,0
Male,Graduate,Married,42,450000,2549,20499,2499,2499,0,11071,20449,2499,2499,0,11071,50,0,0,0,0,0
Male,University,Single,34,30000,18402,19785,24633,23961,23289,22779,2000,5500,0,0,0,17785,19133,23961,23289,22779,0
Male,University,Married,37,220000,13429,15688,17922,20111,22261,24392,2500,2500,2500,2500,2500,13188,15422,17611,19761,21892,0
Male,Graduate,Single,30,300000,901,901,901,1075,0,66,901,901,1075,0,66,0,0,0,0,0,0
Male,University,Single,30,500000,135634,135796,133712,136069,67837,69514,5034,6000,5355,3500,2513,130762,127712,130714,64337,67001,0
Male,University,Single,34,20000,15095,14459,12607,16430,19230,0,0,6000,5000,3000,0,14459,6607,11430,16230,0,0
Male,University,Single,32,110000,42015,38897,29059,20799,-1961,-1961,1575,1377,1007,0,0,37322,27682,19792,-1961,-1961,0
Male,High School,Married,41,10000,10711,10399,10092,9700,10000,9900,0,0,0,302,0,10399,10092,9700,9698,9900,0
Male,University,Single,47,20000,8557,8271,11127,10657,11178,11840,0,3000,0,1000,1000,8271,8127,10657,10178,10840,1
Male,University,Married,34,230000,1344,-6,2190,3475,1791,2993,0,2196,3485,1796,3002,-6,-6,-10,-5,-9,0
Male,University,Single,35,20000,15668,15119,17976,19088,18500,20712,0,3108,1700,0,3500,15119,14868,17388,18500,17212,1
Male,University,Married,38,50000,1930,305,6270,6396,6596,3488,305,6270,6396,2200,3488,0,0,0,4396,0,0
Male,Graduate,Single,40,200000,66052,68994,70825,73902,74943,76996,3800,3300,4000,2600,3000,65194,67525,69902,72343,73996,0
Male,University,Married,37,80000,0,0,0,0,0,0,3000,0,0,0,0,-3000,0,0,0,0,0
Male,High School,Single,43,50000,4166,4166,4216,4166,4166,4166,4166,4216,4116,4166,4166,0,0,50,0,0,0
Male,University,Married,49,50000,16747,16181,17912,19606,20969,25302,0,2000,2000,2000,5000,16181,15912,17606,18969,20302,1
Male,Graduate,Single,29,110000,110721,111242,105199,104587,49001,45093,3938,5720,3078,2000,2000,107304,99479,101509,47001,43093,1
Male,University,Married,38,110000,42617,42229,42214,41405,40846,40385,1678,2023,1574,1375,1468,40551,40191,39831,39471,38917,0
Male,University,Married,36,220000,87431,114959,110700,58674,50247,85500,50005,20010,2481,20000,55827,64954,90690,56193,30247,29673,0
Male,High School,Married,38,140000,138329,138072,136377,106241,96986,94665,6806,4744,4546,3672,3602,131266,131633,101695,93314,91063,0
Male,University,Single,43,50000,34326,34110,3552,0,0,0,3000,3505,0,0,0,31110,47,0,0,0,0
Male,University,Married,40,100000,70762,69025,74489,78660,76797,78404,0,6600,6000,0,3000,69025,67889,72660,76797,75404,1
Male,Graduate,Single,38,20000,15255,16507,16842,15151,16741,20540,5006,4015,2006,7137,18000,11501,12827,13145,9604,2540,1
Male,High School,Single,32,50000,49760,51105,48516,19078,19220,19514,2189,1600,1600,700,700,48916,46916,17478,18520,18814,1
Male,University,Single,33,40000,23330,0,0,0,0,0,0,0,0,0,0,0,0,0,0,0,0
Male,University,Married,34,180000,13067,6170,3439,1193,381,1516,6170,3444,1193,381,1516,0,-5,0,0,0,0
Male,High School,Single,34,80000,45876,46565,47967,48804,49624,50031,1752,2154,1991,1811,1742,44813,45813,46813,47813,48289,0
Male,University,Single,34,30000,26774,28014,29248,29254,19837,14793,2000,1694,1200,8697,2000,26014,27554,28054,11140,12793,0
Male,University,Married,35,230000,30798,28806,2425,2425,3850,2425,1000,2425,2425,3850,1000,27806,0,0,0,1425,0
Male,Other,Single,41,20000,20101,20086,20221,19627,18948,0,1318,1973,1000,600,0,18768,18248,18627,18348,0,0
Male,High School,Married,44,350000,2161,7230,3301,4301,15,684,7426,3306,4301,15,684,-196,-5,0,0,0,0
Male,University,Married,38,20000,9599,9296,11813,11327,12137,11799,0,2676,0,1000,0,9296,9137,11327,11137,11799,0
Male,University,Single,36,130000,91016,36706,19802,11515,4261,45718,1848,1394,1015,99,47657,34858,18408,10500,4162,-1939,0
Male,University,Married,37,50000,47832,49020,48272,49264,26206,27823,2000,3000,2000,1000,2000,47020,45272,47264,25206,25823,1
Male,University,Single,44,100000,20439,6882,2456,1537,1642,110,1068,1007,1741,1646,100,5814,1449,-204,-4,10,1
Male,University,Married,40,20000,12129,12919,14810,15267,15714,16308,1300,2100,1000,1000,1000,11619,12710,14267,14714,15308,1
Male,Graduate,Married,43,150000,1000,0,0,1522,5014,1000,0,0,1522,5014,1406,0,0,0,0,-406,0
Male,University,Married,46,230000,117255,109450,109794,109143,107996,109230,5400,5505,5505,4000,4500,104050,104289,103638,103996,104730,0
Male,Graduate,Married,38,470000,33277,34292,38423,197773,202722,46980,1869,5000,162546,5783,1689,32423,33423,35227,196939,45291,1
Male,University,Married,46,50000,43719,44290,41245,42081,20328,20391,1700,1924,2015,1000,663,42590,39321,40066,19328,19728,0
Male,High School,Married,49,120000,119440,3844,2290,780,8190,4600,3844,2299,780,8190,4600,0,-9,0,0,0,1
Male,University,Married,43,20000,17233,18639,20035,19333,18135,14366,2000,2000,0,1000,500,16639,18035,19333,17135,13866,1
Male,University,Married,45,10000,7953,9164,8876,10009,7169,8842,1500,0,1500,0,3000,7664,8876,8509,7169,5842,0
Male,Graduate,Single,29,50000,7881,10415,3997,1047,0,0,3000,0,1000,0,0,7415,3997,47,0,0,1
Male,Graduate,Single,30,360000,1246,17234,387,776,810,0,17328,388,779,814,0,-94,-1,-3,-4,0,0
Male,Other,Married,38,100000,101330,100278,100733,96038,94646,96631,3824,4311,3648,3370,3492,96454,96422,92390,91276,93139,0
Male,Graduate,Single,36,170000,8433,644,7567,0,499,576,644,7567,0,499,576,0,0,0,0,0,0
Male,University,Single,43,30000,14697,17332,16770,18483,17888,19097,3200,0,2300,0,1500,14132,16770,16183,17888,17597,1
Male,Graduate,Married,37,230000,0,2062,5056,3050,3700,1900,2062,3050,0,3700,0,0,2006,3050,0,1900,1
Male,Graduate,Single,35,150000,114997,118821,121362,124687,125223,98890,4884,5100,6000,3142,3300,113937,116262,118687,122081,95590,0
Male,University,Single,37,260000,3000,150,-850,300,-832,-832,150,0,1000,0,0,0,-850,-700,-832,-832,0
Male,High School,Married,48,80000,76288,71659,67528,64035,60612,57532,3003,2403,3003,3001,2401,68656,65125,61032,57611,55131,0
Male,University,Single,43,20000,19656,30177,16263,17287,17699,18413,1300,2600,1300,700,1000,28877,13663,15987,16999,17413,0
Male,Graduate,Married,36,240000,0,0,0,0,0,0,0,0,0,0,0,0,0,0,0,0,1
Male,University,Married,40,50000,49039,47949,49235,49577,17063,17634,0,2058,1400,762,1000,47949,47177,48177,16301,16634,1
Male,Graduate,Single,45,50000,42931,45556,43809,36493,20069,20210,6004,1805,1255,1003,1111,39552,42004,35238,19066,19099,0
Male,University,Single,45,100000,65781,60114,59478,54336,50640,49113,0,4817,6,1700,3650,60114,54661,54330,48940,45463,1
Male,High School,Single,40,20000,16884,17891,19078,19800,20000,0,1291,1478,1200,400,0,16600,17600,18600,19600,0,0
Male,Graduate,Married,41,150000,116699,113358,124745,121249,124237,132252,0,14779,0,5000,10000,113358,109966,121249,119237,122252,1
Male,University,Other,37,230000,11770,16479,20474,26492,326,1056,10000,5000,16492,0,1056,6479,15474,10000,326,0,0
Male,University,Married,45,20000,19473,19868,16749,17538,13840,7370,1896,1417,1206,284,147,17972,15332,16332,13556,7223,0
Male,University,Single,33,390000,30209,31193,31440,38001,48301,28131,1804,2561,8122,11000,20015,29389,28879,29879,37301,8116,0
Male,University,Married,36,80000,600,600,600,600,600,300,0,0,0,0,0,600,600,600,600,300,1
Male,Graduate,Single,35,270000,-12,-12,-12,-12,-12,-12,0,0,0,0,0,-12,-12,-12,-12,-12,0
Male,University,Married,37,20000,15429,16436,17584,18166,8190,8190,1270,1418,1000,3144,0,15166,16166,17166,5046,8190,0
Male,University,Married,45,150000,152180,157719,155368,123906,128597,105967,9500,2000,0,8000,9000,148219,153368,123906,120597,96967,0
Male,Graduate,Single,36,50000,49750,48854,47892,49439,48630,49160,2100,2000,2500,2413,2000,46754,45892,46939,46217,47160,0
Male,Graduate,Married,47,160000,58706,57384,59875,61518,65152,64074,0,3200,3000,5000,0,57384,56675,58518,60152,64074,1
Male,Graduate,Single,33,360000,714,-68,-68,-68,4132,-2,7,0,0,4200,48,-75,-68,-68,-68,-50,0
Male,High School,Married,40,150000,121544,123615,126733,130241,132466,134808,5000,4533,5000,3724,3829,118615,122200,125241,128742,130979,0
Male,Graduate,Married,46,500000,11471,13270,14245,15199,20980,18255,2000,1500,1219,6000,1000,11270,12745,13980,14980,17255,0
Male,Graduate,Married,35,220000,753,6213,762,5106,700,1364,6220,762,5806,0,1364,-7,0,-700,700,0,1
Male,Graduate,Married,46,280000,0,0,26330,6880,797,4898,0,26330,6880,797,4898,0,0,0,0,0,1
Male,Graduate,Single,38,30000,96258,69707,71904,62630,57406,46231,0,4000,5000,8000,1460,69707,67904,57630,49406,44771,0
Male,High School,Single,36,500000,9001,1687,1409,16200,19880,9110,1702,1422,16281,20062,500,-15,-13,-81,-182,8610,0
Male,University,Married,40,360000,0,256,0,425,1529,0,256,0,425,1529,0,0,0,0,0,0,0
Male,Graduate,Married,38,400000,36838,26214,16199,3320,111353,103569,65,3383,20,112679,3699,26149,12816,3300,-1326,99870,0
Male,University,Married,43,350000,6088,3405,7763,20573,2367,11486,3436,7813,20604,2376,11493,-31,-50,-31,-9,-7,0
Male,University,Single,36,20000,15557,15015,16079,15528,16477,15930,0,1600,0,1500,0,15015,14479,15528,14977,15930,1
Male,University,Married,36,110000,112875,108481,108418,105373,71733,61020,0,4308,3196,2536,2322,108481,104110,102177,69197,58698,0
Male,High School,Single,31,30000,31405,30588,26860,21165,21281,22938,0,0,1646,762,2000,30588,26860,19519,20519,20938,1
Male,University,Single,45,20000,19856,20007,20319,20638,20025,15463,1316,1458,1277,494,427,18691,18861,19361,19531,15036,1
Male,Graduate,Married,42,180000,0,0,0,0,0,0,0,0,0,0,0,0,0,0,0,0,0
Male,University,Single,48,140000,119965,124944,124901,129675,121292,121343,8506,4706,9463,16,5002,116438,120195,120212,121276,116341,0
Male,Graduate,Single,43,300000,163,2508,8534,14378,16245,19047,2508,8534,14378,4000,6550,0,0,0,12245,12497,0
Male,High School,Single,41,240000,218435,205981,187258,189435,145032,147370,5778,17020,5268,4179,4903,200203,170238,184167,140853,142467,0
Male,University,Married,41,160000,326,1306,326,79652,326,49326,1306,652,79652,0,49326,0,-326,0,326,0,1
Male,University,Married,38,500000,49201,59372,49677,49515,42568,48268,30107,10026,7241,50091,25000,29265,39651,42274,-7523,23268,0
Male,University,Married,45,50000,50297,49944,48030,32097,31450,29695,1939,1547,1464,1078,1225,48005,46483,30633,30372,28470,0
Male,University,Married,39,50000,26094,25376,29548,28786,28024,28772,0,4600,0,0,1200,25376,24948,28786,28024,27572,0
Male,Other,Single,37,100000,7642,0,0,0,0,0,0,0,0,0,0,0,0,0,0,0,0
Male,University,Single,38,150000,6682,2659,2178,1536,626,621,2669,2184,1542,626,621,-10,-6,-6,0,0,0
Male,Graduate,Married,36,290000,0,0,568,16166,16726,17427,0,568,16166,1000,1000,0,0,0,15726,16427,0
Male,University,Single,37,20000,15612,16927,17794,18550,18850,0,1577,1444,1200,500,0,15350,16350,17350,18350,0,1
Male,University,Married,33,50000,49916,50240,26443,30768,10778,10989,2000,2000,5000,1000,1000,48240,24443,25768,9778,9989,0
Male,University,Married,39,80000,37712,38713,39750,40771,42087,43409,1626,1663,1684,2000,2000,37087,38087,39087,40087,41409,0
Male,University,Married,42,140000,139227,120780,123390,127557,117961,120570,4325,4558,6300,4221,4500,116455,118832,121257,113740,116070,0
Male,University,Single,33,260000,19152,19934,21693,25492,29876,416,5000,5000,5000,5000,416,14934,16693,20492,24876,0,0
Male,Graduate,Single,37,150000,36148,36858,35985,38687,37765,40352,1600,0,3300,0,3200,35258,35985,35387,37765,37152,1
Male,University,Single,37,300000,11669,27719,63037,1137,3916,4803,27963,63354,1140,3939,4817,-244,-317,-3,-23,-14,0
Male,Graduate,Single,33,120000,0,0,0,600,0,0,0,0,600,0,0,0,0,0,0,0,0
Male,University,Single,38,90000,17621,18718,19809,20874,21228,21736,1700,1700,1700,1000,1000,17018,18109,19174,20228,20736,0
Male,Graduate,Married,42,200000,-200,-200,-200,-200,2472,0,0,0,0,2672,0,-200,-200,-200,-200,0,0
Male,Graduate,Single,32,140000,46134,50890,59395,73225,56999,61050,5890,9395,15000,0,5000,45000,50000,58225,56999,56050,1
Male,University,Married,45,50000,49436,48342,49140,49451,20921,20058,0,2065,1376,701,705,48342,47075,48075,20220,19353,1
Male,Other,Single,40,200000,0,0,200,1000,0,0,0,200,1000,0,0,0,0,0,0,0,0
Male,Graduate,Single,33,280000,167272,182401,196314,170380,187450,204331,18000,18000,10000,20000,20000,164401,178314,160380,167450,184331,0
Male,Graduate,Single,34,430000,416678,424740,434836,378571,228568,232668,16005,18016,16005,9005,9013,408735,416820,362566,219563,223655,0
Male,High School,Married,34,190000,187780,189924,192232,186472,190262,193403,6781,7071,6744,6866,7203,183143,185161,179728,183396,186200,0
Male,High School,Single,38,50000,38811,33993,35365,15426,17157,21842,0,2077,2000,2000,5000,33993,33288,13426,15157,16842,0
Male,University,Single,40,110000,106455,109191,110937,108869,43207,42954,6000,5000,3814,2000,1600,103191,105937,105055,41207,41354,0
Male,High School,Single,46,20000,9784,11195,12542,13619,14415,15281,1885,1838,1300,1000,1074,9310,10704,12319,13415,14207,0
Male,High School,Single,45,100000,10380,71944,72486,73717,74402,73187,72024,4028,6006,3018,3000,-80,68458,67711,71384,70187,0
Male,Graduate,Single,37,370000,12913,3409,2070,1895,2214,29613,3409,2070,1895,2214,29613,0,0,0,0,0,0
Male,Other,Single,36,320000,2860,16021,0,0,0,0,16021,0,0,0,0,0,0,0,0,0,0
Male,Graduate,Married,33,80000,45524,62969,36217,36386,41596,27635,2000,10000,2000,6500,8000,60969,26217,34386,35096,19635,0
Male,Graduate,Married,35,100000,0,0,0,0,0,970,0,0,0,0,970,0,0,0,0,0,1
Male,University,Married,42,180000,26883,27884,28958,29864,30632,31274,1452,1526,1432,1200,1072,26432,27432,28432,29432,30202,1
Male,High School,Married,46,90000,91092,91229,66730,44850,29257,24755,4000,3000,2000,638,2000,87229,63730,42850,28619,22755,0
Male,University,Married,39,170000,142509,143339,125864,112300,110371,113685,5000,20000,6000,5000,5000,138339,105864,106300,105371,108685,0
Male,University,Married,50,80000,72269,75007,67150,44374,48974,35396,4000,3000,5000,37000,2000,71007,64150,39374,11974,33396,0
Male,High School,Married,50,20000,19657,20141,17703,18954,19582,19866,1273,1321,1572,1200,700,18868,16382,17382,18382,19166,0
Male,University,Single,60,50000,51078,50649,36384,32913,9397,9755,2013,2505,2100,500,500,48636,33879,30813,8897,9255,0
Male,University,Single,50,20000,10056,12571,12086,11595,13197,12700,3000,0,0,1800,0,9571,12086,11595,11397,12700,1
Male,Graduate,Married,64,390000,38383,38134,38679,39689,40472,41320,1608,1647,1657,1440,1496,36526,37032,38032,39032,39824,0
Male,High School,Married,59,80000,78651,80199,82036,82031,81535,81586,3454,3725,3722,3228,3281,76745,78311,78309,78307,78305,0
Male,University,Married,51,350000,343842,107315,355925,353074,223209,207743,15000,340000,20000,9000,8000,92315,15925,333074,214209,199743,0
Male,Graduate,Married,51,320000,483184,290784,277482,282869,253903,249866,20373,13000,11160,8418,8325,270411,264482,271709,245485,241541,0
Male,High School,Married,52,50000,36428,37530,38630,41774,40806,41357,2000,2000,4086,0,1500,35530,36630,37688,40806,39857,0
Male,University,Married,62,260000,390,390,390,390,390,390,390,780,390,390,390,0,-390,0,0,0,0
Male,University,Married,55,200000,169287,172655,178858,180101,173138,176920,6177,8982,6758,6257,6633,166478,169876,173343,166881,170287,0
Male,University,Married,49,30000,390,1358,578,340,-50,-440,1936,0,340,0,0,-578,578,0,-50,-440,1
Male,University,Single,55,20000,7357,8270,9301,10440,11193,10575,1290,1321,1460,1213,1,6980,7980,8980,9980,10574,0
Male,University,Married,50,320000,277884,281848,288726,293969,247873,250870,10100,11422,11006,10011,9091,271748,277304,282963,237862,241779,0
Male,High School,Other,52,30000,23819,23144,28066,27321,27571,29300,0,5637,0,1000,2332,23144,22429,27321,26571,26968,1
Male,High School,Single,50,90000,80926,76495,71616,60177,54440,45788,3451,3243,2390,1840,1690,73044,68373,57787,52600,44098,0
Male,University,Married,52,180000,360,345,139740,15631,2777,2160,345,139770,1000,2777,2160,0,-30,14631,0,0,0
Male,Graduate,Single,50,50000,47155,23882,10054,3122,8471,6315,2000,4038,3129,8471,12508,21882,6016,-7,0,-6193,0
Male,University,Married,52,60000,58682,56893,58170,56539,29425,28013,3762,3000,2000,1000,1000,53131,55170,54539,28425,27013,0
Male,University,Single,53,50000,48353,48005,49115,48688,48927,49106,2000,2581,1900,1919,1887,46005,46534,46788,47008,47219,0
Male,High School,Married,55,50000,390,390,390,390,390,390,390,390,390,390,390,0,0,0,0,0,0
Male,High School,Married,53,20000,2255,2255,2255,2255,2255,2255,0,0,0,0,0,2255,2255,2255,2255,2255,1
Male,High School,Married,53,80000,9637,7251,8026,3878,3618,0,0,1088,1000,1000,958,7251,6938,2878,2618,-958,0
Male,Graduate,Married,58,350000,500,4063,-25,-25,-25,-25,4063,0,0,25,0,0,-25,-25,-50,-25,0
Male,University,Married,52,200000,150603,153900,0,0,0,0,7000,0,0,0,0,146900,0,0,0,0,0
Male,University,Married,50,360000,28595,0,2500,0,0,0,0,2500,0,0,0,0,0,0,0,0,0
Male,High School,Single,59,20000,16357,19074,18482,20329,19616,19303,3000,0,2300,0,0,16074,18482,18029,19616,19303,1
Male,High School,Married,55,90000,30789,31791,32827,33877,35311,36738,1514,1550,1600,2000,2000,30277,31277,32277,33311,34738,0
Male,High School,Single,66,370000,258397,236235,204503,201259,157159,152357,9661,9599,8683,6970,56032,226574,194904,192576,150189,96325,0
Male,Graduate,Single,51,180000,134327,123211,118587,118482,119952,110003,6015,6005,5702,7509,14,117196,112582,112780,112443,109989,1
Male,High School,Other,59,20000,15281,16316,17347,18055,18755,20299,1596,1600,1300,1000,2000,14720,15747,16755,17755,18299,1
Male,Graduate,Married,57,30000,22957,23978,26749,28085,27344,26768,1707,3478,2073,0,0,22271,23271,26012,27344,26768,1
Male,High School,Married,54,60000,58432,58312,59388,29941,1341,1876,20000,3000,3000,1000,2000,38312,56388,26941,341,-124,0
Male,University,Married,52,330000,120212,119507,118891,107722,96842,85015,5000,5000,5000,5000,3500,114507,113891,102722,91842,81515,0
Male,University,Married,51,230000,204643,197993,84076,77766,70066,62865,5805,2965,3500,2600,2500,192188,81111,74266,67466,60365,0
Male,High School,Married,57,50000,18275,18494,16978,16282,17363,8833,1509,2003,1200,1281,1512,16985,14975,15082,16082,7321,0
Male,Other,Married,56,30000,29060,23546,0,1473,780,0,1030,0,1473,780,0,22516,0,0,0,0,0
Male,Graduate,Married,53,80000,39298,40061,40502,15948,15915,390,1809,2030,1476,833,390,38252,38472,14472,15082,0,0
Male,University,Married,58,50000,8728,10726,11257,11772,12574,13369,2152,1000,1000,1000,1000,8574,10257,10772,11574,12369,1
Male,University,Married,50,10000,10171,8150,8446,8067,8227,8400,2,1281,1134,294,305,8148,7165,6933,7933,8095,0
Male,Other,Married,56,170000,86229,134760,132615,131213,129293,128379,55000,5012,5000,4516,5000,79760,127603,126213,124777,123379,0
Male,University,Married,61,50000,390,390,390,390,390,390,390,390,390,390,390,0,0,0,0,0,1
Male,High School,Single,57,20000,9918,11442,15926,16668,16109,15709,2000,5000,1300,0,0,9442,10926,15368,16109,15709,0
Male,University,Single,50,20000,1956,16568,15586,12800,0,0,16573,1551,5060,0,0,-5,14035,7740,0,0,0
Male,High School,Married,50,190000,102648,106410,108770,115325,112063,114484,5400,5491,9800,0,4300,101010,103279,105525,112063,110184,0
Male,Graduate,Married,50,270000,213616,208784,212058,207226,202394,231339,0,8000,0,0,32236,208784,204058,207226,202394,199103,0
Male,University,Single,51,480000,2900,17646,0,15620,5200,1355,17646,0,15620,5200,1355,0,0,0,0,0,0
Male,High School,Married,52,380000,145445,144908,147940,151488,154975,159477,6000,5362,6000,6000,7000,138908,142578,145488,148975,152477,0
Male,High School,Married,49,20000,10823,11180,0,0,0,0,1400,0,0,0,0,9780,0,0,0,0,1
Male,University,Married,48,50000,42807,44489,45470,46424,45377,48441,2700,2000,2000,0,3800,41789,43470,44424,45377,44641,1
Male,High School,Married,52,280000,247868,251246,258032,263163,267083,272706,9000,10842,10928,9700,10000,242246,247190,252235,257383,262706,1
Male,Graduate,Married,65,240000,146696,149707,151780,152373,145763,148276,6930,6000,6000,6000,5500,142777,145780,146373,139763,142776,0
Male,University,Married,54,110000,55753,56839,58039,58792,59620,60819,2600,2700,2300,2400,2300,54239,55339,56492,57220,58519,1
Male,Graduate,Married,53,200000,66012,68099,70387,71929,58133,40500,2500,2700,2242,2093,1300,65599,67687,69687,56040,39200,0
Male,Graduate,Married,56,140000,1862,7465,1744,1700,1700,4584,7465,1744,1700,1700,4584,0,0,0,0,0,0
Male,Graduate,Married,53,260000,73223,66672,64075,63922,60089,53326,2001,2048,2129,1660,1568,64671,62027,61793,58429,51758,0
Male,University,Single,57,130000,4820,3186,7924,6210,2560,7380,0,6210,0,0,7380,3186,1714,6210,2560,0,0
Male,High School,Married,54,50000,37238,38387,39589,19533,20535,19690,1771,1973,1307,1699,0,36616,37616,18226,18836,19690,0
Male,Graduate,Single,55,300000,390,601,4247,5484,5125,1752,601,4285,5500,5151,1757,0,-38,-16,-26,-5,1
Male,High School,Married,54,30000,29391,30224,29472,56952,28476,28296,1600,0,0,600,600,28624,29472,56952,27876,27696,1
Male,High School,Single,58,50000,14628,15638,16383,17837,15791,15988,1558,1303,1757,711,600,14080,15080,16080,15080,15388,0
Male,Graduate,Married,67,450000,0,0,0,0,0,0,0,0,0,0,0,0,0,0,0,0,1
Female,University,Single,27,170000,48947,35777,37589,29079,27134,27734,10000,3037,5018,5006,3024,25777,34552,24061,22128,24710,0
Female,University,Single,29,60000,40351,41387,42117,41140,42110,42988,2000,1685,0,1655,1707,39387,40432,41140,40455,41281,1
Female,High School,Single,26,30000,30244,29640,30451,29391,30042,28436,1701,1600,1500,1095,1500,27939,28851,27891,28947,26936,0
Female,Graduate,Single,28,200000,3494,2516,2228,6338,2290,3620,2516,2228,6338,2290,3620,0,0,0,0,0,0
Female,University,Married,30,30000,28720,27977,27248,29281,28511,30952,0,0,2800,0,2900,27977,27248,26481,28511,28052,0
Female,Graduate,Married,30,100000,0,851,1585,-1,-1,2994,851,1589,0,0,2995,0,-4,-1,-1,-1,1
Female,High School,Married,35,30000,29622,28852,29777,29478,30290,27803,0,1700,1700,1500,1500,28852,28077,27778,28790,26303,0
Female,High School,Single,24,150000,66347,15768,10874,4466,2125,4421,1827,1777,1175,2125,4421,13941,9097,3291,0,0,0
Female,Graduate,Single,25,210000,100,0,0,5933,8698,11572,0,0,5933,3000,3000,0,0,0,5698,8572,0
Female,Graduate,Single,28,300000,788,736,736,1025,27289,28142,1000,736,1025,27000,2000,-264,0,0,289,26142,0
Female,High School,Single,22,50000,18108,18512,19468,16989,17326,17748,1400,1300,2800,619,700,17112,18168,14189,16707,17048,0
Female,University,Married,33,360000,21730,20000,8660,10013,-24,-24,20000,8660,1510,0,0,0,0,8503,-24,-24,0
Female,Graduate,Single,28,240000,233441,236496,242446,207633,197644,193724,9000,10307,9014,6029,6014,227496,232139,198619,191615,187710,0
Female,Graduate,Single,30,260000,893,2778,4052,977,977,452,2946,4052,977,977,452,-168,0,0,0,0,1
Female,Graduate,Married,33,140000,55563,55222,54293,53294,51558,52800,2520,2510,2450,1676,1900,52702,51783,50844,49882,50900,1
Female,Graduate,Single,21,10000,8278,7888,10084,9699,9699,0,1304,2500,6,0,0,6584,7584,9693,9699,0,0
Female,High School,Single,22,50000,46811,40458,50622,42132,15311,19387,1036,50622,1149,15311,19387,39422,0,40983,0,0,0
Female,University,Single,22,50000,37253,38075,32982,31857,29647,29585,5500,6194,1200,0,2000,32575,26788,30657,29647,27585,0
Female,University,Single,22,50000,36665,40362,39441,41318,13996,14974,4626,0,3003,0,1206,35736,39441,38315,13996,13768,1
Female,Graduate,Single,23,140000,90289,91739,89623,82030,84792,84794,10007,1038,3900,5000,4000,81732,88585,78130,79792,80794,1
Female,University,Single,27,20000,7486,7826,9574,12101,17128,13395,2000,4574,5101,5128,3395,5826,5000,7000,12000,10000,0
Female,University,Single,24,50000,48690,48384,49450,49706,9472,9671,2078,2144,1400,339,352,46306,47306,48306,9133,9319,1
Female,High School,Single,23,30000,15947,15410,14881,14124,14172,1270,0,0,0,48,0,15410,14881,14124,14124,1270,0
Female,University,Single,22,50000,8585,0,880,0,150,528,0,880,0,150,528,0,0,0,0,0,0
Female,University,Single,23,130000,-169,3464,7569,8130,544,148,4739,22271,8526,544,148,-1275,-14702,-396,0,0,0
Female,Graduate,Single,23,80000,390,390,390,390,390,540,390,390,390,390,540,0,0,0,0,0,0
Female,University,Single,21,30000,28028,25278,23485,27339,25091,0,2019,2511,10000,502,0,23259,20974,17339,24589,0,0
Female,University,Single,22,50000,24775,25971,26666,27324,29596,26226,2001,1501,1501,3001,919,23970,25165,25823,26595,25307,0
Female,University,Single,22,20000,3843,396,0,0,0,0,2000,0,0,0,0,-1604,0,0,0,0,1
Female,High School,Single,22,90000,68663,65244,52452,35001,29675,28667,4341,2068,3315,1029,1334,60903,50384,31686,28646,27333,0
Female,Graduate,Single,22,30000,29362,29819,30582,28983,27947,26630,1800,3000,1404,559,533,28019,27582,27579,27388,26097,0
Female,University,Single,22,50000,19091,18487,22219,21520,20108,18207,0,4042,0,648,0,18487,18177,21520,19460,18207,0
Female,Graduate,Single,24,150000,-200,200,200,200,550,550,600,200,200,550,200,-400,0,0,0,350,0
Female,High School,Married,24,20000,10994,12006,15967,17576,16996,18223,1500,4500,2187,0,1500,10506,11467,15389,16996,16723,1
Female,Graduate,Single,24,30000,30900,410,28883,24291,27503,28142,410,28883,1710,6000,1200,0,0,22581,21503,26942,1
Female,University,Single,24,50000,49397,50388,51450,47867,51045,51118,2100,2200,0,4300,2100,48288,49250,47867,46745,49018,0
Female,Graduate,Single,30,400000,153655,156309,137701,191514,121092,166173,26876,10134,85450,10140,88097,129433,127567,106064,110952,78076,0
Female,University,Single,23,20000,16027,16740,17451,18141,18239,18302,1600,1600,1600,1000,663,15140,15851,16541,17239,17639,0
Female,University,Single,23,70000,72306,70543,63061,61520,63080,2900,4,2407,2041,2387,2905,70539,60654,59479,60693,-5,0
Female,Graduate,Single,23,20000,6916,13914,10130,6165,6165,6315,14000,1145,950,0,150,-86,8985,5215,6165,6165,0
Female,Graduate,Single,23,30000,27013,26590,26249,22721,17650,25602,1470,1889,1400,384,1000,25120,24360,21321,17266,24602,0
Female,University,Single,23,30000,28138,22517,24148,25437,28391,27801,2000,2000,2000,3700,0,20517,22148,23437,24691,27801,0
Female,Graduate,Single,24,80000,48597,49259,46209,46574,47230,48282,1800,1800,1800,1800,1800,47459,44409,44774,45430,46482,1
Female,Graduate,Single,24,80000,78862,71124,59692,58055,44578,45889,4000,3000,1844,1567,2000,67124,56692,56211,43011,43889,0
Female,University,Single,24,40000,33370,34413,37644,38026,36519,36724,1600,3800,1300,0,1400,32813,33844,36726,36519,35324,1
Female,University,Single,23,70000,44830,46185,47208,47241,48212,45849,2100,2079,2500,2000,2000,44085,45129,44741,46212,43849,0
Female,Graduate,Single,22,10000,6967,9199,8908,9676,9680,8343,2523,0,1000,4,167,6676,8908,8676,9676,8176,1
Female,University,Married,24,60000,61434,59358,57781,62309,60435,55468,2850,2130,7050,0,3190,56508,55651,55259,60435,52278,1
Female,Graduate,Single,22,50000,4434,4215,5241,6238,5979,7492,0,1103,1100,215,2000,4215,4138,5138,5764,5492,0
Female,University,Single,23,80000,6805,8449,10303,11737,10619,49872,2000,2000,2000,1000,40002,6449,8303,9737,9619,9870,0
Female,Graduate,Single,23,70000,7668,8878,10077,11203,11320,11487,1500,1500,1600,600,500,7378,8577,9603,10720,10987,1
Female,High School,Single,22,30000,8922,6698,187,1187,0,1405,1275,187,1000,0,1405,5423,0,187,0,0,0
Female,University,Single,22,30000,27201,27873,25406,23339,17869,15284,4000,0,2000,2000,1500,23873,25406,21339,15869,13784,1
Female,University,Single,25,20000,18825,18545,18606,18904,19433,18902,1300,1613,1301,830,698,17245,16993,17603,18603,18204,1
Female,Graduate,Single,25,50000,390,0,390,780,0,0,0,390,780,0,0,0,0,0,0,0,1
Female,University,Single,29,30000,26953,27412,27835,28215,28345,29055,1741,2000,1439,959,1500,25671,25835,26776,27386,27555,0
Female,University,Single,24,50000,50649,50607,49903,41083,29635,30261,1905,1801,1468,1043,1085,48702,48102,39615,28592,29176,0
Female,Graduate,Single,22,50000,42611,41632,44069,37395,32284,32805,0,3509,0,1302,1191,41632,40560,37395,30982,31614,0
Female,High School,Single,23,50000,41740,42755,43878,42877,45701,46720,2000,2100,0,3850,1900,40755,41778,42877,41851,44820,1
Female,Graduate,Single,23,50000,0,0,0,0,0,0,0,0,0,0,0,0,0,0,0,0,0
Female,Graduate,Single,23,10000,2400,2400,2400,2400,2400,2400,0,0,0,0,0,2400,2400,2400,2400,2400,1
Female,University,Married,24,10000,6902,7922,8939,9533,9692,9829,1142,1159,1140,692,829,6780,7780,8393,9000,9000,1
Female,University,Single,24,110000,1183,1362,1352,1867,36986,40053,1362,1352,1867,36986,5000,0,0,0,0,35053,0
Female,University,Single,24,140000,34814,35806,36823,36285,36683,37150,1887,3000,1580,1294,1355,33919,33823,34705,35389,35795,0
Female,Graduate,Single,24,20000,19000,15114,5831,14784,961,311,1000,5831,14784,961,0,14114,0,0,0,311,0
Female,Graduate,Single,24,30000,25288,27549,28784,28708,27916,30333,3000,2000,1800,2000,3000,24549,26784,26908,25916,27333,0
Female,University,Single,24,100000,93330,95285,96674,97983,102803,100960,4400,3800,3800,7300,0,90885,92874,94183,95503,100960,1
Female,Graduate,Single,24,20000,1150,1661,-29,2992,3664,5364,1661,0,3021,3664,5364,0,-29,-29,0,0,0
Female,University,Single,25,190000,26023,24995,23130,28126,26104,18840,1615,1200,26703,2104,7000,23380,21930,1423,24000,11840,0
Female,University,Single,24,300000,26158,25673,14290,7490,2962,0,5673,7000,7490,2962,0,20000,7290,0,0,0,0
Female,University,Married,26,50000,46800,47830,48868,49470,48003,50755,2100,2100,1701,1,3906,45730,46768,47769,48002,46849,1
Female,High School,Single,26,30000,30467,30403,30546,30255,30096,30353,2173,1613,1453,946,997,28230,28933,28802,29150,29356,0
Female,Graduate,Single,25,20000,4541,0,724,18589,18985,19531,0,724,18589,1000,1000,0,0,0,17985,18531,1
Female,University,Single,25,60000,3075,59808,58058,59679,5575,1733,61058,2186,5667,1200,2000,-1250,55872,54012,4375,-267,1
Female,University,Married,25,70000,67574,69876,56925,28421,8706,29275,3839,2000,3000,1100,28000,66037,54925,25421,7606,1275,0
Female,University,Married,24,60000,34708,33866,33041,35284,31602,32221,0,0,2900,0,1200,33866,33041,32384,31602,31021,1
Female,University,Married,25,60000,33598,34733,37460,36558,37945,38782,2000,3600,0,2000,1600,32733,33860,36558,35945,37182,1
Female,University,Single,22,30000,31331,24544,28267,30470,29284,25762,0,5600,3005,1200,0,24544,22667,27465,28084,25762,1
Female,University,Married,24,100000,68371,9015,3325,0,0,93737,1300,1000,0,0,94562,7715,2325,0,0,-825,1
Female,High School,Single,25,70000,70963,71056,70850,70823,71006,70828,2527,2615,2500,3000,2600,68529,68235,68323,68006,68228,1
Female,University,Single,22,20000,38391,20305,7992,13524,19320,8430,2608,2000,11200,9386,14500,17697,5992,2324,9934,-6070,1
Female,University,Single,22,50000,38340,41362,34656,35004,35514,2582,3700,0,1200,710,52,37662,34656,33804,34804,2530,0
Female,High School,Married,22,50000,40247,40189,43434,44316,45189,46214,900,3900,1900,1900,1900,39289,39534,42416,43289,44314,0
Female,University,Married,22,30000,14533,16534,17213,17723,17431,17882,3002,2002,1553,1002,2002,13532,15211,16170,16429,15880,0
Female,High School,Single,22,30000,29793,29008,29047,29507,11609,11711,0,1687,1147,524,400,29008,27360,28360,11085,11311,1
Female,University,Single,22,30000,25490,26494,27534,28177,28399,28655,1432,1472,1447,1001,1030,25062,26062,26730,27398,27625,1
Female,University,Single,23,60000,58900,60020,60195,60864,40512,39523,2717,2929,2429,1551,1567,57303,57266,58435,38961,37956,1
Female,University,Married,22,20000,19667,19974,5491,831,20088,19733,1500,1000,831,20500,1000,18474,4491,0,-412,18733,1
Female,High School,Single,23,50000,50653,49348,47995,40226,27828,28411,2190,2027,2204,996,1031,47158,45968,38022,26832,27380,0
Female,Graduate,Single,24,30000,28049,27383,25728,26521,23593,21963,2000,1500,2000,1000,1000,25383,24228,24521,22593,20963,0
Female,Graduate,Single,23,30000,29047,30062,29659,29274,18770,13960,1508,3016,1730,16,1001,28554,26643,27544,18754,12959,1
Female,Graduate,Single,24,70000,19200,19079,17695,17791,15704,16257,500,1300,1240,600,1000,18579,16395,16551,15104,15257,0
Female,University,Single,24,100000,101614,99413,102252,89009,79853,80970,10000,17023,8942,86950,33000,89413,85229,80067,-7097,47970,0
Female,University,Single,24,100000,7094,8249,7911,17716,1002,1518,1439,2000,10070,1002,1000,6810,5911,7646,0,518,0
Female,University,Single,25,250000,5211,5211,6282,4140,5211,5211,5211,6282,4140,5211,5211,0,0,0,0,0,0
Female,University,Married,25,130000,127125,78165,79306,80974,83635,87287,4000,3000,3000,5000,5000,74165,76306,77974,78635,82287,0
Female,Graduate,Single,25,50000,49052,48026,47361,44293,17807,18324,3006,2300,3064,1799,790,45020,45061,41229,16008,17534,1
Female,University,Single,26,250000,124353,132251,148597,135715,76113,26366,10000,19888,2500,10302,17500,122251,128709,133215,65811,8866,0
Female,University,Married,26,50000,50604,50913,43348,10122,9626,9828,1924,1461,1155,400,351,48989,41887,8967,9226,9477,1
Female,Graduate,Single,25,50000,38487,41186,41535,36973,39581,41817,5000,5000,3000,4000,5000,36186,36535,33973,35581,36817,0
Female,University,Single,24,230000,0,0,0,0,0,0,0,0,0,0,0,0,0,0,0,0,0
Female,University,Single,25,200000,175435,195581,190716,132731,129960,66747,24720,0,6000,40450,13000,170861,190716,126731,89510,53747,0
Female,University,Single,23,50000,46968,36912,32616,29788,27562,26129,1600,1500,1500,1200,1078,35312,31116,28288,26362,25051,0
Female,University,Single,24,100000,85016,86918,88624,89576,90614,89046,4200,4000,3300,3400,0,82718,84624,86276,87214,89046,1
Female,University,Single,24,140000,99012,106817,109646,106420,111130,113204,11000,6000,0,8000,4000,95817,103646,106420,103130,109204,0
Female,University,Single,24,20000,13542,14852,15571,16584,17067,34262,1543,1262,1275,758,638,13309,14309,15309,16309,33624,0
Female,University,Single,25,100000,87987,86380,88597,84861,69750,47394,4000,3900,3000,2000,2000,82380,84697,81861,67750,45394,0
Female,University,Single,25,240000,9030,9685,10996,13149,14655,17133,1144,3000,3000,2000,3000,8541,7996,10149,12655,14133,0
Female,University,Single,25,20000,18519,20195,19638,17198,14253,18475,2000,1376,1121,460,6000,18195,18262,16077,13793,12475,0
Female,Graduate,Single,25,50000,45342,44719,40002,38008,31898,20154,2000,5040,8034,3029,5000,42719,34962,29974,28869,15154,0
Female,Graduate,Single,25,50000,25008,27790,27059,29505,29824,29209,3200,0,2900,1100,0,24590,27059,26605,28724,29209,0
Female,University,Single,25,60000,36081,37194,38116,39902,58737,56902,2500,2000,3000,20000,3000,34694,36116,36902,38737,53902,0
Female,University,Single,22,10000,6759,8925,8637,10277,9736,9704,2450,0,1800,0,500,6475,8637,8477,9736,9204,1
Female,Graduate,Single,23,30000,26185,29944,29399,28632,30363,29594,4518,206,0,2500,0,25426,29193,28632,27863,29594,0
Female,Graduate,Single,23,30000,21077,23793,23130,28790,28038,27451,3383,0,6380,0,0,20410,23130,22410,28038,27451,1
Female,Graduate,Single,23,60000,13233,12772,14555,15803,19217,18768,1500,2000,1500,3700,0,11272,12555,14303,15517,18768,0
Female,University,Single,25,80000,78894,79989,79882,67946,51435,53113,3000,3500,5000,2500,2500,76989,76382,62946,48935,50613,0
Female,University,Single,25,130000,111587,112348,114734,117823,120854,123904,4100,4200,5000,5000,5000,108248,110534,112823,115854,118904,0
Female,University,Single,25,30000,17835,21220,20563,18676,18281,17261,4000,0,1000,0,2000,17220,20563,17676,18281,15261,0
Female,University,Single,23,60000,57097,58134,58647,59619,57068,57668,2659,2190,2078,2002,2062,55475,56457,57541,55066,55606,1
Female,University,Married,24,80000,74377,76137,78366,78400,80000,80000,3000,3455,1960,2000,0,73137,74911,76440,78000,80000,0
Female,University,Single,24,230000,78737,63494,55284,42693,42541,34197,2300,2000,1535,1183,1500,61194,53284,41158,41358,32697,0
Female,Graduate,Single,25,80000,72120,71702,71532,71222,47538,48879,2600,2700,2200,2000,3443,69102,68832,69022,45538,45436,0
Female,Graduate,Single,24,70000,70888,63903,65248,62958,64209,59482,2900,3000,2190,2201,2181,61003,62248,60768,62008,57301,0
Female,University,Married,25,220000,142714,270596,52682,23243,18101,27036,7200,3200,1200,1000,25000,263396,49482,22043,17101,2036,0
Female,University,Single,25,50000,44894,43924,36549,32665,20246,19968,5003,5016,4000,2000,2000,38921,31533,28665,18246,17968,0
Female,University,Single,24,210000,45685,29287,19689,20629,21193,21484,1609,1362,1302,866,742,27678,18327,19327,20327,20742,0
Female,University,Single,24,60000,150,150,150,150,150,150,0,0,0,0,150,150,150,150,150,0,1
Female,University,Married,25,30000,29304,28534,29906,30524,28915,29524,0,1831,1449,1100,1051,28534,28075,29075,27815,28473,1
Female,University,Single,24,50000,43627,39981,40205,43024,39908,40731,3000,2001,3520,0,2000,36981,38204,39504,39908,38731,0
Female,University,Married,24,50000,23996,27087,26372,26992,27693,29237,3500,0,1400,1100,2100,23587,26372,25592,26593,27137,0
Female,Graduate,Single,26,80000,37329,38151,39229,40291,40902,42122,3700,2000,2000,3500,2000,34451,37229,38291,37402,40122,0
Female,High School,Married,25,60000,60340,58556,57251,57826,22544,26675,2200,2600,2300,3000,5000,56356,54651,55526,19544,21675,1
Female,University,Single,25,20000,15389,16397,17195,17499,16236,10400,1270,1341,1160,556,600,15127,15854,16339,15680,9800,1
Female,High School,Married,26,50000,47095,48085,49039,49662,0,0,2073,2027,1650,0,0,46012,47012,48012,0,0,0
Female,Graduate,Single,27,260000,23820,23873,14856,17022,20032,11144,10000,3000,4000,5000,3000,13873,11856,13022,15032,8144,0
Female,University,Single,27,170000,414,-1020,25607,23922,24399,24919,0,27107,1500,863,903,-1020,-1500,22422,23536,24016,1
Female,University,Single,27,20000,15248,16255,17282,18293,18661,20157,1265,1292,1303,671,1800,14990,15990,16990,17990,18357,0
Female,University,Married,26,20000,20224,19210,19327,20000,0,0,0,1500,1000,0,0,19210,17827,19000,0,0,0
Female,University,Married,26,130000,2783,131860,130000,0,0,0,130000,3000,0,0,0,1860,127000,0,0,0,0
Female,University,Married,25,70000,70940,70639,71230,68655,41679,29887,2533,3098,2811,1281,1069,68106,68132,65844,40398,28818,0
Female,Graduate,Single,26,120000,594,1052,736,420,2189,1482,1052,736,420,2189,500,0,0,0,0,982,0
Female,Graduate,Single,26,210000,10401,18480,330,330,330,330,18480,330,330,330,330,0,0,0,0,0,0
Female,University,Married,27,50000,40491,41522,42725,40802,42422,47912,2003,2206,3000,3000,8000,39519,40519,37802,39422,39912,0
Female,Graduate,Single,27,30000,26951,27726,28561,18030,11467,12681,2000,1682,1500,1000,1408,25726,26879,16530,10467,11273,0
Female,University,Single,27,150000,140947,121059,95250,55070,44425,7582,5000,3709,1101,2000,152,116059,91541,53969,42425,7430,0
Female,High School,Single,27,300000,105786,113850,116918,119929,122914,125910,9000,4000,4000,4000,4000,104850,112918,115929,118914,121910,0
Female,University,Single,27,150000,0,0,0,0,699,1170,0,0,0,699,1170,0,0,0,0,0,0
Female,University,Married,27,30000,25557,26648,27536,28203,29048,29903,1800,1600,1400,1600,1600,24848,25936,26803,27448,28303,1
Female,University,Single,27,50000,48492,48356,32904,28864,29708,29921,1600,1715,2000,3010,2000,46756,31189,26864,26698,27921,0
Female,Graduate,Single,26,80000,78025,80224,81619,80030,79434,81348,3500,3300,3100,2900,3200,76724,78319,76930,76534,78148,0
Female,University,Married,26,80000,13465,20577,10424,4898,847,1342,20587,10759,4995,847,1344,-10,-335,-97,0,-2,0
Female,University,Single,26,60000,-25,-25,-25,1901,38746,39178,0,0,2306,40367,1416,-25,-25,-405,-1621,37762,0
Female,Graduate,Married,27,200000,-3,-3,-3,360,0,0,0,0,363,0,0,-3,-3,-3,0,0,0
Female,University,Single,31,280000,147646,150703,156784,156230,159123,163152,7001,10000,6000,5200,6000,143702,146784,150230,153923,157152,0
Female,University,Single,24,50000,47608,48933,51415,48977,10082,9936,2118,3600,7,345,1000,46815,47815,48970,9737,8936,0
Female,University,Single,24,80000,22453,23787,23124,26700,27064,27685,2000,0,4300,1100,1200,21787,23124,22400,25964,26485,1
Female,University,Single,23,50000,33243,16290,12594,0,0,0,2000,2010,0,0,0,14290,10584,0,0,0,0
Female,Graduate,Single,24,20000,18916,18556,19162,19293,19298,19198,1600,1805,1400,405,400,16956,17357,17893,18893,18798,0
Female,Graduate,Single,24,80000,39813,46375,43576,28468,25971,23686,9425,1,2012,1091,1006,36950,43575,26456,24880,22680,1
Female,High School,Married,27,20000,16004,15450,16892,17396,14017,0,0,1696,1200,22,0,15450,15196,16196,13995,0,1
Female,University,Single,28,110000,106202,105080,107420,107325,108545,105341,5300,5540,5361,4500,4000,99780,101880,101964,104045,101341,0
Female,Graduate,Single,28,50000,31392,-288,-144,-144,-144,6,0,0,0,144,150,-288,-144,-144,-288,-144,0
Female,High School,Single,24,130000,90141,91948,94067,96604,97706,121027,4200,4500,5000,3600,25000,87748,89567,91604,94106,96027,1
Female,Graduate,Single,25,20000,1828,2835,5270,5040,5304,5777,1200,2500,0,500,558,1635,2770,5040,4804,5219,1
Female,University,Single,25,130000,836,668,1017,1298,550,-286,668,1200,1300,964,1698,0,-183,-2,-414,-1984,1
Female,High School,Single,25,50000,41641,44434,45916,46566,45516,46484,3500,2500,1700,0,1700,40934,43416,44866,45516,44784,1
Female,University,Single,25,50000,33586,34636,35683,36200,36808,37671,1900,1900,1400,1500,1600,32736,33783,34800,35308,36071,1
Female,University,Single,26,130000,187600,185945,183828,164667,132746,57989,6074,6037,4646,4230,1941,179871,177791,160021,128516,56048,0
Female,University,Married,26,80000,32183,34454,39559,38640,37721,39965,2820,6000,0,0,3000,31634,33559,38640,37721,36965,1
Female,University,Married,28,230000,1736,67982,72938,54105,18744,5148,68000,7064,4106,5075,1000,-18,65874,49999,13669,4148,0
Female,Graduate,Single,28,500000,6618,8984,9558,7426,11130,15382,8984,9570,7432,11130,10000,0,-12,-6,0,5382,0
Female,Graduate,Single,27,160000,124573,122730,125319,125283,124170,125140,5800,5900,5900,4300,4600,116930,119419,119383,119870,120540,0
Female,University,Married,27,150000,5560,0,0,0,0,0,0,0,0,0,0,0,0,0,0,0,1
Female,University,Single,27,60000,45373,49363,48308,51616,56416,21680,4747,0,5000,5000,0,44616,48308,46616,51416,21680,0
Female,Graduate,Single,27,50000,19096,18492,21186,22538,22274,22767,0,3000,2000,400,1000,18492,18186,20538,21874,21767,0
Female,Graduate,Married,27,10000,6031,836,2032,2150,1490,390,836,2032,1000,1000,390,0,0,1150,490,0,0
Female,Graduate,Single,28,140000,9598,10631,11349,12661,12606,12869,1500,1195,1507,452,467,9131,10154,11154,12154,12402,0
Female,Graduate,Single,30,180000,112106,105872,107685,106060,2958,1079,3800,6000,3000,100,1100,102072,101685,103060,2858,-21,0
Female,Graduate,Single,28,260000,85666,92286,93742,93369,82476,73789,10005,4026,3481,141,20074,82281,89716,89888,82335,53715,0
Female,University,Married,27,90000,81701,85753,87510,85188,87112,169533,6000,4000,0,4200,3285,79753,83510,85188,82912,166248,1
Female,University,Married,29,20000,18985,20271,19658,20086,19630,19627,3100,0,1600,400,393,17171,19658,18486,19230,19234,1
Female,High School,Married,26,30000,8893,8601,10862,11485,11006,12270,0,2405,1100,0,1600,8601,8457,10385,11006,10670,1
Female,University,Single,26,420000,62364,30165,106030,33694,49354,44744,30336,107382,33850,49587,47222,-171,-1352,-156,-233,-2478,0
Female,University,Single,27,230000,326,326,326,326,326,326,326,326,326,326,326,0,0,0,0,0,0
Female,University,Married,28,90000,59694,55282,60630,58919,47850,48034,2852,15678,7763,1686,1735,52430,44952,51156,46164,46299,0
Female,University,Married,27,210000,170646,174134,167095,161573,122362,116243,7800,16,6800,3800,5134,166334,167079,154773,118562,111109,1
Female,University,Single,27,230000,73521,75691,77867,80957,83695,86184,4000,4000,5000,5000,4000,71691,73867,75957,78695,82184,0
Female,University,Single,30,100000,85841,74564,78351,79030,56016,36210,4000,5000,3006,2023,3000,70564,73351,76024,53993,33210,0
Female,High School,Married,30,20000,12304,17000,0,0,700,700,5170,0,0,700,0,11830,0,0,0,700,0
Female,High School,Single,27,20000,20288,20293,20196,19777,20130,19350,1500,1400,2000,3000,1000,18793,18796,17777,17130,18350,0
Female,High School,Single,28,150000,35199,36206,36343,45180,45694,45694,1588,1971,20000,914,0,34618,34372,25180,44780,45694,0
Female,Graduate,Single,29,180000,10265,11288,13093,14874,14339,19068,1200,2000,2000,0,5000,10088,11093,12874,14339,14068,0
Female,Graduate,Single,26,20000,17921,18362,19669,16479,16694,17334,1333,1640,1506,721,1000,17029,18029,14973,15973,16334,0
Female,Graduate,Single,27,280000,18641,21870,2173,-9,-9,3617,6630,10,0,0,3626,15240,2163,-9,-9,-9,0
Female,High School,Single,26,50000,46879,48368,49284,7002,6991,7137,2569,2485,1203,192,199,45799,46799,5799,6799,6938,0
Female,High School,Single,26,50000,35988,26708,25230,26999,27748,28351,1700,2000,3000,1500,1200,25008,23230,23999,26248,27151,0
Female,University,Single,26,100000,6631,7643,8975,11032,10561,10779,1130,1462,2519,0,537,6513,7513,8513,10561,10242,0
Female,University,Single,27,10000,5150,4922,5941,6984,7120,7267,0,1257,1300,400,410,4922,4684,5684,6720,6857,0
Female,Graduate,Single,27,90000,85822,83206,74030,70198,71330,65479,3327,3471,3199,2964,2718,79879,70559,66999,68366,62761,0
Female,Graduate,Single,29,120000,1914,573,214,4479,980,690,573,219,4484,980,690,0,-5,-5,0,0,0
Female,University,Single,29,250000,252354,258503,252087,246649,177663,125960,11783,0,8065,5404,5000,246720,252087,238584,172259,120960,1
Female,Graduate,Single,29,180000,9418,-897,2331,3596,3125,2702,0,5028,6411,3155,2702,-897,-2697,-2815,-30,0,0
Female,University,Single,29,350000,209234,205458,200654,196308,192735,190735,7280,7360,8568,6600,6711,198178,193294,187740,186135,184024,0
Female,University,Single,31,250000,1242,0,0,0,3394,3244,0,0,0,3394,0,0,0,0,0,3244,0
Female,University,Married,29,140000,100064,95224,104440,88467,71519,63150,6029,30000,7981,3000,3000,89195,74440,80486,68519,60150,0
Female,Graduate,Single,28,50000,390,390,390,39685,40109,41303,390,780,39685,1337,5000,0,-390,0,38772,36303,1
Female,Graduate,Single,28,150000,145096,147384,143225,147115,145015,110635,5000,0,6000,0,3000,142384,143225,141115,145015,107635,1
Female,Graduate,Single,28,160000,4122,1770,0,0,0,0,2000,0,0,0,0,-230,0,0,0,0,0
Female,High School,Married,28,130000,29974,28037,37414,42816,43089,37101,5026,15430,12015,8020,1060,23011,21984,30801,35069,36041,0
Female,University,Married,26,340000,95878,97594,99835,102801,106263,98797,4500,5000,6000,7000,6000,93094,94835,96801,99263,92797,0
Female,University,Single,26,260000,16150,17880,22248,26842,35997,55272,2000,5000,5000,10000,20000,15880,17248,21842,25997,35272,0
Female,Graduate,Single,26,110000,38920,28276,25171,26200,26567,26990,1700,1800,1750,1100,1000,26576,23371,24450,25467,25990,0
Female,Graduate,Single,29,400000,7191,8856,6181,7859,4899,1466,2000,1500,2000,1000,500,6856,4681,5859,3899,966,0
Female,Graduate,Single,29,70000,40048,40783,44205,44784,43763,46646,1700,4100,1600,0,3600,39083,40105,43184,43763,43046,0
Female,High School,Married,31,20000,14320,13815,13403,12888,12019,11500,0,86,0,0,435,13815,13317,12888,12019,11065,1
Female,University,Married,28,60000,17942,17361,18081,20108,19487,35160,0,1304,2331,0,16000,17361,16777,17777,19487,19160,1
Female,Graduate,Single,29,80000,54313,57988,59271,60013,58453,60155,4600,2800,2300,0,2800,53388,56471,57713,58453,57355,0
Female,University,Married,31,150000,101425,104014,108229,109374,111279,125353,3872,5500,4005,3241,15500,100142,102729,105369,108038,109853,0
Female,Other,Single,29,200000,9383,37303,21244,7422,27761,21715,37465,21321,1200,27761,5548,-162,-77,6222,0,16167,0
Female,Graduate,Single,29,110000,316,31895,316,316,316,31775,31895,316,316,316,31775,0,0,0,0,0,1
Female,University,Single,29,450000,371724,359672,56033,31126,18345,12836,10000,1500,2109,5000,1000,349672,54533,29017,13345,11836,0
Female,University,Single,29,160000,21898,23075,24010,400,16903,17248,5004,8004,400,16903,345,18071,16006,0,0,16903,0
Female,University,Single,28,150000,49278,50156,51849,54659,55681,53878,2000,2500,4300,2500,0,48156,49349,50359,53181,53878,0
Female,Graduate,Married,28,30000,30497,30665,30945,31070,30969,30620,1800,1900,1776,1500,1100,28865,29045,29294,29469,29520,0
Female,University,Single,29,160000,1194,2108,1086,1874,2920,0,2108,1086,1874,2920,0,0,0,0,0,0,0
Female,Graduate,Single,29,140000,51822,52960,57088,62868,65284,69663,2000,5000,6500,3000,5000,50960,52088,56368,62284,64663,0
Female,Graduate,Single,28,50000,5953,1044,2450,248,198,0,1044,2450,248,198,0,0,0,0,0,0,0
Female,Graduate,Single,27,390000,393415,379486,375899,374302,395430,384825,0,16000,15000,29000,0,379486,359899,359302,366430,384825,1
Female,University,Married,28,300000,16666,1000,16666,0,0,0,1000,16666,0,0,0,0,0,0,0,0,0
Female,University,Single,29,50000,43629,46376,45354,49086,48027,49037,3790,0,4500,0,1751,42586,45354,44586,48027,47286,1
Male,University,Single,29,70000,-8187,-17810,-595,7462,9390,5183,0,100104,10000,15000,10000,-17810,-100699,-2538,-5610,-4817,0
Female,University,Single,28,170000,44996,46045,48989,47900,51088,54256,2100,4000,0,4000,4000,43945,44989,47900,47088,50256,0
Female,High School,Married,45,160000,227,-385,-379,-1464,2110,1462,280,6,75,3574,5,-665,-385,-1539,-1464,1457,0
Female,Graduate,Single,27,50000,34044,33202,34370,34806,35433,36216,0,2000,1300,1500,1500,33202,32370,33506,33933,34716,1
Female,University,Married,28,50000,38612,37509,15377,12590,11209,7448,0,5000,0,3023,5000,37509,10377,12590,8186,2448,0
Female,Graduate,Single,28,90000,2780,1950,7956,499,0,5990,1950,7956,499,0,5990,0,0,0,0,0,0
Female,Graduate,Single,25,200000,8926,700,610,5130,12050,4970,700,610,5130,12050,4970,0,0,0,0,0,0
Female,University,Single,26,20000,15700,16734,17549,17702,10400,0,1600,1400,1171,600,0,15134,16149,16531,9800,0,0
Female,University,Married,30,50000,31079,30036,6845,4364,2185,2162,2280,2300,0,44,2200,27756,4545,4364,2141,-38,0
Female,University,Married,24,50000,12744,12243,16215,20490,19990,0,0,4200,4700,0,0,12243,12015,15790,19990,0,1
Female,High School,Single,26,60000,27402,26455,28017,25011,28143,24712,1500,4022,1500,3500,1000,24955,23995,23511,24643,23712,0
Female,University,Married,33,30000,11042,12051,13101,14413,14476,14792,1200,1250,1537,600,550,10851,11851,12876,13876,14242,0
Female,High School,Single,30,360000,780,780,390,3115,8069,390,390,0,3115,8069,390,390,390,0,0,0,0
Female,University,Single,22,20000,15513,17908,18652,19156,19206,19948,3000,1666,1500,592,1284,14908,16986,17656,18614,18664,0
Female,University,Single,23,30000,18497,21016,22178,21529,23863,22357,3153,1800,0,3000,0,17863,20378,21529,20863,22357,0
Female,University,Single,25,80000,47369,49524,48461,45943,46660,46118,4400,1500,1500,1742,1800,45124,46961,44443,44918,44318,1
Female,University,Married,22,20000,16366,17385,18142,17245,17657,18370,1600,1600,1600,1000,1000,15785,16542,15645,16657,17370,0
Female,University,Single,25,70000,69455,70300,70737,70324,55291,56648,2600,2620,2641,2000,2250,67700,68117,67683,53291,54398,0
Female,Graduate,Single,26,120000,103452,104546,105326,111987,112652,114337,4000,4000,10000,4000,5000,100546,101326,101987,108652,109337,0
Female,Graduate,Single,26,20000,17040,16474,17203,18411,18929,19171,0,1300,1500,824,696,16474,15903,16911,18105,18475,0
Female,University,Single,22,20000,9848,11192,15677,15133,15582,16677,1515,5000,0,1000,1500,9677,10677,15133,14582,15177,0
Female,University,Single,23,170000,8806,32192,32555,32292,32372,31202,32192,1608,2301,2379,2202,0,30947,29991,29993,29000,0
Female,University,Single,24,130000,121720,115630,115939,109428,90359,89216,4155,5802,3487,2908,3013,111475,110137,105941,87451,86203,0
Female,High School,Single,32,180000,183512,172194,176105,171475,134590,133146,7700,8254,9600,4712,4995,164494,167851,161875,129878,128151,0
Female,University,Single,30,240000,89009,71169,67528,64238,65521,65829,3071,2390,2311,2330,2392,68098,65138,61927,63191,63437,0
Female,University,Married,27,50000,50544,50792,50480,50372,50993,7957,2300,2000,2000,2500,289,48492,48480,48372,48493,7668,0
Female,Graduate,Married,39,100000,94732,97284,99542,99898,99786,97670,5000,4700,2950,3100,5,92284,94842,96948,96686,97665,1
Female,Graduate,Single,33,80000,73397,82151,80296,77848,76508,78396,10000,0,0,2788,3171,72151,80296,77848,73720,75225,0
Female,University,Other,46,10000,5997,5753,9629,9328,11411,10652,0,4000,0,2395,0,5753,5629,9328,9016,10652,1
Female,University,Single,35,50000,48818,49796,50892,50769,48813,49874,2200,2200,1800,1900,2000,47596,48692,48969,46913,47874,0
Female,University,Married,35,80000,22001,23339,22677,23692,25406,26050,2000,0,1395,2109,1196,21339,22677,22297,23297,24854,1
Female,High School,Married,39,40000,22241,23273,24204,24510,24811,24274,1700,1600,1000,1000,0,21573,22604,23510,23811,24274,1
Female,University,Married,40,90000,96249,91839,90758,90537,90263,90268,0,3273,3267,3212,3440,91839,87485,87270,87051,86828,1
Female,High School,Married,40,170000,69602,61493,58298,60343,61176,62092,2128,2729,4000,2169,2241,59365,55569,56343,59007,59851,0
Female,High School,Single,49,50000,101590,50696,49894,49453,29824,29319,1800,1991,1670,1036,1050,48896,47903,47783,28788,28269,0
Female,University,Married,41,10000,2400,2400,2400,2400,2400,2400,0,0,0,0,0,2400,2400,2400,2400,2400,1
Female,High School,Married,34,70000,76023,73213,68034,68602,30252,47363,0,3000,3000,1508,20000,73213,65034,65602,28744,27363,0
Female,University,Single,38,20000,15925,16883,17536,14810,9579,9940,1618,1661,1046,192,10476,15265,15875,13764,9387,-536,0
Female,University,Single,36,120000,3225,4592,5975,5409,5940,1770,3232,4615,4170,1770,0,1360,1360,1239,4170,1770,0
Female,University,Married,38,110000,105433,107065,103690,105447,97096,77197,4008,3920,4031,4000,3000,103057,99770,101416,93096,74197,0
Female,University,Married,36,50000,44897,50039,48981,47897,48811,48058,6200,0,0,2000,160,43839,48981,47897,46811,47898,1
Female,University,Single,34,110000,10827,11657,8428,9440,11863,10620,2500,0,1200,4000,500,9157,8428,8240,7863,10120,0
Female,University,Married,37,50000,51377,50253,50047,43142,10677,10105,0,2424,2355,363,361,50253,47623,40787,10314,9744,0
Female,Graduate,Single,31,360000,2500,2500,2500,2500,2500,2500,0,0,0,0,0,2500,2500,2500,2500,2500,1
Female,University,Married,38,20000,18666,18087,17517,16930,18043,17156,0,0,0,1381,0,18087,17517,16930,16662,17156,1
Female,Graduate,Married,42,180000,79216,80905,82708,84433,86134,88251,3000,3100,3100,3100,3500,77905,79608,81333,83034,84751,1
Female,University,Married,37,100000,100253,101587,100095,98569,99534,100013,4500,4500,5000,4000,3500,97087,95595,93569,95534,96513,0
Female,High School,Married,37,20000,15829,15283,16429,19764,19140,6420,0,1700,4000,0,1000,15283,14729,15764,19140,5420,1
Female,High School,Married,39,150000,151664,153994,147038,122498,75782,71306,6300,0,5000,3000,3000,147694,147038,117498,72782,68306,0
Female,University,Married,27,60000,40831,34613,28178,23199,572,27425,1617,1616,1008,1036,28848,32996,26562,22191,-464,-1423,0
Female,Graduate,Single,29,80000,25248,24549,26823,29157,28389,29036,0,3000,2780,0,1100,24549,23823,26377,28389,27936,1
Female,High School,Married,47,60000,20347,19727,20909,21168,21520,21805,0,1800,900,1000,774,19727,19109,20268,20520,21031,1
Female,High School,Married,43,20000,18310,18739,19411,20209,19880,4341,1300,1500,1257,456,149,17439,17911,18952,19424,4192,1
Female,University,Single,33,110000,104151,106217,108884,112149,112507,114200,3791,4368,5500,3971,6280,102426,104516,106649,108536,107920,1
Female,High School,Married,41,100000,77208,75377,77044,78333,78130,77761,0,3475,3263,2805,2888,75377,73569,75070,75325,74873,0
Female,University,Married,37,280000,198823,206000,0,0,0,0,10000,0,0,0,0,196000,0,0,0,0,0
Female,High School,Single,36,130000,127544,126771,124824,123174,100585,97687,5963,6316,4845,3471,3673,120808,118508,118329,97114,94014,0
Female,High School,Single,29,50000,47815,49216,51082,46983,19839,16389,2500,3009,4012,3000,2000,46716,48073,42971,16839,14389,0
Female,University,Married,33,60000,50696,54841,56444,53183,55288,55782,5000,2500,2000,3000,2700,49841,53944,51183,52288,53082,0
Female,High School,Married,34,70000,43071,47338,51424,45121,5515,10424,5000,5000,5000,5000,5000,42338,46424,40121,515,5424,0
Female,University,Married,46,240000,177221,169897,166064,0,0,0,7053,6520,0,0,0,162844,159544,0,0,0,1
Female,University,Single,31,310000,137171,141486,144515,154587,156565,153965,6600,6800,14000,6000,0,134886,137715,140587,150565,153965,1
Female,High School,Single,33,20000,20023,20239,19164,19393,19725,20054,1300,1400,1300,1000,1000,18939,17764,18093,18725,19054,0
Female,University,Married,37,50000,29969,17791,12592,5022,780,390,1281,1099,1009,10000,0,16510,11493,4013,-9220,390,0
Female,High School,Single,33,50000,25922,25154,16820,15860,16179,16915,55,4500,800,582,1000,25099,12320,15060,15597,15915,0
Female,University,Married,34,130000,99891,101032,104705,105478,107725,109994,3700,5300,4000,4000,4000,97332,99405,101478,103725,105994,0
Female,University,Single,30,230000,62988,63056,63741,64096,64473,64927,2847,2303,2284,2280,2345,60209,61438,61812,62193,62582,0
Female,University,Married,31,380000,3491,3859,8796,7991,5310,14655,3878,8863,8007,5362,14695,-19,-67,-16,-52,-40,0
Female,High School,Single,32,160000,56099,41085,35673,28880,27678,25518,3000,3030,2000,5000,4000,38085,32643,26880,22678,21518,0
Female,High School,Married,32,20000,17930,20305,19308,20296,20302,20189,3000,0,1318,714,981,17305,19308,18978,19588,19208,0
Female,Graduate,Single,33,150000,1911,3079,4057,1920,1920,0,1189,1167,1000,0,0,1890,2890,920,1920,0,1
Female,Graduate,Single,32,90000,1560,23153,835,5225,736,736,23153,17395,5225,736,736,0,-16560,0,0,0,0
Female,Graduate,Married,33,400000,-4,1054,1420,-20,-20,-20,1058,1427,0,0,0,-4,-7,-20,-20,-20,0
Female,University,Married,34,70000,66946,67741,68790,68523,29163,29247,3007,3248,2661,1135,1160,64734,65542,65862,28028,28087,0
Female,University,Married,34,50000,43664,44654,45650,46320,45290,48322,2000,2000,1700,0,3760,42654,43650,44620,45290,44562,0
Female,University,Married,35,30000,0,0,12403,17849,4935,6491,0,12403,8359,4935,3000,0,0,9490,0,3491,0
Female,University,Married,46,20000,19113,20068,17481,15572,15902,35565,1292,1323,1111,441,2158,18776,16158,14461,15461,33407,0
Female,High School,Single,39,20000,8720,12241,16020,16457,20906,20289,4000,4000,1000,4750,0,8241,12020,15457,16156,20289,1
Female,High School,Married,37,130000,0,0,0,0,0,0,0,0,0,0,0,0,0,0,0,0,1
Female,Graduate,Married,41,80000,73863,74970,75285,73654,75642,80984,3300,3300,3000,3500,9050,71670,71985,70654,72142,71934,0
Female,Graduate,Married,41,360000,0,0,0,0,0,0,0,0,0,0,0,0,0,0,0,0,1
Female,High School,Other,47,120000,1576,3009,0,0,430,1520,1500,0,0,430,1520,1509,0,0,0,0,0
Female,High School,Married,41,200000,184133,187386,191098,194671,177096,180388,6710,7125,7333,6325,6522,180676,183973,187338,170771,173866,0
Female,University,Married,38,150000,6829,6460,17154,2729,32550,8509,6719,27654,2729,32550,11467,-259,-10500,0,0,-2958,0
Female,University,Single,44,50000,27200,10605,10355,9853,2917,1473,1172,1202,1000,2917,29,9433,9153,8853,0,1444,0
Female,High School,Married,40,170000,179399,41265,20619,19520,5200,0,0,2000,1136,1000,0,41265,18619,18384,4200,0,1
Female,University,Married,34,230000,205530,380,380,2350,103030,380,380,380,2350,103030,380,0,0,0,0,0,0
Female,University,Single,46,50000,25119,26258,27199,18810,18487,18874,1559,1500,1400,1000,684,24699,25699,17410,17487,18190,1
Female,Graduate,Married,36,280000,157424,161596,166680,170691,14988,16776,6000,6500,6000,1000,2000,155596,160180,164691,13988,14776,0
Female,University,Married,44,50000,13226,14470,15000,0,0,0,1470,1000,0,0,0,13000,14000,0,0,0,0
Female,High School,Married,31,30000,30057,29280,30206,30496,29731,29047,0,1700,1100,3,1053,29280,28506,29396,29728,27994,0
Female,Graduate,Married,32,360000,-16,3194,430,1982,211250,215670,3210,436,1991,211250,7762,-16,-6,-9,0,207908,0
Female,University,Single,32,400000,6464,-270,-770,-761,-2710,187552,1692,0,9,11,194541,-1962,-770,-770,-2721,-6989,1
Female,High School,Single,33,80000,107044,103077,98328,93376,87491,80156,5000,5000,5000,2000,8500,98077,93328,88376,85491,71656,0
Female,University,Single,34,150000,18631,18831,15729,11907,14103,14413,3000,3000,1353,5000,3000,15831,12729,10554,9103,11413,0
Female,University,Married,36,260000,59127,60344,61641,60715,57116,58318,2200,2300,2200,2060,2119,58144,59341,58515,55056,56199,0
Female,High School,Married,39,110000,107441,106808,75540,75724,74785,76079,4023,2805,3406,2670,2751,102785,72735,72318,72115,73328,0
Female,Graduate,Married,41,50000,47739,47481,47066,44367,27496,27677,2000,1817,2000,1500,1001,45481,45249,42367,25996,26676,0
Female,University,Single,40,300000,10626,10578,12963,989,12238,0,10582,13265,1087,12238,0,-4,-302,-98,0,0,0
Female,University,Married,37,20000,16429,17450,20358,19722,19616,19228,1300,3200,0,830,750,16150,17158,19722,18786,18478,1
Female,University,Single,37,290000,140599,143963,152434,156413,156189,144318,13010,11430,6900,5320,5232,130953,141004,149513,150869,139086,1
Female,University,Married,45,120000,380,3175,380,380,2402,696,3175,380,380,2402,696,0,0,0,0,0,0
Female,University,Single,40,20000,295,748,-2,221,0,0,748,0,223,0,0,0,-2,-2,0,0,0
Female,University,Single,36,360000,-149,-149,-4,585,139,0,0,145,744,139,0,-149,-149,-159,0,0,1
Female,Graduate,Married,41,150000,7939,6610,6994,8102,25715,11350,6629,7034,8112,25715,11350,-19,-40,-10,0,0,0
Female,Graduate,Married,42,100000,99184,99340,64054,59014,55249,47645,3000,3039,3315,3000,3000,96340,61015,55699,52249,44645,1
Female,Graduate,Married,45,170000,73326,68712,60324,88057,89040,90716,3504,3500,30000,3300,3200,65208,56824,58057,85740,87516,0
Female,High School,Single,49,200000,0,0,3614,714,0,0,0,3614,721,0,0,0,0,-7,0,0,1
Female,High School,Married,48,60000,4823,5471,8422,4377,3910,2431,5491,9683,4377,3918,2431,-20,-1261,0,-8,0,1
Female,University,Married,29,80000,19578,18231,17950,14699,12466,11445,1620,1600,1419,1000,1000,16611,16350,13280,11466,10445,0
Female,High School,Married,30,40000,40672,39724,39475,39078,38339,38665,9,2143,1606,1500,1410,39715,37332,37472,36839,37255,0
Female,Graduate,Married,30,50000,49061,46783,42977,36737,19865,16499,1406,2000,1317,700,599,45377,40977,35420,19165,15900,1
Female,High School,Single,39,50000,20039,19369,16586,18696,18100,18475,0,1280,2390,0,816,19369,15306,16306,18100,17659,1
Female,University,Married,39,40000,500,0,18583,19353,19440,20279,0,18583,1460,547,1000,0,0,17893,18893,19279,0
Female,University,Single,25,120000,94635,97592,100536,103478,104886,107220,5400,5400,5500,4600,4600,92192,95136,97978,100286,102620,0
Female,Graduate,Single,25,200000,133797,144095,140383,146531,142795,136981,14000,0,10000,0,0,130095,140383,136531,142795,136981,1
Female,University,Single,29,30000,22501,20210,8762,6200,0,0,2429,5,1062,0,0,17781,8757,5138,0,0,0
Female,Other,Married,33,260000,2229,3140,2740,107139,105188,104418,1000,2740,107139,4000,4000,2140,0,0,101188,100418,0
Female,University,Single,31,390000,103061,106464,88653,82226,71559,72492,7600,20,3510,3349,3000,98864,88633,78716,68210,69492,0
Female,Graduate,Married,31,140000,159164,154983,116592,89475,83630,87733,0,5012,5000,5000,5000,154983,111580,84475,78630,82733,1
Female,University,Single,32,150000,81341,79529,77757,75841,73678,77273,0,0,0,0,4874,79529,77757,75841,73678,72399,0
Female,High School,Married,32,30000,30096,30287,28823,26799,25457,26143,1494,1445,1506,912,1097,28793,27378,25293,24545,25046,0
Female,University,Other,36,90000,91337,91458,91049,70101,28942,27508,4000,3137,5094,1106,1001,87458,87912,65007,27836,26507,0
Female,University,Married,39,150000,16878,7632,33019,31366,31709,42632,5000,30000,3000,5000,15000,2632,3019,28366,26709,27632,0
Female,University,Married,39,30000,22215,18243,29013,28256,28979,31369,18243,11500,0,1177,3000,0,17513,28256,27802,28369,0
Female,University,Single,36,200000,138636,140982,145038,146190,148989,130481,5048,6726,5451,5774,4739,135934,138312,140739,143215,125742,0
Female,Graduate,Single,38,30000,1232,764,1909,544,390,954,764,1920,544,390,954,0,-11,0,0,0,0
Female,High School,Married,48,30000,14834,15844,18883,17901,19241,18794,1261,3300,1301,1641,0,14583,15583,16600,17600,18794,1
Female,University,Married,29,50000,20103,21466,23122,24654,26365,25844,2000,2000,2000,2000,2000,19466,21122,22654,24365,23844,0
Female,University,Married,29,310000,26597,27141,25567,21794,20911,14023,1732,1408,1209,622,600,25409,24159,20585,20289,13423,0
Female,Graduate,Married,37,500000,0,2529,2971,184,64356,33348,2529,2971,200,38144,0,0,0,-16,26212,33348,0
Female,High School,Married,36,500000,27866,1062,27610,18133,2506,169233,1062,27648,25012,2506,169233,0,-38,-6879,0,0,0
Female,University,Married,36,300000,6447,14383,15576,16524,17096,12144,10000,2000,1500,1000,1000,4383,13576,15024,16096,11144,0
Female,High School,Single,30,430000,200364,147550,106901,81257,83264,62618,6215,3050,2511,5110,2005,141335,103851,78746,78154,60613,0
Female,Graduate,Married,30,30000,3836,4380,1169,779,566,1361,1016,1169,0,567,1365,3364,0,779,-1,-4,0
Female,High School,Single,31,30000,26667,27675,30611,30647,28245,24357,1455,3391,949,0,745,26220,27220,29698,28245,23612,0
Female,Graduate,Single,32,200000,0,0,-10542,148287,146948,148772,0,1685,326974,5200,5500,0,-12227,-178687,141748,143272,0
Female,High School,Married,32,130000,126741,126889,125733,118394,96230,98583,6100,6103,4823,4000,4000,120789,119630,113571,92230,94583,0
Female,Graduate,Single,33,120000,2446,326,0,28776,0,0,326,0,28776,0,0,0,0,0,0,0,0
Female,University,Single,31,170000,20625,21386,0,522,0,0,1700,0,522,0,0,19686,0,0,0,0,0
Female,Graduate,Married,34,210000,8289,16585,9396,16992,9506,4837,16585,10455,16992,9509,4837,0,-1059,0,-3,0,0
Female,University,Married,34,130000,41379,24462,15720,0,0,0,3057,1047,0,0,0,21405,14673,0,0,0,0
Female,University,Married,35,420000,67877,68979,57706,55628,54797,52759,3527,3000,4000,2500,2000,65452,54706,51628,52297,50759,0
Female,University,Married,39,180000,130374,129889,114559,113759,94665,97134,5812,6000,6100,4000,4000,124077,108559,107659,90665,93134,0
Female,University,Single,40,240000,127919,93266,95837,49459,47631,37750,4000,4840,4000,1500,2000,89266,90997,45459,46131,35750,0
Female,University,Married,44,100000,76725,74901,76094,84457,82525,81086,0,3000,9657,0,0,74901,73094,74800,82525,81086,1
Female,High School,Single,45,130000,38222,37939,37705,37391,38137,37647,1612,1639,1586,1332,1352,36327,36066,35805,36805,36295,0
Female,University,Married,43,20000,11501,12998,13492,12978,13962,13595,2000,1000,0,1200,0,10998,12492,12978,12762,13595,1
Female,University,Single,46,50000,46746,44808,44899,46346,47273,48357,2100,2100,2500,2000,2000,42708,42799,43846,45273,46357,0
Female,University,Married,38,70000,19500,19884,20567,21526,21499,21556,1400,1400,1700,1000,781,18484,19167,19826,20499,20775,0
Female,High School,Married,41,30000,1688,0,850,2158,0,1935,0,850,2158,0,1935,0,0,0,0,0,0
Female,High School,Married,48,50000,41842,42422,43050,43650,45217,46044,1984,2019,2026,3000,2000,40438,41031,41624,42217,44044,1
Female,High School,Married,41,500000,119455,120499,124836,37334,34944,24355,7012,10522,6133,24408,122,113487,114314,31201,10536,24233,0
Female,Graduate,Single,41,200000,504,2502,21699,2914,3392,4343,2502,21699,3003,3392,4343,0,0,-89,0,0,0
Female,University,Married,42,120000,25809,29366,28615,29347,30868,30099,4300,0,1500,2300,0,25066,28615,27847,28568,30099,1
Female,University,Married,49,200000,75853,78983,133236,6574,2924,-626,6065,70538,6634,10,0,72918,62698,-60,2914,-626,0
Female,University,Single,36,150000,93658,84029,77836,75277,66249,60021,0,3000,6000,0,2066,84029,74836,69277,66249,57955,1
Female,University,Married,42,100000,3256,3020,0,0,0,0,0,0,0,0,0,3020,0,0,0,0,0
Female,University,Single,38,50000,7980,10513,9922,8633,8385,7862,3000,1200,1800,0,1600,7513,8722,6833,8385,6262,0
Female,University,Married,36,50000,47222,48142,48082,51969,50865,49611,2000,1000,5000,0,0,46142,47082,46969,50865,49611,1
Female,Graduate,Married,43,50000,49819,49390,50612,29975,30559,29433,2227,2449,1778,2382,0,47163,48163,28197,28177,29433,1
Female,Graduate,Single,33,550000,337733,261223,267274,273547,172198,176573,10000,11000,12300,6300,8000,251223,256274,261247,165898,168573,0
Female,University,Married,35,30000,0,741,1775,3040,2843,3052,741,1034,1299,0,255,0,741,1741,2843,2797,0
Female,High School,Married,39,150000,5211,33474,18488,45489,9069,20203,33522,18516,35701,9099,20226,-48,-28,9788,-30,-23,0
Female,University,Single,27,140000,119692,91710,91744,70832,70768,71755,5000,8000,0,8000,3000,86710,83744,70832,62768,68755,0
Female,University,Single,48,50000,55329,51870,53164,46575,26609,27178,1902,2176,2064,1098,2134,49968,50988,44511,25511,25044,0
Female,High School,Single,39,160000,156000,155866,159005,159248,118904,119243,5559,7677,6039,4176,4300,150307,151328,153209,114728,114943,0
Female,University,Married,26,50000,1804,5195,15371,14163,15517,14685,4000,15387,1500,2000,1000,1195,-16,12663,13517,13685,0
Female,Graduate,Married,28,50000,27888,18602,9795,32694,28899,28924,2000,4239,28000,1015,2000,16602,5556,4694,27884,26924,0
Female,Graduate,Single,33,110000,0,0,0,0,0,0,0,0,0,0,0,0,0,0,0,0,0
Female,High School,Married,46,50000,46677,48101,49060,47086,9306,8962,2500,2400,4,503,1109,45601,46660,47082,8803,7853,1
Female,University,Single,31,350000,279767,253462,259137,264798,269673,275672,0,9754,10000,9396,10083,253462,249383,254798,260277,265589,0
Female,University,Married,42,70000,24133,24741,25074,25978,26341,26093,1702,1424,1717,1080,1094,23039,23650,24261,25261,24999,0
Female,Graduate,Married,38,210000,0,0,517,-1,932,1066,0,517,0,933,1066,0,0,-1,-1,0,0
Female,University,Married,36,180000,20138,21494,25600,0,0,36565,2000,5000,0,0,36565,19494,20600,0,0,0,0
Female,High School,Married,28,30000,12430,13419,15897,16340,15780,16127,1200,2700,1000,0,600,12219,13197,15340,15780,15527,0
Female,Graduate,Married,31,630000,447263,458762,470298,480587,385587,373910,20000,20000,20000,15000,15000,438762,450298,460587,370587,358910,0
Female,University,Married,41,220000,143660,126532,90013,91191,86139,83743,5005,4500,4006,3000,3000,121527,85513,87185,83139,80743,0
Female,Graduate,Married,44,280000,230931,235635,197003,198808,187425,177340,8634,7665,6497,5555,5027,227001,189338,192311,181870,172313,0
Female,University,Married,40,340000,244451,230907,228760,229404,161551,164936,10000,10000,7100,5800,5915,220907,218760,222304,155751,159021,0
Female,Graduate,Single,33,180000,416,416,416,416,150,982,416,416,416,150,982,0,0,0,0,0,1
Female,University,Married,35,250000,7379,42849,24502,25016,33754,4418,45000,25000,15167,80000,5000,-2151,-498,9849,-46246,-582,0
Female,University,Single,48,20000,17100,16537,16283,17708,18121,17692,0,300,2000,1000,0,16537,15983,15708,17121,17692,1
Female,University,Married,40,140000,102502,101164,99579,99004,88485,85218,5000,5000,5000,3000,3000,96164,94579,94004,85485,82218,0
Female,University,Single,44,130000,72181,73086,78411,79725,81311,83048,2700,6500,3200,3500,3200,70386,71911,76525,77811,79848,1
Female,Graduate,Married,38,120000,65645,71406,29044,21889,14536,25636,15000,1462,1000,3000,14000,56406,27582,20889,11536,11636,0
Female,Graduate,Married,42,360000,0,0,0,0,0,0,0,0,0,0,0,0,0,0,0,0,0
Female,University,Married,43,240000,50120,48502,49001,47026,45827,39527,1781,2200,1923,1682,2000,46721,46801,45103,44145,37527,0
Female,University,Married,40,310000,3268,206,589,1594,28252,15081,206,589,1594,28252,18381,0,0,0,0,-3300,0
Female,High School,Married,46,100000,43677,42674,45983,46927,47759,46865,0,4000,2000,1900,0,42674,41983,44927,45859,46865,1
Female,Graduate,Married,37,200000,1324,0,0,0,0,0,0,0,0,0,0,0,0,0,0,0,0
Female,University,Married,29,80000,72674,74192,72464,76613,77908,76034,3300,0,6000,3100,0,70892,72464,70613,74808,76034,0
Female,Graduate,Single,32,210000,19959,1592,-2,560,6190,243,1603,0,562,6196,243,-11,-2,-2,-6,0,0
Female,Graduate,Single,31,180000,0,0,0,0,0,0,0,0,0,0,0,0,0,0,0,0,0
Female,University,Married,33,70000,66701,69907,67450,61902,19551,27831,53000,26017,40000,17000,24000,16907,41433,21902,2551,3831,0
Female,University,Single,36,60000,57724,56597,50766,47022,31606,30820,2000,5015,2000,3000,1300,54597,45751,45022,28606,29520,0
Female,Graduate,Married,49,200000,950,950,950,950,0,1900,950,950,950,0,1900,0,0,0,0,0,0
Female,University,Single,48,50000,879,8061,8290,7838,7998,8161,8061,1398,1000,160,163,0,6892,6838,7838,7998,0
Female,High School,Married,46,50000,8354,6024,116,116,9982,8143,0,116,0,10040,400,6024,0,116,-58,7743,1
Female,University,Married,41,70000,68953,68908,68799,65250,53934,54149,3000,3810,2010,2054,2000,65908,64989,63240,51880,52149,0
Female,University,Married,48,130000,23575,17719,12167,6500,6788,6887,1300,1200,1000,6788,6900,16419,10967,5500,0,-13,0
Female,University,Married,47,140000,0,0,0,0,0,0,0,0,0,0,0,0,0,0,0,0,0
Female,High School,Married,36,350000,42548,41593,40375,37959,36416,34875,2000,2000,2000,1200,1200,39593,38375,35959,35216,33675,0
Female,Graduate,Single,30,150000,7674,432,2232,0,0,0,432,2000,0,0,0,0,232,0,0,0,0
Female,University,Married,39,50000,32802,31002,32115,31824,32498,21757,1497,2000,1000,1064,1059,29505,30115,30824,31434,20698,0
Female,High School,Married,47,50000,38909,14512,0,0,0,0,1000,0,0,0,0,13512,0,0,0,0,0
Female,University,Single,36,30000,11896,12990,14073,15131,15579,16175,1600,1600,1600,1000,1000,11390,12473,13531,14579,15175,0
Female,High School,Married,38,20000,15894,15354,14786,16457,15423,14837,1225,1329,2000,2000,700,14129,13457,14457,13423,14137,0
Female,University,Single,33,50000,26740,12498,16264,17918,16072,17041,2000,4000,2000,1000,2000,10498,12264,15918,15072,15041,0
Female,University,Single,47,30000,15089,16039,17080,17302,17521,17893,1500,1600,800,800,800,14539,15480,16502,16721,17093,1
Female,Other,Single,47,230000,8394,5743,1336,255,5425,4838,5743,1598,0,5425,4838,0,-262,255,0,0,0
Female,High School,Married,43,70000,85863,78125,68899,69131,29289,29898,0,1378,70000,1185,1220,78125,67521,-869,28104,28678,1
Female,University,Single,49,30000,15013,15856,18083,20275,20445,20971,1400,2500,2500,800,1000,14456,15583,17775,19645,19971,0
Female,High School,Married,33,150000,147350,154848,151591,151549,146417,137835,11150,0,4845,8046,9200,143698,151591,146704,138371,128635,0
Female,University,Married,38,40000,19537,20416,21151,21884,26213,30480,1500,1356,1380,5000,5000,18916,19795,20504,21213,25480,0
Female,University,Married,31,250000,142905,113367,93844,74441,74553,64640,4000,4100,3010,2205,2045,109367,89744,71431,72348,62595,0
Female,University,Married,46,200000,30783,33017,30413,32582,34727,36036,3058,0,3000,3000,2002,29959,30413,29582,31727,34034,0
Female,University,Married,31,190000,-92,465,3022,1397,1554,1561,2000,4000,0,1600,1600,-1535,-978,1397,-46,-39,0
Female,Graduate,Married,33,390000,5602,48329,45281,31219,24962,17002,48329,2287,1500,4962,815,0,42994,29719,20000,16187,0
Female,High School,Married,36,20000,14822,17216,17541,18300,19100,2200,3641,900,1200,1000,100,13575,16641,17100,18100,2100,1
Female,University,Married,47,200000,193229,197253,158980,157837,127528,119550,9058,7260,7367,4303,4551,188195,151720,150470,123225,114999,0
Female,University,Married,38,60000,58890,59620,60039,58887,29050,26055,2620,2906,2588,1055,2058,57000,57133,56299,27995,23997,0
Female,University,Single,39,30000,28144,27470,30698,28981,27673,27826,2000,4000,0,1000,1000,25470,26698,28981,26673,26826,0
Female,University,Single,38,230000,845,53006,50879,50660,51282,53162,53021,2280,2133,1138,3186,-15,48599,48527,50144,49976,0
Female,University,Married,33,130000,84963,83958,84906,85690,85892,87996,2980,4012,3885,3158,4704,80978,80894,81805,82734,83292,0
Female,University,Married,44,140000,127254,109717,81545,81454,60176,79728,6050,3700,2000,3000,20000,103667,77845,79454,57176,59728,1
Female,Graduate,Married,45,360000,0,0,0,0,0,0,0,0,0,0,0,0,0,0,0,0,0
Female,Graduate,Single,31,20000,6186,5941,8541,8560,8274,9135,0,2869,305,0,1000,5941,5672,8255,8274,8135,1
Female,University,Single,35,100000,1046,2700,2187,678,2040,944,2702,2187,678,2040,0,-2,0,0,0,944,0
Female,University,Single,45,210000,0,0,0,0,0,0,0,0,0,0,0,0,0,0,0,0,0
Female,High School,Married,32,50000,1442,1444,1447,1261,1261,1261,1444,1447,1261,1261,1261,0,0,0,0,0,0
Female,Graduate,Married,44,380000,365023,365445,350474,342569,307959,309709,14320,15065,13017,15026,12017,351125,335409,329552,292933,297692,0
Female,Graduate,Single,39,50000,47381,48697,48322,45353,19426,19857,2116,2320,1300,1000,700,46581,46002,44053,18426,19157,0
Female,University,Single,30,200000,4690,2026,4900,1508,2451,2966,2028,4942,1508,2467,2972,-2,-42,0,-16,-6,0
Female,Graduate,Married,30,50000,46791,42675,34256,30723,19766,20449,1593,1855,1341,706,1000,41082,32401,29382,19060,19449,0
Female,Graduate,Married,31,150000,138121,145763,134887,105822,86341,88072,10001,6712,5500,3400,3201,135762,128175,100322,82941,84871,0
Female,University,Married,32,30000,17168,28655,29239,9435,724,724,12155,2000,1920,724,724,16500,27239,7515,0,0,1
Female,University,Single,34,30000,29678,28878,26758,27462,28014,29826,0,1751,1455,1007,2268,28878,25007,26007,27007,27558,1
Female,University,Married,39,110000,132062,126641,120209,112912,85884,87764,5000,5000,3600,3200,4000,121641,115209,109312,82684,83764,0
Female,University,Married,38,30000,19707,21022,22080,22810,25772,26360,1650,1700,1400,3355,1146,19372,20380,21410,22417,25214,0
Female,University,Married,39,130000,0,0,0,0,0,0,0,0,0,0,0,0,0,0,0,0,0
Female,University,Married,39,260000,238601,228443,233958,252615,186443,190345,0,10698,24799,0,7035,228443,223260,227816,186443,183310,1
Female,University,Married,43,30000,28264,28703,26622,24022,24368,20859,2000,1300,2,1608,0,26703,25322,24020,22760,20859,1
Female,University,Single,47,220000,137736,130527,127116,121336,121736,119164,5100,6540,5000,5000,5000,125427,120576,116336,116736,114164,0
Female,Graduate,Married,33,120000,35563,25614,19747,1201,2333,2250,1426,6400,1500,2700,0,24188,13347,-299,-367,2250,1
Female,University,Single,43,100000,51146,54716,58766,58950,56889,60255,5000,5500,2300,0,5000,49716,53266,56650,56889,55255,0
Female,University,Married,38,100000,88231,91090,95935,78939,28667,29549,4326,7400,2914,1500,1500,86764,88535,76025,27167,28049,1
Female,University,Single,44,70000,79696,75167,75183,69385,30103,3752,3100,1600,94540,1124,100,72067,73583,-25155,28979,3652,1
Female,University,Married,46,20000,13254,12749,13834,14894,15050,16251,0,1600,1600,700,1601,12749,12234,13294,14350,14650,1
Female,Graduate,Married,36,320000,7868,6728,13355,16876,20443,24101,0,8000,5000,5000,5000,6728,5355,11876,15443,19101,0
Female,University,Married,45,210000,209495,213691,214177,192223,125412,113281,8000,10730,7100,4052,4000,205691,203447,185123,121360,109281,0
Female,High School,Married,37,90000,78159,82779,86905,88310,79842,81235,8000,7500,4000,3000,2700,74779,79405,84310,76842,78535,0
Female,High School,Married,36,120000,91914,94638,96290,97913,102959,104872,4260,4371,4425,7900,4000,90378,91919,93488,95059,100872,0
Female,University,Married,35,360000,127548,61629,59194,59444,-2206,-2206,2145,3721,2839,1303,0,59484,55473,56605,-3509,-2206,0
Female,High School,Married,30,140000,93157,96304,98007,82227,65000,60848,4700,4505,12906,0,2210,91604,93502,69321,65000,58638,0
Female,Graduate,Married,32,300000,3092,1589,2039,13926,13804,11600,1589,2039,13926,1304,0,0,0,0,12500,11600,0
Female,University,Married,43,90000,390,780,390,780,390,780,780,0,780,0,780,0,390,0,390,0,1
Female,High School,Single,44,170000,0,4142,2260,5053,0,0,4142,2260,5053,0,0,0,0,0,0,0,1
Female,University,Married,46,190000,140626,114690,110884,111200,87619,92418,8000,5000,12028,5000,10418,106690,105884,99172,82619,82000,0
Female,University,Married,40,140000,815,8397,390,390,780,390,8419,390,390,780,0,-22,0,0,0,390,1
Female,Graduate,Married,37,200000,37958,40487,41590,43967,44722,46032,3023,1600,2900,1600,2000,37464,39990,41067,43122,44032,0
Female,University,Married,43,500000,53477,0,0,113904,116168,117375,0,0,113904,4130,4356,0,0,0,112038,113019,0
Female,Graduate,Married,38,300000,2884,3558,2778,2778,5367,2589,3558,2778,2778,5367,0,0,0,0,0,2589,0
Female,University,Single,29,180000,151652,146805,143134,136777,133938,133723,6000,7000,5000,5000,5000,140805,136134,131777,128938,128723,0
Female,High School,Married,44,360000,2877,1852,2068,2185,9561,321,1861,2078,2361,9608,322,-9,-10,-176,-47,-1,0
Female,University,Married,32,90000,68248,57751,45074,38489,28558,29245,2388,2000,2412,1200,1300,55363,43074,36077,27358,27945,0
Female,University,Married,44,150000,0,0,0,0,0,0,0,0,0,0,0,0,0,0,0,0,0
Female,Graduate,Married,30,500000,224387,165727,119760,72506,60548,57212,10100,7041,4123,5039,5071,155627,112719,68383,55509,52141,0
Female,University,Single,29,80000,24822,25824,26605,27920,28358,29000,1720,1500,1762,1200,1250,24104,25105,26158,27158,27750,0
Female,High School,Single,46,10000,4474,189,3510,3306,3551,5577,0,3510,0,300,2260,189,0,3306,3251,3317,1
Female,Graduate,Married,46,180000,9509,15419,14188,11926,9718,34322,16359,14293,11949,9737,34449,-940,-105,-23,-19,-127,0
Female,Other,Single,36,150000,144833,141559,80614,110343,64419,18536,6041,13013,64442,3000,2000,135518,67601,45901,61419,16536,0
Female,Graduate,Married,44,80000,14686,3673,11285,500,500,6155,3673,11285,500,500,6155,0,0,0,0,0,0
Female,University,Married,30,60000,14135,13616,16065,18092,17504,19216,0,3000,2300,0,2000,13616,13065,15792,17504,17216,1
Female,Graduate,Married,35,240000,380,380,380,380,0,380,380,380,380,0,380,0,0,0,0,0,0
Female,High School,Married,35,50000,10458,37907,33604,25303,17841,6980,37907,1599,1200,0,0,0,32005,24103,17841,6980,0
Female,Graduate,Single,33,230000,19518,21735,22599,20600,24132,38793,3735,3599,3600,4132,15000,18000,19000,17000,20000,23793,0
Female,University,Single,33,40000,34253,34954,36093,36891,37019,40734,1567,2000,2000,1318,4610,33387,34093,34891,35701,36124,0
Female,University,Married,33,250000,2500,2500,0,0,0,0,0,0,0,0,0,2500,0,0,0,0,1
Female,University,Married,32,50000,51132,49594,50292,48532,27308,27539,0,4800,0,1200,1200,49594,45492,48532,26108,26339,0
Female,High School,Married,39,120000,49437,51505,53582,58310,57150,55961,3500,3500,6200,358,0,48005,50082,52110,56792,55961,1
Female,High School,Single,41,50000,23043,24064,24981,25473,25857,26298,1700,1600,1200,1100,1000,22364,23381,24273,24757,25298,1
Female,University,Married,38,60000,55120,47123,48367,48264,29144,27534,1735,1979,1443,988,974,45388,46388,46821,28156,26560,0
Female,High School,Single,35,160000,92509,88281,80435,79969,77108,76579,3472,3604,2972,3000,2228,84809,76831,76997,74108,74351,0
Female,University,Married,43,50000,17870,9230,10000,0,0,0,1500,1000,0,0,0,7730,9000,0,0,0,1
Female,Graduate,Married,48,400000,1908,1442,8162,-1010,3332,331,0,8513,457,4903,313,1442,-351,-1467,-1571,18,0
Female,University,Other,39,50000,49005,49407,45881,45784,50072,49112,6000,5000,5000,8000,4000,43407,40881,40784,42072,45112,0
Female,High School,Single,31,100000,15856,510,2279,1796,466,466,510,2279,1730,466,466,0,0,66,0,0,0
Female,University,Single,34,100000,22173,22776,23837,24166,24216,24901,1372,1829,1554,1000,1000,21404,22008,22612,23216,23901,0
Female,Graduate,Single,35,360000,1555,6392,3773,17917,21057,0,6000,3000,18117,5371,0,392,773,-200,15686,0,0
Female,High School,Single,41,30000,12001,12450,12040,12739,7610,7000,1485,1301,1000,152,140,10965,10739,11739,7458,6860,0
Female,University,Married,32,50000,36062,36345,10529,8337,2475,0,1500,1847,1000,0,0,34845,8682,7337,2475,0,0
Female,University,Married,28,80000,52062,49884,22348,22063,8723,7254,2158,1708,1411,4,21,47726,20640,20652,8719,7233,1
Female,University,Single,28,150000,326,326,326,326,652,326,326,326,326,652,0,0,0,0,0,326,0
Female,High School,Married,33,10000,7708,9912,9608,9639,9985,11084,2500,0,1200,500,1400,7412,9608,8439,9485,9684,0
Female,University,Married,35,200000,3773,7677,14704,8000,10285,16285,4000,7240,2000,2285,6000,3677,7464,6000,8000,10285,0
Female,University,Single,42,30000,836,1672,836,390,390,390,1672,0,390,390,390,0,836,0,0,0,0
Female,Graduate,Married,37,220000,152197,154167,158981,162348,164162,168013,6000,7300,7500,6000,6500,148167,151681,154848,158162,161513,0
Female,Graduate,Single,28,180000,161694,166198,168711,172263,174127,176335,7500,7000,7189,6000,5100,158698,161711,165074,168127,171235,0
Female,Graduate,Single,30,220000,204491,176733,174680,61523,61415,61982,7000,7500,2369,2000,2078,169733,167180,59154,59415,59904,0
Female,Graduate,Single,29,220000,0,799,0,5501,3816,15448,799,0,5501,3816,15448,0,0,0,0,0,0
Female,University,Single,33,390000,45818,144656,148366,99008,69990,71935,100000,6000,3704,2741,3314,44656,142366,95304,67249,68621,0
Female,University,Married,36,350000,0,0,0,0,11525,11760,0,0,0,11525,235,0,0,0,0,11525,0
Female,University,Married,45,560000,374663,382010,379652,387706,334908,341884,13195,13510,14292,11553,12130,368815,366142,373414,323355,329754,1
Female,Graduate,Married,37,240000,173677,176304,355496,176402,174440,172806,8000,9500,12448,6155,6453,168304,345996,163954,168285,166353,1
Female,University,Married,43,410000,6917,7548,8726,9760,9570,8935,1130,2000,2200,312,500,6418,6726,7560,9258,8435,0
Female,University,Single,36,90000,0,0,0,0,0,0,0,0,0,0,0,0,0,0,0,0,1
Female,Graduate,Single,31,30000,28803,28635,30217,28919,29302,28603,1800,3600,0,1500,1500,26835,26617,28919,27802,27103,0
Female,University,Married,33,40000,23734,24644,25749,26127,26401,25839,1600,1800,1100,1000,0,23044,23949,25027,25401,25839,1
Female,University,Single,46,60000,39518,39558,41690,21151,30059,13046,1870,3002,1364,10000,474,37688,38688,19787,20059,12572,0
Female,University,Married,41,390000,216622,214504,212726,210556,208317,205339,7244,7500,7228,7103,7214,207260,205226,203328,201214,198125,0
Female,University,Married,35,130000,80713,93349,68158,69208,54677,59601,28000,3500,3000,3000,10000,65349,64658,66208,51677,49601,0
Female,University,Single,32,90000,27565,28613,29364,28596,30120,31285,1800,1500,0,2000,1650,26813,27864,28596,28120,29635,1
Female,University,Married,36,300000,147051,138726,139649,104245,56788,57920,6700,5800,5000,2200,2200,132026,133849,99245,54588,55720,0
Female,Graduate,Married,33,220000,204205,210183,212877,189161,180715,171449,20000,10000,8140,8000,7000,190183,202877,181021,172715,164449,0
Female,Graduate,Single,33,20000,11391,16180,16635,16082,15529,16525,5000,1000,0,0,1400,11180,15635,16082,15529,15125,0
Female,High School,Married,35,140000,119184,130939,90894,85805,85907,88615,14113,5000,3000,4000,4000,116826,85894,82805,81907,84615,0
Female,Other,Married,47,150000,89327,90666,91721,93063,92758,93876,4539,4218,4204,3296,3408,86127,87503,88859,89462,90468,0
Female,High School,Married,44,120000,16735,18150,19528,19065,18617,21381,2000,2000,2000,1000,3000,16150,17528,17065,17617,18381,0
Female,University,Married,37,200000,7841,7569,9282,10155,12470,13571,0,2000,1155,2470,1265,7569,7282,9000,10000,12306,0
Female,University,Married,40,20000,4314,5190,6554,6895,5844,6079,1500,2000,1032,155,1000,3690,4554,5863,5689,5079,1
Female,University,Married,41,110000,23078,25883,25182,28945,28183,29869,3200,0,4200,0,2300,22683,25182,24745,28183,27569,1
Female,University,Single,34,290000,305781,310403,315048,314085,317631,315820,12012,12012,12012,11016,11088,298391,303036,302073,306615,304732,0
Female,High School,Married,45,210000,124147,81641,54971,37849,42240,32981,5000,5000,4000,5000,1500,76641,49971,33849,37240,31481,0
Female,University,Single,40,370000,11403,191438,189957,188960,195476,184094,191446,7002,6854,15960,0,-8,182955,182106,179516,184094,0
Female,High School,Other,41,80000,69964,52041,39864,38934,38816,38850,3082,2500,2200,2000,2000,48959,37364,36734,36816,36850,0
Female,High School,Married,42,200000,1261,1261,1261,1261,1261,1256,1261,1261,1261,1261,1256,0,0,0,0,0,0
Female,University,Married,35,180000,1264,176,1247,0,0,0,176,1247,0,0,0,0,0,0,0,0,0
Female,University,Single,35,260000,131211,132175,133289,134642,137065,108328,4001,4215,4101,4000,3300,128174,129074,130541,133065,105028,0
Female,University,Married,43,50000,17102,19805,21188,20550,21209,21713,3000,2000,0,1000,1000,16805,19188,20550,20209,20713,1
Female,High School,Married,40,150000,5916,5876,5956,5876,5496,5116,5876,5956,5876,5496,5116,0,0,0,0,0,0
Female,High School,Married,45,190000,76433,78472,80548,81778,83082,84811,3300,3331,3359,2663,2751,75172,77217,78419,80419,82060,0
Female,University,Single,42,160000,13849,40862,2239,552,19367,-1,40991,2252,553,19425,0,-129,-13,-1,-58,-1,0
Female,University,Married,37,180000,107337,48433,46325,47354,48323,49416,2000,1771,1800,1750,1893,46433,44554,45554,46573,47523,0
Female,University,Single,32,130000,7469,8472,9143,9741,9713,9458,1138,1173,1138,477,400,7334,7970,8603,9236,9058,0
Female,University,Married,47,30000,27119,29243,31037,30908,29969,29488,2894,2559,800,600,1000,26349,28478,30108,29369,28488,0
Female,University,Married,36,100000,32196,31379,33862,35007,34147,35437,0,3000,2000,0,2000,31379,30862,33007,34147,33437,1
Female,University,Single,37,20000,16174,15617,16646,17648,18819,17992,0,1285,1287,1458,0,15617,15361,16361,17361,17992,1
Female,University,Married,43,100000,1597,2491,1709,574,556,2306,2491,1709,574,556,2306,0,0,0,0,0,0
Female,University,Married,40,20000,10470,10186,9936,10790,230,-160,1145,1546,1400,390,73,9041,8390,9390,-160,-233,0
Female,University,Married,35,20000,5890,7282,9455,9154,10001,10046,1500,2454,0,1000,350,5782,7001,9154,9001,9696,1
Female,High School,Single,48,20000,17332,18600,17947,18758,19292,19201,1580,1367,1178,712,742,17020,16580,17580,18580,18459,0
Female,High School,Married,42,50000,31422,32420,33462,36199,36803,37566,1521,1563,3300,1500,1500,30899,31899,32899,35303,36066,1
Female,University,Married,38,110000,41619,40650,41744,42783,47476,45355,0,1750,1750,5400,700,40650,39994,41033,42076,44655,1
Female,University,Married,48,60000,50806,50980,51874,51808,16941,17295,2000,2100,1400,600,1000,48980,49774,50408,16341,16295,1
Female,University,Single,35,50000,50421,41408,35929,0,0,0,0,2180,0,0,0,41408,33749,0,0,0,0
Female,Graduate,Single,40,200000,185696,181236,185410,189069,197736,183299,0,8600,8300,13257,917,181236,176810,180769,184479,182382,1
Female,University,Married,48,360000,0,0,0,0,0,0,0,0,0,0,0,0,0,0,0,0,0
Female,University,Married,35,110000,46640,47686,48737,50157,51560,52965,1600,1600,2000,2000,2000,46086,47137,48157,49560,50965,0
Female,University,Married,46,230000,207,4090,5848,6849,9331,12687,4999,2655,1919,3400,3920,-909,3193,4930,5931,8767,0
Female,University,Single,39,180000,2875,0,2125,0,0,0,0,2125,0,0,0,0,0,0,0,0,0
Female,University,Single,31,180000,0,1152,3338,0,0,0,1152,3338,0,0,0,0,0,0,0,0,0
Female,University,Single,42,50000,48080,48062,48667,49311,24663,24854,1763,2112,1756,324,336,46299,46555,47555,24339,24518,0
Female,Graduate,Married,39,570000,2394,3872,3635,5130,7563,4889,3882,3653,5145,7573,4894,-10,-18,-15,-10,-5,0
Female,University,Married,45,30000,13440,13923,17194,16625,17442,18016,1000,3500,0,1400,1000,12923,13694,16625,16042,17016,0
Female,University,Married,46,140000,264,1024,264,1024,264,264,1024,528,1024,264,264,0,-264,0,0,0,0
Female,University,Married,44,50000,3351,4368,5391,6401,6528,6664,1077,1100,1106,233,241,3291,4291,5295,6295,6423,1
Female,Graduate,Married,35,50000,44487,47438,46400,49276,48286,47915,4000,0,3700,0,2000,43438,46400,45576,48286,45915,1
Female,Graduate,Single,35,120000,0,0,234,4394,3164,5700,0,234,4394,3164,5700,0,0,0,0,0,1
Female,Graduate,Single,35,120000,2776,2549,2558,2577,249,1976,2549,2558,2577,0,1976,0,0,0,249,0,1
Female,University,Single,45,50000,330,330,4975,4810,330,330,330,4975,4838,330,330,0,0,-28,0,0,0
Female,University,Married,40,180000,899,2879,8750,9931,0,7760,2879,8750,9931,0,7760,0,0,0,0,0,0
Female,High School,Married,42,80000,71650,0,0,0,0,0,0,0,0,0,0,0,0,0,0,0,0
Female,Graduate,Married,43,300000,-763,-754,-745,-1302,-527,-518,1000,1000,1100,1100,1000,-1754,-1745,-2402,-1627,-1518,0
Female,Graduate,Married,37,80000,1330,0,0,0,0,0,0,0,0,0,0,0,0,0,0,0,0
Female,University,Single,34,70000,71332,71122,70012,66541,31609,31259,2744,3239,3405,1085,1102,68378,66773,63136,30524,30157,1
Female,University,Married,40,320000,96225,99606,100704,208794,213025,217400,5000,2704,108794,5123,5255,94606,98000,100000,207902,212145,0
Female,Graduate,Single,35,500000,12590,13598,14650,15559,14861,15173,1225,1277,1186,478,496,12373,13373,14373,14383,14677,0
Female,Graduate,Single,35,250000,4807,10446,17904,99464,86180,36038,10446,17911,99738,4055,0,0,-7,-274,82125,36038,0
Female,University,Married,46,230000,8136,3590,2936,476,476,476,1500,1000,476,476,476,2090,1936,0,0,0,0
Female,High School,Married,45,80000,35401,36399,37689,38580,39104,39484,1587,1877,1768,1292,900,34812,35812,36812,37812,38584,0
Female,University,Married,40,170000,193,3760,3500,7190,9000,0,3760,0,7190,9000,0,0,3500,0,0,0,1
Female,High School,Other,31,110000,89955,89989,84229,79288,73315,63818,7908,4000,5000,3000,3000,82081,80229,74288,70315,60818,0
Female,Graduate,Single,31,240000,43601,-15,-15,-15,-15,1185,0,0,0,0,1200,-15,-15,-15,-15,-15,0
Female,High School,Married,46,150000,61510,62731,64047,65966,66671,68067,2240,2321,2980,2400,2468,60491,61726,62986,64271,65599,0
Female,High School,Married,37,90000,91193,91078,86785,79894,50546,34427,7006,5026,7031,6000,1345,84072,81759,72863,44546,33082,0
Female,University,Married,36,100000,101483,101638,101461,101461,91752,91532,4500,5000,4000,3300,3400,97138,96461,97461,88452,88132,1
Female,University,Married,42,30000,30149,28117,27761,28053,28249,23580,0,2000,1507,3100,3100,28117,25761,26546,25149,20480,1
Female,University,Married,40,80000,80934,82150,0,0,0,0,3800,0,0,0,0,78350,0,0,0,0,1
Female,University,Married,49,260000,8046,2184,15475,10981,8566,4741,2184,15482,2000,3000,1000,0,-7,8981,5566,3741,1
Female,High School,Married,43,200000,623,623,5477,623,623,773,623,5477,623,623,773,0,0,0,0,0,0
Female,High School,Married,39,20000,15307,14769,15232,16677,16119,16548,0,1000,2000,0,1000,14769,14232,14677,16119,15548,1
Female,Graduate,Single,31,160000,1494,696,1395,898,894,2198,2,1399,903,896,2204,694,-4,-5,-2,-6,1
Female,University,Single,38,70000,21047,22102,22949,23275,23596,23078,1700,1500,1000,1000,0,20402,21449,22275,22596,23078,0
Female,University,Married,43,20000,6459,7470,8492,9547,20766,12197,1123,1145,1200,2000,3000,6347,7347,8347,18766,9197,0
Female,Graduate,Married,45,200000,632,337,670,0,0,0,337,670,0,0,0,0,0,0,0,0,0
Female,High School,Married,49,440000,386288,367400,347445,354373,307773,293357,14453,12611,13022,10572,10270,352947,334834,341351,297201,283087,0
Female,High School,Married,43,20000,20461,19833,20502,19461,19244,20130,0,1700,0,800,1600,19833,18802,19461,18444,18530,0
Female,Graduate,Married,35,110000,107905,101573,104079,104829,107400,105694,4000,5300,4000,4200,4000,97573,98779,100829,103200,101694,0
Female,High School,Married,44,130000,122264,125756,129159,127727,130334,0,3541,3497,2875,2607,0,122215,125662,124852,127727,0,0
Female,University,Married,33,50000,40738,43923,45409,47718,46480,48756,4200,2500,3500,0,2800,39723,42909,44218,46480,45956,0
Female,Graduate,Married,35,290000,0,0,0,2262,5205,8114,0,0,2262,3000,3000,0,0,0,2205,5114,1
Female,University,Married,38,480000,4658,10545,13258,51723,40511,37226,6000,3066,51800,5030,3039,4545,10192,-77,35481,34187,0
Female,Graduate,Single,29,310000,976,-7,-7,-7,1440,3079,0,0,0,1447,3094,-7,-7,-7,-7,-15,0
Female,University,Married,30,30000,24061,25156,25949,28478,27754,28186,1800,1500,3000,0,1001,23356,24449,25478,27754,27185,1
Female,Other,Married,39,500000,-397,227,-37,-37,-37,213,2200,0,0,0,250,-1973,-37,-37,-37,-37,0
Female,University,Single,31,80000,51160,54207,52775,53906,60099,61402,4500,0,2000,7100,2400,49707,52775,51906,52999,59002,0
Female,University,Married,32,100000,74136,72052,71007,69470,65424,64349,3200,3300,2910,2400,2340,68852,67707,66560,63024,62009,0
Female,High School,Married,37,70000,74117,72168,70177,65735,55468,53266,2589,2511,2254,2000,2000,69579,67666,63481,53468,51266,0
Female,University,Married,43,210000,91152,92917,90651,85295,80416,76946,3348,3381,3400,2684,2744,89569,87270,81895,77732,74202,0
Female,High School,Married,43,180000,780,0,390,780,0,0,0,780,780,0,0,0,-390,0,0,0,0
Female,University,Married,43,50000,51229,46954,51221,49759,49820,50525,2100,5896,0,2000,1988,44854,45325,49759,47820,48537,0
Female,Graduate,Single,34,60000,39505,43497,49449,57500,4749,9749,5000,7000,10000,4749,5000,38497,42449,47500,0,4749,0
Female,University,Married,40,50000,4860,8389,22049,8110,3164,10148,8389,22049,8117,3164,10148,0,0,-7,0,0,0
Female,High School,Married,38,70000,59020,57400,21868,13514,14303,14211,50,1379,1500,1000,1000,57350,20489,12014,13303,13211,0
Female,University,Single,36,50000,81793,84360,89215,93908,14308,14808,2682,5000,5000,1000,500,81678,84215,88908,13308,14308,0
Female,Graduate,Married,42,350000,360,360,360,360,510,510,360,360,360,510,510,0,0,0,0,0,0
Female,University,Married,45,170000,156993,159482,161921,165863,128038,130931,8000,6500,7000,5000,5000,151482,155421,158863,123038,125931,0
Female,University,Married,32,180000,146549,150151,142421,110713,84928,83307,7641,3,6003,5826,0,142510,142418,104710,79102,83307,0
Female,Graduate,Single,30,220000,213525,141764,53019,143408,136786,130596,6439,2261,143408,4754,4740,135325,50758,0,132032,125856,0
Female,High School,Married,30,80000,40654,41687,42719,43018,44013,45058,2000,2000,1300,2000,1900,39687,40719,41718,42013,43158,1
Female,University,Married,33,360000,30198,58332,66062,57374,40963,100369,30000,10043,20073,30000,90000,28332,56019,37301,10963,10369,0
Female,Graduate,Single,31,500000,1779,644,1138,643,628,905,644,1138,643,630,905,0,0,0,-2,0,0
Female,Graduate,Single,31,410000,309531,313646,270317,209076,191671,192848,11270,15325,9099,7016,7703,302376,254992,199977,184655,185145,0
Female,Graduate,Married,32,80000,4927,4693,3342,4844,3728,2612,0,0,4844,0,0,4693,3342,0,3728,2612,1
Female,Graduate,Single,33,180000,118656,125175,126899,127336,125273,134210,10000,5200,4000,1500,11000,115175,121699,123336,123773,123210,1
Female,Graduate,Single,31,280000,410,3977,1713,1430,6877,6479,3977,1726,1430,6877,6479,0,-13,0,0,0,0
Female,Graduate,Single,31,20000,416,416,0,416,416,416,416,416,832,416,416,0,-416,-416,0,0,0
Female,University,Single,31,30000,29078,28312,29733,29183,28082,27434,0,1900,2600,11,1500,28312,27833,26583,28071,25934,1
Female,Graduate,Married,31,200000,1203,0,0,0,5032,0,0,0,0,5032,0,0,0,0,0,0,0
Female,Graduate,Single,32,180000,10831,17816,18247,33230,5168,0,7201,1000,0,103,0,10615,17247,33230,5065,0,1
Female,Graduate,Single,33,140000,130104,131356,136107,128738,126491,125213,4900,7005,7000,4762,5000,126456,129102,121738,121729,120213,0
Female,University,Single,29,130000,86584,88345,94597,92077,93272,96298,4100,8600,0,3500,7100,84245,85997,92077,89772,89198,0
Female,University,Married,30,20000,3366,0,0,0,2105,2105,0,0,0,2105,0,0,0,0,0,2105,0
Female,Graduate,Single,29,120000,632,316,316,632,316,316,0,316,632,0,316,316,0,0,316,0,1
Female,University,Single,30,50000,35758,36664,30897,14693,247,0,3000,3000,5000,0,0,33664,27897,9693,247,0,0
Female,University,Married,30,310000,13768,17520,21218,40531,41630,51983,4000,4000,20003,3027,20006,13520,17218,20528,38603,31977,0
Female,Graduate,Single,30,420000,46209,26552,15189,13787,9199,4405,1543,2005,5000,2000,1000,25009,13184,8787,7199,3405,0
Female,University,Single,30,60000,10809,11160,10913,12469,6060,5382,3160,2604,2160,4060,3382,8000,8309,10309,2000,2000,0
Female,Graduate,Married,30,140000,0,0,0,0,0,0,0,0,0,0,0,0,0,0,0,0,0
Female,University,Single,30,80000,56761,58920,60385,64876,65245,63647,3700,3000,6100,2000,0,55220,57385,58776,63245,63647,1
Female,University,Married,31,220000,79226,78693,78297,78980,77817,77569,3900,3500,4000,2700,3000,74793,74797,74980,75117,74569,0
Female,University,Married,33,360000,11596,11775,0,0,0,0,1058,0,0,0,0,10717,0,0,0,0,0
Female,Graduate,Single,29,290000,10370,5681,7124,8038,4029,6059,1400,1507,2580,2050,2030,4281,5617,5458,1979,4029,0
Female,Graduate,Single,30,260000,96549,94114,96689,101023,93738,96218,0,5000,6000,5000,4000,94114,91689,95023,88738,92218,0
Female,Graduate,Single,29,170000,24717,26659,28592,29364,29096,29353,3000,3000,2000,1000,977,23659,25592,27364,28096,28376,0
Female,Graduate,Single,34,200000,0,0,0,0,0,0,0,0,0,0,0,0,0,0,0,0,1
Female,University,Married,35,140000,127794,120770,116399,112055,107364,107762,4317,4189,5411,3800,4024,116453,112210,106644,103564,103738,0
Female,University,Single,39,170000,161277,162706,166677,167049,38377,33668,5856,7424,7169,1241,1187,156850,159253,159880,37136,32481,0
Female,Graduate,Married,45,220000,142389,143557,142698,145875,143254,145368,6200,7300,7510,5000,5000,137357,135398,138365,138254,140368,0
Female,Graduate,Married,44,230000,756,0,0,11660,11898,14898,0,0,11660,238,3000,0,0,0,11660,11898,1
Female,High School,Single,38,360000,1638,3060,0,0,1444,-1382,3060,0,0,1444,1382,0,0,0,0,-2764,0
Female,Graduate,Married,36,340000,242518,247338,252656,257535,262670,266351,8849,9300,9200,9226,9530,238489,243356,248335,253444,256821,0
Female,Graduate,Married,37,360000,0,0,0,0,0,0,0,0,0,0,0,0,0,0,0,0,1
Female,High School,Single,42,90000,91240,92795,93557,47166,48406,49695,4895,4806,1547,3000,3000,87900,88751,45619,45406,46695,0
Female,University,Married,47,130000,123896,120452,129137,129956,130946,130814,0,12200,4500,4502,5000,120452,116937,125456,126444,125814,1
Female,University,Married,41,80000,390,390,390,-390,0,1560,390,780,0,390,1780,0,-390,-390,-390,-220,1
Female,Graduate,Married,41,400000,104083,8,1274,19143,20305,22063,8,1274,19143,1305,2063,0,0,0,19000,20000,0
Female,University,Single,43,240000,225159,216829,27620,24873,24511,24000,20000,27662,24873,24511,24000,196829,-42,0,0,0,0
Female,University,Married,46,10000,7660,8689,8403,9505,8889,10263,1306,0,1735,0,2000,7383,8403,7770,8889,8263,1
Female,Graduate,Married,41,240000,3087,10839,16665,13039,9439,11378,10839,10000,3500,0,5000,0,6665,9539,9439,6378,0
Female,Graduate,Married,40,130000,989,989,989,989,990,702,991,991,991,992,703,-2,-2,-2,-2,-1,0
Female,High School,Married,44,20000,20313,20111,18057,18536,11532,19450,3030,0,2175,0,10000,17081,18057,16361,11532,9450,0
Female,University,Married,40,80000,37123,38317,20896,21604,22035,22496,2072,1651,1359,790,817,36245,19245,20245,21245,21679,0
Female,University,Married,39,250000,210262,58752,31707,13630,10000,10000,10073,10011,1000,10000,10000,48679,21696,12630,0,0,0
Female,University,Married,44,30000,28864,30108,29367,28605,27855,29649,2000,0,0,0,2400,28108,29367,28605,27855,27249,0
Female,University,Married,42,280000,255527,256675,253682,260274,153516,156830,273844,13000,11000,8000,5866,-17169,240682,249274,145516,150964,0
Female,University,Married,49,290000,-236,-236,11764,11186,6863,6179,0,12000,0,0,0,-236,-236,11186,6863,6179,0
Female,High School,Single,46,500000,24239,36674,1558,310852,301854,133761,15000,1558,310852,10000,5000,21674,0,0,291854,128761,0
Female,University,Married,40,80000,63340,53262,39422,33954,29070,27785,6,2006,4000,0,1118,53256,37416,29954,29070,26667,0
Female,University,Married,47,120000,97989,101458,103840,105646,86127,67269,5100,5500,5170,3543,3000,96358,98340,100476,82584,64269,0
Female,University,Married,48,80000,49526,48304,27864,27033,27617,26761,1740,1800,1500,1000,965,46564,26064,25533,26617,25796,0
Female,University,Single,41,210000,227271,211597,99865,77754,49529,30683,9000,4000,3018,2000,3000,202597,95865,74736,47529,27683,0
Female,University,Single,30,100000,96604,94153,102623,100090,101511,103503,0,10000,0,4000,7816,94153,92623,100090,97511,95687,1
Female,Graduate,Married,41,210000,-28,-28,3330,0,0,300,0,3358,0,0,300,-28,-28,0,0,0,0
Female,University,Married,44,500000,193136,186610,180153,173454,166546,159651,6610,6480,6230,5900,5720,180000,173673,167224,160646,153931,0
Female,Graduate,Married,39,230000,63370,64621,65380,66520,66343,63498,2305,2515,2370,2180,2500,62316,62865,64150,64163,60998,0
Female,University,Married,40,110000,23303,23978,22369,20608,20608,20606,1511,1772,1320,750,745,22467,20597,19288,19858,19861,0
Female,Graduate,Married,46,210000,112901,110089,108775,107090,104037,101337,4910,3939,3792,3657,3631,105179,104836,103298,100380,97706,0
Female,University,Single,35,320000,61687,59130,121486,22337,23358,13536,3500,3300,6000,5000,2000,55630,118186,16337,18358,11536,0
Female,University,Single,37,140000,143118,140955,1876,1876,1876,3372,6400,1876,1876,1876,3372,134555,0,0,0,0,0
Female,Graduate,Married,48,40000,38549,37924,37648,38804,39651,40794,2000,1700,2000,2000,2000,35924,35948,36804,37651,38794,0
Female,Graduate,Married,35,280000,47,97767,99036,96383,86060,62312,99007,5000,3027,6025,2001,-1240,94036,93356,80035,60311,0
Female,Graduate,Married,47,220000,210753,188270,177515,166282,100244,-607,6426,7160,6495,3993,0,181844,170355,159787,96251,-607,0
Female,University,Married,37,250000,59023,102006,56412,37764,23876,16891,45000,2012,72791,16891,0,57006,54400,-35027,6985,16891,0
Female,Graduate,Single,34,70000,36467,40505,43333,36959,27296,23474,5000,5000,1500,546,1000,35505,38333,35459,26750,22474,0
Female,Graduate,Married,35,70000,59795,60684,69521,45001,37214,23807,2479,10128,4086,1348,13032,58205,59393,40915,35866,10775,0
Female,Graduate,Married,47,300000,514,2392,148,148,148,0,2392,148,148,148,0,0,0,0,0,0,1
Female,High School,Married,40,50000,117191,48729,49929,-596,28348,30530,2325,2525,283,29334,3000,46404,47404,-879,-986,27530,0
Female,Graduate,Single,36,70000,79640,75021,71101,73831,46898,48686,3000,2893,4231,8000,2500,72021,68208,69600,38898,46186,0
Female,High School,Married,35,50000,49930,48261,49027,49564,28609,28302,2300,3000,2503,1500,1204,45961,46027,47061,27109,27098,0
Female,University,Married,35,250000,92966,37341,38905,35356,34978,35822,1641,2205,2000,2000,1000,35700,36700,33356,32978,34822,1
Female,University,Married,34,120000,119287,116995,114061,116067,116294,118759,4400,4137,4400,4320,4500,112595,109924,111667,111974,114259,0
Female,Graduate,Married,35,70000,51143,53185,55030,56530,55027,58461,3500,3300,3000,0,4500,49685,51730,53530,55027,53961,1
Female,Graduate,Married,40,440000,416044,424528,434015,434419,393135,385578,16500,17500,17000,14500,14500,408028,416515,417419,378635,371078,0
Female,Graduate,Married,41,280000,96590,99755,81244,81193,82470,49630,5000,3000,3007,5000,2000,94755,78244,78186,77470,47630,0
Female,Graduate,Married,42,360000,174857,179851,186961,201703,189455,194373,10000,10005,20117,15018,10027,169851,176956,181586,174437,184346,0
Female,Graduate,Married,43,150000,885,-123,-123,240,123,123,123,0,363,0,123,-246,-123,-123,123,0,0
Female,High School,Single,44,300000,0,0,0,0,0,0,0,0,0,0,0,0,0,0,0,0,1
Female,University,Married,42,20000,8395,8114,10293,9979,10329,10391,0,2479,0,515,377,8114,7814,9979,9814,10014,0
Female,University,Married,38,380000,12538,6666,0,0,0,0,1000,0,0,0,0,5666,0,0,0,0,0
Female,University,Married,44,340000,240851,171731,61404,114807,114560,85272,8297,4951,199726,4476,3257,163434,56453,-84919,110084,82015,0
Female,University,Single,41,210000,165425,169174,171459,177590,180147,184084,8000,6500,9000,7000,7000,161174,164959,168590,173147,177084,0
Female,University,Married,41,60000,56483,55643,54941,50291,35829,36602,2203,4687,11,1500,1500,53440,50254,50280,34329,35102,1
Female,Graduate,Married,46,130000,15393,16624,18932,22001,3403,3859,1593,3000,4000,0,3860,15031,15932,18001,3403,-1,0
Female,Graduate,Married,43,340000,15928,18338,20035,24238,20315,16378,3000,2000,5000,1000,723,15338,18035,19238,19315,15655,0
Female,University,Married,49,170000,12769,13557,20245,15429,16594,14035,3557,8245,5429,4500,5415,10000,12000,10000,12094,8620,0
Female,University,Married,43,360000,9011,4045,1780,2380,2230,2275,4045,0,4760,0,2275,0,1780,-2380,2230,0,0
Female,University,Married,35,60000,3167,5601,5366,6772,6515,7906,2500,0,1500,0,1500,3101,5366,5272,6515,6406,0
Female,Graduate,Married,37,360000,5625,367,1726,396,-66,-66,368,1734,398,200000,0,-1,-8,-2,-200066,-66,0
Female,University,Married,41,280000,9551,12848,15345,19211,22817,37323,5000,5000,5000,5000,16000,7848,10345,14211,17817,21323,0
Female,Graduate,Married,34,240000,2799,855,858,1048,2695,0,855,3,1054,2695,0,0,855,-6,0,0,0
Female,Graduate,Single,34,120000,17067,0,0,7304,7154,9055,0,0,7304,0,5000,0,0,0,7154,4055,0
Female,Graduate,Single,33,90000,92725,94908,89711,91165,72263,72569,8500,0,4086,2600,3000,86408,89711,87079,69663,69569,0
Female,Graduate,Married,34,100000,101620,101747,100750,98953,99114,101501,4000,3838,3563,3563,4000,97747,96912,95390,95551,97501,0
Female,Graduate,Married,34,410000,0,0,0,0,0,0,0,0,0,0,0,0,0,0,0,0,0
Female,Graduate,Married,43,190000,191869,193660,174848,124776,92684,100151,7305,6099,4793,3684,12251,186355,168749,119983,89000,87900,0
Female,Graduate,Married,36,220000,184765,190691,206000,194930,130938,134664,9000,20000,0,5000,6000,181691,186000,194930,125938,128664,0
Female,University,Single,44,90000,15089,17023,18451,17857,20256,20785,2500,2000,0,2700,1000,14523,16451,17857,17556,19785,1
Female,Graduate,Single,30,120000,170263,157881,160796,160168,156165,158850,5520,5700,5815,5500,5522,152361,155096,154353,150665,153328,0
Female,High School,Single,50,10000,600,600,600,600,600,2050,0,0,0,0,1450,600,600,600,600,600,1
Female,Graduate,Married,50,500000,378981,372392,353719,348365,306196,303114,20002,16023,13009,10008,10000,352390,337696,335356,296188,293114,0
Female,University,Married,51,120000,4777,60332,60702,58677,51549,46552,62462,2299,1919,1838,2200,-2130,58403,56758,49711,44352,0
Female,University,Married,50,120000,38261,58084,33018,19172,14938,21290,23000,0,10076,10000,10000,35084,33018,9096,4938,11290,0
Female,Graduate,Married,51,220000,2262,2255,8105,2224,150,1000,2276,8117,0,150,1000,-21,-12,2224,0,0,1
Female,University,Married,50,240000,978,193,386,579,386,193,193,386,386,0,0,0,0,193,386,193,0
Female,Graduate,Single,36,150000,0,990,0,234,0,0,990,0,234,0,0,0,0,0,0,0,0
Female,Graduate,Married,50,500000,21794,12574,12608,-134,22466,1969,12610,12694,0,22600,16837,-36,-86,-134,-134,-14868,0
Female,Graduate,Married,50,150000,6350,0,0,0,0,0,0,0,0,0,0,0,0,0,0,0,0
Female,University,Married,49,60000,58928,59446,56761,41130,27097,27331,2500,2300,1547,1396,1200,56946,54461,39583,25701,26131,0
Female,High School,Married,50,30000,29468,29688,28919,28000,13393,10539,1000,159,28426,24682,12,28688,28760,-426,-11289,10527,1
Female,University,Married,53,320000,319711,33589,34608,38544,44486,52319,3000,3000,6000,8000,10000,30589,31608,32544,36486,42319,0
Female,Graduate,Married,61,470000,228,5215,3161,762,3637,16847,5241,3176,766,3673,16906,-26,-15,-4,-36,-59,0
Female,Graduate,Single,51,440000,26106,8999,0,0,10961,11349,8999,0,0,10961,503,0,0,0,0,10846,0
Female,University,Married,51,50000,44664,48028,46985,50484,50404,50241,4110,0,4600,1000,2000,43918,46985,45884,49404,48241,0
Female,University,Married,51,220000,36022,12838,8605,5352,-5048,-5048,3010,3040,1000,0,0,9828,5565,4352,-5048,-5048,0
Female,Graduate,Married,54,360000,0,0,0,2580,2580,6941,0,0,2580,0,6941,0,0,0,2580,0,0
Female,High School,Married,58,90000,5563,0,0,0,0,0,0,0,0,0,0,0,0,0,0,0,0
Female,High School,Single,60,50000,46554,50774,49551,22673,17147,17505,5000,0,2300,1000,635,45774,49551,20373,16147,16870,1
Female,University,Married,56,50000,50586,46993,33136,34475,19666,19128,2000,2000,2000,1000,1259,44993,31136,32475,18666,17869,0
Female,High School,Married,58,290000,68445,66757,76983,74891,78100,83325,0,12000,0,5000,6000,66757,64983,74891,73100,77325,0
Female,University,Married,50,350000,263390,267494,205636,203844,204114,207448,10532,9219,8797,8004,10012,256962,196417,195047,196110,197436,1
Female,High School,Married,52,110000,23969,11137,16401,18670,19670,1187,0,6000,7000,1200,0,11137,10401,11670,18470,1187,0
Female,University,Married,53,40000,4621,6527,7776,7502,7651,7811,2150,1500,0,274,283,4377,6276,7502,7377,7528,1
Female,High School,Married,59,50000,-639,-639,-1800,0,0,0,0,900,1800,0,0,-639,-2700,-1800,0,0,1
Female,Graduate,Married,55,110000,632,316,0,632,316,632,0,0,948,0,632,316,0,-316,316,0,0
Female,High School,Married,70,360000,1960,732,735,-10,-10,-10,800,3,0,0,0,-68,732,-10,-10,-10,0
Female,High School,Single,63,200000,632,632,316,316,316,316,0,0,316,316,316,632,316,0,0,0,1
Female,University,Single,53,140000,8068,9446,13271,11243,12091,12691,1535,5004,1451,1000,1000,7911,8267,9792,11091,11691,0
Female,University,Single,61,80000,0,0,0,0,0,0,0,0,0,0,0,0,0,0,0,0,1
Female,University,Married,56,260000,2338,0,0,0,58,1058,0,0,0,58,1000,0,0,0,0,58,0
Female,Graduate,Married,56,340000,5610,5399,12347,8612,5479,0,5399,12353,8619,0,0,0,-6,-7,5479,0,1
Female,University,Married,58,30000,11223,10746,13545,13531,13017,14008,0,2993,500,0,1200,10746,10552,13031,13017,12808,1
Female,High School,Married,54,30000,22147,24770,26068,28842,28094,27361,3000,2000,3500,0,0,21770,24068,25342,28094,27361,0
Female,High School,Married,50,440000,250825,167091,144804,67729,66077,60074,10043,8608,25031,25030,22053,157048,136196,42698,41047,38021,0
Female,High School,Married,52,10000,2465,3475,4366,4148,4579,4360,1200,1100,0,500,0,2275,3266,4148,4079,4360,0
Female,University,Married,55,230000,7302,4561,5975,11072,10021,14431,2001,2001,6018,5007,5010,2560,3974,5054,5014,9421,0
Female,High School,Married,61,50000,2020,0,0,0,0,0,0,0,0,0,0,0,0,0,0,0,0
Female,University,Other,54,150000,138765,135287,140600,142836,145714,148731,4772,6427,4951,4062,4188,130515,134173,137885,141652,144543,0
Female,High School,Married,55,330000,21333,25915,25036,21804,19228,18799,5000,5200,6000,4300,5000,20915,19836,15804,14928,13799,0
Female,High School,Single,50,370000,48303,129317,1364,0,0,0,124174,2000,0,0,0,5143,-636,0,0,0,0
Female,High School,Single,53,130000,101156,100184,99001,88214,90167,90682,3615,4700,3200,3403,3300,96569,94301,85014,86764,87382,0
Female,High School,Married,51,10000,2400,2400,2400,2400,2400,2400,0,0,0,0,0,2400,2400,2400,2400,2400,1
Female,University,Married,54,360000,277688,271867,272796,279597,253333,253737,10450,10414,11330,9081,9500,261417,262382,268267,244252,244237,0
Female,High School,Married,61,20000,0,0,0,0,0,0,0,0,0,0,0,0,0,0,0,0,1
Female,High School,Single,52,180000,173065,171015,162516,163447,134939,135815,5902,7693,5464,4893,5095,165113,154823,157983,130046,130720,0
Female,High School,Married,62,80000,36088,37257,36288,37630,26424,27342,2100,2100,2400,1100,1500,35157,34188,35230,25324,25842,0
Female,University,Married,55,50000,41696,41768,42561,42871,7606,11267,1674,2079,2001,500,4423,40094,40482,40870,7106,6844,1
Female,Graduate,Single,64,150000,157231,153171,148994,80196,74328,66806,3,6103,3220,3028,5052,153168,142891,76976,71300,61754,0
Female,High School,Married,56,30000,25158,24466,24087,25890,25175,26870,0,300,2500,0,2100,24466,23787,23390,25175,24770,0
Female,High School,Married,52,50000,5976,6405,6828,6229,390,390,2000,2000,1004,10,390,4405,4828,5225,380,0,0
Female,University,Other,56,20000,17977,19194,18405,0,380,-400,3000,1000,400,380,0,16194,17405,-400,0,-400,0
Female,High School,Single,55,130000,116336,121544,128243,115204,101158,95895,10063,20000,10009,10000,5000,111481,108243,105195,91158,90895,0
Female,High School,Single,53,320000,188373,281060,261698,265703,175925,188982,276698,11020,11000,9486,20000,4362,250678,254703,166439,168982,0
Female,High School,Married,62,300000,0,0,0,0,0,0,0,0,0,0,0,0,0,0,0,0,0
Female,Graduate,Married,53,330000,304922,292517,211831,153841,156866,155679,14000,7507,6000,6171,6000,278517,204324,147841,150695,149679,0
Female,University,Single,53,50000,51320,50602,50095,34120,33235,32377,1952,1979,1495,1144,1165,48650,48116,32625,32091,31212,0
Female,High School,Single,60,70000,10083,11091,12117,13125,13407,13692,1184,1210,1218,500,500,9907,10907,11907,12907,13192,0
Female,High School,Other,58,70000,70012,67714,68412,69016,69701,70898,2418,2500,2456,2500,3000,65296,65912,66560,67201,67898,0
Female,High School,Married,58,100000,96821,98389,97831,93937,78063,79707,3589,3656,3677,2763,2787,94800,94175,90260,75300,76920,0
Female,University,Married,54,110000,95090,94938,91453,92097,96509,93773,3400,0,3290,7000,0,91538,91453,88807,89509,93773,1
Female,University,Married,58,100000,86654,87851,85594,87095,88357,77155,3500,0,3300,2839,3000,84351,85594,83795,85518,74155,1
Female,High School,Married,53,160000,0,0,3613,2722,0,0,0,3613,0,0,0,0,0,2722,0,0,0
Female,High School,Single,55,70000,4664,5680,6703,7853,7316,7350,1100,1123,1273,407,300,4580,5580,6580,6909,7050,0
Female,University,Married,59,60000,54506,56998,59111,59595,58079,56892,4000,3601,2000,0,0,52998,55510,57595,58079,56892,0
Female,University,Married,61,80000,74156,73878,64656,60537,42610,42769,3000,2506,3008,3000,2000,70878,62150,57529,39610,40769,0
Female,High School,Married,60,100000,2178,4944,4709,2234,2267,2168,7300,0,0,2300,2168,-2356,4709,2234,-33,0,0
Female,Graduate,Married,66,230000,0,0,0,0,0,0,0,0,0,0,0,0,0,0,0,0,1
Female,High School,Other,64,60000,15463,14046,218,12716,10686,10400,1410,218,12723,483,600,12636,0,-7,10203,9800,0
Female,University,Married,58,160000,1443,1443,1443,1443,1443,1443,1443,1443,1443,1443,1443,0,0,0,0,0,0
Female,University,Married,55,30000,13532,14647,15525,0,0,0,1647,1525,0,0,0,13000,14000,0,0,0,1
Female,Graduate,Married,62,310000,327289,323125,308878,314524,308637,283200,12500,2100,22053,10654,0,310625,306778,292471,297983,283200,0
Male,University,Married,46,60000,57487,59228,60040,58722,19790,19250,2706,3004,1475,690,1000,56522,57036,57247,19100,18250,0
Male,University,Married,64,50000,28433,27682,28403,27648,28202,30008,0,1459,0,1013,2264,27682,26944,27648,27189,27744,0
Male,High School,Married,58,140000,98985,98702,96753,94310,92182,88818,4520,4034,5050,6034,3202,94182,92719,89260,86148,85616,0
Male,University,Single,27,20000,780,390,390,0,780,0,0,390,0,780,0,390,0,0,0,0,0
Male,University,Single,38,10000,-58,-58,-58,7242,8123,8993,0,0,7300,1000,1000,-58,-58,-58,7123,7993,0
Male,University,Single,29,80000,10278,5991,4457,75743,76343,76567,1085,1000,75743,2667,3395,4906,3457,0,73676,73172,0
Male,High School,Single,24,50000,40751,30786,30285,14225,12668,10880,1627,3053,2005,550,400,29159,27232,12220,12118,10480,0
Female,University,Married,51,160000,65312,67610,69908,78087,75255,78593,4000,4000,10000,0,5000,63610,65908,68087,75255,73593,1
Female,Graduate,Single,51,500000,0,0,0,0,0,0,0,0,0,0,0,0,0,0,0,0,0
Female,University,Married,54,470000,358581,351295,358671,367492,374249,381132,0,13033,14800,14359,13897,351295,345638,352692,359890,367235,0
Female,Graduate,Married,54,210000,1494,6545,11755,5808,3974,0,6555,11800,5818,4015,0,-10,-45,-10,-41,0,0
Male,High School,Single,23,50000,1789,4249,4038,5275,0,0,2500,0,1500,0,0,1749,4038,3775,0,0,1
Male,Graduate,Single,24,30000,29015,27080,25933,26319,28754,17491,1400,1800,1100,3000,500,25680,24133,25219,25754,16991,1
Male,Graduate,Single,23,50000,18666,15554,17159,8402,6646,7534,2000,2000,1500,500,1000,13554,15159,6902,6146,6534,0
Male,Graduate,Single,24,80000,77225,75429,71977,56023,47582,48039,3649,2502,2205,1702,1800,71780,69475,53818,45880,46239,0
Male,University,Married,23,30000,27172,28224,29276,28635,30127,30525,1800,1800,150,2250,1000,26424,27476,28485,27877,29525,1
Male,Other,Single,24,80000,52991,50195,44410,22649,20650,0,2121,2358,3123,1500,0,48074,42052,19526,19150,0,0
Male,Graduate,Single,28,150000,5797,434,11021,6253,6257,4152,436,11086,6284,6288,4172,-2,-65,-31,-31,-20,0
Male,University,Single,27,170000,169106,141998,134212,133450,127020,123490,5000,5508,5915,3000,4000,136998,128704,127535,124020,119490,0
Male,University,Single,30,220000,15872,19053,19303,19867,12826,19847,20066,20063,20057,12863,20061,-1013,-760,-190,-37,-214,0
Male,University,Single,35,30000,18915,20290,24727,24031,25579,25030,2000,5100,0,1949,0,18290,19627,24031,23630,25030,1
Male,University,Single,23,100000,291,291,291,291,291,291,291,291,291,291,291,0,0,0,0,0,0
Male,University,Single,24,10000,1050,1050,1050,1050,1050,1050,0,0,0,0,0,1050,1050,1050,1050,1050,1
Male,University,Single,24,140000,6312,-148,8431,11034,5040,7838,0,8579,11034,5040,7838,-148,-148,0,0,0,1
Male,University,Single,24,50000,25932,24924,22599,24613,23922,25481,1800,0,2700,0,2100,23124,22599,21913,23922,23381,0
Male,University,Single,22,20000,8785,8134,9992,10526,11049,11865,1142,2000,1000,1000,1000,6992,7992,9526,10049,10865,0
Male,University,Single,22,10000,6829,6571,8950,8658,9413,9117,0,2500,0,900,0,6571,6450,8658,8513,9117,1
Male,University,Single,24,50000,49989,48512,43701,40429,9727,9606,1800,2000,1118,1000,500,46712,41701,39311,8727,9106,0
Male,High School,Single,22,10000,0,7492,8589,9365,7740,1000,7492,1224,1000,175,0,0,7365,8365,7565,1000,0
Male,University,Single,23,30000,30620,30432,30263,29418,30275,0,2000,2500,1200,1000,0,28432,27763,28218,29275,0,0
Male,University,Single,23,50000,49283,48570,49362,47907,18145,17495,1781,3264,1400,3000,350,46789,46098,46507,15145,17145,0
Male,University,Single,24,100000,87478,88627,92187,95030,29470,3470,3500,5000,5000,4000,3000,85127,87187,90030,25470,470,1
Male,High School,Single,24,20000,18661,17895,19598,19701,3486,199,1400,2000,1000,400,199,16495,17598,18701,3086,0,0
Male,University,Single,25,20000,17584,20000,0,0,0,0,3000,0,0,0,0,17000,0,0,0,0,0
Male,University,Single,25,100000,49199,48285,390,390,390,390,1000,390,390,390,390,47285,0,0,0,0,0
Male,University,Single,25,50000,15491,15934,17168,18376,19068,19760,1000,1500,1500,1000,1000,14934,15668,16876,18068,18760,1
Male,Graduate,Single,24,100000,33921,34920,36030,37173,35875,36263,1563,1673,1816,1213,1248,33357,34357,35357,34662,35015,0
Male,High School,Single,25,30000,23421,24228,25331,26347,27508,30118,1500,1500,1439,1600,3200,22728,23831,24908,25908,26918,1
Male,University,Married,25,50000,42238,43259,35307,23096,18970,19514,1807,1405,1366,1000,1000,41452,33902,21730,17970,18514,1
Male,University,Single,25,50000,-1587,-5174,-2587,-2587,-2587,-2587,0,0,0,0,0,-5174,-2587,-2587,-2587,-2587,1
Male,Graduate,Single,25,50000,60200,61600,71000,73000,78000,80000,2000,10000,2000,5000,2000,59600,61000,71000,73000,78000,0
Male,Other,Single,23,50000,42407,13244,48845,43129,28385,23876,7275,47166,12064,12176,780,5969,1679,31065,16209,23096,0
Male,Graduate,Single,25,50000,48848,48208,48265,43451,19790,17790,1845,1967,1400,396,0,46363,46298,42051,19394,17790,0
Male,University,Single,25,50000,50547,49480,50643,48123,18092,28728,1900,2000,2000,2000,11041,47580,48643,46123,16092,17687,0
Male,University,Single,26,380000,64900,43514,10626,312,986,284729,2600,1626,312,1007,284069,40914,9000,0,-21,660,0
Male,Graduate,Single,24,50000,5524,6474,8896,7088,7109,6898,1500,2700,0,500,500,4974,6196,7088,6609,6398,1
Male,University,Single,24,30000,31529,30752,29991,29192,28210,28543,0,0,0,1100,1300,30752,29991,29192,27110,27243,0
Male,University,Married,25,150000,890,-180,101,480,0,0,0,281,600,0,0,-180,-180,-120,0,0,0
Male,University,Single,25,180000,12891,14275,15737,16603,17395,17182,1600,2000,1500,1003,1003,12675,13737,15103,16392,16179,0
Male,High School,Single,26,80000,79558,81906,76228,76841,9534,7371,3694,3470,3305,500,300,78212,72758,73536,9034,7071,1
Male,University,Single,24,110000,98428,101402,104878,105325,102220,107970,5500,6600,3700,0,7500,95902,98278,101625,102220,100470,1
Male,High School,Single,25,30000,23075,23996,25407,27312,8810,6355,2000,2500,3000,178,1000,21996,22907,24312,8632,5355,0
Male,University,Single,25,110000,23459,27157,26549,34222,44062,45036,4000,0,9000,10700,1700,23157,26549,25222,33362,43336,1
Male,University,Single,26,280000,51951,25360,6183,261,-91,-91,25486,6213,262,0,0,-126,-30,-1,-91,-91,0
Male,University,Single,23,10000,5583,8959,4408,9071,9038,5005,5000,7000,5000,5000,1000,3959,-2592,4071,4038,4005,1
Male,University,Single,23,10000,1473,1863,0,390,390,780,1863,0,390,390,780,0,0,0,0,0,0
Male,University,Single,24,20000,16239,16276,16715,18327,17735,19446,600,1000,2200,0,2000,15676,15715,16127,17735,17446,0
Male,University,Single,26,170000,85914,78411,57061,49734,14285,136394,10050,5050,6000,3561,139898,68361,52011,43734,10724,-3504,0
Male,High School,Single,26,20000,21667,21081,19661,26158,13560,15324,0,25,2000,1000,2000,21081,19636,24158,12560,13324,1
Male,University,Single,22,130000,120479,98341,132260,127335,51104,50536,5601,103012,3965,3508,3011,92740,29248,123370,47596,47525,0
Male,Graduate,Single,26,200000,196979,200055,202494,162228,154294,147514,7800,7500,0,6700,5000,192255,194994,162228,147594,142514,1
Male,University,Single,26,250000,115497,114716,117212,112623,110178,108176,3835,4068,3859,3597,3822,110881,113144,108764,106581,104354,0
Male,University,Single,27,80000,48329,45920,47186,46882,49170,48269,5004,5013,5000,4000,0,40916,42173,41882,45170,48269,0
Male,Graduate,Single,27,180000,3210,13852,6482,3246,2016,2334,12000,5004,1000,1000,2300,1852,1478,2246,1016,34,0
Male,University,Single,28,120000,70124,71355,72962,58163,33358,16829,3000,2830,1600,3600,300,68355,70132,56563,29758,16529,0
Male,University,Single,26,20000,16167,15615,18047,17322,17122,0,0,3000,0,0,0,15615,15047,17322,17122,0,0
Male,Graduate,Single,26,150000,26443,27996,28963,8355,10355,12355,2000,2000,2000,2000,2000,25996,26963,6355,8355,10355,0
Male,University,Single,26,190000,2204,3479,4886,6258,8969,9009,1800,1797,1785,3142,490,1679,3089,4473,5827,8519,0
Male,Graduate,Single,27,210000,42585,43304,45622,47232,47583,53032,8000,5000,4000,3000,8000,35304,40622,43232,44583,45032,0
Male,University,Single,27,180000,147310,152047,143809,112323,112208,113887,7503,30018,4011,3802,4106,144544,113791,108312,108406,109781,0
Male,University,Single,28,50000,48431,45008,40226,41256,43962,44913,1700,2000,1700,3400,1800,43308,38226,39556,40562,43113,0
Male,Graduate,Single,25,140000,92465,93536,96820,97000,97467,79872,3500,4790,3092,3148,2981,90036,92030,93908,94319,76891,0
Male,University,Single,26,80000,2970,-10,-10,-10,16587,0,0,0,0,16597,0,-10,-10,-10,-10,0,0
Male,University,Single,27,80000,81752,80638,45240,43967,45302,49646,3069,2500,2000,2000,5012,77569,42740,41967,43302,44634,1
Male,University,Single,25,80000,76915,78270,79693,20335,0,0,3149,3039,1550,0,0,75121,76654,18785,0,0,0
Male,University,Single,28,20000,8723,10265,12086,13180,13660,14288,2000,2000,1600,1000,1000,8265,10086,11580,12660,13288,0
Male,University,Married,26,10000,2400,2400,2400,2400,2400,1800,0,0,0,0,0,2400,2400,2400,2400,1800,1
Male,University,Single,26,30000,14773,14252,13738,15424,14881,15894,0,0,2226,0,1406,14252,13738,13198,14881,14488,1
Male,Graduate,Single,27,240000,19365,1928,4879,11650,12614,7922,5534,4879,11650,12614,7922,-3606,0,0,0,0,0
Male,University,Single,28,50000,-727,50268,50860,40580,44532,46442,53860,3000,5000,5000,3000,-3592,47860,35580,39532,43442,0
Male,University,Single,26,90000,481,1149,39674,38968,39853,8064,1000,39674,1200,1217,1025,149,0,37768,38636,7039,1
Male,Graduate,Single,28,60000,40784,41723,42665,43254,43757,44378,2001,2001,1690,1501,1617,39722,40664,41564,42256,42761,0
Male,University,Single,28,100000,9125,10664,12183,13670,15129,15732,2000,2000,2000,2000,1000,8664,10183,11670,13129,14732,1
Male,Graduate,Single,28,120000,4660,5929,1774,76528,73164,72721,6074,1774,119366,3484,2600,-145,0,-42838,69680,70121,0
Male,University,Married,28,10000,1474,2641,3745,4642,5642,6342,1196,1300,1000,1000,700,1445,2445,3642,4642,5642,0
Male,University,Single,28,70000,26357,27223,27492,28738,27977,30022,1600,1000,2000,0,2500,25623,26492,26738,27977,27522,1
Male,Graduate,Single,28,60000,26129,30544,21712,23284,24945,25402,5000,2000,2000,2000,2000,25544,19712,21284,22945,23402,0
Male,Graduate,Single,29,130000,120000,0,0,0,0,0,0,0,0,0,0,0,0,0,0,0,0
Male,High School,Married,30,30000,2400,2400,2400,2400,2400,2400,0,0,0,0,0,2400,2400,2400,2400,2400,1
Male,Graduate,Single,30,360000,2020,28057,6085,90872,81622,11576,28057,6179,90872,0,11576,0,-94,0,81622,0,0
Male,University,Single,30,80000,31299,37446,539,16673,21473,10715,20000,539,16673,21473,10715,17446,0,0,0,0,0
Male,University,Single,27,20000,15993,17016,18356,19028,38688,19897,1600,1621,1293,830,1548,15416,16735,17735,37858,18349,0
Male,University,Single,28,50000,8608,10300,12711,12210,12508,13306,2000,2900,0,500,1000,8300,9811,12210,12008,12306,0
Male,High School,Single,27,80000,0,0,0,0,0,0,0,0,0,0,0,0,0,0,0,0,1
Male,Graduate,Married,27,150000,390,0,780,0,0,0,0,780,0,0,0,0,0,0,0,0,0
Male,University,Single,27,60000,26437,27741,28465,31040,29827,28254,1701,1425,3000,0,955,26040,27040,28040,29827,27299,0
Male,University,Single,28,220000,59247,60200,60360,61168,57287,62208,6000,3037,4000,4000,15000,54200,57323,57168,53287,47208,0
Male,High School,Single,23,10000,5807,6974,7838,9002,9182,9729,1270,1134,1298,478,847,5704,6704,7704,8704,8882,0
Male,University,Single,26,50000,49586,49865,41132,31538,28896,28315,2268,2200,1917,1200,1030,47597,38932,29621,27696,27285,0
Male,Graduate,Single,26,50000,48924,48593,49459,50160,49244,50531,2200,2200,1890,2000,2000,46393,47259,48270,47244,48531,0
Male,Graduate,Single,28,220000,22399,24203,24081,25356,20952,18340,3000,2000,2000,1000,1200,21203,22081,23356,19952,17140,0
Male,Graduate,Single,29,450000,1261,1261,1261,1261,1261,1261,1261,1261,1261,1261,1261,0,0,0,0,0,0
Male,University,Married,33,240000,172618,174842,141471,39578,46489,45632,6765,0,2000,7592,0,168077,141471,37578,38897,45632,0
Male,University,Single,29,500000,39345,40382,40740,16316,10705,-42,2014,4135,3256,53,0,38368,36605,13060,10652,-42,0
Male,Graduate,Single,28,170000,56061,57179,58450,58556,51671,51090,2051,2197,1934,1793,2500,55128,56253,56622,49878,48590,0
Male,University,Single,29,100000,43531,45103,45779,46912,49715,48791,2600,2200,2200,3900,0,42503,43579,44712,45815,48791,1
Male,Graduate,Single,29,60000,816,2440,1444,1634,1335,1825,2440,0,1000,1335,888,0,1444,634,0,937,0
Male,Graduate,Single,30,200000,6589,3423,2785,54271,60326,63339,3449,2798,54271,7000,4000,-26,-13,0,53326,59339,0
Male,University,Single,27,200000,189605,191628,180604,181273,180385,185370,14635,10019,8029,7010,10022,176993,170585,173244,173375,175348,1
Male,Graduate,Single,28,20000,3202,4978,7720,9907,9627,11500,2000,3000,2500,0,2000,2978,4720,7407,9627,9500,0
Male,University,Single,27,40000,41520,40568,39620,38464,38569,70659,0,7,2500,1500,1500,40568,39613,35964,37069,69159,1
Male,Graduate,Single,27,110000,87487,90120,93661,96185,99667,102978,5000,5000,5000,5000,5000,85120,88661,91185,94667,97978,0
Male,University,Married,27,10000,10128,9859,9607,9818,10013,9824,1151,1160,1151,346,350,8708,8447,8667,9667,9474,0
Male,University,Single,28,100000,32480,33237,34300,35623,35515,36413,1600,1600,1901,1275,1470,31637,32700,33722,34240,34943,0
Male,University,Single,28,50000,52753,51400,0,0,0,0,0,0,0,0,0,51400,0,0,0,0,0
Male,High School,Single,28,30000,11064,10030,9019,7970,1479,1635,1159,1159,1000,1479,1635,8871,7860,6970,0,0,0
Male,University,Single,28,30000,0,0,0,0,2805,0,0,0,0,2805,0,0,0,0,0,0,0
Male,University,Married,29,50000,400,400,400,400,400,400,0,0,0,0,0,400,400,400,400,400,0
Male,High School,Single,29,20000,5957,4909,5865,17935,19353,20094,0,2000,13500,2500,2000,4909,3865,4435,16853,18094,1
Male,University,Single,30,50000,26666,21062,6495,2207,0,0,2000,2000,1000,0,0,19062,4495,1207,0,0,0
Male,University,Single,28,60000,61743,62197,59892,60228,57969,55220,2800,0,3000,3000,3000,59397,59892,57228,54969,52220,1
Male,University,Single,32,50000,1473,5486,3787,3246,1473,390,5486,0,1000,0,390,0,3787,2246,1473,0,1
Male,High School,Married,34,130000,69388,70650,71933,70117,72014,73759,3000,3000,0,3000,3000,67650,68933,70117,69014,70759,1
Male,University,Single,25,20000,14193,16489,15936,18015,17431,18000,2850,0,2355,0,1000,13639,15936,15660,17431,17000,1
Male,University,Single,28,100000,58566,56770,56300,54288,25759,25775,5100,2825,5000,0,2000,51670,53475,49288,25759,23775,1
Male,University,Married,38,20000,8337,11191,12219,14009,15773,17515,3000,1210,2000,2000,2000,8191,11009,12009,13773,15515,1
Male,High School,Single,44,150000,151009,148047,147851,151310,107033,109350,6913,5937,6500,4000,4000,141134,141914,144810,103033,105350,0
Male,Graduate,Single,33,70000,62615,63845,65443,65169,64370,15082,2870,3224,1680,3000,142,60975,62219,63489,61370,14940,0
Male,Graduate,Married,40,250000,7351,6225,3645,3090,3700,1190,3039,2000,1000,1000,0,3186,1645,2090,2700,1190,0
Male,High School,Married,32,50000,38023,39589,40160,40796,41526,42209,2500,1500,1600,1700,1500,37089,38660,39196,39826,40709,1
Male,University,Married,34,90000,86371,85679,87036,88742,49148,48396,3073,3700,3374,1543,1405,82606,83336,85368,47605,46991,1
Male,University,Single,32,90000,73814,73132,67854,53952,47277,35547,3700,4100,3900,3000,2200,69432,63754,50052,44277,33347,0
Male,Graduate,Single,33,120000,87310,89273,91057,91981,89605,95245,4300,4100,3300,0,7100,84973,86957,88681,89605,88145,1
Male,University,Single,25,240000,24640,0,0,0,0,0,1700,0,0,0,0,-1700,0,0,0,0,0
Male,University,Single,25,50000,43785,38971,34836,18488,19716,17932,1795,1660,1272,1500,644,37176,33176,17216,18216,17288,1
Male,University,Married,29,100000,81839,82781,85536,90018,91151,89429,3200,5000,6800,3500,0,79581,80536,83218,87651,89429,1
Male,High School,Married,49,390000,282849,281836,284397,284241,285615,282611,12000,13000,12000,12000,10266,269836,271397,272241,273615,272345,0
Male,High School,Married,36,50000,47097,46006,36272,11521,2678,5468,1796,1284,1060,100,99,44210,34988,10461,2578,5369,1
Male,University,Married,44,40000,24262,26640,25927,28184,28723,28125,3100,0,2700,1300,0,23540,25927,25484,27423,28125,1
Male,University,Married,38,190000,194670,194690,189950,194092,192638,189113,9000,8400,8800,7500,7100,185690,181550,185292,185138,182013,0
Male,University,Married,40,10000,1050,1050,1050,1050,1050,1050,0,0,0,0,0,1050,1050,1050,1050,1050,1
Male,University,Married,44,10000,6696,9080,8794,9604,9604,9800,2668,0,1192,0,196,6412,8794,8412,9604,9604,0
Male,Graduate,Single,30,180000,4027,2130,25770,11475,69910,21949,2130,25770,11475,69910,21949,0,0,0,0,0,0
Male,University,Single,31,230000,170041,174811,177733,182106,183965,186979,9800,6418,8000,7000,6618,165011,171315,174106,176965,180361,0
Male,University,Single,31,20000,12214,13694,16660,16100,17521,19237,2000,3200,0,2000,2000,11694,13460,16100,15521,17237,0
Male,University,Single,32,230000,253935,237858,242378,235163,234032,225822,10183,10057,19000,9100,0,227675,232321,216163,224932,225822,1
Male,Graduate,Single,32,200000,190530,194796,194205,195154,166778,167833,9000,9000,8000,6900,6000,185796,185205,187154,159878,161833,0
Male,Graduate,Single,34,470000,57566,55340,43455,33039,18638,14202,5344,3457,1520,1659,2208,49996,39998,31519,16979,11994,0
Male,Graduate,Other,45,150000,108434,111178,32220,33247,34164,34878,3000,1300,1300,1200,1200,108178,30920,31947,32964,33678,0
Male,High School,Married,37,70000,71742,70978,70949,68782,68100,68677,2721,2714,2632,2600,2800,68257,68235,66150,65500,65877,0
Male,University,Single,37,50000,49473,48970,46220,47459,27056,28452,2314,2261,2500,2000,2000,46656,43959,44959,25056,26452,0
Male,Graduate,Single,35,80000,75734,93507,78716,53109,28973,24705,20000,79239,2516,1023,2000,73507,-523,50593,27950,22705,0
Male,Graduate,Married,40,330000,309055,314927,322077,166654,170008,174723,12500,13306,6000,6000,7333,302427,308771,160654,164008,167390,0
Male,University,Single,33,140000,133336,134483,131805,107950,88622,85165,5000,5000,4005,3500,3500,129483,126805,103945,85122,81665,0
Male,University,Single,44,70000,43314,44325,45375,44350,46996,47951,2025,2051,0,3697,1853,42300,43324,44350,43299,46098,1
Male,University,Single,32,280000,35038,36558,39070,40545,42995,46278,2000,3000,2000,3000,4000,34558,36070,38545,39995,42278,0
Male,High School,Single,30,150000,80220,47272,141568,97990,96017,79743,3095,135332,2848,2330,2204,44177,6236,95142,93687,77539,0
Male,University,Married,35,80000,79875,77201,78535,79296,75274,78051,4000,3500,3322,3000,5007,73201,75035,75974,72274,73044,0
Male,Graduate,Married,42,120000,7722,9591,10687,11905,11420,12081,2000,1400,1700,0,1000,7591,9287,10205,11420,11081,1
Male,University,Married,45,50000,14488,15798,16867,17759,19354,17726,1558,1627,1519,2114,0,14240,15240,16240,17240,17726,0
Male,University,Married,43,230000,3472,4053,4503,4964,4400,3979,1061,1275,1000,200,0,2992,3228,3964,4200,3979,0
Male,University,Single,36,160000,0,0,0,0,0,1000,0,0,0,0,1000,0,0,0,0,0,0
Male,High School,Single,37,50000,28951,29631,29177,29544,19863,18812,1765,1653,1400,0,0,27866,27524,28144,19863,18812,0
Male,High School,Married,49,100000,82214,74983,71958,68808,68769,68955,2659,2656,2372,2360,2574,72324,69302,66436,66409,66381,0
Male,University,Married,43,200000,94529,92126,94772,92368,101837,103764,0,5000,0,12000,3700,92126,89772,92368,89837,100064,1
Male,University,Married,36,170000,158954,139482,139869,139956,141431,149946,7,6513,6548,5300,11001,139475,133356,133408,136131,138945,0
Male,University,Married,43,50000,25387,25435,23268,23365,19602,18462,1374,1418,1295,677,669,24061,21850,22070,18925,17793,0
Male,High School,Married,46,200000,0,0,0,0,0,0,0,0,0,0,0,0,0,0,0,0,0
Male,University,Married,39,200000,1543,1109,1048,1294,0,0,1109,1048,1294,0,0,0,0,0,0,0,0
Male,High School,Single,41,50000,43383,43397,43395,42334,12316,9997,1992,2251,1451,540,503,41405,41144,40883,11776,9494,0
Male,High School,Single,45,50000,35962,34725,33219,31688,29425,29747,1857,1851,1820,1057,3300,32868,31368,29868,28368,26447,0
Male,University,Married,39,300000,29997,592,1049,-25,-25,-25,598,1057,0,0,0,-6,-8,-25,-25,-25,0
Male,University,Single,32,130000,21395,31030,40523,54838,78769,82478,10000,10000,15000,25000,5000,21030,30523,39838,53769,77478,0
Male,Graduate,Single,33,80000,67206,65537,69361,67647,72524,74068,0,5500,0,6000,3000,65537,63861,67647,66524,71068,1
Male,Graduate,Single,34,120000,32773,28002,32493,16258,8871,2000,1509,5000,7,0,2000,26493,27493,16251,8871,0,0
Male,Graduate,Single,32,140000,130134,131475,137236,121914,71210,72778,5000,8000,5485,5000,3000,126475,129236,116429,66210,69778,1
Male,Graduate,Single,48,220000,113061,115294,117945,130365,126780,129570,5600,6000,16000,0,5000,109694,111945,114365,126780,124570,0
Male,University,Single,32,70000,71336,70393,131412,63823,52339,40836,3609,2523,2441,3038,2029,66784,128889,61382,49301,38807,1
Male,High School,Single,45,20000,18416,13656,9022,5961,3970,780,1303,1518,1000,79,0,12353,7504,4961,3891,780,0
Male,Graduate,Married,49,200000,0,492,0,489,320,732,492,0,489,320,732,0,0,0,0,0,0
Male,University,Married,31,20000,6313,6559,7789,8505,9212,8922,500,1500,1000,1000,0,6059,6289,7505,8212,8922,1
Male,Graduate,Single,32,510000,63573,62933,62320,61012,60519,58856,2900,3000,2400,2500,1800,60033,59320,58612,58019,57056,0
Male,Graduate,Single,34,450000,42713,6496,9341,2857,83527,0,0,9511,20,84000,0,6496,-170,2837,-473,0,0
Male,University,Married,34,50000,45459,45695,45866,46165,10142,10825,2000,3000,2200,1200,1000,43695,42866,43965,8942,9825,0
Male,University,Other,48,120000,61673,60679,61943,58744,-36156,-36156,2345,3419,5026,15651,0,58334,58524,53718,-51807,-36156,0
Male,High School,Married,45,50000,0,0,0,0,0,0,0,0,0,0,0,0,0,0,0,0,1
Male,University,Single,31,280000,4821,3469,0,0,0,1047,1017,0,0,0,1047,2452,0,0,0,0,0
Male,Graduate,Single,33,30000,22303,21657,21022,23661,22983,25607,0,0,3000,0,3000,21657,21022,20661,22983,22607,1
Male,University,Married,35,20000,5659,5422,6283,7454,8181,7905,0,1107,1278,1005,0,5422,5176,6176,7176,7905,0
Male,University,Married,42,80000,78216,62890,52973,52328,49214,50245,2115,5004,1834,1562,1621,60775,47969,50494,47652,48624,0
Male,University,Married,45,120000,52574,47092,44208,32652,24115,20399,2000,2000,1256,1000,750,45092,42208,31396,23115,19649,0
Male,University,Married,38,370000,189567,183292,187344,192213,193602,196470,8000,8000,9000,7000,7000,175292,179344,183213,186602,189470,0
Male,University,Single,45,50000,30359,28717,16177,15949,14319,17319,2000,2000,2000,1000,3000,26717,14177,13949,13319,14319,0
Male,High School,Single,39,20000,30892,16348,13593,10236,17541,16322,5000,2015,3000,10005,3414,11348,11578,7236,7536,12908,0
Male,University,Married,36,160000,59675,61085,62503,63867,65206,69584,3000,3000,3000,3000,5600,58085,59503,60867,62206,63984,0
Male,High School,Single,44,170000,167077,170965,172541,159546,137410,136680,12275,10000,8009,6000,30000,158690,162541,151537,131410,106680,0
Male,University,Single,36,100000,2069,3521,5399,0,0,0,1500,2000,0,0,0,2021,3399,0,0,0,0
Male,Graduate,Married,42,210000,2827,3517,4412,2700,3578,4075,3527,4425,2708,3588,4087,-10,-13,-8,-10,-12,0
Male,High School,Single,32,100000,54483,45433,40870,10726,1121,61067,2460,2220,1400,1121,61067,42973,38650,9326,0,0,0
Male,Graduate,Married,33,230000,213859,218094,225070,227528,121751,219354,9285,12000,9100,4600,4200,208809,213070,218428,117151,215154,1
Male,Graduate,Married,38,240000,6333,3360,1291,2740,2241,1060,0,10,2740,2241,0,3360,1281,0,0,1060,0
Male,High School,Single,36,240000,135053,141213,116710,93057,55419,59336,10000,10000,10000,5000,5000,131213,106710,83057,50419,54336,0
Male,University,Other,48,50000,42850,42850,45741,45694,45645,46457,1000,3900,1000,1000,1700,41850,41841,44694,44645,44757,1
Male,University,Married,46,80000,79707,79876,79919,64237,47890,48036,3542,3500,2500,2000,2500,76334,76419,61737,45890,45536,0
Male,High School,Single,41,50000,94962,49032,50135,50269,29182,29096,4200,2200,3300,1200,1100,44832,47935,46969,27982,27996,0
Male,University,Married,36,50000,43900,42499,17494,18178,18541,18929,2268,1604,1288,651,674,40231,15890,16890,17890,18255,0
Male,Graduate,Single,37,440000,186061,232558,312398,222336,223882,130672,50000,100448,7015,6422,6086,182558,211950,215321,217460,124586,0
Male,High School,Single,42,220000,26595,33330,36720,40729,44762,48914,9000,5000,5000,5000,5000,24330,31720,35729,39762,43914,0
Male,Graduate,Single,30,70000,16163,1050,0,21280,21625,22275,1000,0,21280,1000,1000,50,0,0,20625,21275,0
Male,Graduate,Single,32,240000,3162,3162,3124,3162,3162,3162,3162,3124,3200,3162,3162,0,0,-38,0,0,0
Male,High School,Single,42,360000,52460,40764,31185,25603,20394,29138,3000,3000,5000,5000,19138,37764,28185,20603,15394,10000,0
Male,Graduate,Single,32,360000,8971,2284,21669,-3,15866,-46,2303,21785,0,15869,0,-19,-116,-3,-3,-46,0
Male,Graduate,Single,33,80000,251594,264594,4374,5495,5902,6804,13000,0,1200,500,1000,251594,4374,4295,5402,5804,0
Male,University,Single,36,30000,13208,13692,14176,14642,15397,16147,1000,1000,1000,1000,1000,12692,13176,13642,14397,15147,1
Male,University,Single,37,160000,99793,101325,98706,90457,90588,92533,4300,0,4200,3238,3400,97025,98706,86257,87350,89133,1
Male,University,Single,39,150000,155896,159891,164830,95000,98000,100000,5500,7103,3000,3000,2000,154391,157727,92000,95000,98000,1
Male,University,Single,30,100000,55776,44953,46922,48677,49496,51010,3000,3000,3000,2000,2000,41953,43922,45677,47496,49010,0
Male,University,Single,33,70000,26181,37611,37026,38922,38318,38133,12000,0,2500,0,1000,25611,37026,36422,38318,37133,0
Male,University,Single,35,300000,242168,276536,206885,169901,170540,152188,40006,26531,10017,9123,10259,236530,180354,159884,161417,141929,0
Male,University,Married,39,90000,26493,30034,29268,31776,32456,31800,4000,0,3000,1500,0,26034,29268,28776,30956,31800,1
Male,Graduate,Single,46,800000,6229,4636,3810,6193,1957,3175,4644,3832,6219,1961,3183,-8,-22,-26,-4,-8,0
Male,University,Single,40,360000,36560,34371,43052,43596,33762,33391,11028,15044,10115,14026,5104,23343,28008,33481,19736,28287,0
Male,University,Married,41,90000,86699,84423,86173,87942,92756,91146,0,4008,4100,7200,0,84423,82165,83842,85556,91146,1
Male,High School,Single,43,300000,303747,299685,279613,286449,191187,194333,11500,14000,20000,6500,8000,288185,265613,266449,184687,186333,1
Male,High School,Married,46,30000,19523,18917,20004,21063,21416,22667,0,1700,1700,1000,1749,18917,18304,19363,20416,20918,1
Male,University,Single,37,50000,48566,48206,48659,47248,48241,49196,2088,2120,1750,1700,1800,46118,46539,45498,46541,47396,0
Male,University,Married,30,110000,54404,57503,66128,64477,65413,66520,4000,9600,0,2600,2300,53503,56528,64477,62813,64220,1
Male,Graduate,Single,37,80000,155342,159672,163959,168187,171869,175524,6000,6000,6000,5500,5500,153672,157959,162187,166369,170024,0
Male,University,Married,31,140000,134039,143937,143649,118593,95257,93145,13650,4700,114,3500,3500,130287,138949,118479,91757,89645,0
Male,University,Married,44,50000,48659,34763,16158,11950,9903,10224,1345,1197,1152,495,1014,33418,14961,10798,9408,9210,0
Male,High School,Single,40,20000,13195,14197,15657,14418,13561,13291,1238,2959,580,0,435,12959,12698,13838,13561,12856,0
Male,High School,Single,46,50000,48060,48923,48924,33778,19492,19582,2326,2000,1235,622,1000,46597,46924,32543,18870,18582,0
Male,Graduate,Single,34,50000,0,0,0,0,0,0,0,0,0,0,0,0,0,0,0,0,0
Male,University,Married,48,130000,120326,121877,118491,131444,133248,131001,5000,0,15000,5327,22,116877,118491,116444,127921,130979,1
Male,University,Married,45,90000,46608,49999,43996,44069,41317,36912,4500,0,1750,1425,1412,45499,43996,42319,39892,35500,0
Male,High School,Married,44,30000,2180,0,0,0,0,0,0,0,0,0,0,0,0,0,0,0,0
Male,University,Married,49,50000,33346,33536,34923,37192,39341,27561,2000,3500,3000,3000,5000,31536,31423,34192,36341,22561,1
Male,Graduate,Married,39,170000,0,0,905,0,0,0,0,905,0,0,0,0,0,0,0,0,0
Male,Graduate,Single,31,290000,45021,44702,35181,28847,28131,3016,2700,1707,1800,0,0,42002,33474,27047,28131,3016,1
Male,High School,Married,47,20000,16013,14334,9086,5096,5096,5200,1419,1270,1200,0,104,12915,7816,3896,5096,5096,0
Male,Graduate,Single,38,180000,114091,124233,125768,126202,127677,99764,12100,5000,4200,3000,5000,112133,120768,122002,124677,94764,1
Male,Graduate,Married,35,360000,396,396,396,396,396,396,396,396,396,396,396,0,0,0,0,0,0
Male,High School,Single,31,20000,7222,13627,11974,11467,10469,9380,10009,2004,5013,3010,3690,3618,9970,6454,7459,5690,0
Male,University,Single,33,140000,279184,259478,25020,21629,18367,15161,7000,2000,2000,2000,2000,252478,23020,19629,16367,13161,0
Male,University,Married,34,90000,53105,54154,55683,56798,58508,63177,2525,3000,2637,3242,6783,51629,52683,54161,55266,56394,0
Male,University,Married,40,120000,35671,37073,38472,39510,40873,42082,2000,2000,2000,2000,2000,35073,36472,37510,38873,40082,0
Male,Graduate,Married,31,160000,24465,7747,17002,17170,14685,4328,7751,17016,17185,14685,4328,-4,-14,-15,0,0,0
Male,University,Married,32,280000,204057,199262,211391,214343,215633,210876,0,18000,8000,7500,0,199262,193391,206343,208133,210876,1
Male,Graduate,Married,46,500000,991,4073,6738,2500,0,0,4082,6738,2510,0,0,-9,0,-10,0,0,0
Male,University,Single,38,100000,106989,98751,32099,18811,9960,10000,3910,1733,1000,1149,10000,94841,30366,17811,8811,0,1
Male,High School,Single,31,160000,108963,105748,109050,112243,114513,114902,4500,5000,5000,4100,4192,101248,104050,107243,110413,110710,0
Male,University,Married,42,20000,14124,15132,16483,18391,18783,19176,1249,1600,2500,1000,696,13883,14883,15891,17783,18480,0
Male,Graduate,Single,39,400000,49354,50747,49666,52727,51286,55077,2500,0,4500,0,4800,48247,49666,48227,51286,50277,0
Male,University,Married,45,30000,28854,30467,29721,28961,29397,29988,2372,0,0,1200,1200,28095,29721,28961,28197,28788,0
Male,High School,Married,47,50000,2840,2522,5500,21709,21056,20061,1000,5500,21709,916,1161,1522,0,0,20140,18900,0
Male,University,Single,40,70000,79237,71627,73326,69645,19799,-1,0,2986,20150,500,0,71627,70340,49495,19299,-1,0
Male,University,Married,42,110000,45461,44434,45395,50402,50217,48199,0,1980,5987,2000,1,44434,43415,44415,48217,48198,0
Male,University,Single,44,50000,50677,76727,78937,50205,30506,29860,4000,4695,2300,2500,2000,72727,74242,47905,28006,27860,0
Male,University,Married,40,170000,4599,3409,3790,2578,2100,2400,3409,6530,2578,2100,2400,0,-2740,0,0,0,0
Male,Graduate,Married,33,30000,28700,28639,30171,29322,28572,0,1800,2300,1508,1000,0,26839,27871,27814,27572,0,0
Male,High School,Married,29,50000,9527,9907,9660,880,990,780,2000,1092,880,990,780,7907,8568,0,0,0,0
Male,University,Single,30,50000,780,780,0,0,0,0,0,0,0,0,0,780,0,0,0,0,1
Male,High School,Married,44,90000,0,0,0,0,0,0,0,0,0,0,0,0,0,0,0,0,1
Male,University,Married,40,110000,31042,33971,33143,34157,34950,36175,3454,0,1568,1361,1900,30517,33143,32589,33589,34275,0
Male,University,Single,46,240000,47379,49274,51171,52716,54229,56191,3000,3000,3000,3000,3000,46274,48171,49716,51229,53191,0
Male,High School,Married,42,360000,0,4435,0,3666,2749,2921,4435,0,3666,2878,2921,0,0,0,-129,0,0
Male,University,Single,45,290000,212643,192933,174184,163792,120754,236402,6755,6900,6733,5632,235024,186178,167284,157059,115122,1378,0
Male,Graduate,Married,39,180000,5086,5661,0,0,0,0,5668,0,0,0,0,-7,0,0,0,0,0
Male,University,Married,43,180000,158843,152507,143489,146139,73718,137304,6029,7035,10007,20000,4000,146478,136454,136132,53718,133304,0
Male,University,Single,43,50000,47669,48102,45718,44142,40981,43634,2000,1731,1955,1454,3300,46102,43987,42187,39527,40334,0
Male,Graduate,Single,47,500000,21376,20473,3581,18855,6783,5921,20473,3587,18860,146,5923,0,-6,-5,6637,-2,0
Male,University,Married,35,50000,5219,7633,8562,8276,8638,8851,2500,1200,0,500,500,5133,7362,8276,8138,8351,1
Male,High School,Married,37,50000,54078,52946,51841,50306,49706,49706,0,0,0,0,0,52946,51841,50306,49706,49706,0
Male,Graduate,Single,32,400000,525,1610,566,21373,16663,7873,1610,285,22240,4200,905,0,281,-867,12463,6968,0
Male,University,Married,34,240000,225709,228893,232706,187325,129889,123680,8544,9257,8583,4292,5133,220349,223449,178742,125597,118547,0
Male,University,Married,31,150000,64276,64226,4254,145578,148012,126848,3500,4508,145578,5115,10000,60726,-254,0,142897,116848,0
Male,High School,Single,31,50000,15208,14667,21204,21363,20722,22384,0,6828,800,0,2000,14667,14376,20563,20722,20384,1
Male,Graduate,Married,34,150000,0,347,-13,4085,4006,826,347,0,4098,4006,826,0,-13,-13,0,0,0
Male,High School,Married,41,50000,2602,12150,11670,12167,2210,2406,10000,0,1036,79,232,2150,11670,11131,2131,2174,1
Male,Graduate,Single,40,360000,3457,1997,5115,3295,222,2854,2020,5115,3295,222,2862,-23,0,0,0,-8,0
Male,Graduate,Married,38,100000,72437,74645,76063,77224,75385,78991,4000,3200,3000,0,5000,70645,72863,74224,75385,73991,1
Male,University,Single,44,30000,44072,39489,36794,33991,30820,29323,0,1820,1600,1012,2586,39489,34974,32391,29808,26737,0
Male,Graduate,Single,36,260000,16751,5877,427,-73,-73,-73,10000,10000,0,0,0,-4123,-9573,-73,-73,-73,0
Male,University,Married,29,140000,140933,140883,138087,141620,110532,111638,5503,7210,15128,0,4200,135380,130877,126492,110532,107438,0
Male,High School,Married,48,30000,1261,1261,1261,1261,1261,1261,1261,1261,1261,1261,1261,0,0,0,0,0,0
Male,University,Single,36,60000,48547,49446,49857,50737,52602,53613,2000,1500,2000,3000,2000,47446,48357,48737,49602,51613,1
Male,University,Single,29,10000,8393,9069,8019,5819,5626,5621,1000,2000,1000,0,2000,8069,6019,4819,5626,3621,0
Male,High School,Single,34,110000,86345,88492,81753,84368,80262,80529,4504,30,7000,2600,3500,83988,81723,77368,77662,77029,1
Male,Graduate,Single,34,40000,38849,40315,38401,39224,40364,38391,3600,0,2100,3226,0,36715,38401,37124,37138,38391,1
Male,High School,Married,47,50000,49386,49693,51136,20171,19286,19292,1818,2261,1296,672,688,47875,48875,18875,18614,18604,1
Male,University,Single,40,50000,44310,45244,47922,46307,45983,50635,3003,5007,2008,3004,7019,42241,42915,44299,42979,43616,0
Male,University,Single,32,350000,227873,228009,220450,190173,192649,197269,10156,9000,8700,7000,7600,217853,211450,181473,185649,189669,1
Male,Graduate,Single,34,450000,260733,228515,232762,208005,194608,201044,20255,50171,7096,6604,10012,208260,182591,200909,188004,191032,0
Male,University,Single,42,50000,49495,50586,49200,49763,18373,19187,3000,3000,3003,5000,2000,47586,46200,46760,13373,17187,0
Male,High School,Married,39,170000,54397,55501,56823,56269,48558,45690,2009,2239,2067,1594,1576,53492,54584,54202,46964,44114,0
Male,University,Married,41,100000,96310,78965,74289,70534,61450,65482,0,2600,6459,2500,5000,78965,71689,64075,58950,60482,0
Male,Graduate,Married,36,140000,39598,40836,41878,42977,43960,45093,2200,2001,2100,2000,2000,38636,39877,40877,41960,43093,0
Male,Graduate,Single,29,250000,0,5023,2460,0,0,3081,5023,0,0,0,3081,0,2460,0,0,0,0
Male,Graduate,Single,29,130000,0,0,0,0,0,0,0,0,0,0,0,0,0,0,0,0,0
Male,University,Single,33,130000,1183,2183,2000,700,0,0,2000,13,700,0,0,183,1987,0,0,0,0
Male,High School,Married,36,360000,222,1256,-9,1840,0,0,1256,0,1849,0,0,0,-9,-9,0,0,1
Male,University,Married,39,270000,18232,24290,11452,2295,0,0,14341,14468,2295,0,0,9949,-3016,0,0,0,0
Male,University,Married,40,140000,139934,132948,135695,121943,111348,107488,6500,6500,4322,12200,0,126448,129195,117621,99148,107488,0
Male,University,Single,32,150000,151594,139114,92720,86468,79600,80866,4523,3500,3500,3000,2776,134591,89220,82968,76600,78090,0
Male,Graduate,Single,33,200000,1431,1491,1000,9373,185994,188730,1491,1326,9373,192994,7000,0,-326,0,-7000,181730,0
Male,Graduate,Married,34,280000,188698,353481,152132,138990,136778,137641,6337,6000,4974,5041,5215,347144,146132,134016,131737,132426,0
Male,High School,Single,35,80000,88027,85314,84147,59671,80941,27436,3264,4092,2400,43532,1511,82050,80055,57271,37409,25925,1
Male,High School,Single,40,240000,245311,237034,242807,226872,233115,239229,8491,9600,8896,10690,223765,228543,233207,217976,222425,15464,0
Male,Graduate,Single,42,20000,1050,1050,1050,1050,1050,1050,0,0,0,0,0,1050,1050,1050,1050,1050,1
Male,Graduate,Married,38,300000,113807,103759,90827,78887,57682,35493,4511,3300,4505,4200,2500,99248,87527,74382,53482,32993,0
Male,Graduate,Single,41,250000,173,173,1573,1400,0,0,0,1400,0,0,0,173,173,1400,0,0,1
Male,Graduate,Single,49,50000,48135,15317,12579,29035,17878,18586,1314,1506,19300,1000,1000,14003,11073,9735,16878,17586,1
Male,High School,Married,41,50000,5620,46907,45880,48697,49504,50577,42100,0,3900,1900,2000,4807,45880,44797,47604,48577,0
Male,University,Single,39,30000,25999,25305,24624,23930,28807,27781,0,0,0,5288,0,25305,24624,23930,23519,27781,1
Male,Graduate,Married,38,240000,2500,0,0,0,0,0,0,0,0,0,0,0,0,0,0,0,1
Male,University,Married,40,200000,154090,172516,168401,164199,174420,178485,21000,0,0,13000,7000,151516,168401,164199,161420,171485,1
Male,Graduate,Single,39,50000,57436,58483,55825,54888,58115,57299,2055,2655,1862,4007,2517,56428,53170,53026,54108,54782,0
Male,Graduate,Single,38,210000,280,0,0,0,0,14202,0,0,0,0,14202,0,0,0,0,0,0
Male,Graduate,Married,42,280000,0,0,0,0,0,0,0,0,0,0,0,0,0,0,0,0,0
Male,High School,Single,33,200000,223147,211336,200691,136379,17000,36932,8376,8589,6137,2300,18649,202960,192102,130242,14700,18283,0
Male,University,Married,41,300000,163033,140472,96234,64482,100558,76056,5505,5000,3000,95000,4000,134967,91234,61482,5558,72056,0
Male,Graduate,Single,36,420000,9464,37856,31429,22483,16437,-2474,40146,23040,63,104,23,-2290,8389,22420,16333,-2497,0
Male,Graduate,Single,34,350000,259524,213822,220211,225601,105586,111276,8432,9000,9500,10000,7000,205390,211211,216101,95586,104276,0
Male,High School,Married,43,120000,41439,42455,44872,45636,46388,47398,2000,3400,1800,1800,1900,40455,41472,43836,44588,45498,1
Male,University,Married,48,110000,65070,69480,67800,69182,73431,72132,5500,0,2512,5400,0,63980,67800,66670,68031,72132,1
Male,Graduate,Single,31,20000,0,150,0,0,0,0,150,0,0,0,0,0,0,0,0,0,0
Male,Graduate,Single,32,100000,81210,78785,69138,69604,69448,69744,3019,2600,3100,3000,3000,75766,66538,66504,66448,66744,0
Male,Graduate,Married,36,240000,0,0,0,0,0,0,0,0,0,0,0,0,0,0,0,0,1
Male,Other,Single,37,130000,22335,23040,20487,21497,21617,22268,1617,1644,1654,774,1000,21423,18843,19843,20843,21268,0
Male,Graduate,Single,48,170000,6203,9932,-157264,166969,164040,166416,5079,0,332809,6000,6000,4853,-157264,-165840,158040,160416,0
Male,University,Married,42,60000,4136,6355,7604,7603,7332,7712,2300,1500,270,0,500,4055,6104,7333,7332,7212,1
Male,High School,Married,42,200000,151392,148467,153409,145476,119025,115255,7000,14834,0,4575,4180,141467,138575,145476,114450,111075,0
Male,University,Married,48,210000,186004,169351,163576,115854,111606,120885,8100,7000,4000,5000,105015,161251,156576,111854,106606,15870,0
Male,University,Single,35,100000,95271,97243,99400,88037,59213,56651,3558,3803,3146,2514,3000,93685,95597,84891,56699,53651,0
Male,Graduate,Married,37,380000,83852,88996,77202,70542,65765,58355,13014,5068,2100,1947,2000,75982,72134,68442,63818,56355,0
Male,Graduate,Single,38,240000,6865,2519,6646,-1776,3235,1612,2000,6500,0,5011,0,519,146,-1776,-1776,1612,0
Male,University,Single,33,150000,53224,57297,52714,56329,57311,56265,5000,0,4500,2500,0,52297,52714,51829,54811,56265,0
Male,University,Single,35,60000,34604,35625,36701,39048,37269,38000,1900,1953,3300,0,1430,33725,34748,35748,37269,36570,0
Male,University,Married,37,350000,219376,221056,224591,255247,259512,283724,7669,7957,35300,9247,29459,213387,216634,219947,250265,254265,0
Male,Graduate,Married,33,300000,250,1280,0,320,0,0,1280,0,320,0,0,0,0,0,0,0,0
Male,High School,Married,42,160000,75847,89094,88956,62768,64410,82919,30000,4326,4000,3000,20000,59094,84630,58768,61410,62919,0
Male,Graduate,Single,37,130000,91390,88381,89091,91212,29441,29683,5000,3424,4193,1042,1100,83381,85667,87019,28399,28583,0
Male,High School,Single,38,50000,4269,5478,6190,0,0,0,1288,1000,0,0,0,4190,5190,0,0,0,0
Male,University,Married,40,270000,42598,44610,46666,48685,49574,50622,3036,3092,3111,2000,2000,41574,43574,45574,47574,48622,1
Male,Graduate,Single,36,90000,87678,84296,53990,51752,50346,48811,3573,5100,0,200,20,80723,48890,51752,50146,48791,0
Male,Graduate,Married,37,240000,4081,7608,154353,9617,11360,3842,7644,155142,9661,11489,3870,-36,-789,-44,-129,-28,0
Male,Graduate,Married,45,450000,201015,177028,136434,126121,115050,105901,10000,6000,5087,5000,5000,167028,130434,121034,110050,100901,0
Male,Graduate,Single,36,280000,10831,4211,3057,1333,302,5419,4216,4585,0,302,5419,-5,-1528,1333,0,0,1
Male,Graduate,Married,38,270000,0,0,0,0,0,0,0,0,0,0,0,0,0,0,0,0,0
Male,High School,Single,46,10000,1050,1050,1050,1050,1050,1050,0,0,0,0,0,1050,1050,1050,1050,1050,1
Male,Graduate,Other,37,50000,45553,49457,47080,45833,45310,6313,6324,0,1200,1000,126,43133,47080,44633,44310,6187,0
Male,Graduate,Married,33,100000,34139,38219,42604,44607,45576,46495,5000,5000,3000,2000,1800,33219,37604,41607,43576,44695,0
Male,Graduate,Single,32,190000,183594,191367,192221,136916,99307,98753,15000,7171,5427,4000,3518,176367,185050,131489,95307,95235,1
Male,Graduate,Single,33,240000,85603,63733,61710,50106,18874,18994,2500,3354,1800,1000,1200,61233,58356,48306,17874,17794,0
Male,Graduate,Married,33,220000,171182,175334,179024,183050,207481,204082,7000,6500,7000,27640,0,168334,172524,176050,179841,204082,0
Male,Graduate,Married,42,500000,47556,36675,9739,579,53599,25276,2016,1049,767,87150,931,34659,8690,-188,-33551,24345,0
Male,Graduate,Single,32,300000,8077,10566,11293,12000,3458,56338,2800,1200,1200,9427,55000,7766,10093,10800,-5969,1338,1
Male,Graduate,Single,30,500000,3317,22426,12762,11692,184515,168259,11393,25742,18076,184637,841,11033,-12980,-6384,-122,167418,0
Male,Graduate,Single,30,200000,8985,247,6015,34314,23403,-1839,805,6144,34418,230,1839,-558,-129,-104,23173,-3678,0
Male,University,Single,31,260000,3113,3117,2924,2784,2413,902,1300,1100,1000,300,0,1817,1824,1784,2113,902,0
Male,High School,Single,31,160000,50901,53859,55814,59726,61615,65939,4000,3000,5000,3000,5000,49859,52814,54726,58615,60939,0
Male,Graduate,Single,31,340000,85292,66486,62918,53322,50180,57000,17241,16000,13322,10005,9081,49245,46918,40000,40175,47919,0
Male,Graduate,Single,32,500000,65736,65164,62901,49434,41254,28115,2425,2174,1605,890,995,62739,60727,47829,40364,27120,0
Male,Graduate,Married,32,310000,310392,301861,225003,234185,222139,224655,56,9950,17828,9,7951,301805,215053,216357,222130,216704,0
Male,University,Married,30,360000,1431,3914,-15,3041,21801,3837,3933,0,3056,21910,3856,-19,-15,-15,-109,-19,0
Male,Graduate,Married,36,110000,36152,37246,38340,39018,40122,41069,2000,2000,1500,1500,1500,35246,36340,37518,38622,39569,1
Male,Graduate,Married,36,390000,8040,7818,8051,-5,1965,3088,7857,8091,0,990,3108,-39,-40,-5,975,-20,0
Male,Graduate,Single,31,140000,4900,393,0,814,0,0,393,0,814,0,0,0,0,0,0,0,0
Male,High School,Single,32,30000,27995,28977,29366,29553,27677,16364,1456,2000,1400,554,327,27521,27366,28153,27123,16037,0
Male,Graduate,Single,33,200000,-168,416,83,667,251,-165,1000,499,1000,0,0,-584,-416,-333,251,-165,0
Male,Graduate,Single,40,110000,101781,101811,105848,103018,42298,43464,3700,5700,3100,2000,2000,98111,100148,99918,40298,41464,0
Male,Graduate,Married,35,20000,20547,17089,15824,17840,18140,0,1250,0,30000,500,0,15839,15824,-12160,17640,0,1
Male,University,Married,41,210000,85639,87705,90376,90687,91888,93852,4200,4800,2500,3900,3400,83505,85576,88187,87988,90452,1
Male,University,Married,42,380000,2588,38981,6267,19774,12297,2700,39529,6930,19873,12361,2713,-548,-663,-99,-64,-13,0
Male,Graduate,Married,42,70000,25317,24806,24100,0,0,0,2000,1010,0,0,0,22806,23090,0,0,0,0
Male,University,Single,32,20000,14549,11292,7120,8115,2594,1610,1306,3045,10000,0,1610,9986,4075,-1885,2594,0,0
Male,Graduate,Single,32,260000,2112,728,100,100,499,499,733,100,0,499,0,-5,0,100,0,499,0
Male,Graduate,Married,46,200000,53643,54300,55039,55712,56421,57203,1765,1828,1811,1816,1880,52535,53211,53901,54605,55323,0
Male,University,Single,36,190000,154456,142409,119290,99767,101761,105150,6176,5000,3815,3614,5000,136233,114290,95952,98147,100150,1
Male,University,Single,42,50000,47282,47535,46578,17029,10575,9478,2500,2000,2500,500,500,45035,44578,14529,10075,8978,0
Male,University,Single,35,20000,17042,17544,15292,16509,12261,14550,1500,1500,1506,452,2500,16044,13792,15003,11809,12050,0
Male,Graduate,Married,49,400000,749,1503,33956,44258,56526,776,1530,34229,44258,56526,776,-27,-273,0,0,0,0
Male,University,Married,49,280000,236168,242865,243515,215853,189911,161830,11000,10500,8010,7000,6000,231865,233015,207843,182911,155830,0
Male,High School,Married,38,60000,33044,32232,25086,24404,25212,28147,0,4000,0,1500,3500,32232,21086,24404,23712,24647,1
Male,Graduate,Married,47,250000,0,0,0,0,0,0,0,0,0,0,0,0,0,0,0,0,0
Male,Graduate,Single,41,400000,11461,5864,5300,6534,5222,500,5877,5300,6534,0,500,-13,0,0,5222,0,0
Male,University,Married,46,180000,97660,95200,99380,77876,65494,66559,6000,7007,5000,3000,5000,89200,92373,72876,62494,61559,0
Male,University,Married,45,50000,51132,43020,30180,0,0,0,2800,1000,0,0,0,40220,29180,0,0,0,0
Male,University,Single,39,220000,103159,91253,81847,79489,77040,78892,5000,3000,4000,3000,3000,86253,78847,75489,74040,75892,0
Male,University,Married,35,50000,3056,0,4091,0,6592,2728,0,4091,0,6592,0,0,0,0,0,2728,0
Male,High School,Single,61,20000,1930,1742,-780,1170,780,0,0,0,1950,0,0,1742,-780,-780,780,0,0
Male,University,Married,44,100000,11509,11119,12376,4419,2946,1473,1270,3000,0,0,0,9849,9376,4419,2946,1473,0
Male,Graduate,Married,44,500000,48533,49623,50969,52182,52821,53927,2200,2447,2660,2100,2109,47423,48522,49522,50721,51818,0
Male,University,Single,38,120000,500,0,0,974,974,1624,0,0,974,0,650,0,0,0,974,974,0
Male,Graduate,Married,37,360000,-40,8147,1564,4941,2666,588,8187,1571,4965,2679,590,-40,-7,-24,-13,-2,0
Male,University,Married,48,440000,23424,24222,24077,23241,24600,16344,3000,3000,2000,5000,0,21222,21077,21241,19600,16344,0
Male,University,Single,30,240000,13989,7976,2088,7795,1335,2928,7976,2088,7795,1335,2928,0,0,0,0,0,0
Male,Graduate,Married,45,200000,3659,1710,5033,1125,1088,4469,1718,5069,1130,1093,4491,-8,-36,-5,-5,-22,0
Male,University,Married,46,50000,4270,1600,3106,0,0,1370,1600,3106,0,0,1370,0,0,0,0,0,0
Male,University,Married,44,260000,802,4541,3896,119498,109399,111203,4541,0,119498,3500,3983,0,3896,0,105899,107220,1
Male,University,Married,35,300000,142378,146621,153217,154879,156692,154911,8000,10800,6000,6000,6000,138621,142417,148879,150692,148911,1
Male,University,Married,37,130000,923,1632,545,1262,1019,530,1632,545,1262,1019,530,0,0,0,0,0,0
Male,University,Single,48,50000,4975,6878,8106,9962,9656,11328,2000,1500,2000,0,2000,4878,6606,7962,9656,9328,1
Male,High School,Single,36,20000,18786,19015,20149,19870,-200,16636,1615,1749,1250,200,20901,17400,18400,18620,-400,-4265,0
Male,Graduate,Married,36,20000,16736,17834,20025,28806,14463,18668,1700,4000,300,10000,5000,16134,16025,28506,4463,13668,0
Male,High School,Married,45,50000,43469,44462,45510,46501,47119,47321,2015,2063,2054,1672,1946,42447,43447,44447,45447,45375,0
Male,University,Single,39,70000,33521,36303,37424,38512,37596,39877,3350,2000,2000,0,3055,32953,35424,36512,37596,36822,1
Male,University,Married,45,70000,68722,69693,70206,70032,50973,48529,3100,3000,3100,2000,1800,66593,67206,66932,48973,46729,0
Male,High School,Single,38,450000,322402,301522,290124,281667,289459,262269,15000,11000,10013,20000,30000,286522,279124,271654,269459,232269,0
Male,University,Married,40,70000,5481,6495,7514,8582,9038,9490,1113,1132,1200,600,600,5382,6382,7382,8438,8890,0
Male,University,Single,45,120000,123772,121289,116645,119191,116549,119507,6000,5800,6000,4400,5000,115289,110845,113191,112149,114507,0
Male,University,Single,33,80000,32394,23160,31484,396,3832,3867,23185,31610,396,3832,3867,-25,-126,0,0,0,0
Male,University,Single,40,20000,8545,10177,10467,11987,11503,11175,1923,600,2000,0,0,8254,9867,9987,11503,11175,1
Male,University,Married,42,230000,26644,27352,28121,33331,38459,42525,1440,1500,6000,6000,5000,25912,26621,27331,32459,37525,0
Male,Graduate,Single,49,480000,449336,456668,424843,325772,320760,325841,17124,14706,15377,10481,11003,439544,410137,310395,310279,314838,0
Male,Graduate,Married,42,490000,283484,245832,230346,215437,176688,170548,10000,9002,10000,7000,7000,235832,221344,205437,169688,163548,0
Male,University,Married,42,310000,286506,262830,210583,210982,126502,102999,9297,8311,6928,3539,2991,253533,202272,204054,122963,100008,0
Male,Graduate,Single,33,100000,68073,64109,65302,73056,74034,44825,5000,3200,10000,10000,10000,59109,62102,63056,64034,34825,0
Male,Graduate,Single,39,260000,248880,248758,245404,169632,165098,151157,10611,9708,5929,5622,5465,238147,235696,163703,159476,145692,0
Male,Graduate,Married,43,360000,-985,7542,6169,2391,8539,10068,10000,30000,5000,10004,5000,-2458,-23831,-2609,-1465,5068,0
Male,Graduate,Single,48,500000,-471,-471,157,20697,23906,23906,0,785,20697,3766,0,-471,-628,0,20140,23906,0
Male,Graduate,Single,34,160000,0,150,1397,690,0,0,150,1397,690,0,0,0,0,0,0,0,0
Male,High School,Single,34,360000,304883,301286,258122,255309,233946,235916,15000,9221,9225,8112,8369,286286,248901,246084,225834,227547,0
Male,University,Married,36,320000,154188,14512,303265,310715,318340,268942,5000,300000,14000,15000,12000,9512,3265,296715,303340,256942,0
Male,University,Married,42,210000,0,1145,1000,2000,500,5305,1145,1005,2000,500,5305,0,-5,0,0,0,0
Male,Graduate,Married,41,140000,44635,45891,48149,50341,51897,53058,2000,3000,3000,3000,2000,43891,45149,47341,48897,51058,0
Male,University,Single,39,20000,13231,14306,15370,16411,16839,17267,1300,1300,1300,700,700,13006,14070,15111,16139,16567,1
Male,Graduate,Other,50,300000,301731,230617,306116,291201,241557,193103,60000,80006,10523,8565,8700,170617,226110,280678,232992,184403,1
Male,University,Married,50,130000,122079,127725,129558,126907,99773,98086,7700,6000,5800,5800,2895,120025,123558,121107,93973,95191,0
Male,High School,Married,50,200000,119657,127855,128447,115045,117299,105456,11754,4100,0,14000,0,116101,124347,115045,103299,105456,0
Male,University,Single,51,120000,137965,128953,126516,123530,95921,88090,0,4940,4806,4107,4026,128953,121576,118724,91814,84064,1
Male,University,Other,52,50000,49854,51215,50144,10683,9953,9567,2500,1500,1300,800,1000,48715,48644,9383,9153,8567,0
Male,Graduate,Married,51,180000,40310,41634,44959,50198,52361,55510,2000,4000,6000,3000,4000,39634,40959,44198,49361,51510,0
Male,Graduate,Married,53,230000,0,0,0,0,0,0,0,0,0,0,0,0,0,0,0,0,1
Male,High School,Married,50,10000,4674,6422,9145,8854,8563,9918,2000,3000,0,0,1500,4422,6145,8854,8563,8418,0
Male,University,Married,49,20000,13380,13264,19195,18497,18160,19067,400,6180,0,454,1000,12864,13015,18497,17706,18067,1
Male,University,Single,48,200000,111664,113884,116545,120396,121486,121518,4080,4500,5800,4500,5000,109804,112045,114596,116986,116518,0
Male,University,Married,49,360000,3295,1645,1656,1866,1473,1080,0,1656,1866,1080,1080,1645,0,0,393,0,0
Male,University,Married,53,210000,170760,174141,177856,181002,184690,188813,7700,8000,7600,6700,7100,166441,169856,173402,177990,181713,0
Male,University,Married,53,80000,6469,8947,9853,9546,9890,10479,2600,1200,0,503,900,6347,8653,9546,9387,9579,1
Male,University,Single,51,60000,27293,27898,28574,29059,29244,29462,1450,1516,1391,966,997,26448,27058,27668,28278,28465,0
Male,High School,Married,56,100000,51021,53878,54046,52193,55151,55873,4388,2000,0,4212,2126,49490,52046,52193,50939,53747,0
Male,High School,Married,62,20000,17072,16505,17242,16668,17972,18316,0,1300,0,1586,780,16505,15942,16668,16386,17536,0
Male,University,Married,54,50000,35068,34205,39148,38233,37318,39757,0,5500,0,0,3036,34205,33648,38233,37318,36721,1
Male,High School,Married,56,300000,110350,102556,103834,99368,101600,560,4052,6122,1987,2232,560,98504,97712,97381,99368,0,0
Male,High School,Married,50,140000,143090,139095,147204,139896,136922,130098,5411,16000,0,5341,4830,133684,131204,139896,131581,125268,0
Male,High School,Married,59,120000,68646,68784,49933,51400,0,0,2144,1933,2400,0,0,66640,48000,49000,0,0,0
Male,High School,Married,57,400000,17253,161057,192054,20660,18242,15609,160002,42263,20663,6020,3500,1055,149791,-3,12222,12109,0
Male,High School,Single,58,50000,7831,7556,7312,6959,5813,3985,1123,1140,1048,163,135,6433,6172,5911,5650,3850,0
Male,Graduate,Married,56,90000,58438,60208,62000,60673,22196,29809,2572,3188,2661,1000,8000,57636,58812,58012,21196,21809,0
Male,University,Married,57,60000,59617,47807,35136,34163,27197,26528,3099,3000,5005,2000,4001,44708,32136,29158,25197,22527,0
Male,Graduate,Married,51,260000,62635,67553,69466,71310,73124,74949,6000,3000,3000,3000,3000,61553,66466,68310,70124,71949,0
Male,High School,Married,52,80000,27308,29536,31756,30946,31830,0,3000,3000,0,1700,0,26536,28756,30946,30130,0,0
Male,University,Married,55,160000,-64,-64,140184,141992,143277,146438,0,140248,6600,5122,5464,-64,-64,135392,138155,140974,0
Male,High School,Single,51,10000,7282,8311,10398,10000,10000,0,1311,2398,0,0,0,7000,8000,10000,10000,0,0
Male,University,Married,50,190000,19871,19259,21734,21087,22732,22228,0,3100,0,2000,0,19259,18634,21087,20732,22228,1
Male,Graduate,Married,51,160000,131124,129673,135778,132505,124622,127646,5000,12501,4700,0,9500,124673,123277,127805,124622,118146,0
Male,High School,Single,49,20000,16066,15516,18047,17326,17326,17680,0,3100,0,400,354,15516,14947,17326,16926,17326,0
Male,High School,Married,57,300000,0,176,1269,11347,369,860,176,1269,11347,369,860,0,0,0,0,0,0
Male,Graduate,Married,79,440000,429309,437906,447326,447112,438187,447543,15715,16519,16513,15800,16531,422191,430807,430599,422387,431012,0
Male,High School,Married,54,50000,48679,47597,48503,49517,19592,19868,0,2100,2500,800,1000,47597,46403,47017,18792,18868,0
Male,Graduate,Married,50,350000,348938,326648,228830,198817,193859,154477,11000,8500,15022,7000,20000,315648,220330,183795,186859,134477,0
Male,High School,Married,50,60000,59703,59837,48187,42658,40587,40605,2047,2168,1642,1563,1600,57790,46019,41016,39024,39005,0
Male,University,Married,47,50000,10492,11913,13012,13789,14560,15025,1600,1600,1300,1000,700,10313,11412,12489,13560,14325,1
Male,University,Single,52,30000,30119,28682,29058,29320,29787,27599,0,1803,1733,1200,1200,28682,27255,27587,28587,26399,1
Male,Graduate,Single,52,150000,227634,356216,247706,239805,242653,39496,18000,12370,6552,6936,395,338216,235336,233253,235717,39101,0
Male,Graduate,Married,60,100000,4814,8311,8031,5790,3860,2599,3591,0,0,0,0,4720,8031,5790,3860,2599,1
Male,Graduate,Married,55,350000,3297,11634,12952,39274,5474,14837,11637,12991,39278,6000,14837,-3,-39,-4,-526,0,0
Male,University,Married,52,80000,75113,76860,77456,21118,22260,23396,3500,2202,1500,1500,1500,73360,75254,19618,20760,21896,0
Male,High School,Married,55,80000,80037,79788,81571,75814,49784,51408,63000,25000,7704,8700,3000,16788,56571,68110,41084,48408,0
Male,High School,Married,54,10000,7936,7662,8386,9069,9966,8410,0,1000,1000,1000,0,7662,7386,8069,8966,8410,1
Male,University,Married,66,210000,780,390,390,390,780,390,0,780,390,780,0,390,-390,0,0,390,1
Male,Graduate,Married,62,500000,0,0,0,0,1981,1700,0,0,0,1981,1700,0,0,0,0,0,0
Male,University,Married,61,20000,18618,18040,17471,16893,21318,20412,0,0,0,4726,0,18040,17471,16893,16592,20412,1
Male,Graduate,Single,54,330000,3027,2379,1803,909,3854,1509,2386,1894,911,3865,1513,-7,-91,-2,-11,-4,0
Male,Graduate,Married,58,250000,1635,2491,-60,600,600,0,1025,0,660,0,0,1466,-60,-60,600,0,0
Male,Graduate,Married,54,420000,1003,1632,629,13371,12383,8260,1632,0,13371,15,0,0,629,0,12368,8260,0
Male,University,Married,53,90000,24782,26302,27465,27943,26152,25941,3000,3000,2000,1000,936,23302,24465,25943,25152,25005,1
Male,High School,Single,52,180000,77408,74156,75659,72046,70355,71208,3293,3350,3111,2615,2689,70863,72309,68935,67740,68519,0
Male,High School,Married,51,50000,47877,48519,46538,45465,18654,19042,2516,2106,2048,783,806,46003,44432,43417,17871,18236,0
Male,University,Married,53,200000,0,2920,0,0,0,6753,2920,0,0,0,6753,0,0,0,0,0,1
Male,Graduate,Married,63,100000,61228,59936,59038,52735,46667,49009,2810,2954,2307,1756,3181,57126,56084,50428,44911,45828,0
Male,Graduate,Married,55,150000,0,780,4639,100940,3284,2090,780,4639,100000,3284,2576,0,0,940,0,-486,0
Male,Graduate,Married,62,360000,5875,7279,6894,7143,1787,19526,7289,6918,7148,1792,19541,-10,-24,-5,-5,-15,0
Male,University,Single,57,50000,51867,51136,51039,52079,49523,49128,2200,2500,4000,0,2000,48936,48539,48079,49523,47128,0
Male,University,Other,58,30000,23496,22820,23952,27052,28631,28037,0,1500,3500,2336,0,22820,22452,23552,26295,28037,0
Male,High School,Married,56,330000,360,1499,360,360,7143,5725,1499,0,360,7143,3000,0,360,0,0,2725,0
Male,University,Other,47,70000,27847,29073,34578,33723,35156,37370,2000,6000,0,2000,2784,27073,28578,33723,33156,34586,1
Male,Graduate,Married,51,420000,57815,1000,0,287921,291770,299232,1000,0,288921,10000,21100,0,0,-1000,281770,278132,0
Male,Graduate,Married,51,130000,124108,126571,130870,132213,52755,53463,4530,6338,5530,1877,1937,122041,124532,126683,50878,51526,0
Male,University,Married,55,200000,184505,182475,180103,180647,76236,71415,8000,7512,8034,5600,0,174475,172591,172613,70636,71415,0
Male,High School,Married,58,180000,36086,37196,36322,38808,39474,40297,2000,0,3405,1600,1600,35196,36322,35403,37874,38697,1
Male,University,Married,59,170000,44619,45386,46365,47304,47727,49315,1800,2000,2000,1500,2500,43586,44365,45304,46227,46815,1
Male,Graduate,Married,54,190000,187295,186189,186002,170873,98013,94600,7000,7962,7000,3417,3463,179189,178040,163873,94596,91137,0
Male,Graduate,Married,54,200000,7111,4803,4629,14915,8523,5586,10,1215,12000,4000,4978,4793,3414,2915,4523,608,0
Male,High School,Married,54,30000,13693,14757,15815,16788,17787,17363,1600,1600,1540,1580,0,13157,14215,15248,16207,17363,1
Male,University,Married,55,460000,5352,8240,76653,75117,76616,78248,3000,76653,20000,2481,2600,5240,0,55117,74135,75648,0
Male,Graduate,Married,54,190000,205824,201269,197129,192803,161324,156576,7154,7385,7520,5593,6000,194115,189744,185283,155731,150576,0
Male,University,Single,54,10000,3697,5186,8225,8244,7963,8134,1561,3300,300,0,299,3625,4925,7944,7963,7835,0
Male,University,Married,57,90000,10635,10889,10953,11155,15210,19425,3007,3000,3000,5000,6000,7882,7953,8155,10210,13425,0
Male,Graduate,Married,54,440000,8517,0,241,8544,1361,855,0,241,8598,857,4,0,0,-54,504,851,0
Male,University,Married,58,480000,470310,472072,475509,466730,469490,398335,16898,17546,15921,15981,14420,455174,457963,450809,453509,383915,0
Male,High School,Married,56,360000,22000,7746,1198,2087,1026,1026,7772,1198,2097,1026,1026,-26,0,-10,0,0,0
Male,Graduate,Married,69,500000,1149,203,15183,3399,8311,-2,205,15259,3416,8353,0,-2,-76,-17,-42,-2,0
Female,High School,Married,28,30000,23176,23182,19083,19632,15252,14021,2867,2000,2000,0,1500,20315,17083,17632,15252,12521,0
Female,High School,Married,33,80000,780,390,814,390,390,390,0,814,390,390,390,390,0,0,0,0,1
Male,University,Married,66,200000,389,778,389,389,389,775,779,391,390,390,776,-1,-2,-1,-1,-1,1
Male,Graduate,Married,57,350000,1910,0,1638,0,0,0,0,1638,0,0,0,0,0,0,0,0,0
Male,University,Married,55,150000,1540,780,0,580,780,0,780,0,580,200,0,0,0,0,580,0,0
Male,High School,Single,54,360000,0,0,0,0,0,0,0,0,0,0,0,0,0,0,0,0,1
Female,High School,Married,31,20000,15903,15350,16438,17250,17601,17982,0,1343,1155,506,538,15350,15095,16095,17095,17444,1
Female,University,Married,47,310000,290211,296743,303686,226605,224937,228912,10989,12100,8000,8000,9000,285754,291586,218605,216937,219912,0
Female,Graduate,Single,31,200000,3028,1431,1818,4192,6066,1616,1473,1818,4192,6066,1616,-42,0,0,0,0,0
Female,High School,Married,40,210000,160292,144217,123657,112910,97400,9806,3720,3229,3165,1979,9806,140497,120428,109745,95421,0,0
Female,High School,Married,47,30000,15979,17705,19107,20281,20941,21799,2000,2000,1500,1000,1200,15705,17107,18781,19941,20599,0
Female,Graduate,Single,31,110000,0,0,0,0,0,0,0,0,0,0,0,0,0,0,0,0,0
Female,High School,Single,27,50000,13979,11243,4396,3120,1805,16820,1261,1396,3125,1805,16820,9982,3000,-5,0,0,0
Female,Graduate,Single,26,50000,4197,934,252,-570,-570,-1000,1000,252,0,0,0,-66,0,-570,-570,-1000,1
Female,University,Married,33,50000,32752,34202,35242,34776,35497,36325,2000,1600,1600,1300,1400,32202,33642,33176,34197,34925,0
Female,Graduate,Single,23,20000,16931,17644,18679,18275,7953,8323,1300,1340,1207,300,500,16344,17339,17068,7653,7823,0
Female,High School,Other,30,230000,291,763,2403,2205,1210,291,763,2403,0,0,291,0,0,2205,1210,0,0
Female,University,Single,32,80000,16007,19643,23213,27547,31151,37673,5000,5000,6000,5000,8000,14643,18213,21547,26151,29673,0
Female,University,Married,53,150000,2337,5335,508,9634,3822,1769,5336,509,9636,3822,1779,-1,-1,-2,0,-10,0
Female,University,Married,28,240000,1444,2553,747,0,0,0,2553,747,0,0,0,0,0,0,0,0,0
Female,Graduate,Married,36,450000,3961,2483,74,-73,14590,-70,2495,100,0,14663,0,-12,-26,-73,-73,-70,0
Female,University,Single,24,180000,316,316,316,316,316,316,316,316,316,316,316,0,0,0,0,0,1
Female,University,Single,22,30000,24426,25429,26491,27132,27672,28253,1712,1774,1415,955,991,23717,24717,25717,26717,27262,0
Female,University,Married,22,50000,48560,49644,47247,42541,19716,20145,2000,2003,1298,1000,800,47644,45244,41243,18716,19345,1
Female,University,Married,31,20000,17727,18840,18255,20129,19528,40068,1700,0,2500,0,800,17140,18255,17629,19528,39268,0
Female,University,Single,25,150000,-19,-19,-19,-19,7962,0,0,0,0,7981,0,-19,-19,-19,-19,0,0
Female,University,Married,29,20000,5586,6599,7615,8472,8640,8971,1268,1284,1141,309,470,5331,6331,7331,8331,8501,1
Female,University,Married,25,40000,40633,40633,40311,39380,41389,40628,1950,4300,2000,2938,0,38683,36011,37380,38451,40628,1
Female,University,Married,30,180000,1591,150,8834,19565,14170,9017,150,8857,19565,502,3000,0,-23,0,13668,6017,0
Female,University,Single,29,80000,78626,78262,80000,82025,78521,78947,3400,3600,4000,3500,3000,74862,76400,78025,75021,75947,0
Female,University,Single,24,50000,45397,47264,44090,36501,28493,24663,3015,3025,2029,2015,1001,44249,41065,34472,26478,23662,0
Female,Graduate,Single,32,480000,3655,38022,5785,9233,4893,2168,38024,5785,9233,4893,2168,-2,0,0,0,0,0
Female,Graduate,Single,23,20000,19422,17545,18163,19146,18331,18736,1300,1400,1300,700,700,16245,16763,17846,17631,18036,0
Female,Graduate,Single,24,150000,1495,2053,0,0,0,0,2060,0,0,0,0,-7,0,0,0,0,0
Female,University,Single,22,20000,15847,16885,18418,18915,17639,0,1300,1803,1300,1333,0,15585,16615,17615,16306,0,0
Female,Graduate,Single,29,360000,0,0,0,0,0,0,0,0,0,0,0,0,0,0,0,0,0
Female,Graduate,Single,33,200000,8819,8565,14567,157631,143678,159782,8656,14040,154888,12848,50000,-91,527,2743,130830,109782,1
Female,Graduate,Single,28,20000,4647,3567,20330,13463,9192,7315,5057,17000,0,0,0,-1490,3330,13463,9192,7315,0
Female,University,Single,23,50000,18085,4120,0,261,28606,24041,7000,0,261,46506,2000,-2880,0,0,-17900,22041,0
Female,University,Single,23,70000,64882,63824,63352,28085,28487,27006,2782,2700,1732,1134,1128,61042,60652,26353,27353,25878,1
Female,University,Single,23,120000,116314,115653,108971,83592,22321,32150,6019,5000,5000,2000,20000,109634,103971,78592,20321,12150,0
Female,High School,Married,46,50000,13406,15175,16227,17746,7496,7877,2000,1600,2100,1930,500,13175,14627,15646,5566,7377,0
Female,Graduate,Married,36,310000,157173,160555,170288,175252,177855,181846,6000,12398,7814,7000,7000,154555,157890,167438,170855,174846,0
Female,University,Single,24,60000,54216,55313,56127,57149,53721,54703,2000,2100,2000,2100,2000,53313,54027,55149,51621,52703,0
Female,Graduate,Single,22,20000,23050,22101,20912,19480,19129,20014,1336,2502,1700,807,2002,20765,18410,17780,18322,18012,0
Female,University,Single,22,20000,6900,6643,7872,9077,10989,10529,0,1500,1500,2225,0,6643,6372,7577,8764,10529,1
Female,Graduate,Single,22,50000,3560,4582,7692,12048,3750,95,1090,3200,0,2000,95,3492,4492,12048,1750,0,1
Female,University,Single,22,80000,18429,19500,14366,15369,14595,14363,2015,1500,1252,330,1829,17485,12866,14117,14265,12534,0
Female,University,Single,22,20000,16990,17960,18923,19706,19818,20006,3000,3001,3000,2000,1002,14960,15922,16706,17818,19004,0
Female,Other,Single,22,20000,19568,19420,15535,1434,500,0,4641,1019,900,0,1500,14779,14516,534,500,-1500,1
Female,Graduate,Married,23,10000,7641,8557,9080,1410,9508,8997,1262,1000,1115,9329,331,7295,8080,295,179,8666,0
Female,University,Married,21,20000,17617,17540,25816,12957,9602,9357,1489,2302,2400,0,2000,16051,23514,10557,9602,7357,0
Female,University,Single,21,20000,18455,13081,12582,14255,14138,16138,1327,0,2000,283,2000,11754,12582,12255,13855,14138,0
Female,University,Single,22,30000,18424,18905,15037,2986,4212,1161,1311,1065,1000,1226,1161,17594,13972,1986,2986,0,0
Female,Graduate,Single,21,20000,2798,3214,647,0,7273,6490,2000,647,489,7273,130,1214,0,-489,0,6360,0
Female,Graduate,Single,22,20000,18479,2005,7839,5386,10690,3413,2022,15210,1000,10690,3413,-17,-7371,4386,0,0,0
Female,University,Single,22,20000,15712,15162,16188,17212,19363,18771,0,1276,1300,2443,0,15162,14912,15912,16920,18771,0
Female,University,Single,22,50000,51798,50497,30935,14010,19110,19500,0,1663,1544,5500,390,50497,29272,12466,13610,19110,0
Female,Graduate,Single,23,50000,8889,10234,13734,14754,16499,18223,1500,4000,1255,2000,2000,8734,9734,13499,14499,16223,0
Female,High School,Single,23,50000,3237,5365,8263,14054,22071,20506,5389,8276,14075,15022,3012,-24,-13,-21,7049,17494,1
Female,University,Single,22,20000,10294,3203,199,2780,0,0,4000,0,2780,0,0,-797,199,0,0,0,1
Female,University,Single,22,20000,8628,8350,8076,7798,8110,10194,0,0,0,441,2368,8350,8076,7798,7669,7826,1
Female,Graduate,Single,23,80000,390,390,390,390,740,552,390,780,390,740,552,0,-390,0,0,0,0
Female,University,Single,23,80000,43275,42504,42471,43302,40516,43487,1700,1800,1600,1500,3500,40804,40671,41702,39016,39987,0
Female,University,Single,23,130000,69,0,0,0,0,0,0,0,0,0,0,0,0,0,0,0,0
Female,Graduate,Single,24,200000,675,1053,0,500,2057,23322,1053,0,500,2057,23322,0,0,0,0,0,0
Female,Graduate,Single,24,50000,27320,50339,40791,13676,9457,390,27704,5000,13676,9457,14000,22635,35791,0,0,-13610,0
Female,Graduate,Single,22,20000,12476,14951,14426,16471,15909,17151,3000,0,2600,0,1500,11951,14426,13871,15909,15651,0
Female,University,Single,22,20000,15706,15757,15436,16331,10229,10250,1000,1000,1200,900,700,14757,14436,15131,9329,9550,1
Female,University,Single,22,50000,44980,41140,31888,28639,26737,24784,7,1580,1621,1020,2473,41133,30308,27018,25717,22311,1
Female,University,Single,23,60000,9491,9094,43457,34481,28695,26040,0,43460,1700,1100,1000,9094,-3,32781,27595,25040,0
Female,University,Single,22,130000,8570,527,11249,7816,16578,16129,527,11249,1200,16578,0,0,0,6616,0,16129,0
Female,University,Single,22,80000,1247,0,32320,0,0,0,0,32320,0,0,0,0,0,0,0,0,1
Female,University,Single,34,170000,156526,160926,162960,165645,168386,129230,7500,6116,5600,5000,5000,153426,156844,160045,163386,124230,0
Female,Graduate,Single,23,90000,18418,23068,24146,25692,27364,24521,5000,1454,2000,2000,1500,18068,22692,23692,25364,23021,0
Female,University,Married,23,20000,3426,11581,10713,4272,4285,16542,11615,10739,4272,13,16687,-34,-26,0,4272,-145,0
Female,Graduate,Single,23,20000,1207,0,174,1200,1434,0,0,174,1200,1434,0,0,0,0,0,0,0
Female,University,Single,23,80000,38587,27558,23470,21539,14578,11766,5000,5000,10006,14614,11766,22558,18470,11533,-36,0,0
Female,University,Single,22,30000,26568,27556,29963,28835,30174,28603,1762,3500,0,2297,40,25794,26463,28835,27877,28563,1
Female,Graduate,Single,22,30000,18324,20986,20808,18908,19556,19148,3300,1300,0,2300,0,17686,19508,18908,17256,19148,0
Female,High School,Married,23,30000,15003,15955,15410,17149,18362,18919,1500,0,2000,1500,1000,14455,15410,15149,16862,17919,1
Female,University,Single,23,150000,956,66470,66187,65419,61645,64189,66470,2451,2543,5000,4189,0,63736,62876,56645,60000,0
Female,Graduate,Single,23,50000,40756,48482,47226,11151,-2897,48211,10000,2500,3002,1500,52000,38482,44726,8149,-4397,-3789,1
Female,University,Single,23,80000,-1678,75061,3647,2173,390,780,78000,3647,0,0,780,-2939,0,2173,390,0,0
Female,Graduate,Single,23,30000,20958,12186,5754,5070,759,2480,1092,1109,1000,759,2480,11094,4645,4070,0,0,1
Female,Graduate,Single,23,60000,26596,29332,28577,30805,31601,32349,3500,0,2709,1600,1400,25832,28577,28096,30001,30949,1
Female,University,Single,23,100000,42409,43404,44446,45704,54916,56063,1700,1742,2000,10000,2025,41704,42704,43704,44916,54038,0
Female,Graduate,Single,23,140000,35206,26200,27771,29261,20121,24263,2000,2000,2025,1300,4500,24200,25771,27236,18821,19763,0
Female,Graduate,Single,23,140000,1217,866,390,0,2601,179,866,390,0,2601,0,0,0,0,0,179,0
Female,Other,Married,23,70000,30847,31849,33333,34344,35032,35807,1516,2000,1600,1215,1300,30333,31333,32744,33817,34507,0
Female,University,Single,22,70000,34970,19188,19998,22919,23128,23030,1313,1689,4000,958,1036,17875,18309,18919,22170,21994,0
Female,University,Married,28,30000,21588,20942,23691,23012,26105,30500,0,3100,0,3500,5000,20942,20591,23012,22605,25500,1
Female,High School,Single,22,50000,1261,1261,2136,1560,1170,780,1261,2136,0,0,0,0,0,1560,1170,780,1
Female,University,Single,22,50000,49559,49548,50148,48910,29848,26159,1100,1700,1500,1000,1000,48448,48448,47410,28848,25159,1
Female,High School,Married,22,30000,23185,24194,25529,26563,28120,28558,1400,1730,1760,2310,1033,22794,23799,24803,25810,27525,0
Female,High School,Single,23,30000,28371,28238,28963,29991,22876,22177,2000,2000,2000,2000,2000,26238,26963,27991,20876,20177,1
Female,Graduate,Single,24,30000,0,0,0,745,0,0,0,0,745,0,0,0,0,0,0,0,0
Female,Graduate,Single,25,20000,11629,11936,12643,13447,8199,8416,1193,1290,1094,1000,316,10743,11353,12353,7199,8100,0
Female,Other,Single,23,60000,60876,60606,58227,60538,45018,38086,2523,2155,45088,1722,1523,58083,56072,15450,43296,36563,0
Female,Graduate,Single,23,200000,72853,73688,56073,57790,58356,60135,2933,2100,2659,2100,2700,70755,53973,55131,56256,57435,0
Female,Graduate,Single,23,80000,0,0,0,0,826,1803,0,0,0,826,1803,0,0,0,0,0,1
Female,Graduate,Single,23,170000,15639,14431,15437,13838,14915,10090,1265,3437,2115,2920,1500,13166,12000,11723,11995,8590,0
Female,University,Single,24,230000,160,237,436,12488,932,317,237,586,12511,1249,0,0,-150,-23,-317,317,1
Female,Graduate,Single,24,90000,14085,13558,12193,12986,11831,12488,0,2000,1300,700,1000,13558,10193,11686,11131,11488,1
Female,University,Single,24,290000,262476,180959,162007,143679,375499,222575,8000,6500,6100,235075,10047,172959,155507,137579,140424,212528,1
Female,University,Single,24,60000,8086,6936,4102,3891,4669,6083,3015,4102,0,1000,1500,3921,0,3891,3669,4583,0
Female,Graduate,Single,24,20000,18252,19650,19054,20285,19563,17899,2000,0,2000,0,356,17650,19054,18285,19563,17543,1
Female,University,Married,23,50000,25526,26527,27577,28528,28689,29289,1431,1481,1432,992,1027,25096,26096,27096,27697,28262,0
Female,University,Single,23,210000,9987,14769,16658,21032,19497,3510,5000,5000,5000,8000,2000,9769,11658,16032,11497,1510,0
Female,University,Single,29,290000,140809,130127,131218,124556,127300,129357,6201,5113,5006,6006,5501,123926,126105,119550,121294,123856,0
Female,University,Single,23,90000,29357,26003,27090,27767,28108,29848,1500,1500,1800,1100,2200,24503,25590,25967,27008,27648,0
Female,University,Single,23,50000,37259,32822,20669,4510,2893,2000,1750,1150,1000,300,400,31072,19519,3510,2593,1600,0
Female,University,Single,23,50000,32206,65339,33329,20935,15809,16133,1630,6348,0,420,593,63709,26981,20935,15389,15540,0
Female,High School,Single,24,20000,1360,1301,2257,2641,5041,248,1301,1267,1648,4041,0,0,990,993,1000,248,0
Female,University,Single,23,360000,37927,2047,3794,8521,7119,5725,2057,4294,8535,1535,5753,-10,-500,-14,5584,-28,0
Female,Graduate,Single,23,230000,34975,35950,18661,12157,13104,13314,2000,1241,1157,1104,814,33950,17420,11000,12000,12500,0
Female,Graduate,Single,24,30000,19998,21212,18127,14439,11026,10523,3001,2013,2001,2002,1500,18211,16114,12438,9024,9023,0
Female,Graduate,Single,23,30000,17462,27086,28299,29585,27952,29790,10000,2013,3016,759,2042,17086,26286,26569,27193,27748,0
Female,University,Single,23,70000,45743,38365,38988,38192,28775,16497,1619,4000,1200,592,330,36746,34988,36992,28183,16167,0
Female,University,Single,25,20000,18696,20086,20285,16530,0,0,1705,1418,2011,0,0,18381,18867,14519,0,0,1
Female,University,Single,25,80000,390,0,0,0,0,0,0,0,0,0,0,0,0,0,0,0,0
Female,University,Single,24,80000,80690,79451,80672,79681,78569,79817,2852,2906,2828,2790,2887,76599,77766,76853,75779,76930,0
Female,University,Single,25,50000,49173,50141,96860,48803,19324,19668,1800,2100,2600,1000,1000,48341,94760,46203,18324,18668,0
Female,Other,Single,22,30000,13738,10455,19869,26173,26848,27266,4000,10001,7000,1107,1000,6455,9868,19173,25741,26266,0
Female,Graduate,Single,22,30000,28000,30463,29697,29760,21061,1894,3703,0,1000,421,1894,26760,29697,28760,20640,0,0
Female,University,Single,22,70000,53399,49108,49674,44568,31156,30954,1841,2243,1467,1076,1096,47267,47431,43101,30080,29858,0
Female,University,Single,24,30000,30767,28818,30411,28805,26895,27162,1600,2517,4006,2000,1000,27218,27894,24799,24895,26162,0
Female,University,Married,24,110000,9787,-1256,65064,66102,54275,51791,5,68500,3114,4016,2000,-1261,-3436,62988,50259,49791,0
Female,University,Single,24,160000,55559,51972,34983,26514,17602,9308,3010,3000,2000,1000,2000,48962,31983,24514,16602,7308,0
Female,University,Single,22,30000,29412,27559,31090,31247,30493,31148,0,4000,1000,0,1100,27559,27090,30247,30493,30048,1
Female,University,Single,24,40000,19012,20018,21047,22360,22499,22969,1326,1355,1668,807,834,18692,19692,20692,21692,22135,1
Female,University,Single,25,160000,0,1000,2043,3133,0,0,1000,1043,1133,0,0,0,1000,2000,0,0,1
Female,University,Single,23,50000,33999,34997,36030,36740,37469,38254,1867,1900,1610,1339,1387,33130,34130,35130,36130,36867,1
Female,Graduate,Single,23,160000,77947,78960,79594,49777,327,222,4000,3000,1000,0,222,74960,76594,48777,327,0,1
Female,University,Single,22,30000,3077,390,1946,2503,0,780,390,1946,1000,0,780,0,0,1503,0,0,0
Female,University,Single,23,70000,64655,63031,64440,62816,63473,65112,0,3000,0,2300,2661,63031,61440,62816,61173,62451,0
Female,University,Married,24,150000,12769,424,177,1596,405,0,902,177,1596,405,0,-478,0,0,0,0,0
Female,University,Married,24,50000,46485,34462,26809,27809,29705,26856,1523,1609,1500,2305,0,32939,25200,26309,27400,26856,0
Female,Graduate,Married,24,80000,79393,77400,78453,48027,52378,49750,3400,3000,5027,8500,0,74000,75453,43000,43878,49750,0
Female,University,Single,24,50000,35845,36449,37858,38924,41170,40379,1500,2000,2000,3200,0,34949,35858,36924,37970,40379,1
Female,University,Single,24,50000,54519,53638,53676,51786,34919,33571,2000,2880,1950,1050,1010,51638,50796,49836,33869,32561,0
Female,High School,Married,25,30000,26277,25896,27460,27735,27711,28643,2000,2000,2000,2000,1500,23896,25460,25735,25711,27143,0
Female,High School,Married,27,250000,324204,308506,294198,278964,270046,265787,5000,6000,5000,9600,14000,303506,288198,273964,260446,251787,0
Female,Graduate,Married,23,70000,3000,0,0,0,0,0,0,0,0,0,0,0,0,0,0,0,0
Female,University,Single,23,150000,330,330,63917,59865,59258,57924,330,63917,2100,2100,2200,0,0,57765,57158,55724,0
Female,Graduate,Single,25,320000,179893,183466,187397,187999,191388,40940,6558,7254,4308,4274,1296,176908,180143,183691,187114,39644,0
Female,Other,Single,25,80000,11521,5219,4560,5450,0,0,1500,2000,1000,0,0,3719,2560,4450,0,0,0
Female,High School,Single,26,30000,11167,13281,13773,14647,14713,14337,2600,1000,1400,600,0,10681,12773,13247,14113,14337,1
Female,Graduate,Single,23,50000,47160,51034,50204,44580,4712,3914,5000,4000,1010,5504,5500,46034,46204,43570,-792,-1586,0
Female,High School,Single,23,30000,33171,32678,32218,31963,30942,29945,1524,1537,1755,1207,1076,31154,30681,30208,29735,28869,0
Female,University,Single,23,20000,8936,9700,0,0,0,0,1000,0,0,0,0,8700,0,0,0,0,0
Female,University,Married,25,200000,108174,111378,113751,110828,110592,103734,5000,4200,3820,4000,3760,106378,109551,107008,106592,99974,1
Female,University,Single,22,20000,12932,13940,14654,16712,16149,18112,1532,1246,2304,0,2390,12408,13408,14408,16149,15722,1
Female,University,Single,24,100000,84098,83160,81265,83012,84933,94362,1000,0,3100,3300,11000,82160,81265,79912,81633,83362,1
Female,Graduate,Single,26,20000,18194,19043,18451,19961,19229,19694,1446,0,1956,0,651,17597,18451,18005,19229,19043,1
Female,University,Single,24,130000,10071,50961,44362,43359,39010,36546,46034,1800,1659,1200,1150,4927,42562,41700,37810,35396,0
Female,Other,Single,24,50000,42207,43517,44330,45404,46363,47630,2000,1800,1800,1700,2000,41517,42530,43604,44663,45630,0
Female,Other,Married,25,200000,149886,140541,96253,76131,37282,24421,5388,3300,2124,912,1000,135153,92953,74007,36370,23421,1
Female,University,Married,25,20000,0,0,0,0,0,0,0,0,0,0,0,0,0,0,0,0,1
Female,University,Married,26,20000,7072,1514,1898,2558,2498,4074,2,1198,1500,500,2000,1512,700,1058,1998,2074,0
Female,Graduate,Single,26,100000,3144,2949,4480,764,528,933,0,1795,0,13,933,2949,2685,764,515,0,0
Female,University,Single,24,170000,64142,54347,55677,59096,50536,15851,3000,3000,5000,10000,5000,51347,52677,54096,40536,10851,0
Female,Graduate,Single,22,80000,48305,48823,41495,36733,27692,27872,1739,1701,1439,980,1005,47084,39794,35294,26712,26867,0
Female,Graduate,Single,26,130000,1815,3520,727,-173,-173,-173,3532,857,1000,0,0,-12,-130,-1173,-173,-173,1
Female,High School,Married,26,50000,50002,51190,47959,49099,28540,29114,2330,0,2470,1215,1231,48860,47959,46629,27325,27883,1
Female,University,Single,26,280000,25989,27052,28111,29138,29852,30717,1800,1800,1800,1500,1500,25252,26311,27338,28352,29217,0
Female,University,Single,27,130000,3359,-191,191,2898,4728,5149,0,382,2898,1900,500,-191,-191,0,2828,4649,0
Female,University,Married,27,150000,9377,11908,-5132,20710,0,0,11908,3038,42429,0,0,0,-8170,-21719,0,0,0
Female,Graduate,Single,23,130000,0,0,0,0,0,1250,0,0,0,0,1250,0,0,0,0,0,0
Female,University,Single,23,30000,20194,24860,24180,25467,26241,30637,5000,0,2000,1500,5000,19860,24180,23467,24741,25637,0
Female,Graduate,Single,23,50000,50933,50906,48560,49826,34318,19884,2400,2500,2608,700,3381,48506,46060,47218,33618,16503,0
Female,University,Single,24,120000,89240,87970,82837,73297,73084,68697,8000,3500,3500,3000,3000,79970,79337,69797,70084,65697,0
Female,University,Single,24,30000,28218,28704,30428,28914,29357,29955,2000,3600,0,1200,1200,26704,26828,28914,28157,28755,0
Female,University,Single,25,80000,69816,71257,72812,74305,75872,77554,2600,2700,2700,2800,2900,68657,70112,71605,73072,74654,0
Female,Graduate,Single,23,80000,1178,2550,182,-2194,2188,6424,2550,1026,1350,4382,6443,0,-844,-3544,-2194,-19,0
Female,Graduate,Single,23,20000,15781,20124,19423,20140,19991,20079,5000,2000,1500,1000,600,15124,17423,18640,18991,19479,1
Female,High School,Married,23,80000,333,333,333,333,0,75,333,333,333,0,75,0,0,0,0,0,0
Female,University,Married,27,30000,25243,26261,29038,28289,28543,30544,1730,3500,0,1011,2450,24531,25538,28289,27532,28094,0
Female,Graduate,Single,26,120000,6500,4899,6500,6825,5635,2833,4899,6500,6825,5635,5497,0,0,0,0,-2664,0
Female,Graduate,Single,26,110000,104804,107979,93600,0,0,0,4988,1872,0,0,0,102991,91728,0,0,0,0
Female,Graduate,Single,25,70000,64822,61851,62007,38391,38996,39819,2502,2075,2000,1541,1600,59349,59932,36391,37455,38219,0
Female,Graduate,Single,25,300000,0,9048,4040,0,1092,1681,9048,4040,0,1092,1681,0,0,0,0,0,0
Female,University,Single,25,160000,5536,15041,15877,12311,16270,7922,15046,4055,6000,7000,3000,-5,11822,6311,9270,4922,0
Female,University,Single,25,150000,44552,43702,44798,44280,38006,32978,2022,2118,1800,1300,1300,41680,42680,42480,36706,31678,0
Female,University,Married,47,210000,2295,561,2607,3586,3676,4095,566,2617,3591,3680,4095,-5,-10,-5,-4,0,1
Female,University,Single,26,20000,16976,17687,18894,19693,19894,3473,1300,1500,1250,451,160,16387,17394,18443,19443,3313,0
Female,University,Single,26,240000,150886,141315,128940,124226,113133,113966,6537,6349,5834,3870,4000,134778,122591,118392,109263,109966,0
Female,University,Single,25,60000,995,7348,7242,6682,6223,7007,7353,2007,2011,2005,3003,-5,5235,4671,4218,4004,0
Female,University,Single,25,20000,7712,14042,14371,17963,17185,16638,6742,1100,4100,6,2000,7300,13271,13863,17179,14638,0
Female,University,Single,25,130000,136963,133293,133207,131578,101612,101650,0,6867,5660,3800,3677,133293,126340,125918,97812,97973,0
Female,University,Married,25,330000,118053,197622,25664,9461,6407,15791,198842,25000,9004,6000,15000,-1220,664,457,407,791,0
Female,Graduate,Married,25,50000,48294,48993,50702,49663,0,0,1805,2514,2475,0,0,47188,48188,47188,0,0,1
Female,Graduate,Single,24,110000,67729,64388,63447,65394,66810,68732,3000,3000,3000,2500,3000,61388,60447,62394,64310,65732,0
Female,High School,Married,24,50000,44742,45737,46814,47978,48733,50241,1737,1814,1978,1733,2241,44000,45000,46000,47000,48000,0
Female,University,Single,24,90000,24179,0,0,0,0,0,0,0,0,0,0,0,0,0,0,0,0
Female,University,Single,26,130000,131336,123443,132517,133747,134230,131986,6000,12600,4900,5105,0,117443,119917,128847,129125,131986,0
Female,High School,Married,26,150000,92802,91166,99655,100000,0,0,7500,10000,2000,0,0,83666,89655,98000,0,0,0
Female,University,Single,27,140000,515,0,0,0,0,0,0,0,0,0,0,0,0,0,0,0,0
Female,University,Single,24,150000,143212,137963,139520,99814,100810,103233,5500,5500,4500,3500,4000,132463,134020,95314,97310,99233,0
Female,University,Single,26,50000,48510,48217,25192,15741,3041,0,1800,3000,1000,3041,0,46417,22192,14741,0,0,1
Female,Graduate,Single,26,40000,6223,7944,8961,3090,390,795,2000,1196,1000,1950,795,5944,7765,2090,-1560,0,1
Female,University,Single,27,170000,164646,162671,166202,161973,167201,161327,7200,7500,6000,10000,7000,155471,158702,155973,157201,154327,0
Female,University,Single,24,60000,3485,2488,20956,22462,21476,23164,0,24419,2018,15000,2000,2488,-3463,20444,6476,21164,0
Female,University,Single,25,200000,0,169,1192,1599,0,0,169,1192,1599,0,0,0,0,0,0,0,0
Female,Graduate,Single,25,80000,-51,68779,70239,72556,75372,75406,72500,2564,3500,4000,3000,-3721,67675,69056,71372,72406,0
Female,Graduate,Single,25,100000,13201,14671,16120,18588,13272,13549,2000,2000,2786,0,639,12671,14120,15802,13272,12910,0
Female,University,Single,25,170000,65531,64149,46188,42793,30466,25583,2019,2006,2002,788,989,62130,44182,40791,29678,24594,0
Female,Graduate,Single,26,140000,131863,136170,139270,137548,96340,94201,6500,6799,5100,3300,3400,129670,132471,132448,93040,90801,0
Female,University,Single,26,90000,70457,64479,31470,28996,26067,23292,2850,1900,1700,1000,1000,61629,29570,27296,25067,22292,0
Female,Other,Married,26,70000,71993,71158,70557,37209,28905,28455,2851,3500,1500,1300,1100,68307,67057,35709,27605,27355,0
Female,Graduate,Single,26,120000,80975,82069,83808,85414,84569,85771,4000,3061,3019,2987,3174,78069,80747,82395,81582,82597,0
Female,University,Married,26,60000,28768,29510,30389,24914,25408,25941,1524,1403,1500,908,941,27986,28986,23414,24500,25000,0
Female,University,Single,26,150000,107506,108154,43027,4946,3460,4112,5109,1316,1004,104,2012,103045,41711,3942,3356,2100,0
Female,High School,Married,24,50000,27172,28078,21165,1515,0,0,1390,1650,1000,0,0,26688,19515,515,0,0,0
Female,High School,Married,26,80000,78627,46314,75145,76846,58422,58131,3000,50000,4021,3300,2100,43314,25145,72825,55122,56031,0
Female,University,Single,27,310000,60692,63668,68612,73441,123966,127957,4000,6000,6000,52000,6000,59668,62612,67441,71966,121957,0
Female,Graduate,Single,23,50000,22939,23966,24939,23962,24439,25044,1413,1386,1399,876,1000,22553,23553,22563,23563,24044,0
Female,University,Married,23,20000,12483,15032,14506,15516,15561,15910,3071,0,1555,600,600,11961,14506,13961,14961,15310,1
Female,Graduate,Single,24,80000,4711,5737,8818,8471,8644,8820,1266,3347,0,173,176,4471,5471,8471,8471,8644,1
Female,Graduate,Single,25,180000,2654,-632,-632,-632,-632,-632,0,0,0,0,0,-632,-632,-632,-632,-632,0
Female,University,Married,23,50000,40544,41098,28383,28937,29119,29334,2000,1500,1432,1004,1035,39098,26883,27505,28115,28299,0
Female,University,Single,22,70000,66505,67514,69038,69927,50579,49483,2501,3001,2608,1777,1792,65013,66037,67319,48802,47691,1
Female,University,Married,25,20000,17294,21821,21197,20400,20000,20000,4821,0,0,0,0,17000,21197,20400,20000,20000,0
Female,University,Married,24,60000,28600,27073,27396,27499,28060,27472,0,1460,1439,1000,1014,27073,25936,26060,27060,26458,1
Female,University,Single,25,30000,25267,26353,25650,26416,27178,28332,1800,0,1500,1200,1750,24553,25650,24916,25978,26582,0
Female,University,Single,24,20000,2968,3980,5075,5979,6796,6463,1223,1318,1183,1000,0,2757,3757,4796,5796,6463,1
Female,Other,Single,25,280000,8574,10420,12211,12639,22439,18096,2000,2000,3000,10000,5096,8420,10211,9639,12439,13000,0
Female,University,Single,25,30000,0,1232,27287,27874,28430,29093,1232,31484,1444,1000,1100,0,-4197,26430,27430,27993,0
Female,Graduate,Single,26,40000,26487,27255,26532,29089,28522,28914,1500,0,3000,200,1000,25755,26532,26089,28322,27914,1
Female,University,Single,25,130000,14351,10473,9429,10413,7874,7158,2000,3000,3000,4000,1000,8473,6429,7413,3874,6158,0
Female,University,Single,25,90000,44727,42751,43421,45878,46054,47252,2000,1851,3500,1519,2000,40751,41570,42378,44535,45252,0
Female,University,Single,25,260000,5008,10698,3863,56173,15700,5049,10698,3863,56006,5712,1000,0,0,167,9988,4049,0
Female,Graduate,Single,26,100000,123,123,123,123,123,123,123,123,123,123,123,0,0,0,0,0,1
Female,Graduate,Single,24,50000,33879,35211,36263,37061,37943,42305,1900,1918,1700,1500,5000,33311,34345,35361,36443,37305,1
Female,High School,Single,24,190000,54186,55466,57358,10890,287,49983,2000,2700,1100,287,49696,53466,54658,9790,0,287,0
Female,University,Single,22,70000,32845,31377,31420,30940,24765,25942,3100,6000,1125,1300,3000,28277,25420,29815,23465,22942,0
Female,University,Married,26,50000,49855,51099,51192,50895,19535,20093,4100,3000,3500,1000,1000,46999,48192,47395,18535,19093,0
Female,University,Single,26,40000,37423,40742,38582,39478,39620,38687,3967,0,1858,1500,5000,36775,38582,37620,38120,33687,0
Female,Graduate,Single,26,200000,203025,201474,158869,145723,139960,142193,10010,10000,7000,6000,5500,191464,148869,138723,133960,136693,0
Female,Graduate,Single,26,100000,0,0,0,0,0,0,0,0,0,0,0,0,0,0,0,0,0
Female,University,Single,26,220000,1534,3524,2130,7510,1117,916,3524,2130,7521,1117,916,0,0,-11,0,0,0
Female,University,Married,27,200000,14753,3670,5865,1303,4579,1107,3670,5865,1303,4579,1107,0,0,0,0,0,0
Female,High School,Married,27,50000,1884,570,180,2672,3101,5465,570,0,2672,3101,5465,0,180,0,0,0,0
Female,University,Single,27,360000,1189,-11,-11,-11,-11,2339,0,0,0,0,2350,-11,-11,-11,-11,-11,0
Female,Graduate,Single,25,170000,8046,6130,3653,32511,24814,25293,1085,1000,32517,1023,10000,5045,2653,-6,23791,15293,0
Female,High School,Other,26,250000,28507,138894,131031,83674,64760,52397,129565,10000,3011,3000,2500,9329,121031,80663,61760,49897,0
Female,University,Single,26,80000,76540,81373,79496,78641,48837,50592,8000,0,3300,2000,3800,73373,79496,75341,46837,46792,0
Female,University,Single,23,110000,19980,20683,21654,21998,23255,24527,2500,2000,1400,2000,1800,18183,19654,20598,21255,22727,0
Female,University,Single,23,20000,10513,3367,444,20444,18976,19802,1000,444,20000,600,1000,2367,0,444,18376,18802,0
Female,University,Married,25,20000,11202,12228,12738,11207,6720,5071,1500,1005,0,511,1283,10728,11733,11207,6209,3788,1
Female,University,Single,24,60000,29832,18628,15069,15761,5879,-2879,1538,1308,1000,118,1329,17090,13761,14761,5761,-4208,0
Female,University,Single,24,170000,19103,14434,160153,160823,128646,124547,3000,157541,8020,5260,5000,11434,2612,152803,123386,119547,0
Female,University,Single,24,150000,66731,64787,38948,24707,304,635,3000,3125,2065,307,635,61787,35823,22642,-3,0,0
Female,University,Single,24,210000,973,4197,1772,7293,1508,2498,4224,2631,8132,1563,2506,-27,-859,-839,-55,-8,0
Female,University,Single,25,230000,10379,7835,8926,13283,20060,3904,2255,8926,5291,20060,3904,5580,0,7992,0,0,0
Female,University,Single,25,160000,1532,0,465,1791,1644,956,0,465,1792,33,0,0,0,-1,1611,956,0
Female,University,Single,25,150000,38494,38667,32794,30786,24250,20052,1516,1693,2007,1007,1000,37151,31101,28779,23243,19052,0
Female,University,Single,26,210000,4341,402,11305,1368,2684,1397,402,11401,1368,2684,1397,0,-96,0,0,0,0
Female,University,Single,28,300000,603,4728,0,0,0,279,4747,0,0,0,279,-19,0,0,0,0,0
Female,Graduate,Single,27,340000,7453,2928,1564,7726,4536,4961,2942,1586,7742,1300,4985,-14,-22,-16,3236,-24,0
Female,Graduate,Single,24,150000,2901,0,0,0,0,0,0,0,0,0,0,0,0,0,0,0,1
Female,University,Single,25,50000,8481,2158,3359,2158,2470,662,1000,3359,1000,2470,500,1158,0,1158,0,162,0
Female,Graduate,Single,27,160000,717,3265,5105,3326,5482,2698,3269,5109,3328,5494,2864,-4,-4,-2,-12,-166,1
Female,Graduate,Single,25,50000,40067,43099,42133,43127,44210,45844,4000,0,2000,1800,2500,39099,42133,41127,42410,43344,1
Female,University,Single,25,70000,5412,5177,6291,9085,9270,6821,0,1206,3000,185,200,5177,5085,6085,9085,6621,1
Female,University,Married,25,120000,79108,46864,75624,42754,15927,2405,3000,30000,5200,15000,2405,43864,45624,37554,927,0,0
Female,Graduate,Single,25,200000,-3,773,0,1107,586,0,776,0,1107,586,0,-3,0,0,0,0,0
Female,University,Single,25,50000,20123,19184,16834,15970,14502,12671,2880,0,1166,452,451,16304,16834,14804,14050,12220,0
Female,Graduate,Single,26,310000,27638,24020,25223,25555,24311,17992,1393,1596,1447,93,118,22627,23627,24108,24218,17874,0
Female,University,Single,24,50000,27890,27788,19742,20672,16336,16921,2000,2000,1600,1000,1000,25788,17742,19072,15336,15921,0
Female,Other,Single,24,300000,2892,4009,4725,2595,2110,20984,4039,4751,2600,2110,20984,-30,-26,-5,0,0,0
Female,University,Single,25,160000,156753,153392,143297,140984,120742,115637,10000,8000,7000,5000,5000,143392,135297,133984,115742,110637,0
Female,University,Single,25,90000,67004,65533,67475,69136,51217,50490,3000,3000,3000,2000,2000,62533,64475,66136,49217,48490,0
Female,University,Married,25,160000,116744,94894,97589,78487,78592,81326,4000,4500,3000,3000,4000,90894,93089,75487,75592,77326,0
Female,Graduate,Single,25,500000,119193,163856,170201,162212,145184,118467,70005,10051,6119,7303,15090,93851,160150,156093,137881,103377,0
Female,Graduate,Single,26,390000,0,280,0,0,0,48425,280,0,0,0,48425,0,0,0,0,0,0
Female,University,Single,26,320000,320983,319377,319368,305308,188120,192087,14000,14033,14008,7000,7000,305377,305335,291300,181120,185087,0
Female,Graduate,Single,26,50000,3655,-1,-1,-1,-1,349,0,0,0,0,350,-1,-1,-1,-1,-1,0
Female,Other,Single,27,200000,777,14893,5635,7518,13226,13845,15103,5652,7529,13226,4906,-210,-17,-11,0,8939,0
Female,University,Single,27,90000,4403,1995,300,0,0,0,1000,300,0,0,0,995,0,0,0,0,0
Female,University,Single,27,360000,12389,-5,1145,1169,-1,-1,0,1150,1174,0,0,-5,-5,-5,-1,-1,0
Female,Graduate,Single,27,180000,264,264,264,264,264,264,264,264,264,264,264,0,0,0,0,0,0
Female,University,Single,24,60000,9970,7699,9479,10213,10000,11832,1020,9479,1000,200,1832,6679,0,9213,9800,10000,0
Female,University,Single,24,250000,0,0,19449,20623,21283,21943,0,19449,1500,1000,1000,0,0,19123,20283,20943,1
Female,Graduate,Single,25,20000,15312,2846,0,0,0,0,3000,0,0,0,0,-154,0,0,0,0,0
Female,Graduate,Single,24,10000,5707,6728,7865,7105,8298,8020,1123,1260,1500,1470,0,5605,6605,5605,6828,8020,0
Female,Graduate,Single,24,110000,9334,108868,96998,94480,90860,85529,100082,4200,0,3000,3140,8786,92798,94480,87860,82389,0
Female,University,Single,25,150000,69333,2299,5290,17205,27130,3801,3401,5294,17211,14635,1,-1102,-4,-6,12495,3800,0
Female,University,Single,25,160000,154365,130024,153258,29975,65683,53856,7000,29000,1200,69364,1600,123024,124258,28775,-3681,52256,0
Female,University,Single,25,30000,13785,13272,14310,16059,15506,15687,0,1560,2300,0,580,13272,12750,13759,15506,15107,0
Female,Graduate,Single,24,30000,29492,29697,30737,27808,28204,28792,1000,3513,0,1155,1190,28697,27224,27808,27049,27602,0
Female,Graduate,Married,26,280000,4664,1578,646,3689,560,-150,1578,646,3689,560,0,0,0,0,0,-150,0
Female,Graduate,Single,28,120000,0,780,390,0,762,-18,1170,0,0,762,0,-390,390,0,0,-18,0
Female,High School,Married,27,360000,115730,102973,96363,85616,79033,72152,4371,5438,3415,2430,2568,98602,90925,82201,76603,69584,0
Female,University,Married,27,80000,42037,43134,44223,43032,43599,41557,2100,2100,2000,2293,1700,41034,42123,41032,41306,39857,0
Female,High School,Single,27,310000,83756,86353,90960,89993,92229,94473,4000,6000,3000,3000,3000,82353,84960,86993,89229,91473,0
Female,University,Married,27,80000,390,390,390,390,390,930,390,390,390,390,930,0,0,0,0,0,0
Female,Graduate,Single,28,180000,171237,172787,174667,176618,141697,143738,8000,7000,7000,5010,5200,164787,167667,169618,136687,138538,0
Female,Graduate,Single,26,130000,11149,3150,8552,5459,2850,9611,3160,8591,5463,2855,9611,-10,-39,-4,-5,0,0
Female,High School,Married,24,70000,66380,68083,50822,31179,28686,10806,4000,3012,5000,2000,3000,64083,47810,26179,26686,7806,0
Female,University,Single,24,400000,14925,12559,3926,500,1236,11975,5000,3926,500,1236,11975,7559,0,0,0,0,0
Female,Graduate,Single,22,20000,19849,15995,16572,15556,18268,17319,0,4000,1238,4500,675,15995,12572,14318,13768,16644,1
Female,Graduate,Single,23,30000,4242,3891,1005,5308,8430,0,3915,1005,5308,8443,0,-24,0,0,-13,0,0
Female,University,Single,25,80000,0,9000,380,0,0,363,9000,380,0,0,363,0,0,0,0,0,0
Female,University,Single,26,150000,11474,15023,17467,19789,20173,21696,5001,3000,2616,1000,2000,10022,14467,17173,19173,19696,0
Female,High School,Single,24,20000,5103,3773,10132,4818,0,0,3773,10139,4830,0,0,0,-7,-12,0,0,0
Female,Graduate,Single,25,20000,1983,326,3242,1206,326,326,326,3242,1206,326,326,0,0,0,0,0,0
Female,Graduate,Single,26,150000,15079,5018,6701,54574,983,25580,5018,6701,54579,983,25580,0,0,-5,0,0,0
Female,University,Single,27,60000,41546,45025,38840,31965,30297,29814,5845,2000,1812,1037,1218,39180,36840,30153,29260,28596,0
Female,Graduate,Single,27,320000,120158,122307,112144,107318,105952,109626,6000,5000,5333,5000,5000,116307,107144,101985,100952,104626,0
Female,University,Single,27,80000,725,2959,1838,2899,1376,1320,2968,1838,2899,1376,1320,-9,0,0,0,0,0
Female,Graduate,Single,25,130000,123945,127883,133400,0,0,0,6000,9000,0,0,0,121883,124400,0,0,0,0
Female,University,Married,24,400000,187790,176294,190256,89128,39276,23440,5519,44776,1502,2026,1015,170775,145480,87626,37250,22425,0
Female,Graduate,Single,25,20000,15810,15947,6012,5689,4587,2293,1249,1125,1000,92,0,14698,4887,4689,4495,2293,0
Female,Graduate,Single,24,60000,6686,1049,14020,4880,2034,978,1049,14020,4880,2233,2968,0,0,0,-199,-1990,0
Female,Graduate,Single,24,80000,47952,45713,46752,46375,46893,47872,1732,1771,1714,1632,1687,43981,44981,44661,45261,46185,0
Female,Graduate,Married,24,50000,14345,16927,16366,17380,17876,18097,2836,0,1289,785,657,14091,16366,16091,17091,17440,1
Female,Graduate,Single,25,20000,14785,15262,17650,19311,18650,20061,3000,2650,2000,1000,1561,12262,15000,17311,17650,18500,0
Female,University,Married,25,100000,99203,97294,99377,101577,99453,101879,3485,3654,3900,3729,4200,93809,95723,97677,95724,97679,0
Female,Graduate,Single,25,80000,45031,47087,48833,47750,50950,51984,3100,2800,0,4000,2000,43987,46033,47750,46950,49984,1
Female,Graduate,Single,25,140000,2555,4502,6259,7115,8135,1459,2000,2000,1000,1020,100,2502,4259,6115,7115,1359,1
Female,Graduate,Single,25,110000,103135,99731,101945,82873,68587,65648,4800,5000,4000,3000,2500,94931,96945,78873,65587,63148,0
Female,Graduate,Single,27,350000,83415,76562,64995,61464,44664,51550,4000,3312,4050,1165,20055,72562,61683,57414,43499,31495,0
Female,Graduate,Single,27,60000,-215,-215,-215,-215,13610,11132,0,0,0,13825,1132,-215,-215,-215,-215,10000,0
Female,Graduate,Single,24,50000,43878,42490,36540,16077,12134,12389,2068,2065,1246,450,451,40422,34475,14831,11684,11938,1
Female,University,Single,26,210000,107948,107525,108971,96011,87644,82077,5407,9145,12,3004,3000,102118,99826,95999,84640,79077,0
Female,High School,Single,25,50000,33831,34763,41674,15066,14066,17043,2000,10003,5001,10032,10001,32763,31671,10065,4034,7042,0
Female,Other,Married,25,80000,74180,75296,74792,75825,77454,78862,3500,4000,3400,4000,3349,71796,70792,72425,73454,75513,0
Female,University,Single,26,30000,22364,23732,30699,29727,28834,16361,1753,8500,9,700,1179,21979,22199,29718,28134,15182,1
Female,University,Single,26,150000,153070,149027,151632,151855,150713,148958,6000,6000,7000,5480,5400,143027,145632,144855,145233,143558,0
Female,Graduate,Single,26,20000,1000,8930,0,0,0,790,8930,0,0,0,790,0,0,0,0,0,0
Female,Graduate,Single,26,270000,0,0,6336,0,0,0,0,6336,0,0,0,0,0,0,0,0,0
Female,University,Single,27,50000,41126,42244,43264,43751,44731,45770,2100,2000,1500,2000,1900,40144,41264,42251,42731,43870,1
Female,University,Single,27,380000,118624,118871,120550,550,100,550,3700,3011,550,100,1000,115171,117539,0,0,-450,0
Female,Graduate,Single,28,60000,23518,25542,27649,29718,30171,30678,2700,2800,2800,1200,1100,22842,24849,26918,28971,29578,0
Female,High School,Single,26,50000,31336,32320,33408,32577,34329,33643,1800,1900,0,2600,0,30520,31508,32577,31729,33643,1
Female,University,Married,26,120000,9267,29600,1980,0,0,10853,29600,1980,0,0,42138,0,0,0,0,-31285,0
Female,Graduate,Single,26,260000,1608,19948,20330,21369,22728,21983,29447,1000,1700,2000,0,-9499,19330,19669,20728,21983,0
Female,University,Single,26,190000,51799,50667,52175,51159,54225,54826,0,2500,0,4308,1500,50667,49675,51159,49917,53326,0
Female,Graduate,Single,26,50000,16785,17801,18911,20090,20334,20856,1600,1700,1800,875,1000,16201,17211,18290,19459,19856,0
Female,Graduate,Single,26,80000,4301,0,0,2883,1856,2856,0,0,2883,1856,1000,0,0,0,0,1856,0
Female,University,Single,26,110000,1687,400,300,922,3509,1979,400,300,922,3509,0,0,0,0,0,1979,1
Female,University,Single,26,50000,28795,28506,26868,27059,27503,27045,1500,1800,1400,1000,1000,27006,25068,25659,26503,26045,0
Female,Graduate,Single,27,150000,35688,14736,36490,3125,7603,2995,14820,36672,3232,7641,3010,-84,-182,-107,-38,-15,0
Female,University,Married,27,50000,780,390,390,780,390,390,0,390,780,0,390,390,0,0,390,0,1
Female,University,Single,25,80000,83931,82122,81028,81331,60614,63153,3500,3820,3220,4010,6700,78622,77208,78111,56604,56453,0
Female,Graduate,Single,24,20000,22515,24146,25374,19075,18907,18507,2000,2024,2000,1005,1188,22146,23350,17075,17902,17319,0
Female,University,Single,24,200000,225931,229787,233553,206398,145825,140249,8271,8182,6576,5073,5095,221516,225371,199822,140752,135154,0
Female,Graduate,Single,25,80000,746,4824,690,6097,0,0,4830,0,6097,0,0,-6,690,0,0,0,0
Female,University,Single,25,70000,33390,34832,35472,38369,42729,41496,2000,1500,3500,5300,0,32832,33972,34869,37429,41496,1
Female,Graduate,Single,26,280000,189748,192338,195598,188878,186790,180240,6300,5700,5620,5000,5014,186038,189898,183258,181790,175226,0
Female,High School,Single,26,160000,2454,3488,4443,0,0,0,1083,1038,0,0,0,2405,3405,0,0,0,0
Female,University,Single,26,90000,86183,87561,92996,89866,48574,41746,4100,8548,0,1527,1617,83461,84448,89866,47047,40129,0
Female,Graduate,Single,27,200000,10603,0,2500,2500,2500,2500,0,2500,0,0,0,0,0,2500,2500,2500,0
Female,Graduate,Single,28,150000,0,382,0,0,0,904,382,0,0,0,904,0,0,0,0,0,0
Female,University,Single,27,80000,78933,78244,81584,78795,79402,80385,3400,6900,0,2800,3100,74844,74684,78795,76602,77285,0
Female,Graduate,Single,28,390000,249265,253883,250654,253336,256281,257151,8903,9300,9402,10343,7000,244980,241354,243934,245938,250151,0
Female,University,Married,28,190000,4639,4718,5610,7300,4694,2250,1100,1610,2310,2000,1000,3618,4000,4990,2694,1250,0
Female,Graduate,Single,28,240000,8451,1419,37307,1086,1494,7724,1419,37307,1086,1494,7724,0,0,0,0,0,0
Female,Graduate,Single,29,200000,5612,28352,6282,5906,8787,14988,25004,6282,5911,6000,10000,3348,0,-5,2787,4988,0
Female,University,Married,29,130000,1451,1175,2751,2995,2018,938,1175,2751,2995,2018,938,0,0,0,0,0,0
Female,University,Married,29,100000,118008,116686,113939,111079,107257,105377,5614,5600,5500,4500,5000,111072,108339,105579,102757,100377,0
Female,University,Single,29,190000,4460,5531,20867,12895,9968,9968,5537,20879,12895,0,0,-6,-12,0,9968,9968,0
Female,Graduate,Single,29,90000,84515,85777,86778,79424,78955,45916,4200,4000,3100,2000,3000,81577,82778,76324,76955,42916,0
Female,High School,Married,27,20000,6294,2388,4087,4339,3288,3288,1500,1748,500,0,0,888,2339,3839,3288,3288,1
Female,University,Single,26,90000,50200,49092,53295,53826,54548,55525,0,5000,2000,2200,2000,49092,48295,51826,52348,53525,0
Female,University,Single,26,90000,86335,88520,90311,91431,92840,91205,4500,4100,3500,3800,0,84020,86211,87931,89040,91205,0
Female,University,Single,27,80000,74250,76895,79548,80280,53034,54027,4500,4500,3000,0,2000,72395,75048,77280,53034,52027,0
Female,University,Married,28,40000,31131,33815,33002,32173,34629,33940,3500,0,0,3000,0,30315,33002,32173,31629,33940,0
Female,University,Married,22,50000,25561,26951,26570,28085,27009,28142,2134,1000,2001,910,1510,24817,25570,26084,26099,26632,0
Female,Graduate,Single,25,150000,78823,80514,87096,84806,85822,87504,3000,7900,0,3300,3200,77514,79196,84806,82522,84304,0
Female,Graduate,Single,27,200000,0,127,133,386,393,286,127,133,386,400,286,0,0,0,-7,0,0
Female,University,Married,27,20000,15939,17171,18005,1822,1316,1316,1500,1200,2000,0,0,15671,16805,-178,1316,1316,0
Female,Graduate,Single,27,160000,27058,28173,21159,20018,15761,12643,3173,1459,2018,1761,1643,25000,19700,18000,14000,11000,0
Female,University,Single,28,80000,79688,78165,68579,50312,44277,44488,2800,2398,2000,2000,1700,75365,66181,48312,42277,42788,0
Female,University,Single,22,30000,28681,27862,27365,28038,28607,29234,1850,1700,1300,800,860,26012,25665,26738,27807,28374,0
Female,Graduate,Single,23,50000,2332,0,0,0,0,0,0,0,0,0,0,0,0,0,0,0,0
Female,University,Married,25,310000,191767,185445,188255,187384,184222,183544,6612,8321,7022,6021,6005,178833,179934,180362,178201,177539,0
Female,University,Single,26,50000,8056,5997,5602,6478,5453,2261,1500,1500,1011,1000,1000,4497,4102,5467,4453,1261,1
Female,University,Single,26,200000,41906,17969,29789,11740,27004,4039,18089,30223,42749,27124,22,-120,-434,-31009,-120,4017,0
Female,University,Single,22,20000,15499,16505,35110,19495,19019,18134,1270,1320,2260,784,1000,15235,33790,17235,18235,17134,1
Female,High School,Married,22,30000,0,0,0,0,0,0,0,0,0,0,0,0,0,0,0,0,0
Female,Graduate,Single,23,20000,1174,1283,0,2616,600,0,1283,0,2616,600,780,0,0,0,0,-780,1
Female,University,Single,22,50000,28544,28681,23306,16282,9451,9408,1450,1400,1300,400,400,27231,21906,14982,9051,9008,0
Female,University,Single,28,230000,24867,24437,3900,870,0,0,4300,3900,870,0,0,20137,0,0,0,0,0
Female,Graduate,Single,29,130000,430,430,230,630,430,14802,430,230,830,430,14802,0,0,-200,0,0,0
Female,Graduate,Single,29,500000,14217,33651,33134,34571,36003,37416,20000,18000,20000,20000,20007,13651,15134,14571,16003,17409,0
Female,University,Married,29,200000,78201,80895,82692,86305,88961,92513,4000,4000,5000,5000,5000,76895,78692,81305,83961,87513,0
Female,Graduate,Single,29,110000,7397,-18,-18,-18,-18,-18,2000,0,0,0,0,-2018,-18,-18,-18,-18,0
Female,Graduate,Married,30,230000,6168,5951,8698,8398,10898,7299,0,3000,0,2500,0,5951,5698,8398,8398,7299,0
Female,University,Married,30,80000,36968,390,0,0,19688,5800,390,0,0,19688,5800,0,0,0,0,0,0
Female,Graduate,Single,27,20000,4734,0,0,0,0,0,0,0,0,0,0,0,0,0,0,0,1
Female,University,Single,27,120000,15234,8247,9624,20129,10388,13316,1137,1514,1069,278,3000,7110,8110,19060,10110,10316,1
Female,Graduate,Single,27,200000,0,0,0,0,3012,3021,0,0,0,3012,9,0,0,0,0,3012,0
Female,University,Married,28,70000,16030,15502,12637,11204,10983,11901,1500,3000,0,2000,2000,14002,9637,11204,8983,9901,0
Female,University,Single,28,230000,33057,33698,36652,38421,37459,54778,1500,4767,3000,3092,17411,32198,31885,35421,34367,37367,0
Female,High School,Married,28,60000,60718,60791,46345,44425,17785,17796,2258,0,1573,800,800,58533,46345,42852,16985,16996,0
Female,University,Single,28,60000,48322,51587,52664,53059,51468,54511,4692,2500,2000,0,4019,46895,50164,51059,51468,50492,0
Female,University,Married,28,360000,9278,6198,5154,2453,570,0,6213,1025,2465,572,0,-15,4129,-12,-2,0,1
Female,University,Single,25,100000,62665,63694,65169,66501,66818,69335,2300,2500,2500,2500,3500,61394,62669,64001,64318,65835,0
Female,Graduate,Single,25,240000,0,587,0,2417,0,0,587,0,2417,0,0,0,0,0,0,0,0
Female,Graduate,Single,25,130000,1990,0,0,0,0,0,0,0,0,0,0,0,0,0,0,0,0
Female,University,Other,25,130000,3148,1574,0,0,12677,30582,5,0,0,12677,30582,1569,0,0,0,0,1
Female,Graduate,Single,25,50000,37014,36128,36317,37401,37177,37446,1900,2000,2000,2000,1000,34228,34317,35401,35177,36446,0
Female,Graduate,Married,26,150000,69716,72156,70507,59123,39386,20561,5211,111,2371,0,702,66945,70396,56752,39386,19859,1
Female,University,Single,28,300000,0,0,0,0,0,0,0,0,0,0,0,0,0,0,0,0,1
Female,Graduate,Single,28,200000,18134,18410,1213,9095,18393,612,18410,1297,9113,18393,612,0,-84,-18,0,0,0
Female,Graduate,Single,28,320000,4392,11684,1127,1943,13312,-5,11700,1135,1952,13375,5,-16,-8,-9,-63,-10,0
Female,University,Single,27,160000,0,0,0,980,0,0,0,0,980,0,0,0,0,0,0,0,0
Female,Graduate,Single,26,210000,186544,188366,173694,163481,128216,113292,8102,7798,12246,5268,5000,180264,165896,151235,122948,108292,0
Female,Graduate,Single,25,70000,37017,39980,39063,41592,39101,40310,3900,0,3500,0,2000,36080,39063,38092,39101,38310,1
Female,University,Single,25,250000,25823,26114,27446,28371,4715,4358,1500,1575,1500,1000,0,24614,25871,26871,3715,4358,0
Female,Graduate,Single,27,130000,58811,44572,10348,104698,88251,90189,1500,2753,110094,3002,3200,43072,7595,-5396,85249,86989,0
Female,Graduate,Single,27,30000,10562,12873,14371,13843,15611,15221,2500,2000,0,2000,0,10373,12371,13843,13611,15221,0
Female,Graduate,Single,27,210000,161055,156712,157087,177934,136807,139230,6000,7000,8000,6574,5500,150712,150087,169934,130233,133730,0
Female,University,Single,27,170000,173577,171480,171794,166637,169021,164531,6500,7100,6100,6000,5600,164980,164694,160537,163021,158931,1
Female,High School,Married,28,100000,30884,29770,30485,32434,32592,33102,0,1825,3100,1300,1500,29770,28660,29334,31292,31602,0
Female,University,Married,28,50000,41468,40507,41464,35334,26875,23338,0,1970,1827,1044,993,40507,39494,33507,25831,22345,0
Female,Graduate,Single,27,130000,49964,50000,0,0,0,0,1000,0,0,0,0,49000,0,0,0,0,0
Female,University,Single,26,30000,27110,27460,29710,29452,11124,0,1455,3623,2000,1038,0,26005,26087,27452,10086,0,1
Female,University,Single,30,130000,148234,144330,147035,136542,137586,141191,5200,11700,0,10000,12500,139130,135335,136542,127586,128691,0
Female,Graduate,Single,26,70000,46222,47650,48867,47808,43022,44077,2500,2300,2300,2000,1900,45150,46567,45508,41022,42177,0
Female,Graduate,Single,26,210000,23245,8487,17950,18915,19359,21604,3487,10000,2000,1000,3000,5000,7950,16915,18359,18604,0
Female,Graduate,Single,25,170000,70326,71919,68356,68724,68889,69712,3100,3626,2500,2450,2693,68819,64730,66224,66439,67019,0
Female,Graduate,Single,28,420000,7880,4623,64513,65592,57438,31029,1010,64513,2420,1473,1062,3613,0,63172,55965,29967,0
Female,University,Married,26,80000,42972,44210,42418,43410,44684,45808,2000,2100,2000,2000,2000,42210,40318,41410,42684,43808,0
Female,University,Single,26,150000,37636,27448,29890,390,257,10700,27603,29890,21890,257,10833,-155,0,-21500,0,-133,0
Female,Graduate,Single,26,200000,73508,73303,71674,12701,8855,9133,3100,2548,2050,3006,2000,70203,69126,10651,5849,7133,0
Female,University,Single,26,70000,42053,41087,42445,45020,44006,46905,0,2007,3582,0,3601,41087,40438,41438,44006,43304,1
Female,University,Single,26,90000,87606,91430,88705,65632,49431,50864,7063,7,2054,1800,2864,84367,88698,63578,47631,48000,1
Female,University,Married,27,130000,60032,54921,55055,54804,52439,52609,0,2000,6844,0,2071,54921,53055,47960,52439,50538,0
Female,University,Single,28,360000,12393,3434,79795,49160,2847,-13,3445,80401,32083,2907,13,-11,-606,17077,-60,-26,0
Female,University,Single,28,260000,181121,167875,171913,169495,167944,166881,7013,10051,10026,7039,8057,160862,161862,159469,160905,158824,0
Female,University,Single,28,160000,11832,100542,88118,65032,586,80270,100000,10000,6749,586,80000,542,78118,58283,0,270,0
Female,University,Married,28,20000,1424,10094,15018,15991,18442,18827,10094,10000,1549,3000,790,0,5018,14442,15442,18037,0
Female,High School,Married,28,140000,96008,98017,99961,101123,97375,103044,4500,4400,3700,0,7800,93517,95561,97423,97375,95244,1
Female,University,Single,29,200000,9283,0,780,2220,0,0,0,780,2220,0,0,0,0,0,0,0,0
Female,University,Married,29,200000,46139,59923,44974,30844,15833,15833,30000,1300,2000,1000,16332,29923,43674,28844,14833,-499,0
Female,University,Single,28,120000,120154,122674,123155,120267,121471,118656,6010,6108,5831,4700,4486,116664,117047,114436,116771,114170,0
Female,University,Single,29,210000,52143,53182,54331,55827,57295,58571,2500,2600,3000,3000,2200,50682,51731,52827,54295,56371,0
Female,University,Married,23,50000,37586,38866,19240,20256,20918,22081,2000,1322,1338,1000,1500,36866,17918,18918,19918,20581,1
Female,Graduate,Single,23,80000,80457,82885,80495,78027,30052,30373,4350,0,2350,1048,1077,78535,80495,75677,29004,29296,1
Female,University,Single,23,60000,56250,54971,55079,55525,56634,57052,2000,2100,2000,2000,2100,52971,52979,53525,54634,54952,0
Female,University,Married,24,50000,44159,41904,46174,40675,0,0,5000,5000,2000,0,0,36904,41174,38675,0,0,0
Female,University,Single,25,50000,26509,27521,30001,29187,31064,30487,1757,3237,0,2300,0,25764,26764,29187,28764,30487,0
Female,Graduate,Single,25,70000,53742,52281,55981,54484,59080,59096,0,4545,0,5500,2090,52281,51436,54484,53580,57006,0
Female,University,Single,25,80000,50120,49013,50051,51123,52175,53337,0,1828,1900,1900,2000,49013,48223,49223,50275,51337,1
Female,University,Married,25,50000,9587,6583,3243,1691,-1889,2720,1200,1000,1700,0,5679,5383,2243,-9,-1889,-2959,1
Female,Graduate,Single,25,30000,5285,4053,1405,3844,3427,417,0,1405,3427,0,0,4053,0,417,3427,417,1
Female,Graduate,Single,26,300000,0,0,0,0,0,0,0,0,0,0,0,0,0,0,0,0,0
Female,University,Single,26,240000,2335,2335,0,4670,0,0,2335,0,4670,0,0,0,0,0,0,0,0
Female,Other,Single,26,140000,75000,0,0,0,51571,55731,0,0,0,51571,5001,0,0,0,0,50730,0
Female,Graduate,Single,27,30000,25552,26135,27407,29002,26806,25948,1800,2000,2500,1500,1000,24335,25407,26502,25306,24948,0
Female,University,Married,29,70000,11502,11009,13997,6832,0,0,2000,4037,2000,0,0,9009,9960,4832,0,0,0
Female,University,Single,29,220000,217345,100501,74430,64485,24609,23419,4030,4000,4492,1000,1000,96471,70430,59993,23609,22419,0
Female,University,Single,29,230000,33511,34892,31917,33361,34056,32353,2000,1600,2000,1500,1500,32892,30317,31361,32556,30853,0
Female,University,Married,29,20000,13958,15016,16069,16776,17118,19835,1600,1600,1278,620,3000,13416,14469,15498,16498,16835,0
Female,University,Single,25,130000,11446,12562,12075,15844,15295,16885,1600,0,4300,0,2000,10962,12075,11544,15295,14885,0
Female,University,Single,26,60000,60455,61417,60906,45734,40629,41137,3200,2400,12,3200,1619,58217,58506,45722,37429,39518,1
Female,University,Single,26,200000,22737,12169,14328,16222,9915,11226,3000,6000,3000,2003,3101,9169,8328,13222,7912,8125,0
Female,University,Single,26,310000,11566,9532,10687,12754,16105,18823,3010,5002,4008,5000,5000,6522,5685,8746,11105,13823,0
Female,University,Single,26,240000,210437,212486,205728,205275,192059,195620,9016,10000,9000,6600,7100,203470,195728,196275,185459,188520,0
Female,Graduate,Single,26,200000,2318,7298,0,0,0,980,7478,0,0,0,980,-180,0,0,0,0,0
Female,University,Single,27,440000,197019,182336,182617,166031,148157,142034,6040,12538,5047,10522,6082,176296,170079,160984,137635,135952,0
Female,University,Single,27,180000,16996,9049,9744,8907,557,0,1249,1144,1907,557,0,7800,8600,7000,0,0,0
Female,Graduate,Single,29,300000,25370,18078,21245,36737,37071,24930,21250,23005,35012,25000,24000,-3172,-1760,1725,12071,930,0
Female,University,Single,30,160000,17357,4747,4500,32468,22485,119853,2250,0,32468,2000,104465,2497,4500,0,20485,15388,0
Female,Graduate,Single,30,160000,151270,153276,155301,155152,144602,148199,6000,6085,12534,0,6000,147276,149216,142618,144602,142199,0
Female,University,Single,30,230000,1855,187,6254,16549,6392,1828,0,6270,14085,6396,9,187,-16,2464,-4,1819,0
Female,Graduate,Married,30,160000,74286,75151,77346,78921,83303,81852,2700,3400,3458,6300,0,72451,73946,75463,77003,81852,1
Female,Graduate,Single,28,200000,38783,62793,1286,1117,1117,0,26286,0,1117,1117,0,36507,1286,0,0,0,0
Female,University,Single,29,240000,66473,46296,36751,35625,33114,35473,8000,2002,1600,2000,3000,38296,34749,34025,31114,32473,0
Female,Graduate,Single,29,420000,52898,16200,0,0,0,0,3000,0,0,0,0,13200,0,0,0,0,0
Female,Graduate,Single,30,210000,390,390,390,390,980,590,390,390,390,980,0,0,0,0,0,590,0
Female,Graduate,Single,28,220000,157215,161006,165222,168145,169162,172041,6502,8100,8200,6000,6200,154504,157122,159945,163162,165841,0
Female,Graduate,Married,28,200000,1878,576,4251,1358,300,0,576,4251,1358,300,8909,0,0,0,0,-8909,0
Female,University,Single,28,230000,0,0,233,233,20,0,0,233,0,20,0,0,0,233,0,0,0
Female,Graduate,Single,28,250000,3731,4695,7604,2919,0,0,1000,3000,3000,0,0,3695,4604,-81,0,0,0
Female,University,Married,28,80000,58784,55209,56626,56387,15980,1134,1970,2300,1352,700,1134,53239,54326,55035,15280,0,0
Female,University,Married,26,80000,26158,27041,27797,5958,11341,5259,1623,5879,1000,11360,486,25418,21918,4958,-19,4773,0
Female,High School,Married,26,50000,6064,5432,6090,6626,6513,6097,0,1136,1062,339,187,5432,4954,5564,6174,5910,1
Female,University,Single,26,20000,767,376,987,1119,-222,-222,376,987,1200,0,0,0,0,-81,-222,-222,1
Female,University,Married,27,60000,54900,55948,55188,55960,56564,57464,1971,2000,2003,2003,2070,53977,53188,53957,54561,55394,1
Female,University,Single,27,50000,19410,22085,23435,22765,22990,23369,3000,2000,0,900,900,19085,21435,22765,22090,22469,1
Female,Graduate,Single,28,310000,8193,43012,36780,31372,17308,35943,43003,2107,1246,346,30000,9,34673,30126,16962,5943,0
Female,Graduate,Single,29,140000,58971,18772,20354,23409,26440,28507,7062,2354,3409,3440,2507,11710,18000,20000,23000,26000,0
Female,Graduate,Single,27,220000,67028,32546,29814,31488,8495,10170,5332,5000,10238,5000,5000,27214,24814,21250,3495,5170,0
Female,University,Single,27,130000,0,0,0,0,0,0,0,0,0,0,0,0,0,0,0,0,0
Female,Graduate,Single,29,300000,3438,28,342,25022,0,0,28,342,25081,0,0,0,0,-59,0,0,0
Female,High School,Single,28,140000,800,7937,9920,7078,3936,1555,7937,10132,7084,4,1555,0,-212,-6,3932,0,0
Female,Graduate,Single,29,400000,1158,95,0,0,0,0,95,0,0,0,0,0,0,0,0,0,0
Female,Graduate,Married,30,200000,38398,20693,27932,12585,45031,19836,0,15015,0,45031,20000,20693,12917,12585,0,-164,0
Female,Graduate,Single,29,150000,3305,0,0,1298,359,6100,0,0,1298,359,6100,0,0,0,0,0,0
Female,Graduate,Single,27,420000,41354,45723,33124,31987,23703,22776,7004,9000,7000,5000,5000,38719,24124,24987,18703,17776,0
Female,University,Single,26,230000,18612,90523,86813,35695,5555,15165,90523,10000,5170,5000,15165,0,76813,30525,555,0,0
Female,Graduate,Single,27,210000,16186,16914,18288,19301,19383,19940,1300,1650,1620,700,870,15614,16638,17681,18683,19070,0
Female,Graduate,Single,27,120000,22225,1118,490,1433,0,1096,1118,490,1433,0,1096,0,0,0,0,0,0
Female,Graduate,Single,28,50000,36917,38098,36700,37319,37633,40307,2100,2000,1700,1307,3400,35998,34700,35619,36326,36907,0
Female,University,Single,28,200000,59373,55040,54414,53504,53670,45539,6002,3008,2006,2045,1346,49038,51406,51498,51625,44193,0
Female,University,Single,28,180000,8689,6750,9893,2690,0,0,3000,3968,2690,0,0,3750,5925,0,0,0,0
Female,University,Married,28,30000,25344,26614,27878,29103,29426,29907,2000,2000,2000,1100,1088,24614,25878,27103,28326,28819,0
Female,University,Single,29,110000,113394,108142,109325,111264,56311,58271,5314,4398,4196,1857,8271,102828,104927,107068,54454,50000,1
Female,University,Married,29,50000,82843,85305,86152,56250,57603,19336,4000,4000,2257,2000,2000,81305,82152,53993,55603,17336,0
Female,University,Single,29,120000,103944,97248,99283,101935,102754,105924,0,4500,5200,4000,5000,97248,94783,96735,98754,100924,0
Female,Graduate,Single,29,230000,33988,32803,32166,79780,58886,42295,2500,3007,51780,2025,1560,30303,29159,28000,56861,40735,0
Female,University,Married,29,80000,2801,0,21197,20400,20000,20000,0,21197,0,0,0,0,0,20400,20000,20000,1
Female,University,Single,29,320000,2391,1550,802,302,604,604,1561,906,302,604,302,-11,-104,0,0,302,0
Female,High School,Married,29,50000,46375,47479,49002,39422,15349,15078,1876,2399,1819,472,477,45603,46603,37603,14877,14601,0
Female,University,Married,29,110000,104163,92199,85868,74198,69783,66132,3400,3706,3009,2400,2300,88799,82162,71189,67383,63832,0
Female,Graduate,Single,25,150000,0,0,330,330,990,0,0,330,0,990,0,0,0,330,0,0,0
Female,Graduate,Single,26,30000,2089,780,1152,780,2678,1225,780,1152,780,2678,1544,0,0,0,0,-319,0
Female,University,Single,26,80000,35220,38215,38598,40560,40968,42321,4000,5390,3000,1453,2000,34215,33208,37560,39515,40321,0
Female,University,Single,26,150000,83446,75067,64432,54848,46098,47352,3500,3000,2000,2000,2000,71567,61432,52848,44098,45352,0
Female,Graduate,Single,26,270000,134235,62483,62134,61797,57312,57582,6000,2500,3000,7475,3000,56483,59634,58797,49837,54582,0
Female,Graduate,Single,26,160000,118204,121695,125724,129157,130567,144266,6000,5030,6000,4000,15000,115695,120694,123157,126567,129266,0
Female,Graduate,Single,29,150000,3737,4332,332,0,332,332,1000,332,0,664,0,3332,0,0,-332,332,0
Female,High School,Single,31,170000,0,0,0,0,150,167,0,0,0,150,167,0,0,0,0,0,0
Female,University,Married,31,70000,72286,71602,72457,71058,29672,28836,2600,3500,3000,1000,1500,69002,68957,68058,28672,27336,0
Female,Graduate,Single,31,210000,10968,12480,16919,11775,13275,24901,2000,6016,1000,1500,13000,10480,10903,10775,11775,11901,0
Female,Graduate,Single,30,50000,31205,23646,24418,25938,27067,28193,2000,2000,2000,1500,1500,21646,22418,23938,25567,26693,0
Female,Graduate,Single,27,70000,6851,2720,4885,11889,0,4280,0,4885,11889,0,4280,2720,0,0,0,0,0
Female,Graduate,Single,28,180000,0,652,0,326,2005,474,652,0,326,2005,474,0,0,0,0,0,0
Female,University,Single,27,260000,208,208,208,208,208,208,208,208,208,208,208,0,0,0,0,0,1
Female,University,Married,27,50000,45632,42750,39776,33164,34781,30231,1837,2500,1390,2007,2000,40913,37276,31774,32774,28231,0
Female,Graduate,Single,27,140000,142027,143536,141849,131491,94362,85863,7000,5341,4000,3500,3000,136536,136508,127491,90862,82863,0
Female,University,Married,30,100000,100963,99679,101023,93514,79361,77373,3700,3700,4148,6000,0,95979,97323,89366,73361,77373,1
Female,University,Single,29,420000,82235,67757,53524,-8318,96795,81523,3000,3000,182,123000,2740,64757,50524,-8500,-26205,78783,0
Female,University,Single,30,300000,1943,105509,97979,94349,88213,78746,107000,5006,4500,3000,3000,-1491,92973,89849,85213,75746,0
Female,University,Single,25,30000,28494,28139,27480,26960,27215,27977,1750,1804,1800,1000,1200,26389,25676,25160,26215,26777,1
Female,Other,Married,26,150000,0,0,0,0,741,0,0,0,0,741,0,0,0,0,0,0,0
Female,University,Married,26,180000,182026,111563,78169,0,2354,9446,4500,10056,200,2354,9446,107063,68113,-200,0,0,0
Female,Graduate,Single,26,330000,179887,182366,176396,171553,162251,145931,5289,5496,4721,4132,3916,177077,170900,166832,158119,142015,1
Female,University,Single,26,360000,1968,459,2500,0,0,0,463,2500,0,0,0,-4,0,0,0,0,0
Female,University,Single,27,210000,542,22366,23816,24303,16742,3187,22366,1816,1303,0,0,0,22000,23000,16742,3187,1
Female,Graduate,Single,27,90000,83840,81111,83081,60210,61221,62636,3200,3500,3000,2600,2600,77911,79581,57210,58621,60036,0
Female,University,Married,28,250000,28245,29468,31488,34060,33213,34670,2000,2500,3100,0,2000,27468,28988,30960,33213,32670,1
Female,High School,Single,24,80000,12098,11607,14814,14163,13770,15323,0,3412,0,0,1810,11607,11402,14163,13770,13513,0
Female,Graduate,Single,27,290000,109746,110359,108371,102628,100000,92238,4000,5000,6039,4000,4000,106359,103371,96589,96000,88238,0
Female,Graduate,Single,29,280000,149312,152323,155568,158775,162035,165522,5500,5700,5800,5900,6100,146823,149868,152975,156135,159422,0
Female,Graduate,Married,29,340000,11806,13535,18784,26069,20007,15857,10000,6000,23000,400,5857,3535,12784,3069,19607,10000,0
Female,Graduate,Single,29,120000,111625,110488,107488,97021,86283,87345,4012,4000,5000,3000,3300,106476,103488,92021,83283,84045,0
Female,High School,Single,31,110000,4061,2705,2487,2500,2500,0,1205,2487,2700,2500,0,1500,0,-200,0,0,0
Female,University,Single,22,30000,20439,21664,18969,23317,17689,20013,1595,2000,5000,0,5400,20069,16969,18317,17689,14613,0
Female,University,Single,24,70000,34201,49800,26194,27454,28159,25775,1800,2000,2000,1500,1500,48000,24194,25454,26659,24275,0
Female,High School,Married,24,20000,4983,-74,-74,749,0,0,0,0,823,0,0,-74,-74,-74,0,0,0
Female,University,Single,25,80000,45109,44692,44308,43757,42830,44038,2100,2100,1954,1500,3324,42592,42208,41803,41330,40714,0
Female,University,Married,25,120000,17488,19002,20805,18271,18128,16405,3000,3000,0,961,2000,16002,17805,18271,17167,14405,1
Female,Graduate,Single,26,500000,32637,35863,37860,42572,47200,59843,15943,27878,22572,17200,19843,19920,9982,20000,30000,40000,0
Female,University,Single,27,320000,180137,192621,178390,180346,178832,182860,17100,0,8000,7000,7000,175521,178390,172346,171832,175860,0
Female,Graduate,Single,27,150000,346,21191,1339,0,0,8777,21379,1339,0,0,8777,-188,0,0,0,0,0
Female,University,Single,27,190000,3902,4686,5459,6214,7104,8973,1000,1000,1000,1000,2000,3686,4459,5214,6104,6973,1
Female,University,Married,29,130000,0,0,0,0,0,0,0,0,0,0,0,0,0,0,0,0,0
Female,University,Married,34,70000,50488,47018,46871,41821,41344,41376,2200,2015,2000,1500,1700,44818,44856,39821,39844,39676,0
Female,Graduate,Single,30,350000,856,187,375,187,242,184,187,376,187,243,184,0,-1,0,-1,0,0
Female,Graduate,Single,27,210000,18430,19809,21482,23118,23437,24900,2000,2000,2000,1000,2000,17809,19482,21118,22437,22900,1
Female,University,Married,27,120000,85492,83567,78276,78971,80907,79219,3500,4326,3000,9000,0,80067,73950,75971,71907,79219,1
Female,University,Married,28,130000,123943,126857,127706,121939,81506,83234,6500,6600,6000,3100,3200,120357,121106,115939,78406,80034,0
Female,University,Single,27,170000,43839,45502,46967,48872,51049,81018,2400,2200,3000,3000,31018,43102,44767,45872,48049,50000,0
Female,High School,Married,30,100000,-602,-602,-602,-602,-602,-602,0,0,0,0,0,-602,-602,-602,-602,-602,0
Female,Graduate,Single,28,200000,140407,142965,188990,188742,187267,190249,8031,55015,5327,5505,5525,134934,133975,183415,181762,184724,0
Female,Graduate,Single,28,270000,15167,841,9842,7931,3412,1035,845,9896,7977,17,1040,-4,-54,-46,3395,-5,0
Female,University,Married,30,30000,28534,27805,27090,26361,26831,27552,0,0,0,1200,1300,27805,27090,26361,25631,26252,1
Female,University,Single,24,160000,37030,17303,14742,16617,17670,0,4060,6037,8528,7053,0,13243,8705,8089,10617,0,0
Female,High School,Married,26,80000,69589,72802,77106,74420,76220,77877,5000,6100,0,3000,3000,67802,71006,74420,73220,74877,0
Female,Graduate,Single,26,310000,27283,28286,29427,29548,29839,30532,1459,1600,1607,898,1000,26827,27827,27941,28941,29532,0
Female,Graduate,Single,23,20000,14302,15748,16986,18656,19101,20345,2000,1500,2000,1000,1500,13748,15486,16656,18101,18845,0
Female,Graduate,Single,27,80000,52652,53774,54909,56035,57598,59164,2000,2000,2039,2500,2500,51774,52909,53996,55098,56664,1
Female,Graduate,Single,28,180000,390,1345,955,1565,2175,2159,1345,0,1000,1000,400,0,955,565,1175,1759,0
Female,Graduate,Single,29,80000,64440,64685,64956,65183,65455,65683,3000,3000,3000,3000,2500,61685,61956,62183,62455,63183,0
Female,University,Single,28,140000,129925,131624,133763,133195,101298,101601,6200,6600,4225,3800,3816,125424,127163,128970,97498,97785,0
Female,Other,Single,26,150000,117209,102018,79511,39800,-1500,0,3700,25007,2300,0,1500,98318,54504,37500,-1500,-1500,0
Female,University,Single,27,100000,21043,24372,23699,24794,26067,28630,4000,0,1794,2000,3000,20372,23699,23000,24067,25630,0
Female,Graduate,Single,27,50000,0,45000,1000,4874,5374,5874,45000,1000,4874,500,500,0,0,0,4874,5374,1
Female,Graduate,Single,28,200000,106519,107255,111522,114171,115777,118749,4000,6000,6000,5000,5000,103255,105522,108171,110777,113749,0
Female,University,Married,28,130000,98606,100143,50456,50000,0,0,4500,2500,1000,0,0,95643,47956,49000,0,0,0
Female,Graduate,Married,29,150000,6241,0,0,0,0,0,0,0,0,0,0,0,0,0,0,0,0
Female,University,Married,30,170000,165327,165627,165871,164606,121547,121118,7400,6328,5280,4300,4500,158227,159543,159326,117247,116618,0
Female,University,Single,28,180000,197231,194309,189981,185559,181137,184009,0,0,0,0,6000,194309,189981,185559,181137,178009,1
Female,University,Single,28,320000,23595,23906,22035,22015,21163,25806,2000,0,2007,1000,5000,21906,22035,20008,20163,20806,1
Female,Graduate,Single,28,50000,4917,4693,6945,6651,4060,4060,0,2500,0,1000,0,4693,4445,6651,3060,4060,0
Female,University,Single,27,50000,20762,22382,21343,14850,12315,10391,2000,1622,2013,500,500,20382,19721,12837,11815,9891,0
Female,High School,Married,27,80000,18094,6942,26855,23287,20885,17595,1034,27318,1407,429,417,5908,-463,21880,20456,17178,0
Female,Graduate,Single,27,100000,-6,995,896,697,-302,999,2000,900,800,0,2300,-1005,-4,-103,-302,-1301,0
Female,University,Single,23,80000,50456,30342,27591,28166,28330,28524,1432,1476,1441,995,1021,28910,26115,26725,27335,27503,0
Female,Graduate,Single,26,120000,3730,5006,4782,6041,6784,6826,1500,0,1500,1000,300,3506,4782,4541,5784,6526,0
Female,Graduate,Single,31,230000,49279,4646,5419,4379,2455,34517,4674,5449,4407,2455,34517,-28,-30,-28,0,0,0
Female,University,Married,31,60000,44912,11409,-61506,3859,415,415,144047,365,73000,415,415,-132638,-61871,-69141,0,0,1
Female,Graduate,Single,30,220000,45346,42480,37160,29161,20209,22679,1947,2000,3776,606,10764,40533,35160,25385,19603,11915,0
Female,University,Single,30,80000,70540,66346,58421,47943,40092,44463,2485,2880,2269,1418,5000,63861,55541,45674,38674,39463,0
Female,Graduate,Single,28,300000,0,0,0,0,0,0,0,0,0,0,0,0,0,0,0,0,0
Female,Graduate,Single,30,400000,2912,2668,3222,21755,15258,16002,2668,3222,21755,500,1000,0,0,0,14758,15002,0
Female,University,Single,31,50000,51036,50718,48853,48739,9372,9736,1762,2314,1200,1000,1000,48956,46539,47539,8372,8736,0
Female,Graduate,Single,30,200000,4800,2040,5961,1829,1652,584,2040,5961,1829,1652,584,0,0,0,0,0,0
Female,Graduate,Single,32,120000,0,0,0,0,0,0,0,0,0,0,0,0,0,0,0,0,0
Female,Graduate,Married,31,360000,15121,6656,6722,8605,28405,-105,5006,2000,4000,20000,5000,1650,4722,4605,8405,-5105,0
Female,University,Single,30,220000,32357,30971,31277,23258,4546,6470,2000,1377,8011,165,2000,28971,29900,15247,4381,4470,0
Female,University,Married,31,280000,139998,140030,125214,126426,126333,109953,6084,5024,5020,5093,3219,133946,120190,121406,121240,106734,0
Female,University,Single,31,500000,-9,-9,-9,-9,1796,-90,0,0,0,1805,0,-9,-9,-9,-9,-90,0
Female,High School,Single,31,240000,167686,108246,111397,61650,0,0,3977,5000,3000,0,0,104269,106397,58650,0,0,0
Female,University,Married,30,310000,296942,302778,299162,305251,262368,254340,12401,13000,13208,10000,9506,290377,286162,292043,252368,244834,0
Female,Graduate,Single,28,200000,205683,196807,191752,178560,170092,161850,0,9025,8030,5639,6054,196807,182727,170530,164453,155796,1
Female,University,Single,28,260000,75841,69490,67107,28081,12767,4200,3008,2005,3036,5000,2200,66482,65102,25045,7767,2000,0
Female,University,Single,28,200000,171468,167214,180484,176111,184620,189518,0,16000,0,13000,8000,167214,164484,176111,171620,181518,1
Female,Graduate,Single,27,180000,0,0,0,0,0,0,0,0,0,0,0,0,0,0,0,0,0
Female,University,Married,27,270000,24769,22546,21345,14852,18669,25175,4000,5000,0,10000,7000,18546,16345,14852,8669,18175,0
Female,University,Single,28,30000,6731,0,0,0,0,0,0,0,0,0,0,0,0,0,0,0,0
Female,University,Single,28,180000,300,340,-120,420,460,460,500,0,1000,500,460,-160,-120,-580,-40,0,0
Female,University,Married,29,340000,36533,33689,8108,19291,35882,18924,3000,3000,21000,20000,18924,30689,5108,-1709,15882,0,0
Female,Other,Single,28,140000,108018,6500,6327,138485,140492,141006,1000,6327,135000,4700,5000,5500,0,3485,135792,136006,1
Female,Graduate,Single,28,180000,5930,5689,8414,8062,5052,2806,0,3000,0,200,0,5689,5414,8062,4852,2806,1
Female,University,Single,27,150000,89302,90745,96314,87862,79936,76971,4200,8000,14,3000,4500,86545,88314,87848,76936,72471,0
Female,Graduate,Single,27,110000,112938,113331,108567,110772,111946,111853,6000,5500,5500,4500,4400,107331,103067,105272,107446,107453,0
Female,University,Married,28,50000,1019,1672,836,836,836,1517,1672,836,0,836,1517,0,0,836,0,0,0
Female,Graduate,Single,28,140000,7588,15557,18886,9476,5040,6070,17015,19030,10000,10000,6100,-1458,-144,-524,-4960,-30,0
Female,Graduate,Single,28,360000,9626,11684,18144,57687,49519,53478,15023,18500,57697,11000,15000,-3339,-356,-10,38519,38478,0
Female,University,Single,29,280000,99,0,0,0,0,0,0,0,0,0,0,0,0,0,0,0,0
Female,Graduate,Single,28,310000,37085,23506,12191,13775,12377,34458,3817,1000,13775,12377,34458,19689,11191,0,0,0,0
Female,University,Married,28,290000,24257,8723,6282,2440,0,0,2026,3814,2452,0,0,6697,2468,-12,0,0,0
Female,Graduate,Single,28,210000,5850,4388,3638,7489,2684,9448,4388,3638,7489,2684,9448,0,0,0,0,0,0
Female,Graduate,Married,29,210000,742,742,742,742,742,316,742,742,742,742,316,0,0,0,0,0,0
Female,University,Single,29,110000,600,600,600,600,600,300,0,0,0,0,0,600,600,600,600,300,1
Female,Graduate,Single,28,50000,48211,41670,42710,43399,44261,45188,1971,2011,1700,1585,1641,39699,40699,41699,42676,43547,0
Female,Graduate,Single,28,280000,269,4160,3590,274,5274,8222,4166,3607,275,5275,3223,-6,-17,-1,-1,4999,0
Female,University,Single,28,50000,45472,47923,46898,45849,48258,48341,3500,0,0,3500,1000,44423,46898,45849,44758,47341,1
Female,University,Married,28,120000,60188,58467,59760,60990,61960,65233,0,3000,3000,3000,5000,58467,56760,57990,58960,60233,1
Female,University,Married,28,80000,0,146,1000,2525,1498,499,146,1006,2525,1504,1,0,-6,0,-6,498,0
Female,Graduate,Single,29,50000,17250,8560,4725,8933,11784,9927,8560,1600,8933,11784,199,0,3125,0,0,9728,0
Female,University,Single,28,60000,4114,5875,7612,8826,10113,11289,2000,2000,1500,1600,1500,3875,5612,7326,8513,9789,1
Female,Graduate,Single,28,190000,155335,159438,163684,166163,168592,171923,8000,8150,6500,6500,6000,151438,155534,159663,162092,165923,1
Female,Graduate,Single,28,150000,65809,55997,46392,36172,25767,16791,1498,1614,1227,655,2000,54499,44778,34945,25112,14791,1
Female,Graduate,Single,28,170000,2300,0,0,0,0,150,0,0,0,0,150,0,0,0,0,0,0
Female,University,Single,28,150000,62122,46576,43583,45569,46533,47653,2000,2500,3000,2000,2000,44576,41083,42569,44533,45653,0
Female,Graduate,Single,28,390000,202248,205150,0,0,0,0,10000,0,0,0,0,195150,0,0,0,0,0
Female,University,Single,29,70000,20244,65072,61652,62788,57325,53415,50005,2312,2237,2038,2000,15067,59340,60551,55287,51415,0
Female,University,Single,29,120000,61470,63335,66278,68928,67963,67900,3000,3500,3500,1902,2091,60335,62778,65428,66061,65809,0
Female,University,Married,29,30000,26799,26002,27293,26551,30223,30592,5000,2000,0,4400,1600,21002,25293,26551,25823,28992,0
Female,University,Married,26,200000,98822,95634,94933,96554,65905,1528,4300,3500,5000,5000,1000,91334,91433,91554,60905,528,0
Female,University,Single,28,300000,272399,258413,256033,245772,243818,245235,11232,11068,9035,9018,9018,247181,244965,236737,234800,236217,1
Female,Graduate,Single,29,90000,7052,9370,9078,10267,10350,10564,2605,0,1500,550,529,6765,9078,8767,9800,10035,1
Female,Graduate,Married,30,200000,4833,6370,2342,810,9743,1000,6370,2342,810,10253,1000,0,0,0,-510,0,0
Female,Graduate,Single,31,210000,326,326,326,326,326,326,326,326,326,326,326,0,0,0,0,0,0
Female,University,Single,31,230000,4908,0,0,51750,51295,53257,0,0,52066,2000,3000,0,0,-316,49295,50257,0
Female,Graduate,Single,31,200000,4035,4195,0,2907,2400,945,4210,0,2907,2400,945,-15,0,0,0,0,0
Female,University,Married,32,420000,89863,16500,17493,17215,17248,17763,1782,1275,1281,617,793,14718,16218,15934,16631,16970,0
Female,High School,Married,28,60000,32578,34742,33907,36032,38114,40332,3000,0,3000,3000,3000,31742,33907,33032,35114,37332,0
Female,University,Married,34,50000,42050,51328,51053,43611,19785,20104,10000,4100,0,900,2000,41328,46953,43611,18885,18104,0
Female,University,Married,28,60000,61474,59121,63389,60919,57800,58698,0,5229,18,3779,1764,59121,58160,60901,54021,56934,0
Female,Graduate,Single,28,210000,2568,52720,107861,112533,118699,41329,52720,57861,12533,8699,1329,0,50000,100000,110000,40000,0
Female,University,Married,28,50000,43648,45919,50784,43238,30248,27447,3000,6000,0,3500,0,42919,44784,43238,26748,27447,0
Female,High School,Married,28,390000,129002,130535,129888,133690,137720,140536,5000,5500,6000,10000,5000,125535,124388,127690,127720,135536,1
Female,Graduate,Single,28,150000,-89,13894,24782,1927,8200,3867,13983,24831,2358,8210,19,-89,-49,-431,-10,3848,0
Female,University,Single,30,200000,38616,40612,32801,14664,17092,18820,3040,1306,3400,3000,2000,37572,31495,11264,14092,16820,0
Female,Graduate,Married,31,150000,12420,0,0,0,0,0,0,0,0,0,0,0,0,0,0,0,0
Female,University,Single,30,470000,216031,203735,181531,52119,48386,35425,7513,5552,1781,3021,3008,196222,175979,50338,45365,32417,0
Female,Graduate,Married,30,200000,18660,27871,55277,38259,8266,13200,27010,30300,179,5415,10000,861,24977,38080,2851,3200,0
Female,Graduate,Single,31,160000,214,-175,-175,3392,3567,0,0,0,3567,175,0,-175,-175,-175,3392,0,0
Female,University,Single,30,220000,5627,5391,6442,7458,8177,111816,0,1300,1281,1000,103860,5391,5142,6177,7177,7956,1
Female,University,Married,32,290000,146853,139756,136012,136466,136929,132179,1503,5400,5200,5000,4667,138253,130612,131266,131929,127512,0
Female,High School,Other,32,50000,326,652,326,978,652,326,652,0,978,0,0,0,326,0,652,326,0
Female,University,Married,32,290000,76383,78200,79726,80890,81615,75661,3400,3700,3600,3000,3000,74800,76026,77290,78615,72661,0
Female,University,Single,23,30000,33181,32359,33849,34522,33501,32129,0,2000,1389,1068,3000,32359,31849,33133,32433,29129,1
Female,High School,Married,23,40000,8244,7966,9331,9729,9424,9621,0,1642,700,0,349,7966,7689,9029,9424,9272,1
Female,Graduate,Single,26,70000,64471,65577,53264,51464,96184,49104,2281,2888,1800,2000,1900,63296,50376,49664,94184,47204,0
Female,University,Single,23,100000,82323,45756,9187,5408,12920,9656,1000,9187,5408,12920,9656,44756,0,0,0,0,0
Female,Graduate,Single,23,20000,16178,12662,13367,14046,14425,14024,1300,1300,1300,600,600,11362,12067,12746,13825,13424,0
Female,University,Single,23,50000,51002,50974,50021,49353,30439,29890,1983,2456,3288,1230,1085,48991,47565,46065,29209,28805,1
Female,Other,Single,39,130000,264,264,264,264,0,678,264,264,264,0,942,0,0,0,0,-264,0
Female,University,Married,28,140000,115019,115647,121304,122331,125296,127788,4000,9000,4500,5000,4639,111647,112304,117831,120296,123149,1
Female,Graduate,Married,30,230000,37719,30341,25981,24092,65840,56538,3025,5000,5000,65840,2000,27316,20981,19092,0,54538,0
Female,University,Single,30,300000,8805,2186,0,290,707,161,2186,0,290,1209,0,0,0,0,-502,161,0
Female,Graduate,Single,29,200000,-792,-792,-792,-792,-792,69708,0,792,0,0,70500,-792,-1584,-792,-792,-792,1
Female,Graduate,Single,29,100000,63542,66567,67564,67443,65106,70258,5000,3200,2500,0,6918,61567,64364,64943,65106,63340,0
Female,University,Single,30,100000,92683,84278,86977,89575,91382,93320,3324,3428,3399,2546,2671,80954,83549,86176,88836,90649,0
Female,University,Single,29,80000,1443,1443,4545,2886,1443,3743,1443,4545,0,0,3743,0,0,2886,1443,0,1
Female,University,Single,29,170000,51401,47742,45529,42805,38017,39239,2100,2105,2447,1200,3000,45642,43424,40358,36817,36239,0
Female,Graduate,Single,29,420000,392,396,47581,48070,47523,45834,400,47581,1715,1700,1850,-4,0,46355,45823,43984,0
Female,Graduate,Single,29,70000,17154,18550,20245,22904,22238,23870,2000,2000,3000,0,2000,16550,18245,19904,22238,21870,0
Female,University,Single,30,480000,470400,0,0,0,0,330982,0,0,0,0,330982,0,0,0,0,0,1
Female,Other,Married,27,250000,127786,60663,49181,34072,33419,33925,3729,1600,2000,1000,1100,56934,47581,32072,32419,32825,0
Female,Graduate,Single,28,180000,230740,30873,32033,51373,52553,53505,1500,1660,20000,2030,1951,29373,30373,31373,50523,51554,0
Female,Graduate,Single,28,240000,8590,6398,16271,27825,14489,37137,6398,16312,27829,14503,33633,0,-41,-4,-14,3504,0
Female,Graduate,Single,28,210000,9918,6942,24680,41291,10623,10765,6942,24000,22000,20000,5000,0,680,19291,-9377,5765,0
Female,Graduate,Single,28,100000,49961,48856,49899,53407,51951,53195,0,1831,4339,0,2083,48856,48068,49068,51951,51112,0
Female,Graduate,Single,28,50000,48940,50149,45546,46587,47519,51346,2059,2100,2100,2000,4600,48090,43446,44487,45519,46746,0
Female,Graduate,Single,28,300000,28989,29909,40618,52288,70000,100000,1291,11000,12288,20000,30000,28618,29618,40000,50000,70000,0
Female,Graduate,Single,28,70000,21777,20335,21699,22460,20345,42123,2000,2000,1500,3000,721,18335,19699,20960,17345,41402,0
Female,Graduate,Single,29,490000,20984,10863,5342,7395,367,13804,2000,2000,3500,367,16024,8863,3342,3895,0,-2220,0
Female,Graduate,Single,29,170000,37350,38724,40096,41130,42144,43114,2000,2000,2000,2000,1800,36724,38096,39130,40144,41314,0
Female,Graduate,Single,29,100000,51650,53294,53779,54166,55265,56425,2500,1941,2000,2000,2049,50794,51838,52166,53265,54376,0
Female,University,Single,32,200000,2261,298,298,13764,5290,924,298,0,13764,0,924,0,298,0,5290,0,0
Female,University,Single,32,80000,3459,3789,3459,528,6918,0,3789,3459,528,6918,0,0,0,0,0,0,0
Female,University,Single,32,220000,150393,48060,30490,44071,55405,63422,2349,3008,20000,20004,20000,45711,27482,24071,35401,43422,0
Female,High School,Single,33,300000,0,0,0,0,0,0,0,0,0,0,0,0,0,0,0,0,1
Female,University,Married,33,120000,90575,88443,88681,87364,87742,87943,3204,3214,4001,3254,3325,85239,85467,83363,84488,84618,0
Female,University,Single,30,240000,226315,231582,226909,135626,138520,141280,9100,9859,4147,3691,3700,222482,217050,131479,134829,137580,0
Female,Graduate,Single,30,200000,96152,102512,116813,125616,115314,114153,8000,16020,13000,7012,5000,94512,100793,112616,108302,109153,0
Female,University,Married,30,40000,39940,40581,40543,39943,38895,37726,2000,2000,2000,1400,1300,38581,38543,37943,37495,36426,0
Female,Graduate,Single,30,200000,195128,203187,209286,188243,188668,190192,13600,12200,0,7000,7000,189587,197086,188243,181668,183192,0
Female,Graduate,Single,30,100000,95890,95434,97410,98611,100787,102261,2000,4400,3700,4700,3300,93434,93010,94911,96087,98961,0
Female,University,Married,31,50000,48509,50724,50453,19703,19345,20106,3310,2039,1237,634,5000,47414,48414,18466,18711,15106,0
Female,University,Married,32,40000,40368,38623,67203,39764,39583,39839,1603,2000,2014,2503,2103,37020,65203,37750,37080,37736,0
Female,University,Married,32,70000,68321,73190,71489,68981,66577,71013,6600,0,0,2500,5500,66590,71489,68981,64077,65513,0
Female,Graduate,Single,31,210000,191,376,569,378,378,378,376,569,378,378,378,0,0,0,0,0,0
Female,University,Single,28,30000,25150,26253,27064,27884,29190,25789,3000,3000,2000,2000,1069,23253,24064,25884,27190,24720,0
Female,Graduate,Single,30,100000,91844,90375,81572,71451,68530,66844,3200,3007,3200,3000,3500,87175,78565,68251,65530,63344,0
Female,University,Married,30,20000,16754,17763,18854,19972,18090,19842,1291,2382,1500,605,2000,16472,16472,18472,17485,17842,0
Female,University,Married,36,400000,20818,1079,799,1883,587,0,1878,0,1883,0,0,-799,799,0,587,0,0
Female,University,Married,28,330000,221793,225079,229947,233122,246414,253338,10000,10000,8507,17215,11000,215079,219947,224615,229199,242338,0
Female,University,Single,30,240000,4684,18412,16580,416,416,416,18432,1416,16580,416,416,-20,15164,-16164,0,0,1
Female,Graduate,Single,29,70000,71237,76632,74853,78789,77084,80572,6577,0,5816,0,5364,70055,74853,72973,77084,75208,1
Female,Graduate,Single,29,240000,358,176,0,540,100,2600,176,0,540,100,2600,0,0,0,0,0,0
Female,Graduate,Married,27,200000,-896,2500,653,653,653,0,7052,653,0,0,0,-4552,0,653,653,0,0
Female,Graduate,Single,27,100000,904,2635,636,2538,1735,2054,3710,636,4001,1735,2054,-1075,0,-1463,0,0,0
Female,Graduate,Single,29,180000,44109,20896,18193,18652,14545,18545,8000,5000,3000,2000,2000,12896,13193,15652,12545,16545,0
Female,University,Single,30,360000,82195,99961,7968,1816,5549,1234,20500,8007,1825,5563,1240,79461,-39,-9,-14,-6,0
Female,University,Single,29,130000,113203,114053,117602,119119,120030,122510,4200,5800,5800,4300,4500,109853,111802,113319,115730,118010,0
Female,University,Single,30,120000,2680,14770,7817,416,270,0,14770,7832,416,270,0,0,-15,0,0,0,0
Female,Graduate,Single,30,230000,0,0,846,846,0,846,0,846,846,0,846,0,0,0,0,0,0
Female,Other,Single,30,340000,47001,47664,38192,39234,20960,360,2000,2000,2000,3000,360,45664,36192,37234,17960,0,0
Female,Graduate,Single,29,320000,198441,202806,207050,201114,190921,191781,10000,10000,10000,10000,7000,192806,197050,191114,180921,184781,0
Female,High School,Single,29,330000,311577,319838,303679,271773,198604,149923,13110,10691,10373,7901,5328,306728,292988,261400,190703,144595,0
Female,High School,Single,30,80000,4794,4989,2065,1000,0,0,1074,1000,1000,0,0,3915,1065,0,0,0,1
Female,Graduate,Married,30,150000,4083,3534,6484,12287,21888,19960,3537,6484,12306,21888,0,-3,0,-19,0,19960,0
Female,High School,Married,31,160000,207,565,1990,0,0,0,565,2009,0,0,0,0,-19,0,0,0,1
Female,High School,Married,37,50000,39804,41106,41843,42839,43690,44232,1964,1701,1697,1548,1620,39142,40142,41142,42142,42612,0
Female,Other,Married,48,300000,0,0,0,0,0,0,0,0,0,0,0,0,0,0,0,0,0
Female,University,Married,36,190000,185788,185959,179458,162482,158137,157956,7483,5902,7061,4902,6057,178476,173556,155421,153235,151899,0
Female,University,Single,27,50000,25870,21511,20952,21873,22319,24371,1325,1392,1313,759,2371,20186,19560,20560,21560,22000,0
Female,Graduate,Single,28,90000,866,148,377,4229,6109,8832,148,377,4000,2109,2832,0,0,229,4000,6000,0
Female,Graduate,Single,28,210000,85672,68394,70305,65626,64638,67498,6009,5000,5000,5000,5000,62385,65305,60626,59638,62498,0
Female,Graduate,Single,28,240000,246310,250252,250169,249495,192368,196585,10500,9900,10907,7000,8000,239752,240269,238588,185368,188585,0
Female,University,Married,34,60000,40511,44019,45020,45785,44750,45578,4200,2000,1800,0,1700,39819,43020,43985,44750,43878,1
Female,University,Single,35,440000,3091,3853,4012,821,821,821,1150,1084,821,821,821,2703,2928,0,0,0,0
Female,University,Married,42,30000,28485,27204,28234,28272,28494,28182,0,2000,2483,1003,969,27204,26234,25789,27491,27213,1
Female,University,Single,26,230000,23758,0,0,0,0,0,0,0,0,0,0,0,0,0,0,0,0
Female,University,Single,28,440000,209176,215231,204369,186201,183518,148169,11000,54,7530,7648,6310,204231,204315,178671,175870,141859,1
Female,University,Married,29,80000,63899,62048,49814,45292,43190,39457,2500,2500,2010,2000,2000,59548,47314,43282,41190,37457,1
Female,University,Married,30,30000,29265,28901,28883,29411,24602,22760,2000,1655,1513,499,688,26901,27228,27898,24103,22072,0
Female,University,Single,35,250000,238855,241711,205944,210513,214696,219218,8517,7481,8000,7682,7979,233194,198463,202513,207014,211239,0
Female,Graduate,Married,45,30000,26155,27196,28445,26766,27152,28355,1482,1731,1742,1128,1800,25714,26714,25024,26024,26555,1
Female,High School,Other,49,50000,49402,50361,48762,49671,22895,19501,1800,2110,2010,1600,0,48561,46652,47661,21295,19501,0
Female,University,Single,34,50000,47303,48427,48069,49081,48485,49484,2807,3008,2812,2000,2000,45620,45061,46269,46485,47484,0
Female,University,Single,34,30000,26330,25608,28781,28000,29779,27343,0,3600,0,2524,0,25608,25181,28000,27255,27343,0
Female,University,Married,45,30000,30788,30395,27294,27216,26432,30692,1759,1762,1717,966,5739,28636,25532,25499,25466,24953,1
Female,University,Married,42,500000,149838,0,0,0,0,0,0,0,0,0,0,0,0,0,0,0,0
Female,University,Married,41,50000,24540,25330,26620,26889,26158,27737,1500,2000,1000,0,2000,23830,24620,25889,26158,25737,1
Female,University,Married,36,50000,49872,32918,33998,34852,14163,14362,1600,2500,2000,1000,1000,31318,31498,32852,13163,13362,0
Female,Graduate,Single,22,50000,2416,0,0,0,0,0,0,0,0,0,0,0,0,0,0,0,0
Female,University,Single,26,90000,45069,43310,40275,37800,37323,34396,2000,2500,3000,3000,2000,41310,37775,34800,34323,32396,0
Female,Graduate,Single,26,30000,13890,15374,16141,15593,15908,16757,2000,1300,0,564,1100,13374,14841,15593,15344,15657,1
Female,High School,Married,43,150000,125403,110822,107782,84743,78804,76584,5018,5081,6041,3023,4049,105804,102701,78702,75781,72535,0
Female,University,Married,23,50000,14465,48796,50206,50831,42731,43224,50295,2500,2031,1274,1500,-1499,47706,48800,41457,41724,0
Female,University,Single,23,70000,14871,17461,16892,18013,19315,19859,2850,0,1400,1600,1000,14611,16892,16613,17715,18859,1
Female,University,Single,23,80000,68850,0,0,0,0,0,0,0,0,0,0,0,0,0,0,0,0
Female,Graduate,Single,29,280000,-11,-11,-11,-11,2572,9532,0,0,0,2583,9566,-11,-11,-11,-11,-34,0
Female,University,Married,30,90000,6480,6973,7235,8248,8412,8589,1106,1124,1137,301,312,5867,6111,7111,8111,8277,0
Female,Graduate,Married,39,330000,94384,46006,48123,50195,51942,55963,4000,3000,3000,3000,5000,42006,45123,47195,48942,50963,0
Female,University,Married,46,190000,80903,83900,86897,90399,85698,88400,5000,5000,5600,3000,4000,78900,81897,84799,82698,84400,0
Female,Graduate,Married,40,210000,47109,47930,53615,55117,57192,63229,2000,6500,3000,3000,7000,45930,47115,52117,54192,56229,0
Female,Graduate,Married,30,100000,98094,101614,101072,105252,102742,100884,6000,1900,6686,0,0,95614,99172,98566,102742,100884,1
Female,University,Single,30,20000,20226,18702,18331,19111,15211,13562,0,2346,1400,304,271,18702,15985,17711,14907,13291,1
Female,Graduate,Married,31,260000,555,8078,27201,27879,28420,39206,8078,20000,2000,2000,12000,0,7201,25879,26420,27206,0
Female,University,Married,26,20000,15803,15252,18093,18499,20898,19999,0,3103,1000,3000,0,15252,14990,17499,17898,19999,1
Female,High School,Married,37,80000,77480,75329,64228,49103,48649,49701,3000,2500,1800,2000,1800,72329,61728,47303,46649,47901,1
Female,University,Married,42,50000,30640,31546,28405,27959,27785,28123,1746,1800,1729,945,1149,29800,26605,26230,26840,26974,0
Female,High School,Married,35,70000,50834,52163,51060,54200,52734,55903,2460,0,4600,0,4200,49703,51060,49600,52734,51703,1
Female,University,Married,38,30000,26664,29803,30766,29918,29071,29527,3582,1734,0,1148,1034,26221,29032,29918,27923,28493,0
Female,Graduate,Single,25,100000,97271,88596,89218,63243,42510,41221,0,4950,2400,1200,1400,88596,84268,60843,41310,39821,1
Female,Graduate,Single,25,50000,50673,47278,44993,36782,30442,29636,2500,4000,0,1200,1250,44778,40993,36782,29242,28386,0
Female,University,Married,27,80000,63711,64961,66334,70312,68585,70027,2907,3014,5700,0,2700,62054,63320,64612,68585,67327,1
Female,University,Married,27,50000,7439,8280,3403,1999,500,0,1028,3423,2005,501,0,7252,-20,-6,-1,0,1
Female,Other,Married,28,150000,152105,137472,118583,95094,50999,35383,6300,4500,2524,2000,2000,131172,114083,92570,48999,33383,0
Female,Graduate,Single,29,140000,130261,95550,96273,91059,92609,95184,3474,4000,4000,3500,8000,92076,92273,87059,89109,87184,0
Female,Graduate,Married,31,70000,63820,60697,61139,56609,47819,43471,5000,4000,3000,3000,3000,55697,57139,53609,44819,40471,0
Female,University,Married,31,30000,28933,30109,29349,29400,30000,0,1949,0,1000,600,0,28160,29349,28400,29400,0,0
Female,University,Married,32,80000,70381,68660,70081,70899,75331,74005,0,3126,2578,5616,0,68660,66955,68321,69715,74005,1
Female,University,Married,41,40000,21960,21484,7145,2424,822,0,1176,1049,1000,0,0,20308,6096,1424,822,0,0
Female,University,Married,37,100000,34572,35173,35828,36126,36587,36957,1849,1894,1582,1433,1486,33324,33934,34544,35154,35471,0
Female,University,Married,40,50000,48050,47238,47722,32920,28471,28834,2000,1871,1800,1100,1200,45238,45851,31120,27371,27634,0
Female,High School,Married,35,30000,26088,27160,26444,28694,27936,29930,1800,0,3000,0,2600,25360,26444,25694,27936,27330,1
Female,Graduate,Married,35,120000,9756,12092,15516,17373,17950,18363,2519,3643,2500,1000,689,9573,11873,14873,16950,17674,0
Female,High School,Married,39,260000,152735,149672,140068,140367,141710,146578,6627,7000,7000,5000,7000,143045,133068,133367,136710,139578,0
Female,University,Married,35,90000,21093,14418,17217,16486,17390,19021,1256,3445,1099,1393,3045,13162,13772,15387,15997,15976,0
Female,University,Married,33,30000,4101,157,30321,29225,29575,28850,172,33635,1368,1108,958,-15,-3314,27857,28467,27892,0
Female,Graduate,Married,37,260000,174971,161671,156296,156248,120518,122649,10000,8000,5028,5000,5000,151671,148296,151220,115518,117649,0
Female,Graduate,Married,39,170000,161105,145908,119161,120662,127815,125098,0,6000,5000,9000,0,145908,113161,115662,118815,125098,0
Female,University,Married,36,150000,137664,140869,144954,101342,80819,81022,5500,6704,3712,3000,3890,135369,138250,97630,77819,77132,0
Female,High School,Married,40,90000,40467,41495,42520,42997,41698,43976,2000,2000,1800,0,3434,39495,40520,41197,41698,40542,0
Female,High School,Single,45,50000,3740,4382,5008,5627,6159,6677,1100,1091,1100,1000,1000,3282,3917,4527,5159,5677,0
Female,Graduate,Single,29,70000,66867,66502,54263,47562,43735,43509,3020,5040,2000,2000,12000,63482,49223,45562,41735,31509,0
Female,Graduate,Single,29,210000,217220,231500,197027,198293,197841,205864,7700,10292,8900,7200,14300,223800,186735,189393,190641,191564,0
Female,Graduate,Single,31,450000,0,0,0,0,0,0,0,0,0,0,0,0,0,0,0,0,0
Female,High School,Married,32,70000,14180,10856,10822,13627,10852,12676,3000,2000,3000,0,2000,7856,8822,10627,10852,10676,1
Female,High School,Single,32,70000,23741,26021,24419,23541,10576,6985,4000,0,2000,1000,0,22021,24419,21541,9576,6985,1
Female,High School,Single,34,300000,2344,7929,7667,26900,31500,33920,8000,0,20000,5000,33920,-71,7667,6900,26500,0,0
Female,Graduate,Married,29,70000,68494,68532,69475,69582,69589,68728,3200,3300,3100,2800,2600,65332,66175,66482,66789,66128,0
Female,University,Married,37,180000,88275,78089,75159,76602,76896,78588,2800,3333,3310,2900,3040,75289,71826,73292,73996,75548,0
Female,High School,Married,29,50000,59077,55607,54882,53894,52382,53947,0,2700,2450,1830,4300,55607,52182,51444,50552,49647,1
Female,University,Single,27,20000,20556,19403,13536,17623,18662,10243,8,2072,15000,1500,0,19395,11464,2623,17162,10243,0
Female,Graduate,Single,31,260000,229398,202429,206210,208752,209083,208463,8720,9000,8910,7570,7751,193709,197210,199842,201513,200712,0
Female,High School,Married,34,70000,5219,6747,19948,20231,20757,18357,3092,19948,3000,3002,1002,3655,0,17231,17755,17355,0
Female,University,Other,31,50000,39193,42816,42838,43335,44220,45159,4600,1000,1500,1900,1800,38216,41838,41835,42320,43359,1
Female,University,Married,34,150000,146661,142118,139750,142730,144083,130791,6800,6600,6800,5600,4900,135318,133150,135930,138483,125891,0
Female,High School,Married,45,150000,47372,42652,42306,41579,40669,39301,2000,2100,1837,1400,1486,40652,40206,39742,39269,37815,0
Female,University,Married,37,20000,19326,20240,17800,18699,17770,48321,1263,1630,1529,1200,2000,18977,16170,17170,16570,46321,0
Female,University,Single,45,60000,57711,58760,49576,50802,11110,12543,2500,2384,3000,2000,2000,56260,47192,47802,9110,10543,0
Female,University,Married,30,50000,40596,41632,42687,40614,29356,29815,2000,2047,3246,1164,1048,39632,40640,37368,28192,28767,0
Female,Graduate,Single,25,50000,26240,26996,28056,29584,31595,30952,1500,1500,2000,2500,0,25496,26556,27584,29095,30952,0
Female,Graduate,Married,27,80000,71965,70232,71794,73125,82798,81336,0,3278,3211,11457,0,70232,68516,69914,71341,81336,1
Female,Graduate,Single,27,140000,10064,10551,11655,11377,735,1051,2000,2000,1000,735,1051,8551,9655,10377,0,0,0
Female,High School,Single,28,20000,6616,6364,7891,8913,8624,9628,0,1800,1300,0,1300,6364,6091,7613,8624,8328,1
Female,University,Married,49,10000,2240,3100,4116,5280,5543,5605,1057,1073,1237,500,300,2043,3043,4043,5043,5305,1
Female,University,Married,45,120000,11547,9836,0,0,0,0,5000,0,0,0,0,4836,0,0,0,0,0
Female,University,Married,40,50000,36291,35385,31558,31664,15700,0,0,0,1000,314,0,35385,31558,30664,15386,0,1
Female,University,Married,39,30000,11436,12439,14911,15819,15346,16666,1500,3000,1500,0,1500,10939,11911,14319,15346,15166,1
Female,University,Married,49,210000,114273,115302,111906,111423,92394,93321,6000,6000,5000,3000,3500,109302,105906,106423,89394,89821,1
Female,Graduate,Single,27,150000,0,0,0,0,0,0,0,0,0,0,0,0,0,0,0,0,1
Female,High School,Married,28,180000,113125,67864,31613,25220,8654,4837,1923,1501,1000,0,0,65941,30112,24220,8654,4837,0
Female,University,Married,29,590000,0,0,0,1387,2206,3014,0,0,1387,1000,1000,0,0,0,1206,2014,1
Female,Graduate,Married,30,260000,25661,30196,69429,167640,169446,172989,5000,40000,100000,5720,5922,25196,29429,67640,163726,167067,0
Female,High School,Married,35,90000,13865,5128,6911,8774,9622,9824,2054,6911,2000,1000,357,3074,0,6774,8622,9467,0
Female,University,Married,28,110000,20186,19678,18145,17729,17239,10231,1300,1500,1200,467,400,18378,16645,16529,16772,9831,0
Female,Graduate,Single,28,140000,1756,2201,923,1751,573,873,2209,923,1751,573,873,-8,0,0,0,0,0
Female,Graduate,Single,30,210000,7631,5583,5583,5583,5583,5500,5583,5583,5583,5583,5500,0,0,0,0,0,0
Female,University,Married,31,80000,0,0,0,0,0,0,0,0,0,0,0,0,0,0,0,0,0
Female,High School,Married,36,30000,8910,7438,6242,4789,3597,21234,22,6245,3,6,30006,7416,-3,4786,3591,-8772,0
Female,High School,Married,28,120000,93623,95472,93778,86416,53501,51931,3440,5017,5000,2000,1500,92032,88761,81416,51501,50431,0
Female,High School,Married,44,20000,7661,8981,10860,12380,11400,0,1457,2600,2000,0,0,7524,8260,10380,11400,0,0
Female,High School,Single,42,80000,50320,49816,49457,49071,48242,47746,1784,1898,1985,1629,1655,48032,47559,47086,46613,46091,0
Female,University,Single,35,110000,22514,23201,23914,24886,24903,25102,1378,1723,1695,1028,1056,21823,22191,23191,23875,24046,0
Female,University,Married,34,240000,77126,59832,45054,39245,75742,39389,5005,2116,1200,75742,0,54827,42938,38045,0,39389,0
Female,University,Married,49,100000,5532,5325,5423,29628,13252,3723,5325,5423,29628,0,0,0,0,0,13252,3723,0
Female,University,Single,32,200000,150204,153189,156406,159650,163625,167790,5479,5682,5850,6625,6790,147710,150724,153800,157000,161000,0
Female,Graduate,Single,32,450000,1249,142,5965,991,-9,1974,142,6001,996,0,1983,0,-36,-5,-9,-9,0
Female,University,Single,32,150000,49760,39332,17563,10122,11622,8622,2538,2000,2000,1500,1000,36794,15563,8122,10122,7622,0
Female,University,Married,39,120000,11277,5624,5333,5333,5333,21348,0,5333,5333,5333,21348,5624,0,0,0,0,0
Female,University,Single,26,70000,66087,67510,69007,61845,60184,66801,3120,3303,2800,2200,7600,64390,65704,59045,57984,59201,1
Female,Graduate,Single,31,190000,132946,136809,140664,144395,147642,151410,6000,6000,6000,5500,6000,130809,134664,138395,142142,145410,0
Female,High School,Married,45,50000,49212,42376,20009,20877,19642,18769,1611,1700,1547,785,1000,40765,18309,19330,18857,17769,0
Female,High School,Married,44,60000,39466,32202,29503,29538,29971,29798,0,1802,1737,1170,1189,32202,27701,27801,28801,28609,0
Female,Graduate,Single,30,90000,15979,17414,16846,20559,19933,21454,2000,0,4000,0,2000,15414,16846,16559,19933,19454,1
Female,University,Married,33,300000,62951,64491,65692,64969,67771,66428,4007,5000,5000,6000,6000,60484,60692,59969,61771,60428,0
Female,High School,Married,32,210000,1406,0,712,1025,4584,0,0,712,1000,4000,0,0,0,25,584,0,0
Female,University,Married,34,50000,46843,49378,48052,48573,28902,28205,4310,0,2033,1119,985,45068,48052,46540,27783,27220,0
Female,Graduate,Married,34,350000,37129,107295,108299,103487,90880,84387,75000,30000,4000,4000,5000,32295,78299,99487,86880,79387,0
Female,University,Married,34,30000,26253,27256,28472,29212,29400,30000,1444,1660,1400,588,600,25812,26812,27812,28812,29400,0
Female,High School,Married,34,280000,0,0,0,0,0,0,0,0,0,0,0,0,0,0,0,0,0
Female,High School,Married,35,380000,18341,16681,16678,16650,17380,17074,2000,3000,2000,2000,2000,14681,13678,14650,15380,15074,0
Female,University,Single,34,360000,724,1232,291,776,0,312,1232,291,776,0,312,0,0,0,0,0,0
Female,University,Married,37,260000,5917,-15910,-15910,-15910,24090,13977,0,0,0,40000,507,-15910,-15910,-15910,-15910,13470,0
Female,University,Married,37,160000,27720,14413,13484,6714,-319,3583,5000,5017,5000,0,6774,9413,8467,1714,-319,-3191,0
Female,High School,Married,43,250000,8443,13782,22997,24209,23122,4000,13829,22997,25071,23122,4000,-47,0,-862,0,0,0
Female,Graduate,Single,27,320000,19950,24544,31236,66091,5800,5800,5000,10000,36091,5800,0,19544,21236,30000,0,5800,0
Female,University,Single,31,140000,137326,138119,137950,140254,139679,141748,6400,6600,6500,5100,5300,131719,131350,133754,134579,136448,0
Female,High School,Married,32,80000,58091,58247,59495,58832,57677,58066,2700,2800,2100,2181,2500,55547,56695,56732,55496,55566,0
Female,Graduate,Married,40,100000,63422,64785,63179,67467,65784,69309,3000,0,5346,0,4600,61785,63179,62121,65784,64709,1
Female,Other,Married,41,210000,1662,13877,7600,5546,1241,1801,13934,7735,5551,1241,1801,-57,-135,-5,0,0,0
Female,High School,Single,29,200000,5555,7485,12555,882,882,0,7485,12625,882,0,0,0,-70,0,882,0,0
Female,High School,Married,37,110000,104691,103655,85761,87336,39025,40242,5000,5000,4000,3700,2000,98655,80761,83336,35325,38242,0
Female,Graduate,Married,36,70000,18514,19913,19310,20021,22175,21680,2000,0,1339,2493,0,17913,19310,18682,19682,21680,1
Female,University,Married,46,240000,233438,240715,246000,-150,-150,-150,11250,10950,0,0,0,229465,235050,-150,-150,-150,0
Female,University,Married,38,80000,70613,71421,72932,74422,75920,77490,2006,2100,2109,2131,2195,69415,70832,72313,73789,75295,0
Female,High School,Single,47,150000,132093,129831,126485,124547,117364,117368,5000,5000,5000,5000,5000,124831,121485,119547,112364,112368,0
Female,University,Single,42,50000,46566,47792,49322,50618,13842,14217,2000,2300,2500,500,600,45792,47022,48118,13342,13617,0
Female,University,Married,37,230000,53327,52513,43726,22738,29019,20328,1973,1890,1595,29019,567,50540,41836,21143,0,19761,0
Female,Graduate,Married,43,290000,1457,1799,5029,3103,1838,690,1808,5054,3109,9,693,-9,-25,-6,1829,-3,0
Female,Graduate,Single,36,350000,3272,6968,0,0,0,0,7008,0,0,0,0,-40,0,0,0,0,0
Female,High School,Single,39,100000,86453,84526,82078,25991,28071,28611,5000,5000,1300,5000,6000,79526,77078,24691,23071,22611,0
Female,High School,Married,46,50000,48796,48797,49115,47991,0,0,2000,2000,1018,0,0,46797,47115,46973,0,0,0
Female,University,Married,43,360000,0,0,0,0,0,0,0,0,0,0,0,0,0,0,0,0,0
Female,University,Single,38,210000,1026,3751,4366,5602,21034,1026,3751,4366,5602,21034,1026,0,0,0,0,0,0
Female,University,Married,39,500000,1948,599,552,6360,0,6054,599,552,6360,0,6054,0,0,0,0,0,0
Female,University,Married,47,290000,244377,244394,244535,244518,243689,241125,10000,10000,10000,9009,9031,234394,234535,234518,234680,232094,0
Female,High School,Married,36,350000,255751,275156,260963,261263,255566,254941,33010,0,11021,9200,8500,242146,260963,250242,246366,246441,0
Female,University,Married,33,190000,2125,3405,2131,2131,2131,0,3411,2131,2131,2131,0,-6,0,0,0,0,0
Female,Graduate,Single,34,180000,108016,180959,169362,163957,138409,132864,150000,8000,5500,5000,5500,30959,161362,158457,133409,127364,0
Female,University,Married,35,110000,6137,7040,3861,4869,4966,5070,1053,1073,1081,178,184,5987,2788,3788,4788,4886,1
Female,High School,Single,33,200000,51979,51016,54736,55424,56101,57137,0,5000,2000,2000,1900,51016,49736,53424,54101,55237,1
Female,University,Married,40,210000,10240,-660,117,4890,-356,4644,0,5000,5000,0,5000,-660,-4883,-110,-356,-356,0
Female,High School,Married,36,100000,476,476,476,476,476,1075,476,476,476,476,1075,0,0,0,0,0,0
Female,University,Married,43,130000,135390,134974,132242,122832,55232,78266,6329,5472,5701,2211,38663,128645,126770,117131,53021,39603,0
Female,High School,Single,38,70000,70621,69821,68683,68771,55168,49674,2506,3500,2104,2015,2001,67315,65183,66667,53153,47673,0
Female,University,Married,33,100000,92189,88832,89762,77986,71031,66983,3252,3215,2792,1881,1945,85580,86547,75194,69150,65038,0
Female,High School,Married,35,150000,600,660,330,330,330,740,660,0,330,330,740,0,330,0,0,0,0
Female,High School,Married,39,160000,102358,103698,1048,1048,1048,1221,4671,1048,1048,1048,1221,99027,0,0,0,0,0
Female,High School,Married,48,30000,-100,100,0,0,0,0,200,0,0,0,0,-100,0,0,0,0,0
Female,University,Married,36,80000,816,1419,1845,1799,599,-1,1423,1856,1804,600,0,-4,-11,-5,-1,-1,0
Female,University,Married,44,200000,7096,1323,8457,48757,4200,7312,1336,8457,48757,4200,7312,-13,0,0,0,0,0
Female,High School,Married,41,180000,96093,100094,101204,98680,100644,102750,6500,3582,0,3605,3731,93594,97622,98680,97039,99019,1
Female,University,Married,34,180000,47517,26137,18177,16866,15067,7615,1526,3006,5020,5000,2000,24611,15171,11846,10067,5615,0
Female,University,Married,35,170000,144606,136269,139337,141018,119039,88833,5007,7004,7008,5005,4009,131262,132333,134010,114034,84824,0
Female,Graduate,Single,35,50000,4309,10834,15251,12159,9581,15222,7000,8000,9400,1000,6000,3834,7251,2759,8581,9222,0
Female,High School,Married,40,160000,93287,91031,89764,87919,86279,84794,3230,3500,3000,2956,3100,87801,86264,84919,83323,81694,0
Female,University,Married,40,160000,390,390,390,390,390,390,390,780,390,390,390,0,-390,0,0,0,1
Female,Graduate,Single,22,20000,18390,19760,18570,17604,11973,9517,2000,1376,1383,1000,455,17760,17194,16221,10973,9062,0
Female,University,Married,24,70000,33602,41574,30777,30155,14298,1579,10096,3000,1005,2000,1579,31478,27777,29150,12298,0,0
Female,University,Single,38,240000,34752,30073,24315,3724,28347,11280,30073,24315,3724,28347,11280,0,0,0,0,0,0
Female,University,Married,45,300000,343205,335000,322462,312973,262255,251413,12429,11254,10956,8587,8638,322571,311208,302017,253668,242775,0
Female,University,Married,37,420000,4904,5248,5344,5058,2019,2443,5332,5348,5065,2019,2443,-84,-4,-7,0,0,0
Female,High School,Married,43,200000,119432,116014,119576,123551,129486,133262,0,5000,5000,7000,5000,116014,114576,118551,122486,128262,1
Female,University,Married,47,50000,27121,53680,20476,21781,17792,16657,2000,1700,2000,1000,702,51680,18776,19781,16792,15955,0
Female,University,Married,38,50000,20606,18750,0,31288,27335,30626,2000,0,95000,1000,3700,16750,0,-63712,26335,26926,0
Female,Graduate,Married,38,200000,2571,2772,2571,2571,2571,2571,2772,2571,2571,2571,2571,0,0,0,0,0,0
Female,Graduate,Single,32,200000,118532,121068,119122,121402,115419,116749,6000,4500,4300,6000,4400,115068,114622,117102,109419,112349,0
Female,University,Married,33,380000,363944,385726,368318,354443,354765,354579,29540,74,14301,13000,12800,356186,368244,340142,341765,341779,0
Female,Graduate,Single,27,50000,17626,16789,12946,20650,20650,2529,1547,8000,8000,20650,2529,15242,4946,12650,0,0,0
Female,Graduate,Single,28,50000,1460,1625,3505,12931,2972,1589,1625,3556,14010,3000,0,0,-51,-1079,-28,1589,0
Female,University,Single,35,500000,35757,22370,7303,19436,45604,25996,22372,7364,19445,45604,25996,-2,-61,-9,0,0,0
Female,University,Married,40,300000,2470,0,0,0,0,0,0,0,0,0,0,0,0,0,0,0,0
Female,University,Single,32,170000,10928,8400,5654,6285,4417,740,6151,4110,6920,6637,0,2249,1544,-635,-2220,740,1
Female,University,Married,46,20000,11698,13189,14663,16109,19525,18646,2000,2000,2000,4000,0,11189,12663,14109,15525,18646,1
Female,University,Married,43,20000,1475,1291,3898,1681,901,0,1291,3898,1681,901,0,0,0,0,0,0,0
Female,University,Single,36,280000,183797,168402,161474,152092,145229,148602,6083,5913,5293,5126,5640,162319,155561,146799,140103,142962,0
Female,University,Single,22,80000,858,1468,1724,2884,2994,28788,1000,1036,1196,306,26045,468,688,1688,2688,2743,0
Female,University,Single,24,20000,17372,17859,20567,19928,18711,19408,1500,3000,0,1000,1000,16359,17567,19928,17711,18408,0
Female,Graduate,Single,24,70000,110176,56378,57572,58130,59289,61331,2700,2700,2110,2125,3000,53678,54872,56020,57164,58331,0
Female,University,Married,25,30000,23888,26966,27640,26897,27949,29645,3800,1400,0,1500,2300,23166,26240,26897,26449,27345,1
Female,University,Single,37,170000,117527,120998,120582,112819,113932,107776,5837,4278,4021,3828,3843,115161,116304,108798,110104,103933,0
Female,University,Single,30,320000,97541,99815,103701,106195,106946,109228,3900,5500,5700,4000,4000,95915,98201,100495,102946,105228,0
Female,Graduate,Single,30,210000,0,0,0,0,0,0,0,0,0,0,0,0,0,0,0,0,0
Female,University,Single,31,310000,14015,15377,16393,14855,12662,9628,2000,1300,1461,1000,2000,13377,15093,13394,11662,7628,0
Female,Graduate,Single,29,230000,0,162,1129,1130,1130,1130,162,1140,1130,0,0,0,-11,0,1130,1130,0
Female,University,Married,31,90000,90089,91196,89779,89214,88847,88724,3500,4400,5013,4000,4000,87696,85379,84201,84847,84724,1
Female,Graduate,Single,31,200000,6024,2180,2750,0,1060,2000,2180,2750,0,1060,2000,0,0,0,0,0,0
Female,University,Single,34,150000,103389,108189,112968,117613,122161,129616,8000,8000,8000,8000,10000,100189,104968,109613,114161,119616,0
Female,Graduate,Single,27,60000,23690,22413,17399,16553,14259,14134,1283,1584,1217,496,662,21130,15815,15336,13763,13472,0
Female,University,Single,38,50000,1496,35007,32672,34087,37114,45043,35007,2000,2000,5000,10000,0,30672,32087,32114,35043,0
Female,Graduate,Single,40,200000,132563,135202,137111,137121,139343,141859,4841,5047,4922,4926,5105,130361,132064,132199,134417,136754,0
Female,University,Married,35,220000,41259,37465,39494,16842,0,8419,2000,3000,1160,1000,0,35465,36494,15682,-1000,8419,0
Female,High School,Married,34,300000,-75,29014,21180,-20,-20,4045,29089,21286,0,0,4065,-75,-106,-20,-20,-20,0
Female,University,Married,47,30000,25893,30628,29368,27769,25999,26924,5501,22,2000,1000,2000,25127,29346,25769,24999,24924,1
Female,Other,Married,36,330000,18768,3736,119340,134194,76865,78760,3744,119356,20062,10189,30032,-8,-16,114132,66676,48728,0
Female,Graduate,Married,42,280000,172886,175152,172505,175967,178548,176939,6232,12104,7002,6302,6417,168920,160401,168965,172246,170522,0
Female,Graduate,Single,38,330000,0,0,0,0,0,0,0,0,0,0,0,0,0,0,0,0,1
Female,High School,Single,45,390000,94373,2230,609,-3261,36635,38396,2230,609,0,40396,3000,0,0,-3261,-3761,35396,0
Female,University,Married,38,200000,788,165,1520,413,150,150,165,1520,413,300,0,0,0,0,-150,150,0
Female,High School,Single,45,20000,12670,13682,14399,15408,15728,17082,1520,1234,1243,563,1609,12162,13165,14165,15165,15473,0
Female,University,Married,32,140000,52825,52711,50440,47945,17990,15735,3000,5007,10000,5011,5000,49711,45433,37945,12979,10735,0
Female,Graduate,Married,32,30000,3684,2911,5831,2083,2903,3874,2911,5842,2088,2903,3874,0,-11,-5,0,0,0
Female,University,Married,41,210000,0,0,0,0,0,0,0,0,0,0,0,0,0,0,0,0,0
Female,High School,Married,44,100000,1010,0,0,0,0,2947,0,0,0,0,2947,0,0,0,0,0,0
Female,University,Married,38,50000,1121,-13,2254,1338,0,757,0,2267,1338,0,757,-13,-13,0,0,0,0
Female,High School,Single,42,30000,26012,27175,27822,28481,28265,28852,2000,1577,1626,800,814,25175,26245,26855,27465,28038,1
Female,Other,Single,45,30000,29278,30488,30900,30480,31124,29333,2000,1600,1500,1100,1053,28488,29300,28980,30024,28280,1
Female,Graduate,Single,37,150000,0,0,689,2943,-6159,-6159,0,689,2943,0,0,0,0,0,-6159,-6159,0
Female,Graduate,Single,39,180000,11732,6653,-6674,18084,16481,19359,6653,330,36550,16481,21264,0,-7004,-18466,0,-1905,0
Female,University,Married,49,230000,0,0,0,0,0,6946,0,0,0,0,6946,0,0,0,0,0,0
Female,Graduate,Single,36,220000,122,104,2635,2460,859,2784,104,2653,2472,859,2784,0,-18,-12,0,0,0
Female,Graduate,Single,35,200000,5956,7690,1530,3107,1683,5784,10402,1530,4000,1683,6031,-2712,0,-893,0,-247,0
Female,University,Married,35,80000,17087,1617,8140,7258,20171,5483,1617,8179,7285,20171,5483,0,-39,-27,0,0,0
Female,High School,Married,44,380000,7234,4772,4519,3818,4096,4058,1500,2000,2023,4102,4448,3272,2519,1795,-6,-390,0
Female,University,Married,42,30000,9985,10688,11710,13030,13776,13415,1176,1198,1518,1264,0,9512,10512,11512,12512,13415,1
Female,University,Married,41,160000,8091,5344,5117,4730,6634,3477,5344,5124,4730,6635,3477,0,-7,0,-1,0,0
Female,University,Married,47,60000,27970,28004,31688,30448,452,302,1456,4140,0,904,0,26548,27548,30448,-452,302,1
Female,High School,Married,42,100000,7689,2052,1281,3770,2056,5628,0,1281,3786,2056,5634,2052,0,-16,0,-6,0
Female,University,Married,37,150000,0,1771,0,730,626,2718,1771,0,730,626,2718,0,0,0,0,0,0
Female,University,Married,38,100000,36414,37516,38622,37706,38148,40630,2000,2000,0,1369,3100,35516,36622,37706,36779,37530,0
Female,University,Single,44,30000,0,1330,2988,0,30000,0,1330,2988,0,30000,0,0,0,0,0,0,0
Female,Graduate,Married,36,220000,4086,3855,3055,1375,3338,3032,0,4000,0,3338,0,3855,-945,1375,0,3032,1
Female,Graduate,Single,38,220000,2650,2650,150,150,150,150,0,0,0,0,0,2650,150,150,150,150,0
Female,University,Single,30,400000,-38,9465,4991,466,-1381,3122,10446,5002,504,499,5056,-981,-11,-38,-1880,-1934,1
Female,Graduate,Single,30,680000,39639,-45,10251,25094,7327,167520,0,10296,25219,7341,163123,-45,-45,-125,-14,4397,1
Female,Graduate,Single,30,280000,36269,39229,48190,48758,49219,58412,10300,10018,10026,5000,10000,28929,38172,38732,44219,48412,0
Female,University,Married,44,70000,34135,27683,28311,24094,21317,9736,2020,5000,3011,1500,1000,25663,23311,21083,19817,8736,0
Female,University,Married,39,300000,6192,4784,6462,456,-2056,5251,4790,6462,456,0,14447,-6,0,0,-2056,-9196,1
Female,University,Single,41,250000,312,-18,3600,-10,2022,3809,0,3618,0,2032,3827,-18,-18,-10,-10,-18,0
Female,Graduate,Single,31,200000,1570,0,0,0,0,0,0,0,0,0,0,0,0,0,0,0,0
Female,Graduate,Single,31,450000,12818,17522,35727,82517,91873,41628,17577,35758,90018,41340,20000,-55,-31,-7501,50533,21628,0
Female,Graduate,Single,33,30000,21167,20529,24191,23510,24813,25264,0,4000,0,2000,1000,20529,20191,23510,22813,24264,1
Female,University,Single,29,210000,1778,224,2018,0,1118,1858,226,2031,0,1118,1858,-2,-13,0,0,0,0
Female,Graduate,Single,29,250000,124780,127168,125721,122209,126129,127847,5900,4500,0,5954,3900,121268,121221,122209,120175,123947,1
Female,University,Single,31,70000,64888,64454,103298,50978,51374,52453,2127,2151,2500,1836,1904,62327,101147,48478,49538,50549,0
Female,Graduate,Single,31,230000,-9,-9,986,0,0,900,0,995,0,0,900,-9,-9,0,0,0,0
Female,University,Married,37,150000,0,0,0,283,0,0,0,0,283,0,0,0,0,0,0,0,0
Female,High School,Married,47,70000,29386,31596,32492,33163,32334,34647,3000,1700,1500,0,3000,28596,30792,31663,32334,31647,0
Female,University,Married,35,150000,102007,93116,84302,74986,67369,60434,5000,5045,2563,3006,3000,88116,79257,72423,64363,57434,1
Female,University,Married,37,200000,313,0,313,152,148,498,0,313,152,148,498,0,0,0,0,0,0
Female,Other,Single,42,200000,5433,7328,0,0,2621,-72,2000,0,0,2621,0,5328,0,0,0,-72,0
Female,High School,Married,42,300000,885,0,0,0,494,0,0,0,0,494,0,0,0,0,0,0,0
Female,High School,Married,39,80000,2921,390,6837,7309,2568,2199,780,6837,1000,2568,2199,-390,0,6309,0,0,1
Female,University,Single,43,30000,31273,30499,29740,28736,28336,28336,0,0,0,0,0,30499,29740,28736,28336,28336,1
Female,University,Married,40,100000,89236,90828,83479,73749,68512,72518,3162,3523,3025,2344,5000,87666,79956,70724,66168,67518,0
Female,Graduate,Single,32,360000,290543,118479,112746,102611,92290,51489,7288,6079,6091,6227,5055,111191,106667,96520,86063,46434,0
Female,University,Single,32,150000,32428,32136,28151,27697,18981,6155,2000,1650,1500,1004,500,30136,26501,26197,17977,5655,0
Female,Graduate,Single,32,180000,-10,-10,-10,5650,-10,-10,0,0,5660,0,0,-10,-10,-10,-10,-10,0
Female,Graduate,Married,33,210000,1345,6087,947,500,1283,500,6087,947,500,1283,500,0,0,0,0,0,0
Female,High School,Married,41,110000,101316,104930,106053,108641,48519,33448,5300,4300,4800,2500,2000,99630,101753,103841,46019,31448,0
Female,University,Married,41,80000,2727,1679,566,61664,58281,58281,1679,566,61664,0,0,0,0,0,58281,58281,0
Female,University,Single,39,50000,263,1209,946,576,18611,17721,1209,0,0,18611,0,0,946,576,0,17721,0
Female,University,Married,32,150000,0,0,0,3564,0,0,0,0,3564,0,0,0,0,0,0,0,0
Female,Graduate,Single,40,260000,0,0,0,0,0,0,0,0,0,0,0,0,0,0,0,0,0
Female,Graduate,Single,33,200000,6421,846,4292,0,0,0,1064,4974,0,0,0,-218,-682,0,0,0,0
Female,University,Single,29,230000,2624,1149,2140,3313,3750,2491,1149,2140,3313,3750,2491,0,0,0,0,0,0
Female,Graduate,Married,32,70000,70178,71312,71314,71595,70040,68927,2900,2766,3648,2700,2487,68412,68548,67947,67340,66440,1
Female,Graduate,Single,32,70000,34640,35757,37175,38254,39017,39834,2000,2000,1700,1400,1446,33757,35175,36554,37617,38388,1
Female,University,Single,32,160000,2812,3826,4751,6604,8604,7072,1222,1147,2000,2000,0,2604,3604,4604,6604,7072,1
Female,High School,Single,34,200000,195380,199642,188169,191549,195163,194101,7632,6839,6518,6356,6441,192010,181330,185031,188807,187660,0
Female,University,Single,35,270000,1636,37,2845,-1000,-1000,-1000,37,3000,1000,0,0,0,-155,-2000,-1000,-1000,0
Female,University,Married,36,100000,97026,96109,97647,91998,69915,72044,5000,5000,3500,3000,3000,91109,92647,88498,66915,69044,0
Female,Graduate,Married,42,410000,12327,2306,4054,3830,3160,49828,2324,4204,0,3160,49828,-18,-150,3830,0,0,0
Female,University,Married,33,160000,1655,4271,3711,2121,2275,2895,4271,3711,2121,2275,2895,0,0,0,0,0,0
Female,University,Single,39,120000,326,3756,326,326,326,476,3756,652,326,326,476,0,-326,0,0,0,1
Female,University,Married,37,50000,12246,11901,11631,11035,1335,90,1196,1261,1000,1335,90,10705,10370,10035,0,0,0
Female,Graduate,Married,38,450000,0,0,0,0,0,0,0,0,0,0,0,0,0,0,0,0,0
Female,University,Single,36,200000,193083,195259,196120,168814,163509,172037,9000,8993,7503,6000,11300,186259,187127,161311,157509,160737,0
Female,University,Single,41,360000,3640,1436,1114,1917,19588,16666,1436,1114,1917,19588,16666,0,0,0,0,0,0
Female,University,Married,40,340000,40681,43171,45465,46708,49912,52102,3171,3000,2000,4000,3000,40000,42465,44708,45912,49102,0
Female,High School,Married,40,300000,0,0,0,0,0,0,0,0,0,0,0,0,0,0,0,0,1
Female,High School,Single,40,220000,220091,203554,207953,156699,157883,161208,7797,8201,7302,5437,5651,195757,199752,149397,152446,155557,0
Female,Graduate,Single,37,370000,308011,302783,297700,298224,338565,288924,10404,10015,16502,60003,15008,292379,287685,281722,278562,273916,0
Female,University,Married,39,170000,2947,4132,3967,592,864,1738,4134,3967,0,864,1738,-2,0,592,0,0,0
Female,University,Single,39,500000,491395,464318,477183,496400,505473,474459,25799,35530,31376,70000,17670,438519,441653,465024,435473,456789,0
Female,Graduate,Married,36,100000,94796,51713,25272,0,0,0,2624,1000,0,0,0,49089,24272,0,0,0,0
Female,Graduate,Single,31,110000,223,0,0,0,0,0,0,0,0,0,0,0,0,0,0,0,0
Female,Graduate,Married,31,230000,23526,12187,3239,3029,3029,800,7005,3239,0,0,0,5182,0,3029,3029,800,0
Female,Graduate,Single,31,230000,33109,29830,11750,5194,15450,9368,5000,5000,15897,12000,9368,24830,6750,-10703,3450,0,0
Female,University,Married,33,150000,25849,26852,27882,28894,29313,29924,1735,1765,1777,1196,1233,25117,26117,27117,28117,28691,0
Female,Graduate,Married,32,210000,7544,5525,6876,2692,5560,2866,5255,7067,2696,5560,2866,270,-191,-4,0,0,0
Female,High School,Married,32,100000,24002,22329,2781,32231,2781,21651,2781,0,32231,0,21651,19548,2781,0,2781,0,0
Female,Graduate,Married,42,230000,147396,151030,145550,135626,103789,108348,10000,7000,5065,5000,10000,141030,138550,130561,98789,98348,0
Female,Graduate,Single,33,360000,0,0,0,0,0,0,0,0,0,0,0,0,0,0,0,0,1
Female,University,Married,34,360000,80540,83715,70881,53344,47058,8674,3933,2001,1318,1134,216,79782,68880,52026,45924,8458,0
Female,Graduate,Single,34,200000,-2113,-2113,-2113,-2113,-2113,-2113,0,0,0,0,0,-2113,-2113,-2113,-2113,-2113,1
Female,Graduate,Married,34,200000,16024,18168,10274,4726,4484,4745,18184,10274,4726,4490,4745,-16,0,0,-6,0,0
Female,University,Single,33,150000,508,1155,1868,874,1735,1940,1166,1873,876,1741,2245,-11,-5,-2,-6,-305,0
Female,Graduate,Married,41,110000,150,150,150,150,150,150,0,0,0,0,0,150,150,150,150,150,0
Female,University,Married,38,320000,0,0,0,111,0,288,0,0,111,0,288,0,0,0,0,0,0
Female,High School,Married,44,50000,19178,20088,19499,21578,20940,22605,1500,0,2385,0,2000,18588,19499,19193,20940,20605,1
Female,University,Single,39,160000,32930,20090,49448,38415,59138,77579,14000,40015,1625,32044,27248,6090,9433,36790,27094,50331,0
Female,University,Married,42,80000,43045,43024,9821,600,53900,55000,1301,5098,600,53900,1100,41723,4723,0,0,53900,1
Female,University,Married,35,100000,28428,29753,30900,0,0,0,1800,1900,0,0,0,27953,29000,0,0,0,0
Female,University,Married,36,150000,289463,296846,301634,314201,84135,90500,8245,7143,13700,15000,7500,288601,294491,300501,69135,83000,0
Female,University,Married,38,60000,126220,76247,72225,67850,63073,61761,0,880,528,0,0,76247,71345,67322,63073,61761,0
Female,Graduate,Single,39,200000,345,355,0,0,907,0,355,0,0,907,0,0,0,0,0,0,0
Female,High School,Married,38,160000,5207,207,207,207,207,207,207,207,207,207,207,0,0,0,0,0,0
Female,University,Married,38,230000,4549,0,24962,34372,32630,33334,0,24962,10000,943,1000,0,0,24372,31687,32334,0
Female,University,Married,40,230000,0,0,3504,4272,2977,1900,0,3504,4272,2977,1900,0,0,0,0,0,0
Female,High School,Married,39,90000,0,0,0,873,873,0,0,0,873,0,0,0,0,0,873,0,0
Female,High School,Married,40,140000,30755,31757,32808,35342,35965,36741,1815,1866,3400,1500,1500,29942,30942,31942,34465,35241,1
Female,High School,Single,41,30000,24217,24216,25254,27099,30297,28817,2000,3000,3000,5000,0,22216,22254,24099,25297,28817,0
Female,Graduate,Married,41,320000,59807,68080,67745,91798,90936,92588,10000,4200,30000,7,3000,58080,63545,61798,90929,89588,0
Female,High School,Married,35,20000,17008,17922,18421,7032,0,1000,1501,1000,7200,0,1000,16421,17421,-168,0,0,0
Female,High School,Single,35,50000,3123,1326,2866,4406,2821,1854,1326,2866,4406,2821,1854,0,0,0,0,0,0
Female,High School,Married,38,30000,24505,25592,26628,27678,28084,30068,1800,1750,1800,1165,2600,23792,24878,25878,26919,27468,0
Female,High School,Single,36,160000,27204,897,1066,1760,880,5510,897,1066,1760,0,5510,0,0,0,880,0,0
Female,University,Married,48,280000,79536,31251,37071,16757,9509,10861,31280,26757,5076,9539,10861,-29,10314,11681,-30,0,0
Female,University,Single,35,390000,42286,30038,27402,28352,28066,28215,2389,2414,2378,892,925,27649,24988,25974,27174,27290,0
Female,High School,Married,44,100000,41803,73882,75609,77265,78973,81665,33882,4000,4000,4000,5000,40000,71609,73265,74973,76665,1
Female,Other,Single,48,200000,198540,0,0,0,0,0,0,0,0,0,0,0,0,0,0,0,0
Female,High School,Married,43,110000,48796,49371,19413,20204,16627,14980,2350,1392,1183,511,1151,47021,18021,19021,16116,13829,0
Female,University,Married,45,50000,48875,50103,46641,31459,28901,29523,2080,1690,1458,1100,1076,48023,44951,30001,27801,28447,0
Female,University,Married,41,100000,111925,107224,107126,101859,79519,74368,4000,7000,3533,2673,3500,103224,100126,98326,76846,70868,0
Female,High School,Other,31,200000,0,0,0,0,0,0,0,0,0,0,0,0,0,0,0,0,0
Female,Graduate,Married,34,250000,138380,141223,156858,151841,152803,155997,5136,17994,0,5469,5656,136087,138864,151841,147334,150341,0
Female,High School,Married,48,20000,13836,14805,15865,16062,15509,16558,1500,1595,750,0,1452,13305,14270,15312,15509,15106,1
Female,University,Married,35,260000,3439,10034,256,274,388,766,10127,258,274,388,766,-93,-2,0,0,0,0
Female,High School,Married,31,20000,15043,14509,19092,19113,19483,14523,0,5166,2963,833,812,14509,13926,16150,18650,13711,1
Female,University,Married,44,320000,0,0,0,0,0,0,0,0,0,0,0,0,0,0,0,0,0
Female,Graduate,Married,37,30000,7979,8301,9156,8983,8141,6422,1149,1191,1079,239,209,7152,7965,7904,7902,6213,0
Female,University,Single,41,50000,39859,38781,26823,26799,26536,27093,1501,2003,1420,937,972,37280,24820,25379,25599,26121,0
Female,University,Single,36,80000,19671,20650,0,0,0,0,1700,0,0,0,0,18950,0,0,0,0,1
Female,University,Married,40,120000,57816,62139,60584,63871,62251,63443,5900,0,4900,0,2500,56239,60584,58971,62251,60943,1
Female,University,Married,49,290000,37246,36927,39769,35058,36965,38863,3000,3500,2500,2500,2500,33927,36269,32558,34465,36363,0
Female,University,Married,43,50000,30530,41460,21897,23404,0,0,2000,2000,2000,0,0,39460,19897,21404,0,0,0
Female,High School,Married,39,30000,21173,22513,23826,20613,21269,22761,2000,2000,1000,1000,2000,20513,21826,19613,20269,20761,1
Female,University,Single,33,580000,18812,15408,20629,10682,6788,10413,2000,10053,8017,6788,10413,13408,10576,2665,0,0,0
Female,Graduate,Married,41,270000,1278,-4,3564,1280,1898,0,0,3568,1280,1898,0,-4,-4,0,0,0,0
Female,High School,Married,42,30000,836,836,836,1672,836,390,836,836,1672,0,390,0,0,0,836,0,0
Female,Graduate,Married,31,160000,147710,151368,147184,149053,136809,140678,7501,0,5790,4825,6000,143867,147184,143263,131984,134678,0
Female,University,Single,31,180000,416,416,416,416,416,416,416,416,416,416,416,0,0,0,0,0,0
Female,University,Married,34,20000,3223,3176,220,632,0,316,1220,0,632,0,316,1956,220,0,0,0,1
Female,University,Married,33,210000,7655,1644,2258,8241,428,3537,1644,2261,11008,428,3537,0,-3,-2767,0,0,0
Female,High School,Married,43,200000,113570,113974,117248,104889,103668,105467,4149,5571,5221,4001,4001,109825,111677,99668,99667,101466,0
Female,High School,Married,43,130000,32667,33822,34975,35943,36447,37259,2000,2000,1850,1400,1400,31822,32975,34093,35047,35859,0
Female,Other,Married,36,30000,8839,0,4342,690,0,99,0,4342,690,0,99,0,0,0,0,0,0
Female,University,Married,40,130000,4176,11806,1984,4649,6727,473,11839,3000,4649,6727,473,-33,-1016,0,0,0,0
Female,High School,Married,43,180000,3122,-26214,98834,34677,55634,44325,16,130000,40057,56000,10000,-26230,-31166,-5380,-366,34325,0
Female,University,Married,39,110000,93111,91198,85136,80491,78967,80628,3226,3050,2765,2304,2400,87972,82086,77726,76663,78228,0
Female,University,Married,39,20000,15299,14112,11221,10656,7928,580,1883,3520,0,1000,580,12229,7701,10656,6928,0,0
Female,University,Single,35,150000,97268,71876,50043,55182,48983,50136,3500,2000,20000,2000,2000,68376,48043,35182,46983,48136,0
Female,High School,Single,37,210000,0,202,4202,5152,5444,5786,202,4000,1208,500,400,0,202,3944,4944,5386,0
Female,University,Single,42,90000,92837,95413,94460,10031,11243,3343,4500,2000,10061,11277,3808,90913,92460,-30,-34,-465,0
Female,University,Married,42,500000,62112,60246,74832,126778,82611,71338,20025,40000,85000,139,20000,40221,34832,41778,82472,51338,0
Female,University,Married,37,300000,15695,11551,6224,14959,6885,22107,11551,6252,14959,6885,22107,0,-28,0,0,0,0
Female,High School,Married,33,370000,18082,18339,19031,17345,18245,23200,1628,1320,1100,1000,10000,16711,17711,16245,17245,13200,0
Female,University,Single,35,200000,104393,108956,109339,113799,75536,66643,6300,4588,6910,30,2375,102656,104751,106889,75506,64268,0
Female,Other,Single,38,500000,2252,2265,24667,40626,9255,8659,2265,24905,40827,30844,8695,0,-238,-201,-21589,-36,0
Female,University,Single,41,50000,43885,45408,36025,0,0,0,2408,2025,0,0,0,43000,34000,0,0,0,1
Female,University,Married,36,120000,106609,380,0,970,5576,0,380,0,970,5576,0,0,0,0,0,0,0
Female,University,Married,38,270000,62263,60654,59464,54715,51796,53256,3000,3000,3019,5000,5000,57654,56464,51696,46796,48256,0
Female,Graduate,Married,43,300000,21953,32905,14458,18061,8016,5768,32905,14458,18061,8016,5768,0,0,0,0,0,0
Female,University,Married,37,90000,18255,17664,20667,20042,20408,22073,0,3300,0,1000,2000,17664,17367,20042,19408,20073,0
Female,University,Married,48,120000,626,0,1252,1252,1252,626,0,1252,1252,0,626,0,0,0,1252,0,0
Female,University,Married,47,90000,6681,6426,10289,10816,11333,11997,0,4000,1000,1000,1000,6426,6289,9816,10333,10997,0
Female,Graduate,Single,41,350000,122017,121505,119522,119947,117328,118400,6000,5900,5800,4100,4500,115505,113622,114147,113228,113900,0
Female,University,Married,29,180000,20867,20168,14464,3455,0,0,0,0,0,0,0,20168,14464,3455,0,0,0
Female,High School,Other,30,30000,24171,27393,28089,25805,21356,15158,3634,1451,9,1003,905,23759,26638,25796,20353,14253,0
Female,University,Single,29,240000,2638,1526,2276,1486,1776,2308,1526,2276,1486,1776,2308,0,0,0,0,0,1
Female,University,Married,38,80000,84372,77773,78499,79943,77354,78655,0,2900,3102,3000,3010,77773,75599,76841,74354,75645,0
Female,University,Married,37,50000,46239,47469,51145,45624,29172,27291,2000,4500,0,1153,1000,45469,46645,45624,28019,26291,1
Female,Graduate,Married,42,370000,291006,271452,256269,200761,125646,111185,12100,11295,8300,5000,4600,259352,244974,192461,120646,106585,0
Female,University,Married,43,150000,5446,6671,4839,807,28023,7613,6682,6095,807,28023,7613,-11,-1256,0,0,0,0
Female,Graduate,Single,31,410000,400967,365398,367247,304903,310333,317330,14158,13000,13000,12000,12000,351240,354247,291903,298333,305330,0
Female,University,Married,32,230000,1680,1535,1836,2274,0,21166,1535,1836,2283,0,21166,0,0,-9,0,0,0
Female,High School,Single,32,80000,4965,51932,0,2165,39881,14691,51932,0,2165,39881,14691,0,0,0,0,0,0
Female,Graduate,Single,32,140000,10281,32163,20421,19573,11611,0,32172,1476,2140,1000,0,-9,18945,17433,10611,0,0
Female,University,Married,32,180000,5244,8135,12621,17987,-99,-99,3000,5000,15000,0,0,5135,7621,2987,-99,-99,0
Female,Graduate,Married,33,240000,95835,90385,85011,77329,50673,48723,4060,3181,3000,1500,3042,86325,81830,74329,49173,45681,0
Female,University,Single,30,160000,-38,-38,-38,-38,-38,-38,0,0,0,0,0,-38,-38,-38,-38,-38,0
Female,Graduate,Single,31,320000,11910,4401,3345,1104,82434,82319,4445,3398,1104,82434,0,-44,-53,0,0,82319,0
Female,University,Married,35,80000,252,-1624,2072,1752,1876,1876,0,5572,1752,2000,1876,-1624,-3500,0,-124,0,0
Female,University,Married,36,230000,3745,4632,4979,631,1635,10244,3000,2023,0,1004,10019,1632,2956,631,631,225,0
Female,University,Married,40,230000,273,273,2418,1428,4398,5748,273,3588,1428,4398,5748,0,-1170,0,0,0,0
Female,University,Married,38,20000,11904,13193,12236,13041,13641,14251,1500,1400,1500,1000,1000,11693,10836,11541,12641,13251,0
Female,University,Married,37,220000,158494,156004,149677,152724,142064,142649,7000,7000,7100,5000,5400,149004,142677,145624,137064,137249,0
Female,Graduate,Married,42,180000,626,0,1290,0,0,1200,0,1290,0,0,1200,0,0,0,0,0,0
Female,University,Married,36,260000,7258,7935,4979,3976,6623,24426,2037,4979,1019,6623,18119,5898,0,2957,0,6307,0
Female,University,Married,37,360000,10000,17444,17165,10000,10000,10000,17444,10035,10000,10000,10000,0,7130,0,0,0,0
Female,University,Married,36,210000,167970,161852,163600,162303,162799,161912,0,8000,8000,6000,6000,161852,155600,154303,156799,155912,1
Female,Graduate,Single,32,200000,261,1715,281,1105,354,-2,1723,282,1110,390,0,-8,-1,-5,-36,-2,0
Female,Graduate,Single,35,350000,8526,10892,9218,9834,1458,5225,10951,9274,4711,1472,5251,-59,-56,5123,-14,-26,0
Female,Graduate,Married,35,360000,0,0,0,0,0,0,0,0,0,0,0,0,0,0,0,0,0
Female,University,Single,27,60000,30641,33787,42025,41067,40109,42695,3987,8825,0,0,3400,29800,33200,41067,40109,39295,0
Female,Graduate,Single,47,190000,314,3031,597,1640,306,39506,3031,597,1648,306,39506,0,0,-8,0,0,0
Female,Graduate,Single,35,180000,24414,22479,21802,20100,16629,15628,2483,2808,2101,3,2000,19996,18994,17999,16626,13628,0
Female,Graduate,Married,37,230000,312,2984,1786,363,437,843,3186,1786,363,437,843,-202,0,0,0,0,1
Female,Graduate,Married,45,270000,0,0,0,0,0,0,0,0,0,0,0,0,0,0,0,0,1
Female,High School,Married,45,220000,176879,182100,184900,170611,125433,83709,10150,10000,10000,10053,4000,171950,174900,160611,115380,79709,0
Female,Graduate,Married,36,80000,78780,0,0,0,0,59349,0,0,0,0,59349,0,0,0,0,0,0
Female,Graduate,Single,29,90000,79063,64135,46678,85156,43269,44181,3687,1997,1995,1686,1749,60448,44681,83161,41583,42432,0
Female,Graduate,Married,35,500000,5799,36189,23338,7896,8970,215305,36277,6112,10014,9018,215518,-88,17226,-2118,-48,-213,0
Female,University,Married,35,210000,188,971,2871,5087,1943,3392,971,2871,5087,0,3392,0,0,0,1943,0,1
Female,Graduate,Single,27,110000,89603,88232,85362,74552,59902,42254,4113,3500,4005,0,1500,84119,81862,70547,59902,40754,0
Female,Graduate,Single,31,150000,10778,6798,6221,4711,6711,6711,6000,3039,9050,2000,0,798,3182,-4339,4711,6711,0
Female,Graduate,Single,33,90000,3000,6000,0,3000,3000,3000,6000,0,3000,3000,3000,0,0,0,0,0,0
Female,University,Married,34,190000,84031,86730,93705,91317,96079,94428,5000,9310,0,7200,0,81730,84395,91317,88879,94428,0
Female,University,Single,43,180000,152122,98901,101689,102925,0,0,10000,6500,5000,0,0,88901,95189,97925,0,0,0
Female,University,Married,37,240000,51277,51999,52613,21696,22807,22877,10006,10000,10000,22807,10000,41993,42613,11696,0,12877,0
Female,University,Single,28,200000,4571,0,2983,2780,0,0,0,2983,0,0,0,0,0,2780,0,0,0
Female,High School,Married,49,200000,0,0,2317,7588,7606,14053,0,2317,7588,7614,14053,0,0,0,-8,0,0
Female,University,Single,38,160000,0,0,0,68600,70000,0,0,0,68600,1400,0,0,0,0,68600,0,0
Female,Graduate,Single,27,240000,7029,3932,2105,2487,777,5300,0,1057,1000,0,5300,3932,1048,1487,777,0,0
Female,University,Married,25,80000,76358,77433,74050,73361,56966,59130,3000,3000,2700,2000,5000,74433,71050,70661,54966,54130,0
Female,University,Married,39,180000,0,0,0,0,0,0,0,0,0,0,0,0,0,0,0,0,1
Female,University,Single,26,80000,0,0,0,0,0,0,0,0,0,0,0,0,0,0,0,0,0
Female,University,Single,26,70000,70805,70087,62750,53600,45215,46486,2600,2231,1800,1700,2000,67487,60519,51800,43515,44486,0
Female,University,Married,38,160000,73902,119408,134243,12670,6349,10775,50000,20000,30037,6349,11000,69408,114243,-17367,0,-225,0
Female,Graduate,Single,30,200000,148646,132606,136183,127438,124816,92037,5000,8500,3500,3000,25000,127606,127683,123938,121816,67037,0
Female,Graduate,Single,34,20000,1789,16745,1464,1466,1691,4565,16745,1464,1466,1691,4565,0,0,0,0,0,0
Female,University,Married,35,300000,155493,179071,42404,71493,13547,27710,50706,30028,60300,27054,25003,128365,12376,11193,-13507,2707,0
Female,Graduate,Married,42,150000,107968,109234,37424,36446,39193,38297,5023,6086,0,5200,0,104211,31338,36446,33993,38297,0
Female,Graduate,Single,45,30000,5830,1330,909,390,29570,940,0,909,390,29570,940,1330,0,0,0,0,0
Female,University,Single,37,360000,333,333,5043,333,0,333,333,5043,333,0,333,0,0,0,0,0,1
Female,Graduate,Married,39,280000,97694,89690,86812,87813,88267,89676,4014,4300,4153,2900,2500,85676,82512,83660,85367,87176,0
Female,High School,Single,23,30000,30335,29546,29826,29997,29789,29967,0,2000,1500,1000,2000,29546,27826,28497,28789,27967,0
Female,Graduate,Single,24,50000,48712,49587,21604,14772,9238,9588,2269,1286,1200,332,500,47318,20318,13572,8906,9088,0
Female,Other,Married,28,160000,819,162,165,165,165,165,162,168,165,165,165,0,-3,0,0,0,0
Female,Graduate,Single,28,80000,36736,38079,40805,35740,32684,32605,1955,3681,1300,0,1500,36124,37124,34440,32684,31105,0
Female,Graduate,Single,29,100000,92929,95471,98569,48695,54444,4948,5000,5000,1251,6000,0,90471,93569,47444,48444,4948,0
Female,University,Married,47,60000,54532,54203,58199,59152,76006,19604,1970,6000,3000,1000,1000,52233,52199,56152,75006,18604,0
Female,Graduate,Single,27,420000,198604,202935,207548,211990,216362,220728,7518,7763,7768,7768,7877,195417,199785,204222,208594,212851,0
Female,University,Single,27,140000,0,0,0,0,0,1079,0,0,0,0,1079,0,0,0,0,0,0
Female,Graduate,Single,32,270000,9220,14050,13539,15005,16438,17021,5000,0,2000,2000,1000,9050,13539,13005,14438,16021,1
Female,Graduate,Married,35,160000,0,0,0,0,0,0,0,0,0,0,0,0,0,0,0,0,1
Female,Graduate,Single,31,230000,2850,1940,8508,-853,13909,29160,1940,8508,0,19000,19160,0,0,-853,-5091,10000,0
Female,Graduate,Other,47,100000,43175,42669,42238,41646,40976,40503,1680,1722,1603,1406,1598,40989,40516,40043,39570,38905,0
Female,Graduate,Single,36,260000,0,132,1109,1181,-18,3791,132,1119,1186,18,3809,0,-10,-5,-36,-18,0
Female,Graduate,Single,37,200000,191876,121296,121473,123943,127552,130380,4305,4408,4489,5660,6000,116991,117065,119454,121892,124380,0
Female,University,Married,44,380000,268755,270405,258979,261213,264550,163860,11035,10009,11003,10500,7500,259370,248970,250210,254050,156360,0
Female,University,Married,33,130000,41573,0,13853,14277,0,0,0,13853,1000,0,0,0,0,13277,0,0,0
Female,University,Single,33,70000,67967,66276,71307,71977,70306,71161,0,6124,2500,0,5300,66276,65183,69477,70306,65861,0
Female,University,Married,33,270000,10148,625,14430,7320,5500,500,625,14430,7325,5500,500,0,0,-5,0,0,0
Female,University,Married,49,30000,27922,25214,26755,23235,25008,26761,2000,2000,2000,2000,2000,23214,24755,21235,23008,24761,1
Female,Graduate,Married,37,290000,20565,8741,24250,97542,16950,0,8741,24257,97542,16950,0,0,-7,0,0,0,0
Female,University,Single,40,50000,46319,49518,48188,49966,19294,18971,4000,1000,3800,820,900,45518,47188,46166,18474,18071,0
Female,University,Married,40,30000,31230,31348,28034,26251,24133,22527,2007,8,2007,1005,782,29341,28026,24244,23128,21745,1
Female,High School,Married,38,210000,2569,3920,2529,3087,2811,3204,3920,2529,3087,2811,3204,0,0,0,0,0,0
Female,High School,Single,43,220000,223022,215787,220680,219459,177765,175238,7750,8397,7349,6518,7000,208037,212283,212110,171247,168238,0
Female,University,Married,32,340000,61605,64250,66293,57657,53035,54693,3500,3049,2706,1870,3000,60750,63244,54951,51165,51693,0
Female,Graduate,Married,41,500000,4513,4342,3321,6760,5788,12633,4375,3337,6789,5816,12696,-33,-16,-29,-28,-63,0
Female,University,Married,31,30000,20494,19867,21045,24681,23985,25099,0,1500,4000,0,1500,19867,19545,20681,23985,23599,0
Female,University,Married,32,180000,13286,15548,15009,17752,17172,18732,2800,0,3000,0,2000,12748,15009,14752,17172,16732,1
Female,University,Single,24,60000,53910,55028,56449,56273,28316,30763,2600,2900,2034,2000,3000,52428,53549,54239,26316,27763,0
Female,Graduate,Single,32,100000,41531,6120,104346,91025,91120,1777,6157,100000,2017,1822,1777,-37,4346,89008,89298,0,0
Female,University,Married,33,270000,7780,7365,3097,48546,47250,46649,2228,0,48546,2000,3000,5137,3097,0,45250,43649,1
Female,University,Married,47,200000,8800,0,5738,0,2244,66000,0,5738,1626,2244,66000,0,0,-1626,0,0,0
Female,University,Married,38,240000,234304,229519,229676,234928,160765,158184,7888,8522,9260,5700,5475,221631,221154,225668,155065,152709,0
Female,University,Married,40,110000,107035,110156,8871,66482,59578,57961,4000,2500,58000,2000,3000,106156,6371,8482,57578,54961,0
Female,Graduate,Single,32,360000,167232,166848,149903,138091,138123,140324,6121,7294,6135,4504,4669,160727,142609,131956,133619,135655,0
Female,High School,Single,35,50000,54731,51080,45536,38745,37395,19247,1730,52014,1200,19959,1402,49350,-6478,37545,17436,17845,0
Female,University,Married,39,60000,50615,50200,19567,29035,27762,27740,1619,1429,31426,969,998,48581,18138,-2391,26793,26742,0
Female,University,Married,38,50000,5764,6786,9095,8803,8975,9008,1278,2587,0,467,326,5508,6508,8803,8508,8682,0
Female,Graduate,Single,28,120000,3564,2063,768,3096,2677,2592,2063,768,3146,2677,0,0,0,-50,0,2592,0
Female,University,Married,48,140000,121096,123064,126749,127244,129495,126663,4407,6100,4518,4694,4745,118657,120649,122726,124801,121918,0
Female,University,Married,46,100000,97515,99028,96592,99801,27930,27377,4000,0,5000,2000,1116,95028,96592,94801,25930,26261,0
Female,High School,Married,46,280000,506515,491801,62236,54813,38669,18010,0,1803,1475,1105,534,491801,60433,53338,37564,17476,1
Female,Graduate,Married,28,180000,176793,173034,171772,172344,134321,131191,8000,8206,6500,5000,5000,165034,163566,165844,129321,126191,0
Female,Graduate,Single,28,180000,0,0,0,0,0,0,0,0,0,0,0,0,0,0,0,0,0
Female,University,Married,37,150000,100390,108784,110405,106317,30906,31457,11600,4800,0,1240,1200,97184,105605,106317,29666,30257,0
Female,Graduate,Single,42,180000,130304,140191,142477,141674,146312,149133,13600,6000,3000,8500,5300,126591,136477,138674,137812,143833,1
Female,Graduate,Single,35,180000,19369,7123,4569,29635,6489,0,7123,4569,36124,0,0,0,0,-6489,6489,0,0
Female,University,Married,41,30000,25735,27001,28261,29337,26189,21715,2000,2000,2000,500,1000,25001,26261,27337,25689,20715,0
Female,University,Married,48,380000,64001,60427,58603,58359,59527,58482,5000,7000,7359,10000,7000,55427,51603,51000,49527,51482,0
Female,High School,Single,36,130000,1738,1738,1738,1738,1738,1738,1738,1738,1738,1738,1738,0,0,0,0,0,0
Female,Graduate,Single,28,170000,1311,3008,4244,1718,0,1125,3008,4244,1718,0,1125,0,0,0,0,0,0
Female,Graduate,Married,43,220000,941,911,9743,7480,22880,880,920,9752,0,22880,0,-9,-9,7480,0,880,1
Female,Graduate,Married,49,150000,0,0,0,12200,16961,3000,0,0,12200,16961,3000,0,0,0,0,0,0
Female,Other,Single,34,180000,0,149,0,0,0,0,149,0,0,0,0,0,0,0,0,0,0
Female,Graduate,Single,46,180000,0,0,0,0,0,0,0,0,0,0,0,0,0,0,0,0,1
Female,Graduate,Single,27,360000,0,0,0,0,0,0,0,0,0,0,0,0,0,0,0,0,0
Female,Graduate,Married,30,150000,107799,16332,13837,15855,9049,3244,16363,10149,10000,7000,0,-31,3688,5855,2049,3244,0
Female,Other,Married,39,170000,1803,217,10121,12180,15667,9224,218,10121,12180,5011,0,-1,0,0,10656,9224,0
Female,Graduate,Single,44,50000,10012,11039,12549,16995,17490,18253,1500,2000,5000,778,1200,9539,10549,11995,16712,17053,0
Female,Graduate,Single,39,300000,87540,89792,91558,93741,99802,97711,5000,4500,5000,8000,0,84792,87058,88741,91802,97711,0
Female,Graduate,Single,40,450000,799,0,0,0,0,0,0,0,0,0,0,0,0,0,0,0,0
Female,University,Married,29,210000,145499,107712,-564,4270,143607,144505,4751,0,6000,143754,5000,102961,-564,-1730,-147,139505,0
Female,University,Married,30,80000,15304,0,0,0,1005,5,0,0,0,1005,0,0,0,0,0,5,0
Female,University,Married,32,240000,0,0,0,0,0,0,0,0,0,0,0,0,0,0,0,0,0
Female,University,Single,32,110000,68014,68788,70880,72403,73600,75261,2500,3200,3300,3000,3000,66288,67680,69103,70600,72261,0
Female,High School,Married,40,400000,27035,28119,31166,35238,1408,4869,28204,33716,37400,1408,4869,-85,-2550,-2162,0,0,0
Female,University,Married,49,90000,0,0,0,2146,2452,6990,0,0,2146,2452,6990,0,0,0,0,0,1
Female,Graduate,Single,29,210000,199251,205143,192260,168511,144980,153706,9025,8507,5740,5128,11000,196118,183753,162771,139852,142706,0
Female,Graduate,Single,31,260000,69343,70585,71430,73837,73271,74266,4000,4000,4007,13990,2056,66585,67430,69830,59281,72210,0
Female,Graduate,Single,27,170000,89909,61785,17848,14000,124208,122955,8941,3848,4000,124208,5000,52844,14000,10000,0,117955,0
Female,University,Single,30,210000,0,0,474,17171,16625,17030,0,474,17171,0,800,0,0,0,16625,16230,0
Female,Graduate,Married,38,200000,0,0,0,0,0,0,0,0,0,0,0,0,0,0,0,0,0
Female,Graduate,Married,45,560000,34669,150228,151425,143343,127225,130479,150000,60052,10268,27225,15000,228,91373,133075,100000,115479,0
Female,Graduate,Single,34,540000,1128,1784,892,946,946,946,1784,892,1000,946,946,0,0,-54,0,0,0
Female,University,Married,29,100000,500,0,0,0,0,0,0,0,0,0,0,0,0,0,0,0,0
Female,University,Married,26,80000,77758,80468,82150,0,0,0,4000,4000,0,0,0,76468,78150,0,0,0,1
Female,University,Married,35,30000,23785,20946,23785,24422,23688,19626,0,3500,1319,0,800,20946,20285,23103,23688,18826,1
Female,University,Married,28,80000,77856,76079,78410,55417,50733,50441,3670,4520,3311,50441,1800,72409,73890,52106,292,48641,1
Female,Graduate,Single,28,50000,19930,19316,20347,21354,21630,23123,0,1646,1653,929,2000,19316,18701,19701,20701,21123,1
Female,Graduate,Single,26,120000,43629,56933,54724,32400,9207,5828,25000,45000,5151,2000,5000,31933,9724,27249,7207,828,0
Female,University,Married,32,240000,24615,27500,0,0,0,0,5000,0,0,0,0,22500,0,0,0,0,0
Female,University,Married,33,260000,3342,8978,4331,13860,1987,5626,9023,4353,13929,1997,5654,-45,-22,-69,-10,-28,0
Female,University,Single,33,280000,71174,66228,39379,13409,40854,2930,2290,1304,1000,29485,2930,63938,38075,12409,11369,0,0
Female,University,Married,35,30000,31955,30429,27286,21919,19015,2732,1800,1388,1501,1001,2732,28629,25898,20418,18014,0,1
Female,High School,Single,38,150000,1589,1335,9447,4887,11181,6692,1339,9460,0,6702,16,-4,-13,4887,4479,6676,0
Female,University,Married,36,350000,21026,35588,38002,40357,43663,52735,15000,3000,3000,4000,10000,20588,35002,37357,39663,42735,1
Female,University,Single,34,100000,1919,1831,163,1028,0,0,1831,163,1028,0,0,0,0,0,0,0,0
Female,Graduate,Married,46,320000,57593,534,2709,0,7779,0,534,2709,0,7779,0,0,0,0,0,0,0
Female,University,Married,41,380000,415735,400246,384705,383332,381423,377466,0,0,15135,13212,13529,400246,384705,368197,368211,363937,1
Female,University,Single,43,40000,9268,8974,8885,10583,10269,9960,0,200,2000,0,0,8974,8685,8583,10269,9960,0
Female,High School,Married,43,100000,5719,6633,3461,4471,4560,4656,1043,1064,1074,163,169,5590,2397,3397,4397,4487,0
Female,Graduate,Single,30,270000,81488,76257,70685,66539,61069,56211,3000,5000,3000,2200,2100,73257,65685,63539,58869,54111,0
Female,High School,Married,44,30000,26627,27631,29179,30146,26371,27567,1452,2000,1500,933,2000,26179,27179,28646,25438,25567,1
Female,University,Single,40,50000,19869,15584,4377,0,0,0,15584,4377,0,0,0,0,0,0,0,0,0
Female,Graduate,Single,30,180000,44478,40311,43847,50763,69026,32030,8000,10000,10000,23000,5000,32311,33847,40763,46026,27030,0
Female,Graduate,Single,31,150000,5596,2569,0,0,0,302,2573,0,0,0,302,-4,0,0,0,0,0
Female,Graduate,Married,32,360000,16039,20396,19382,13874,9398,10773,5000,2000,5019,2000,2500,15396,17382,8855,7398,8273,0
Female,Graduate,Married,38,170000,5910,0,0,0,0,3001,0,0,0,0,3001,0,0,0,0,0,0
Female,University,Single,37,140000,86858,89509,91476,92591,95887,97739,5000,4300,3600,5000,3310,84509,87176,88991,90887,94429,0
Female,University,Married,41,90000,25388,26460,26711,27722,28116,28552,1800,1747,1758,1152,1038,24660,24964,25964,26964,27514,0
Female,High School,Single,46,20000,942,942,9849,3870,6630,1170,942,9849,3870,6700,4780,0,0,0,-70,-3610,0
Female,High School,Married,28,160000,132528,135846,136732,101473,100895,103107,7000,5000,0,3770,4000,128846,131732,101473,97125,99107,0
Female,University,Single,36,30000,26535,27131,27294,27853,28033,28756,1433,1481,1430,1000,1543,25698,25813,26423,27033,27213,0
Female,University,Married,38,300000,0,0,0,1000,890,390,0,0,1000,390,390,0,0,0,500,0,1
Female,University,Single,24,80000,81228,76590,73327,69760,50642,48690,3400,2800,3038,2000,2000,73190,70527,66722,48642,46690,1
Female,Graduate,Single,32,360000,11358,17580,17416,14789,11800,21831,7079,7000,5000,0,11831,10501,10416,9789,11800,10000,1
Female,Graduate,Single,41,460000,6302,31293,0,0,0,18165,31321,0,0,0,18165,-28,0,0,0,0,0
Female,High School,Single,46,30000,19830,15915,1736,1170,780,780,0,1736,0,0,0,15915,0,1170,780,780,0
Female,University,Married,37,80000,2000,2000,2000,2000,2000,2000,2000,2000,2000,2000,2000,0,0,0,0,0,1
Female,Other,Single,25,140000,91485,78704,79449,45514,42155,42812,3009,3411,1523,1352,1526,75695,76038,43991,40803,41286,0
Female,University,Married,43,280000,644,499,1641,5280,6913,-741,499,1641,5280,6915,0,0,0,0,-2,-741,0
Female,University,Married,28,300000,30631,14623,9728,28960,26589,18171,1373,1010,42348,0,0,13250,8718,-13388,26589,18171,0
Female,University,Married,29,30000,15361,18274,17697,18416,20099,21631,3175,0,1317,2000,2000,15099,17697,17099,18099,19631,1
Female,Graduate,Married,37,500000,208068,188873,170225,170407,196150,167748,30072,10093,20031,60030,15008,158801,160132,150376,136120,152740,0
Female,University,Married,42,180000,258662,265416,279551,285045,298652,296036,11056,20000,12000,18000,0,254360,259551,273045,280652,296036,0
Female,High School,Married,37,160000,17500,15933,19536,7550,6977,7811,10000,10000,3006,3000,3000,5933,9536,4544,3977,4811,0
Female,Graduate,Married,40,200000,0,0,2479,0,0,0,0,2479,0,0,0,0,0,0,0,0,0
Female,University,Married,37,130000,110434,108740,122873,122870,120373,134146,4100,20000,6000,5000,20000,104640,102873,116870,115373,114146,0
Female,High School,Single,30,230000,2380,0,0,0,0,31868,0,0,0,0,31868,0,0,0,0,0,0
Female,Graduate,Single,34,230000,3251,4342,2557,4440,4832,6059,4347,2557,4443,4832,6314,-5,0,-3,0,-255,1
Female,High School,Married,48,60000,316,316,316,316,316,316,316,316,316,316,316,0,0,0,0,0,1
Female,University,Married,47,80000,4166,3908,0,3521,0,14206,0,0,3521,0,14206,3908,0,0,0,0,0
Female,University,Married,47,240000,27884,23222,0,0,13143,27383,23610,0,0,13143,27383,-388,0,0,0,0,0
Female,University,Single,30,240000,35380,64013,51380,25438,19376,12889,64013,1651,1705,564,2093,0,49729,23733,18812,10796,0
Female,High School,Married,33,220000,1037,1062,0,0,0,0,1062,0,0,0,0,0,0,0,0,0,0
Female,University,Married,44,50000,10950,5662,6797,7565,9565,11357,1097,1232,1000,2000,2000,4565,5565,6565,7565,9357,1
Female,High School,Married,42,50000,50562,50906,48888,47037,12187,9962,2000,2009,1180,1000,1000,48906,46879,45857,11187,8962,0
Female,University,Married,38,50000,588,588,588,926,643,643,588,588,926,643,643,0,0,0,0,0,0
Female,University,Married,39,90000,1330,950,1330,950,950,11786,950,1330,950,950,11786,0,0,0,0,0,1
Female,University,Single,46,80000,79812,80717,80366,74782,47767,49278,2854,7014,44,1693,4000,77863,73352,74738,46074,45278,0
Female,High School,Married,43,190000,93359,95376,98954,101512,106708,109639,3404,4954,4512,6708,4639,91972,94000,97000,100000,105000,0
Female,Graduate,Married,31,210000,157544,160437,129247,119579,120318,107122,7505,7072,4009,8000,10000,152932,122175,115570,112318,97122,0
Female,University,Married,45,370000,137250,141167,103000,41200,1109,99723,5927,5000,41200,1109,99723,135240,98000,0,0,0,0
Female,University,Married,45,80000,53916,52462,55327,56804,57469,58505,0,4327,3000,2200,2100,52462,51000,53804,55269,56405,1
Female,University,Married,32,220000,28853,29145,27171,22067,17831,15671,2000,4000,1420,2000,3000,27145,23171,20647,15831,12671,0
Female,University,Married,44,230000,899,1000,1685,3207,1941,329,1000,1685,3207,0,329,0,0,0,1941,0,0
Female,University,Married,39,200000,13145,15549,21375,9312,23958,10825,15571,21488,9312,23958,10825,-22,-113,0,0,0,0
Female,Graduate,Single,31,400000,5974,2600,110958,164959,130737,128312,2600,110958,110000,20000,58312,0,0,54959,110737,70000,0
Female,University,Single,44,80000,22771,17047,11885,8254,5144,15365,1239,1435,1350,5144,15365,15808,10450,6904,0,0,0
Female,University,Married,36,360000,16557,18369,20067,48307,12918,12375,3000,2000,29079,1066,1000,15369,18067,19228,11852,11375,0
Female,Graduate,Single,35,310000,308105,303679,278488,256962,262381,278117,13088,9834,9500,9700,20200,290591,268654,247462,252681,257917,1
Female,Graduate,Single,29,150000,80299,81963,84641,86330,88885,97402,3000,4000,4000,4000,10000,78963,80641,82330,84885,87402,0
Female,University,Single,30,80000,90562,85919,83023,79031,41149,30244,3340,2000,83731,2000,2000,82579,81023,-4700,39149,28244,0
Female,University,Married,30,40000,14408,15370,16320,16456,16492,16086,1500,1500,700,600,0,13870,14820,15756,15892,16086,1
Female,Graduate,Single,30,320000,2419,3193,5127,6871,7751,8623,2000,2000,2000,1000,1000,1193,3127,4871,6751,7623,0
Female,University,Single,38,170000,153123,151050,148362,142223,126060,123978,7000,6000,5012,5000,5000,144050,142362,137211,121060,118978,0
Female,University,Single,36,80000,23347,29927,53599,52038,53175,55751,10000,24369,2500,2500,5000,19927,29230,49538,50675,50751,0
Female,Graduate,Married,33,420000,8117,20837,21610,10654,4427,1800,20837,1118,10658,6341,0,0,20492,-4,-1914,1800,0
Female,University,Married,45,170000,169625,169944,169829,162988,125969,127643,6081,6336,5205,4452,4592,163863,163493,157783,121517,123051,0
Female,Graduate,Married,40,230000,1163,0,1487,826,-4,-4,0,1487,830,0,0,0,0,-4,-4,-4,0
Female,Graduate,Married,35,200000,20375,12588,9571,0,0,0,1089,1526,0,0,0,11499,8045,0,0,0,0
Female,University,Married,42,430000,282880,289358,296219,300873,294527,308523,12700,13000,11000,0,19000,276658,283219,289873,294527,289523,1
Female,University,Married,32,100000,18641,23380,33045,32346,36597,46121,5000,10000,0,5000,10000,18380,23045,32346,31597,36121,0
Female,Graduate,Single,32,210000,15207,16529,16915,16266,571,18827,16529,16920,16266,0,19136,0,-5,0,571,-309,0
Female,Graduate,Married,40,50000,0,1470,0,0,591,426,1470,0,0,591,426,0,0,0,0,0,0
Female,Graduate,Single,36,290000,57721,57256,57094,55293,54738,55435,2514,3007,2004,2101,2503,54742,54087,53289,52637,52932,0
Female,Graduate,Single,32,200000,0,0,2090,0,0,2820,0,2090,0,0,2820,0,0,0,0,0,0
Female,Graduate,Single,37,170000,7365,255,4884,4442,1800,0,255,4892,4478,1800,0,0,-8,-36,0,0,0
Female,University,Single,38,30000,9730,0,0,0,0,0,0,0,0,0,0,0,0,0,0,0,0
Female,University,Married,48,360000,2500,0,0,0,0,0,0,0,0,0,0,0,0,0,0,0,1
Female,Graduate,Single,31,110000,0,0,0,0,0,0,0,0,0,0,0,0,0,0,0,0,0
Female,Graduate,Married,31,180000,151776,157050,167293,168074,167235,179461,9300,14300,5000,3400,15000,147750,152993,163074,163835,164461,0
Female,University,Single,34,220000,93815,96121,56148,35642,33516,30177,4300,2407,2000,2000,1100,91821,53741,33642,31516,29077,0
Female,University,Single,34,190000,90945,77668,79321,80401,80872,77377,3500,3500,3000,3083,3000,74168,75821,77401,77789,74377,0
Female,Other,Single,29,150000,17196,12991,3305,11164,18803,22891,2012,3310,11164,18800,10000,10979,-5,0,3,12891,0
Female,University,Married,38,350000,62862,79927,76057,65139,56984,55038,24000,6000,5000,3000,6000,55927,70057,60139,53984,49038,0
Female,University,Married,47,240000,121386,123877,127344,125050,126479,130266,6000,7000,6500,5000,6000,117877,120344,118550,121479,124266,0
Female,University,Single,30,230000,0,63508,59835,60963,59337,71089,63508,2300,2200,2200,25000,0,57535,58763,57137,46089,0
Female,Graduate,Married,29,500000,6887,2926,2546,5495,180,-486,2940,2569,6360,3,0,-14,-23,-865,177,-486,0
Female,University,Married,30,160000,33712,14116,-2985,1472,2985,1513,14116,0,4457,1513,0,0,-2985,-2985,1472,1513,0
Female,Graduate,Single,30,290000,41626,8341,17333,34539,35288,35438,5004,10000,18000,1200,3000,3337,7333,16539,34088,32438,0
Male,University,Single,30,50000,22459,48535,49350,26499,21071,18713,26499,2248,1332,544,713,22036,47102,25167,20527,18000,0
Female,Graduate,Single,30,270000,172933,184761,164009,161843,151862,0,19028,0,3451,5004,0,165733,164009,158392,146858,0,1
Female,University,Single,30,260000,4456,177,1406,1006,436,5860,177,1406,1006,440,5860,0,0,0,-4,0,0
Female,High School,Married,31,180000,10790,7239,30418,31370,13496,23943,7239,30418,31370,13496,12000,0,0,0,0,11943,0
Female,University,Single,32,180000,0,0,1980,0,0,858,0,1980,0,0,858,0,0,0,0,0,0
Female,Other,Married,33,50000,43268,39605,39702,39200,40000,0,2011,2000,1000,800,0,37594,37702,38200,39200,0,0
Female,University,Married,34,50000,47993,49051,39945,40254,20040,3563,2010,1904,2214,1000,129,47041,38041,38040,19040,3434,1
Female,Graduate,Married,37,80000,27695,15372,25919,18449,2655,20808,10000,25919,18449,2655,20808,5372,0,0,0,0,1
Female,University,Married,37,250000,212954,215928,221963,224949,229577,234221,8000,9510,8160,8364,8493,207928,212453,216789,221213,225728,0
Female,University,Married,45,80000,81328,82150,0,0,0,0,3750,0,0,0,0,78400,0,0,0,0,0
Female,University,Married,37,160000,13307,22887,16846,2150,1033,8264,22887,16890,2150,0,8264,0,-44,0,1033,0,0
Female,University,Single,42,30000,27855,30787,30128,25178,21060,16893,5000,5137,2189,2007,1009,25787,24991,22989,19053,15884,0
Female,University,Married,44,100000,1603,1440,1440,1440,1440,6059,1440,1440,1440,1440,6059,0,0,0,0,0,0
Female,University,Married,46,100000,0,766,305,0,0,0,766,305,0,0,0,0,0,0,0,0,0
Female,University,Married,45,130000,1980,990,990,990,990,1130,0,990,990,990,1130,990,0,0,0,0,0
Female,University,Married,35,80000,81513,82816,74170,73609,46443,47231,3612,2830,2194,1797,2000,79204,71340,71415,44646,45231,0
Female,Graduate,Married,41,170000,93095,95044,98505,99970,102303,104654,3500,5000,4000,4000,4000,91544,93505,95970,98303,100654,0
Female,Graduate,Married,42,280000,6425,3746,3863,5740,0,1170,3746,3863,5740,0,1170,0,0,0,0,0,0
Female,High School,Married,44,500000,1273,79108,329774,328950,336073,1257,79113,255005,6780,8401,1262,-5,74769,322170,327672,-5,1
Female,University,Single,41,300000,1215,43909,27785,5221,1278,3245,43943,27863,5234,1278,3245,-34,-78,-13,0,0,0
Female,University,Married,42,310000,21692,19697,17257,7900,17161,14585,19697,2270,4,17161,7030,0,14987,7896,0,7555,0
Female,Graduate,Single,29,120000,8318,2730,3647,10730,1835,5843,0,3647,10752,0,5658,2730,0,-22,1835,185,0
Female,High School,Married,49,50000,48297,50487,51400,0,0,0,3000,2400,0,0,0,47487,49000,0,0,0,1
Female,Other,Single,29,340000,262621,167331,169625,104501,102700,103824,24298,7068,8015,10053,15000,143033,162557,96486,92647,88824,0
Female,Graduate,Single,31,90000,20052,79532,79872,80662,80740,83275,59872,2200,2700,2000,4000,19660,77672,77962,78740,79275,0
Female,Graduate,Single,32,60000,17992,17405,18619,19636,20326,21534,0,1500,1328,1018,1687,17405,17119,18308,19308,19847,1
Female,Graduate,Single,29,380000,384979,276655,174060,172167,142135,152135,20000,9500,4180,0,10000,256655,164560,167987,142135,142135,0
Female,Graduate,Single,29,200000,2692,4399,5555,5818,3686,2014,4403,5573,5947,3686,2041,-4,-18,-129,0,-27,0
Female,Graduate,Single,29,460000,82315,170894,160223,160894,165246,169983,90150,7018,7000,7002,8007,80744,153205,153894,158244,161976,0
Female,University,Married,30,300000,10940,10104,1610,2749,155,3167,0,1610,2768,155,3167,10104,0,-19,0,0,0
Female,Graduate,Single,30,360000,4765,3415,1539,6501,3458,2786,3434,1546,6541,3475,2788,-19,-7,-40,-17,-2,0
Female,University,Married,30,120000,25657,27877,1150,29225,25893,11707,3000,2000,29225,2000,2000,24877,-850,0,23893,9707,0
Female,University,Married,31,500000,0,5377,4131,44588,44388,5085,5377,4131,44588,0,0,0,0,0,44388,5085,0
Female,Graduate,Married,33,210000,199851,190551,192717,195700,150525,137565,7000,7791,7000,5254,5400,183551,184926,188700,145271,132165,1
Female,University,Married,33,180000,115166,122519,123087,126564,123040,129098,10800,4000,7000,0,8200,111719,119087,119564,123040,120898,1
Female,University,Married,32,200000,47550,51427,52672,53682,51841,52921,5000,2672,2492,2006,2069,46427,50000,51190,49835,50852,0
Female,University,Married,32,240000,12000,0,0,0,0,0,0,0,0,0,0,0,0,0,0,0,0
Female,University,Married,32,50000,943,0,0,0,20650,0,10528,0,0,20650,0,-10528,0,0,0,0,0
Female,Graduate,Single,32,240000,89988,27329,21061,27585,18019,18116,18063,18008,27067,18046,10018,9266,3053,518,-27,8098,0
Female,High School,Married,33,160000,2364,1095,2190,0,0,0,0,2190,0,0,0,1095,0,0,0,0,1
Female,Graduate,Single,33,150000,11529,6745,6177,7215,7644,8367,2000,1262,1300,700,1000,4745,4915,5915,6944,7367,0
Female,Graduate,Single,33,100000,5640,1570,0,3198,3198,5198,0,0,3198,0,2000,1570,0,0,3198,3198,0
Female,University,Single,33,50000,49633,48475,41848,40136,40626,41970,24,2039,1965,1455,2000,48451,39809,38171,39171,39970,0
Female,Graduate,Single,33,180000,31689,30210,39634,42625,44935,48436,10000,10000,5000,3000,10000,20210,29634,37625,41935,38436,0
Female,University,Married,33,50000,23250,22578,23611,25825,25111,25708,0,1397,2611,0,1000,22578,22214,23214,25111,24708,1
Female,High School,Other,44,20000,18126,20771,20434,19874,19546,0,3599,1200,1000,400,0,17172,19234,18874,19146,0,1
Female,University,Single,39,120000,2753,0,390,390,780,1206,0,780,0,780,1206,0,-390,390,0,0,0
Female,Graduate,Single,44,320000,29227,49177,143588,82261,44242,22999,49619,143588,82691,44242,24010,-442,0,-430,0,-1011,0
Female,University,Married,36,370000,219386,181046,169132,128553,88817,83763,10500,14045,8553,8817,10763,170546,155087,120000,80000,73000,0
Female,University,Single,37,210000,26557,31090,58054,44624,43339,44245,5000,28008,15000,1552,1605,26090,30046,29624,41787,42640,0
Female,High School,Single,40,220000,197139,166221,178594,174330,179525,184562,6500,15000,0,8000,8000,159721,163594,174330,171525,176562,0
Female,University,Single,41,220000,119951,122336,126415,127447,129983,132727,4375,6047,4622,4652,4838,117961,120368,122825,125331,127889,0
Female,High School,Single,36,210000,420522,203447,206683,99411,63322,73433,16000,6549,4500,2407,12700,187447,200134,94911,60915,60733,0
Female,University,Married,34,200000,5481,6430,4494,4771,9454,8595,1068,1140,1000,5000,3000,5362,3354,3771,4454,5595,0
Female,University,Married,41,180000,9309,7596,9086,11477,4817,7121,1119,1609,3000,2500,5000,6477,7477,8477,2317,2121,0
Female,University,Married,44,60000,61049,57244,47551,36795,30596,28354,0,2400,2100,1300,1300,57244,45151,34695,29296,27054,0
Female,University,Married,37,430000,17800,18175,11153,11073,2853,3177,2003,2000,1030,2350,2000,16172,9153,10043,503,1177,0
Female,University,Married,34,20000,5185,6547,8879,10926,17536,2090,2000,3000,3000,7000,2090,4547,5879,7926,10536,0,0
Female,University,Married,35,50000,48658,50709,36114,23706,20166,19930,3000,2000,3005,700,1000,47709,34114,20701,19466,18930,0
Female,Graduate,Single,38,500000,2937,5242,17840,11303,6943,16409,5242,17840,11642,6943,16409,0,0,-339,0,0,0
Female,Graduate,Single,37,340000,334125,335778,343792,301895,198944,197439,13562,15000,12000,8120,7720,322216,328792,289895,190824,189719,0
Female,High School,Married,40,80000,780,390,390,25190,390,390,0,390,25190,390,390,390,0,0,0,0,1
Female,Graduate,Married,41,230000,54598,48568,43140,34039,26622,11891,1528,1538,1777,1160,1500,47040,41602,32262,25462,10391,0
Female,University,Single,37,170000,170687,29570,31776,34228,36645,38885,3000,3000,3000,3000,3000,26570,28776,31228,33645,35885,0
Female,University,Married,40,260000,411,209,217,613,2339,1474,209,217,613,2339,0,0,0,0,0,1474,0
Female,University,Married,34,120000,8505,4086,6389,4520,8708,1520,4086,6389,4520,8708,1520,0,0,0,0,0,0
Female,University,Married,39,110000,102801,104907,108107,96213,68003,52684,3818,4955,3446,3000,3000,101089,103152,92767,65003,49684,0
Female,University,Married,46,200000,106651,103173,104137,103422,95206,65108,3692,5000,3300,2500,2930,99481,99137,100122,92706,62178,0
Female,High School,Married,46,80000,25505,14696,1278,1107,16634,2136,1000,2278,0,17000,2500,13696,-1000,1107,-366,-364,1
Female,High School,Single,35,420000,65958,63715,62201,56125,49114,47563,3500,3002,2200,1700,1800,60215,59199,53925,47414,45763,0
Female,Graduate,Married,38,50000,10379,11200,14568,14008,14827,19297,1000,3560,0,1000,4656,10200,11008,14008,13827,14641,1
Female,University,Married,39,30000,31207,30399,30147,29366,29555,29793,0,2000,1500,1010,1055,30399,28147,27866,28545,28738,1
Female,High School,Married,40,210000,2616,7537,6730,3447,16220,5566,7537,6730,3447,16220,7564,0,0,0,0,-1998,0
Female,Graduate,Married,33,240000,214361,218626,223329,227820,227154,231935,7830,8231,8332,8187,8500,210796,215098,219488,218967,223435,0
Female,Graduate,Married,45,240000,8732,5286,5596,3328,3763,9529,5286,5596,3328,3763,9529,0,0,0,0,0,0
Female,University,Married,37,390000,175363,164292,144731,145140,130727,131619,5551,5358,5500,5000,20000,158741,139373,139640,125727,111619,0
Female,University,Single,33,30000,498,4831,477,8560,1550,955,4831,477,8561,1550,955,0,0,-1,0,0,0
Female,High School,Married,37,50000,2564,2378,4167,5438,6193,6939,0,2000,1500,1000,1000,2378,2167,3938,5193,5939,0
Female,University,Married,49,70000,64049,66079,67488,58246,48859,46688,3700,3100,2200,1600,1850,62379,64388,56046,47259,44838,1
Female,University,Married,38,180000,36479,38813,40611,42641,45287,44577,2810,2600,2568,3214,0,36003,38011,40073,42073,44577,0
Female,High School,Married,49,180000,92140,92517,94808,89137,88637,84966,3892,5002,3153,5000,3037,88625,89806,85984,83637,81929,0
Female,Graduate,Married,37,470000,163000,160298,135683,128719,116173,104283,10047,5001,6010,4512,4012,150251,130682,122709,111661,100271,0
Female,University,Married,38,120000,63700,65069,66450,67373,68186,68959,3000,3000,2600,2500,2000,62069,63450,64773,65686,66959,1
Female,University,Married,33,390000,8243,4610,7599,2947,86790,3628,4644,7677,2947,87476,3639,-34,-78,0,-686,-11,0
Female,High School,Married,48,50000,49621,46863,46153,45284,23653,20733,0,2010,1807,812,743,46863,44143,43477,22841,19990,1
Female,High School,Married,39,50000,48694,46514,47771,43739,29090,24317,1803,2060,2025,1375,1035,44711,45711,41714,27715,23282,0
Female,Graduate,Single,32,140000,112933,114564,118713,121248,123232,126242,5000,6000,6000,5500,5000,109564,112713,115248,117732,121242,0
Female,Graduate,Married,40,160000,0,3843,1876,4493,5929,2973,3843,1891,4520,5950,2979,0,-15,-27,-21,-6,0
Female,High School,Married,37,30000,3860,780,27557,28433,29477,28910,780,27557,2000,1500,1100,0,0,26433,27977,27810,0
Female,University,Married,31,20000,5500,8360,6000,0,0,0,3000,1000,0,0,0,5360,5000,0,0,0,0
Female,University,Married,47,100000,6666,6666,0,6270,-396,-396,6666,0,6270,0,0,0,0,0,-396,-396,1
Female,University,Married,47,80000,2795,3807,4595,5172,5278,3206,1067,1121,1000,106,64,2740,3474,4172,5172,3142,0
Female,University,Single,24,40000,24171,23498,24235,23557,24025,24528,0,1400,0,850,880,23498,22835,23557,23175,23648,1
Female,Graduate,Single,28,180000,131007,131632,136239,138116,135246,130436,5000,7000,6500,5000,5000,126632,129239,131616,130246,125436,0
Female,University,Married,34,80000,8413,4942,989,2799,2818,3638,1029,1225,2799,2000,2000,3913,-236,0,818,1638,0
Female,Other,Married,41,300000,3399,0,4358,862,862,287,0,4358,862,0,287,0,0,0,862,0,0
Female,Graduate,Single,29,220000,4695,4488,4283,5807,5568,5827,0,0,1587,0,500,4488,4283,4220,5568,5327,1
Female,Graduate,Single,27,80000,35303,36215,37330,38407,39168,40037,1800,2000,2000,1700,1650,34415,35330,36407,37468,38387,0
Female,Graduate,Single,27,290000,-4,-4,853,0,71,-73,0,857,0,71,0,-4,-4,0,0,-73,0
Female,Graduate,Single,28,360000,5446,-8,-8,4635,3875,1034,0,0,4643,1019,1039,-8,-8,-8,2856,-5,0
Female,University,Married,32,500000,26455,12229,989,2008,-59,11835,7060,1003,2018,59,11894,5169,-14,-10,-118,-59,0
Female,Graduate,Single,34,430000,14965,11576,14099,15128,14647,16317,0,3000,3500,0,2000,11576,11099,11628,14647,14317,0
Female,High School,Single,35,280000,5716,0,105082,105908,98380,93649,0,105082,4172,3408,3489,0,0,101736,94972,90160,0
Female,Graduate,Married,28,150000,58322,36865,32311,12791,390,1508,36865,32311,12956,390,1508,0,0,-165,0,0,0
Female,Graduate,Married,32,200000,101685,100328,151733,147327,59949,39197,4000,59949,6000,2000,2000,96328,91784,141327,57949,37197,0
Female,High School,Single,27,110000,105979,108403,109172,111940,108594,111239,5340,4000,4600,4000,4450,103063,105172,107340,104594,106789,0
Female,High School,Single,30,150000,24523,22224,20880,17305,16094,18516,2029,3030,3118,3003,3040,20195,17850,14187,13091,15476,0
Female,Graduate,Married,39,120000,32598,51662,30285,24879,29479,27553,20092,10000,6000,5000,7553,31570,20285,18879,24479,20000,0
Female,Graduate,Married,44,500000,329570,71921,367979,294969,189612,128459,72001,368199,6486,234,90,-80,-220,288483,189378,128369,0
Female,University,Single,28,270000,38875,38589,27846,21787,16429,5488,6000,2000,1200,330,2000,32589,25846,20587,16099,3488,0
Female,University,Single,29,50000,24399,23495,22611,14174,10809,9004,4000,5000,4000,3000,1000,19495,17611,10174,7809,8004,0
Female,High School,Single,30,300000,131957,134790,137637,138886,140116,147715,6500,6500,5000,5000,10000,128290,131137,133886,135116,137715,0
Female,University,Single,30,140000,97288,98068,98098,97055,97035,101525,4400,4500,3500,3500,8000,93668,93598,93555,93535,93525,1
Female,Graduate,Single,32,170000,6699,2999,4896,68,2761,2673,2999,4904,68,2761,2673,0,-8,0,0,0,0
Female,University,Married,35,320000,158942,155925,126767,114110,109637,95850,5057,4606,5800,3375,3324,150868,122161,108310,106262,92526,0
Female,High School,Married,39,200000,145687,146519,144315,130807,124688,122518,7627,4631,5066,5033,5007,138892,139684,125741,119655,117511,0
Female,University,Married,31,50000,0,323,0,0,0,0,323,0,0,0,0,0,0,0,0,0,0
Female,University,Married,32,120000,37981,36149,37179,38500,38955,39926,1586,1616,1937,1392,1596,34563,35563,36563,37563,38330,0
Female,University,Single,38,170000,13451,10539,2087,6720,23000,0,10539,2087,6720,23000,0,0,0,0,0,0,0
Female,Graduate,Single,40,150000,798,2305,1036,5022,3938,316,2309,1036,5048,3946,316,-4,0,-26,-8,0,0
Female,Graduate,Single,27,200000,62574,63814,65265,66234,62356,55080,2278,2473,2161,2075,1973,61536,62792,64073,60281,53107,0
Female,Graduate,Married,30,110000,49069,14241,15205,16267,53869,54138,1600,1500,1400,38002,1415,12641,13705,14867,15867,52723,0
Female,University,Married,35,50000,50437,49317,42052,22679,19099,19648,0,2000,1500,1000,1000,49317,40052,21179,18099,18648,0
Female,High School,Married,42,50000,13562,14821,16657,17863,16811,16802,1500,2500,1518,1000,2000,13321,14157,16345,15811,14802,0
Female,University,Married,46,50000,64350,63192,57205,54371,19946,17406,5000,0,0,613,573,58192,57205,54371,19333,16833,1
Female,University,Married,30,110000,101706,102946,104260,104162,104754,105707,3687,3850,3670,3662,4000,99259,100410,100492,101092,101707,0
Female,Graduate,Single,32,160000,6919,2384,3642,9889,4473,5375,2389,3642,9889,4473,5591,-5,0,0,0,-216,0
Female,University,Single,43,20000,6483,6233,7254,8106,8418,8440,0,1283,1135,447,306,6233,5971,6971,7971,8134,1
Female,University,Married,48,200000,93713,59223,50290,49771,92192,90772,1866,1762,1827,53248,3293,57357,48528,47944,38944,87479,0
Female,Graduate,Married,45,460000,184,1899,1819,1572,237,1572,1904,1819,1572,237,1572,-5,0,0,0,0,0
Female,High School,Single,43,50000,344,5036,1780,5808,390,780,5128,1780,5808,390,780,-92,0,0,0,0,0
Female,University,Single,35,80000,28590,27635,26808,27680,26658,27324,1500,1600,3400,1300,3000,26135,25208,24280,25358,24324,0
Female,Graduate,Married,40,180000,15118,6041,1459,2178,2634,968,6047,3262,2178,2634,968,-6,-1803,0,0,0,0
Female,University,Single,39,440000,431557,743970,423621,385873,364175,376228,18174,20341,13005,15410,72000,725796,403280,372868,348765,304228,0
Female,University,Single,31,300000,188,188,585,207,0,0,188,585,207,0,0,0,0,0,0,0,0
Female,University,Single,33,180000,437,0,437,0,4013,0,0,437,0,4013,0,0,0,0,0,0,1
Female,University,Single,47,80000,3598,2464,7156,2099,915,915,2,7156,2099,0,915,2462,0,0,915,0,0
Female,University,Married,41,20000,10774,11596,11119,12429,12370,12659,1300,0,1502,443,489,10296,11119,10927,11927,12170,1
Female,Graduate,Married,36,310000,101941,71874,70459,72958,55547,30970,3016,3031,10091,1429,1500,68858,67428,62867,54118,29470,0
Female,Graduate,Married,41,180000,1520,-10,-10,3844,0,0,10,0,3854,0,0,-20,-10,-10,0,0,0
Female,University,Married,42,20000,15552,16560,17278,18289,18653,19195,1575,1293,1304,668,843,14985,15985,16985,17985,18352,1
Female,Graduate,Married,38,480000,29414,33482,37501,41399,35489,33081,5002,5002,5031,1006,986,28480,32499,36368,34483,32095,0
Female,University,Married,33,90000,75451,76395,79168,84904,87914,90043,2800,4000,8000,5348,3700,73595,75168,76904,82566,86343,0
Female,Graduate,Single,35,310000,27089,37919,40136,31242,18962,9950,20000,21890,15000,9481,19900,17919,18246,16242,9481,-9950,0
Female,Graduate,Married,35,310000,143072,153378,176904,174117,125526,108107,30000,30000,10054,10000,10000,123378,146904,164063,115526,98107,0
Female,University,Married,34,200000,7026,3815,4864,1958,805,3046,6599,5748,1958,805,3100,-2784,-884,0,0,-54,0
Female,University,Married,34,100000,246,246,123,7286,123,123,123,0,7286,123,123,123,123,0,0,0,1
Female,High School,Married,35,100000,79277,80928,81284,71748,67577,68217,3580,3439,2474,2400,2500,77348,77845,69274,65177,65717,0
Female,University,Married,35,370000,201666,200757,192231,187486,191019,186529,7094,8500,6983,6500,7150,193663,183731,180503,184519,179379,0
Female,High School,Married,46,60000,58584,59250,52413,44436,28098,26749,2700,2219,1727,1120,1500,56550,50194,42709,26978,25249,0
Female,University,Single,39,50000,50932,49799,47652,49336,28390,28985,0,2098,2782,936,971,49799,45554,46554,27454,28014,0
Female,Graduate,Single,35,280000,92095,173354,193994,195250,204850,86279,83959,28869,13000,10000,5279,89395,165125,182250,194850,81000,0
Female,High School,Married,46,90000,5965,6978,8152,9009,9359,9460,1120,1293,1150,500,400,5858,6859,7859,8859,9060,1
Female,High School,Single,45,360000,0,700,0,0,1526,0,700,0,0,1526,0,0,0,0,0,0,0
Female,High School,Married,47,100000,139550,70620,70000,70298,69677,69672,3500,2600,3000,2500,2500,67120,67400,67298,67177,67172,0
Female,High School,Married,37,30000,21368,22194,18098,14542,15758,13149,1500,1400,0,1527,0,20694,16698,14542,14231,13149,1
Female,Other,Single,40,230000,0,0,150,1528,3028,4117,0,150,1528,1500,1500,0,0,0,1528,2617,0
Female,University,Married,44,180000,108,131,550,99,0,0,131,550,99,0,0,0,0,0,0,0,0
Female,High School,Married,48,150000,9730,0,1366,1388,3118,1148,0,1366,1388,3118,1148,0,0,0,0,0,0
Female,Graduate,Married,37,240000,86701,90251,92900,93876,91678,94280,5000,5000,3511,4000,4000,85251,87900,90365,87678,90280,0
Female,University,Married,42,110000,5174,6184,8383,8394,7709,8084,1106,2393,300,0,500,5078,5990,8094,7709,7584,0
Female,Graduate,Single,36,180000,980,960,20924,65041,50983,48533,960,20964,50988,110,971,0,-40,14053,50873,47562,0
Female,University,Married,42,50000,41836,26598,14487,16233,18543,20240,6000,2000,2000,3000,2000,20598,12487,14233,15543,18240,0
Female,High School,Single,44,170000,0,0,0,0,0,0,0,0,0,0,0,0,0,0,0,0,0
Female,Graduate,Married,42,120000,112237,114467,116900,119228,121805,115463,4097,4278,4308,11540,5685,110370,112622,114920,110265,109778,0
Female,University,Married,45,400000,10985,2441,16046,2483,10719,1722,2441,16046,2483,10719,1722,0,0,0,0,0,0
Female,University,Married,40,240000,390,390,390,390,232,540,390,390,390,232,698,0,0,0,0,-158,0
Female,University,Single,37,50000,47071,40218,24587,14999,13410,7378,148,3115,3,1000,415,40070,21472,14996,12410,6963,1
Female,University,Married,35,290000,0,1839,1750,19117,12693,28468,1839,1750,19117,400,2000,0,0,0,12293,26468,0
Female,University,Single,36,150000,134797,138269,144163,146171,136004,138903,5600,8000,5775,5000,5200,132669,136163,140396,131004,133703,1
Female,Graduate,Single,40,170000,-3549,-8964,157499,160946,50228,53525,4557,168499,12008,3000,4000,-13521,-11000,148938,47228,49525,0
Female,Graduate,Married,46,230000,4957,9463,7697,5308,2048,6283,9467,7697,5308,2048,6283,-4,0,0,0,0,0
Female,Graduate,Single,38,180000,0,0,0,0,0,0,0,0,0,0,0,0,0,0,0,0,0
Female,Graduate,Married,41,260000,0,5848,0,8839,62140,6647,5848,0,8839,62140,6647,0,0,0,0,0,0
Female,University,Married,41,90000,61287,62678,63198,61633,62837,69422,3021,4236,3000,2000,7000,59657,58962,58633,60837,62422,0
Female,Graduate,Single,35,520000,57536,60912,56728,55758,57911,54152,5000,7000,5000,5004,5000,55912,49728,50758,52907,49152,0
Female,High School,Married,40,50000,48489,49495,50866,48390,17953,23,1813,2184,1248,359,0,47682,48682,47142,17594,23,1
Female,Graduate,Married,45,320000,0,0,0,370,9301,0,0,0,370,9301,0,0,0,0,0,0,0
Female,High School,Married,42,60000,26536,26443,18486,19077,18487,18429,5000,0,3000,2,1000,21443,18486,16077,18485,17429,0
Female,University,Married,39,180000,2569,11662,11867,8111,6312,3739,11662,6003,8111,273,3739,0,5864,0,6039,0,0
Female,University,Single,43,290000,170373,168738,103299,104583,106447,104045,5007,3500,3500,4000,4000,163731,99799,101083,102447,100045,0
Female,University,Married,40,300000,0,0,2454,217960,0,0,0,2454,218000,0,0,0,0,-40,0,0,0
Female,Graduate,Married,47,220000,3148,4206,30770,949,3359,619,4206,30775,949,3359,619,0,-5,0,0,0,0
Female,University,Married,32,70000,15623,18370,19281,18674,21361,21872,3009,1500,0,3000,1000,15361,17781,18674,18361,20872,1
Female,High School,Married,40,150000,0,0,0,0,0,4095,0,0,0,0,4095,0,0,0,0,0,0
Female,University,Married,40,80000,3463,5143,8351,3234,1819,1909,5143,6458,3917,1819,2299,0,1893,-683,0,-390,0
Female,High School,Married,41,10000,1838,1651,172,2034,2069,1891,0,179,2034,214,0,1651,-7,0,1855,1891,1
Female,University,Married,46,280000,34433,34763,25048,24116,50483,47056,1383,1647,1004,41551,2056,33380,23401,23112,8932,45000,0
Female,University,Married,43,450000,1448,6018,10402,6110,7848,14279,6018,10426,6110,7848,14279,0,-24,0,0,0,0
Female,University,Single,34,230000,1716,1518,909,-1307,-3237,-5459,1518,1000,0,0,0,0,-91,-1307,-3237,-5459,0
Female,Graduate,Single,35,320000,0,0,2500,0,0,0,0,2500,0,0,0,0,0,0,0,0,1
Female,University,Married,42,200000,25897,33587,46126,63720,80736,93354,10000,15000,20000,20000,15000,23587,31126,43720,60736,78354,0
Female,University,Married,37,60000,38670,37606,35189,31373,28455,26598,1606,1674,1420,937,1006,36000,33515,29953,27518,25592,0
Female,High School,Married,31,50000,29731,30329,26823,27454,27286,27858,1500,1500,1500,1000,956,28829,25323,25954,26286,26902,0
Female,High School,Married,47,30000,13012,13502,13892,14369,15333,16289,1000,900,1000,1200,1200,12502,12992,13369,14133,15089,0
Female,Graduate,Single,36,260000,5160,0,15362,21068,27669,32202,0,15362,10000,7000,5000,0,0,11068,20669,27202,0
Female,University,Married,42,210000,7065,1459,1835,2396,0,0,1459,1835,2396,0,0,0,0,0,0,0,0
Female,University,Single,41,290000,32192,32595,14688,17105,18875,21304,2500,13500,3000,3000,3000,30095,1188,14105,15875,18304,0
Female,High School,Married,41,20000,6667,8989,8685,7698,8425,7900,2600,0,1300,1000,286,6389,8685,6398,7425,7614,0
Female,High School,Married,45,100000,94471,92058,97624,94316,2065,0,0,8806,0,2065,0,92058,88818,94316,0,0,1
Female,University,Married,40,230000,33907,35038,36574,36985,37701,30735,2000,2100,1500,1000,1000,33038,34474,35485,36701,29735,0
Female,Graduate,Married,36,300000,28292,28686,29052,16662,9187,3617,1583,1364,1042,402,3631,27103,27688,15620,8785,-14,0
Female,University,Single,33,20000,19946,18694,17228,16923,10467,10526,1593,1340,1171,402,600,17101,15888,15752,10065,9926,1
Female,High School,Married,42,30000,21969,23306,27851,27098,29866,29276,1706,5251,0,3519,0,21600,22600,27098,26347,29276,1
Female,University,Single,43,170000,0,1010,970,290,590,1222,1010,970,290,590,1222,0,0,0,0,0,0
Female,University,Married,46,200000,2893,2881,1436,1261,2849,1438,1436,0,1261,2849,0,1445,1436,0,0,1438,1
Female,High School,Single,46,50000,47788,48885,49273,40385,36901,29263,2201,2250,1509,1329,1300,46684,47023,38876,35572,27963,0
Female,University,Married,41,20000,20441,20245,20070,20621,20347,20389,1700,1700,1600,700,710,18545,18370,19021,19647,19679,0
Female,University,Married,32,60000,59274,59240,59631,58105,57194,60650,2131,2133,2050,2191,5300,57109,57498,56055,55003,55350,0
Female,University,Married,46,20000,10145,9836,10525,18930,19320,19861,0,1000,9000,1000,1000,9836,9525,9930,18320,18861,1
Female,University,Single,35,220000,3327,-17,2706,0,0,92472,0,2723,0,0,92472,-17,-17,0,0,0,0
Female,High School,Married,43,20000,14959,32006,17139,17979,18518,15243,1600,1700,1500,1000,1000,30406,15439,16479,17518,14243,0
Female,University,Single,33,70000,9286,2748,4689,6569,4909,0,2748,2000,2009,2000,0,0,2689,4560,2909,0,0
Female,Graduate,Married,43,380000,121868,114627,102551,101323,84087,86661,6000,5000,5000,5000,5000,108627,97551,96323,79087,81661,0
Female,High School,Married,48,30000,36956,35422,35714,32193,29979,28191,1553,3345,0,1000,1000,33869,32369,32193,28979,27191,0
Female,University,Single,35,200000,-3258,7244,3498,10494,6996,3498,14000,0,10494,0,0,-6756,3498,0,6996,3498,0
Female,University,Single,36,80000,81606,154026,82385,79795,48999,48161,0,7600,5,2000,2000,154026,74785,79790,46999,46161,1
Female,University,Single,38,150000,26495,24906,6763,6581,6733,6882,1291,1101,1098,250,247,23615,5662,5483,6483,6635,0
Female,University,Married,40,210000,111508,113753,116845,113571,105052,104167,4100,5000,4009,3500,4000,109653,111845,109562,101552,100167,0
Female,High School,Married,43,70000,46092,40094,39610,31047,27431,16693,1700,1700,1243,1000,500,38394,37910,29804,26431,16193,0
Female,University,Single,38,280000,92579,94451,96041,98301,74624,75173,4300,4000,4033,3000,3300,90151,92041,94268,71624,71873,0
Female,University,Married,35,140000,326,326,6410,4246,326,326,326,6736,4246,326,326,0,-326,0,0,0,0
Female,Other,Married,44,200000,0,1904,0,0,0,2206,1904,0,0,0,2206,0,0,0,0,0,0
Female,University,Single,40,170000,117338,116936,115762,101581,100182,99565,4211,4002,4006,3412,3486,112725,111760,97575,96770,96079,0
Female,University,Married,49,50000,19208,19608,22608,21951,22287,22778,1000,3321,0,1000,1000,18608,19287,21951,21287,21778,0
Female,University,Married,32,90000,4857,-43,-43,968,4385,17889,0,0,1011,4385,17889,-43,-43,-43,0,0,0
Female,Graduate,Married,33,130000,63505,64121,66351,73399,71007,71253,5000,5000,10000,3000,3000,59121,61351,63399,68007,68253,0
Female,Graduate,Married,40,250000,170489,181700,177530,181147,184784,195574,13926,0,6408,6478,13629,167774,177530,174739,178306,181945,0
Female,Graduate,Single,35,120000,110581,104687,112279,108089,88594,87630,0,10800,0,3500,3400,104687,101479,108089,85094,84230,1
Female,Graduate,Married,37,490000,18961,11232,19173,20400,27979,27622,0,9173,5400,7979,7622,11232,10000,15000,20000,20000,0
Female,Graduate,Married,43,200000,0,601,0,0,0,259,601,0,0,0,259,0,0,0,0,0,1
Female,University,Married,42,200000,192821,196113,202774,176737,147151,148866,8000,10120,6500,5500,7000,188113,192654,170237,141651,141866,0
Female,University,Married,30,100000,736,1237,40476,41408,36362,34213,1237,43757,2005,1500,2000,0,-3281,39403,34862,32213,0
Female,Graduate,Single,31,280000,14697,4492,1415,15251,316,316,4501,2343,15289,316,316,-9,-928,-38,0,0,0
Female,Graduate,Single,34,290000,21849,9318,7964,10335,12000,13463,1500,2016,5000,2000,1463,7818,5948,5335,10000,12000,0
Female,Other,Married,45,160000,151214,154669,154102,149903,148435,158498,6000,5500,7000,6000,12500,148669,148602,142903,142435,145998,0
Female,University,Married,45,230000,71149,71922,77500,72851,72860,48758,3000,11261,10000,2100,5000,68922,66239,62851,70760,43758,0
Female,University,Married,49,130000,53714,55404,56566,57139,58300,59523,2570,2650,2100,2100,2150,52834,53916,55039,56200,57373,0
Female,Graduate,Married,42,420000,0,0,0,0,0,0,0,0,0,0,0,0,0,0,0,0,1
Female,University,Single,46,20000,15717,16724,18051,18759,19132,19684,1276,1603,1311,684,860,15448,16448,17448,18448,18824,0
Female,University,Married,38,70000,73688,70254,71281,73229,71426,68911,0,2800,6500,0,2821,70254,68481,66729,71426,66090,1
Female,Graduate,Married,47,230000,-96,2935,2889,17978,9462,8134,3031,2889,17993,9468,8949,-96,0,-15,-6,-815,0
Female,Graduate,Single,38,340000,250475,244597,241509,275045,268429,262575,11000,11060,50008,8400,10000,233597,230449,225037,260029,252575,0
Female,Graduate,Single,34,420000,19406,17791,11796,3089,4624,210,6000,1600,1000,4641,210,11791,10196,2089,-17,0,0
Female,Graduate,Married,34,140000,22848,24459,26254,27728,28047,29315,2000,2000,2000,1000,1500,22459,24254,25728,27047,27815,0
Female,High School,Married,26,30000,27217,24346,9237,5881,29083,23795,1179,1361,5921,23665,566,23167,7876,-40,5418,23229,0
Female,University,Single,27,50000,51176,48900,48854,50243,51187,47551,0,2200,3700,2000,0,48900,46654,46543,49187,47551,1
Female,University,Single,27,430000,401298,433835,399755,357082,363968,346718,40000,15140,15000,12565,15000,393835,384615,342082,351403,331718,0
Female,High School,Married,41,260000,2472,8160,4549,5502,3487,5416,8160,4549,1056,139,2000,0,0,4446,3348,3416,1
Female,Graduate,Single,34,180000,-20,50664,3200,2990,12280,56020,50684,3200,2990,12280,56020,-20,0,0,0,0,0
Female,University,Married,33,100000,12560,16103,11166,10099,10861,9932,0,4250,0,1209,0,16103,6916,10099,9652,9932,0
Female,University,Married,39,160000,106260,0,0,0,390,86188,0,0,0,390,86188,0,0,0,0,0,0
Female,Graduate,Married,38,260000,0,0,0,0,0,0,0,0,0,0,0,0,0,0,0,0,0
Female,University,Married,33,200000,23870,25168,26451,27437,29401,31939,2000,2000,1437,2401,3000,23168,24451,26000,27000,28939,0
Female,Graduate,Single,34,450000,1494,538,3218,0,429,168,538,3218,0,429,168,0,0,0,0,0,0
Female,University,Married,34,390000,1162,759,695,-448,-1228,-1228,759,699,115,712,0,0,-4,-563,-1940,-1228,0
Female,Graduate,Married,35,390000,43098,55068,15216,16659,35241,14216,42000,15224,16659,35241,14216,13068,-8,0,0,0,0
Female,University,Married,38,40000,37539,38132,41217,40255,39135,37235,2000,4000,0,1700,3000,36132,37217,40255,37435,34235,1
Female,University,Married,46,500000,198342,212155,185142,115640,78082,80588,19000,5000,0,5000,10000,193155,180142,115640,73082,70588,0
Female,University,Married,39,180000,5360,6176,398,629,0,978,6207,398,629,0,978,-31,0,0,0,0,0
Female,High School,Married,39,100000,-5,580,2207,630,540,0,585,2207,630,540,0,-5,0,0,0,0,0
Female,University,Single,42,50000,37606,17971,10812,12237,13057,15057,3000,15000,2000,2000,2000,14971,-4188,10237,11057,13057,0
Female,University,Married,38,40000,40125,38809,36485,28152,22161,19789,2006,2002,1603,1000,2000,36803,34483,26549,21161,17789,0
Female,Graduate,Single,46,350000,5372,12179,0,0,0,0,12277,0,0,0,0,-98,0,0,0,0,0
Female,Graduate,Married,37,360000,1568,2500,0,0,0,0,2500,0,0,0,0,0,0,0,0,0,0
Female,University,Single,36,200000,9738,10749,11773,12784,13039,13314,1177,1201,1212,467,485,9572,10572,11572,12572,12829,1
Female,Graduate,Single,38,230000,2581,2929,6966,1935,6665,11254,2929,6966,1935,6665,8000,0,0,0,0,3254,0
Female,University,Single,39,200000,2880,0,0,0,2894,210,0,0,0,2894,210,0,0,0,0,0,0
Female,University,Married,42,230000,7906,2131,5733,4292,4694,4709,2138,5756,4303,4711,4741,-7,-23,-11,-17,-32,0
Female,Graduate,Single,31,500000,29091,5763,15673,9393,69526,37940,5763,15691,9393,69526,5000,0,-18,0,0,32940,0
Female,University,Married,32,230000,198704,202217,204255,207347,51134,50222,10000,10000,10000,50000,2000,192217,194255,197347,1134,48222,0
Female,Graduate,Single,34,340000,332916,340159,73004,72338,58935,123936,14600,3035,1958,2819,100000,325559,69969,70380,56116,23936,0
Female,Graduate,Married,47,20000,13963,15227,17968,17382,18094,19399,1500,3000,0,1000,1600,13727,14968,17382,17094,17799,1
Female,High School,Married,48,20000,14203,15215,16544,17250,17604,19993,1252,1581,1287,641,2684,13963,14963,15963,16963,17309,0
Female,High School,Married,35,310000,83719,81138,87523,77902,82165,97298,5000,18088,5500,6300,17300,76138,69435,72402,75865,79998,0
Female,University,Married,36,160000,2054,1949,2562,8582,2758,0,1950,2562,8582,2758,0,-1,0,0,0,0,0
Female,High School,Married,41,230000,34578,495,502,944,5814,965,495,502,950,5820,965,0,0,-6,-6,0,0
Female,Graduate,Single,40,200000,7277,-6,-6,3044,4412,3412,6,0,3050,4412,0,-12,-6,-6,0,3412,0
Female,University,Married,42,120000,114740,113994,113989,115225,116511,112823,4038,5000,4000,5000,4000,109956,108989,111225,111511,108823,0
Female,University,Single,37,350000,336061,343205,351794,357090,342253,276516,12701,14100,12109,11482,11841,330504,337694,344981,330771,264675,0
Female,University,Married,32,170000,9990,4647,1399,6548,1399,0,0,1399,6548,0,0,4647,0,0,1399,0,1
Female,High School,Single,35,240000,18086,11226,7899,8072,728,24511,1133,1124,2000,728,24709,10093,6775,6072,0,-198,0
Female,University,Married,49,100000,0,0,0,0,0,0,0,0,0,0,0,0,0,0,0,0,0
Female,Graduate,Single,33,130000,73250,71473,73892,74400,62134,63430,0,3572,2645,1813,1878,71473,70320,71755,60321,61552,1
Female,University,Married,41,410000,348559,354506,363666,369776,368779,369358,13000,14600,15500,14000,13580,341506,349066,354276,354779,355778,1
Female,High School,Married,42,200000,390,742,4352,390,780,390,742,4000,0,780,0,0,352,390,0,390,0
Female,University,Married,45,60000,59998,59702,61188,57459,26551,24901,2152,2464,1462,847,1007,57550,58724,55997,25704,23894,0
Female,University,Married,44,400000,0,804,11192,0,0,0,804,11242,0,0,0,0,-50,0,0,0,0
Female,Graduate,Married,40,380000,12839,11097,10933,62602,6408,16791,11212,10933,62602,150000,16791,-115,0,0,-143592,0,0
Female,University,Single,43,210000,3577,1003,0,0,0,0,1003,0,0,0,0,0,0,0,0,0,0
Female,Graduate,Single,45,500000,290,5640,52858,151479,29343,2355,5692,52858,100756,29488,2365,-52,0,50723,-145,-10,0
Female,University,Married,42,100000,91534,88637,90169,84714,69482,70226,0,4458,2973,2606,2696,88637,85711,81741,66876,67530,1
Female,University,Married,44,80000,3995,2045,824,0,1000,0,1000,824,0,1000,0,1045,0,0,0,0,0
Female,University,Single,31,80000,1068,0,100,0,1050,-150,0,100,0,1050,0,0,0,0,0,-150,1
Female,Graduate,Single,33,200000,77670,80051,80906,82088,81564,87241,6782,5000,4000,3000,9000,73269,75906,78088,78564,78241,0
Female,University,Single,31,260000,69957,72727,73562,65954,30948,0,3945,2764,5431,633,0,68782,70798,60523,30315,0,0
Female,University,Single,31,310000,309080,314220,288581,294745,301286,306515,11900,12000,12500,12930,12000,302320,276581,282245,288356,294515,0
Female,University,Single,32,30000,29480,30394,28072,28885,29287,23012,1431,1579,1402,804,732,28963,26493,27483,28483,22280,1
Female,High School,Married,33,50000,40757,39847,37561,36725,35346,33810,2000,1719,1783,1200,1200,37847,35842,34942,34146,32610,0
Female,University,Married,46,310000,43990,45872,47135,46944,49121,51337,3000,3000,2000,3000,3000,42872,44135,44944,46121,48337,0
Female,High School,Single,40,500000,212961,264961,237006,139311,128095,181304,63000,20078,30141,30000,60000,201961,216928,109170,98095,121304,0
Female,Graduate,Married,49,30000,3340,0,1220,480,0,174,0,1220,480,0,174,0,0,0,0,0,0
Female,University,Married,45,160000,3650,1650,5650,3300,1650,1650,1650,5650,3300,1650,1650,0,0,0,0,0,0
Female,University,Married,44,350000,110472,100849,5800,369718,2000,5910,100957,5800,371718,2180,5910,-108,0,-2000,-180,0,0
Female,Graduate,Married,44,350000,4025,2820,3094,0,330,330,2820,3094,0,330,0,0,0,0,0,330,1
Female,Other,Married,40,50000,44749,46229,46798,47647,40500,41921,2229,2298,2100,2500,1921,44000,44500,45547,38000,40000,0
Female,University,Single,44,30000,9725,10766,12070,11973,10166,7966,1200,1500,2000,1166,3500,9566,10570,9973,9000,4466,0
Female,University,Single,31,110000,98531,99593,100093,90437,75701,77013,3577,3680,3030,2701,2674,96016,96413,87407,73000,74339,1
Female,University,Married,31,50000,22716,19198,19462,14841,11088,10301,2000,1510,4000,1000,600,17198,17952,10841,10088,9701,0
Female,University,Married,34,320000,3825,3835,6746,9472,11777,14282,3000,3000,3000,3000,3000,835,3746,6472,8777,11282,0
Female,Graduate,Single,34,80000,652,326,326,326,326,326,0,326,326,326,326,326,0,0,0,0,1
Female,High School,Married,42,40000,40285,40024,39706,36431,37154,37306,1658,1601,1587,1310,1510,38366,38105,34844,35844,35796,1
Female,University,Married,39,330000,0,1380,0,404,404,24420,1380,0,404,0,24420,0,0,0,404,0,0
Female,High School,Married,36,160000,170,1062,0,0,0,0,1062,0,0,0,0,0,0,0,0,0,0
Female,University,Married,49,210000,11790,2230,390,3470,390,2140,2230,390,3470,390,2140,0,0,0,0,0,0
Female,University,Married,36,50000,26277,25371,22790,23372,22216,19586,1700,1800,1300,1000,1000,23671,20990,22072,21216,18586,0
Female,High School,Single,49,50000,46468,50669,48701,49066,30177,29274,5000,0,2500,1151,1156,45669,48701,46566,29026,28118,1
Female,Graduate,Single,36,120000,71199,71993,73652,75482,76686,47781,2574,2816,3200,2911,1800,69419,70836,72282,73775,45981,0
Female,Graduate,Married,45,150000,882,258,629,349,2825,2240,258,629,3,2825,0,0,0,346,0,2240,0
Female,University,Single,31,100000,960,4348,73689,76148,77254,78967,4348,70000,4000,3000,3000,0,3689,72148,74254,75967,0
Female,University,Single,31,50000,50539,50017,48310,420,560,29793,1000,0,420,560,29793,49017,48310,0,0,0,0
Female,Graduate,Single,36,240000,176035,196664,192140,194357,205637,202417,25228,0,6947,14402,33,171436,192140,187410,191235,202384,0
Female,Graduate,Married,39,230000,0,0,181,2680,0,0,0,181,2680,0,0,0,0,0,0,0,1
Female,University,Married,45,290000,36335,36085,35225,35711,35381,34468,1564,1594,1840,1378,1245,34521,33631,33871,34003,33223,0
Female,Graduate,Married,42,230000,7338,-15,4685,1925,2347,0,15,4700,1925,2347,0,-30,-15,0,0,0,0
Female,Graduate,Married,39,360000,-390,-390,-390,10872,10540,2203,0,0,11652,358,2203,-390,-390,-780,10182,0,0
Female,University,Married,38,320000,129416,129575,125866,130067,131128,124469,4836,4919,6246,4395,4524,124739,120947,123821,126733,119945,0
Female,University,Married,45,360000,12040,0,0,0,150,1728,0,0,0,150,1728,0,0,0,0,0,0
Female,Graduate,Married,38,90000,85376,86326,88122,62706,53612,40963,4326,4322,2706,3575,0,82000,83800,60000,50037,40963,0
Female,Graduate,Single,34,500000,4677,6187,4775,31188,5827,3637,6187,4775,31188,0,4119,0,0,0,5827,-482,0
Female,University,Married,36,210000,91801,93039,101393,89894,75652,54329,4000,10023,3047,2007,2086,89039,91370,86847,73645,52243,0
Female,University,Married,39,90000,45406,47337,48575,49667,51119,23344,3000,2000,2000,2000,2000,44337,46575,47667,49119,21344,0
Female,High School,Married,44,80000,31023,30390,390,390,780,780,1000,390,390,780,0,29390,0,0,0,780,0
Female,University,Single,39,390000,27918,3115,278505,288000,264214,266704,3145,278505,15000,9310,10000,-30,0,273000,254904,256704,0
Female,University,Single,33,170000,-189,-189,-189,-189,-189,-189,0,0,0,0,0,-189,-189,-189,-189,-189,0
Female,High School,Married,37,300000,85405,84922,84870,69725,54744,9234,3479,3319,2210,1095,1594,81443,81551,67515,53649,7640,0
Female,High School,Married,38,30000,1535,835,8927,5371,0,1996,835,8939,5480,0,1996,0,-12,-109,0,0,0
Female,University,Married,39,260000,0,2399,1647,502,597,4222,2399,1647,502,597,4222,0,0,0,0,0,0
Female,Graduate,Married,44,500000,2128,635,13258,4562,893,2030,635,13337,4562,893,2030,0,-79,0,0,0,0
Female,University,Single,35,240000,238887,222691,27627,161492,128496,197209,10000,3000,135050,5000,80000,212691,24627,26442,123496,117209,0
Female,University,Married,35,100000,0,0,0,0,4323,2000,0,0,0,4323,2000,0,0,0,0,0,0
Female,Graduate,Married,45,180000,16452,18472,20546,24956,24262,24782,2616,2690,5100,0,1058,15856,17856,19856,24262,23724,0
Female,University,Married,45,50000,3487,3159,213,3336,1863,390,1213,0,3336,0,0,1946,213,0,1863,390,0
Female,University,Married,35,200000,27561,17365,9889,0,9002,728,5000,1015,0,9002,728,12365,8874,0,0,0,0
Female,High School,Married,45,20000,17235,18253,20858,20202,18950,17709,1610,3215,0,780,640,16643,17643,20202,18170,17069,0
Female,University,Married,46,20000,4426,2735,-211,1863,390,390,0,0,2253,0,390,2735,-211,-390,390,0,1
Female,University,Married,35,60000,20163,21517,22860,25154,29387,30607,2000,2000,3000,5000,2000,19517,20860,22154,24387,28607,0
Female,Graduate,Married,42,260000,16827,8606,3856,12996,8788,15104,1500,3856,13000,0,15104,7106,0,-4,8788,0,0
Female,High School,Married,41,180000,10324,10471,6566,2375,1911,1080,3744,0,2911,9,1080,6727,6566,-536,1902,0,0
Female,Graduate,Single,44,210000,4925,32767,6273,5651,9103,8660,32930,6975,5661,9109,8664,-163,-702,-10,-6,-4,0
Female,University,Married,36,270000,73953,68207,55382,46629,28115,12847,5168,5010,2005,2000,2000,63039,50372,44624,26115,10847,0
Female,Graduate,Married,36,370000,2788,25790,3007,4246,3737,2290,25794,3007,4305,3737,2290,-4,0,-59,0,0,0
Female,Graduate,Single,35,200000,467,2628,287,9471,985,4489,2700,1000,9500,1000,4500,-72,-713,-29,-15,-11,0
Female,Graduate,Married,31,270000,6181,12110,26069,36630,37390,19816,12140,26134,36650,37390,19816,-30,-65,-20,0,0,0
Female,Graduate,Single,32,350000,11942,3236,7241,6800,5163,942,3252,7289,8495,5184,1,-16,-48,-1695,-21,941,0
Female,University,Single,37,230000,535,3881,2297,-3,3044,2424,3888,16,0,3047,12,-7,2281,-3,-3,2412,0
Female,University,Married,41,130000,8920,9538,10174,11036,10552,9934,1161,1187,1439,345,346,8377,8987,9597,10207,9588,0
Female,Graduate,Married,31,260000,263688,257381,260497,261593,264184,264598,8993,9501,9577,9584,10006,248388,250996,252016,254600,254592,0
Female,Graduate,Married,32,400000,3616,0,3328,3328,3828,4893,0,6656,3328,3828,4893,0,-3328,0,0,0,0
Female,University,Single,36,180000,0,1290,2985,0,0,0,1290,2985,0,0,0,0,0,0,0,0,0
Female,Graduate,Married,41,220000,138657,156689,150748,154481,156487,154870,22000,0,8000,7000,6500,134689,150748,146481,149487,148370,0
Female,Graduate,Single,32,210000,-974,-974,20363,770,0,6138,0,21337,770,0,6138,-974,-974,0,0,0,0
Female,University,Married,32,240000,0,0,0,0,0,0,0,0,0,0,0,0,0,0,0,0,0
Female,University,Single,35,240000,0,0,0,0,0,0,0,0,0,0,0,0,0,0,0,0,0
Female,University,Married,45,150000,60236,51815,39051,25960,12889,12890,6007,1566,1441,259,12891,45808,37485,24519,12630,-1,0
Female,Graduate,Single,31,300000,123306,126251,131968,113866,10811,158664,5000,8000,5000,1342,150000,121251,123968,108866,9469,8664,0
Female,University,Other,43,180000,81147,172920,176711,127004,114179,129622,101522,10264,4598,9600,20000,71398,166447,122406,104579,109622,0
Female,Graduate,Married,47,300000,5000,5000,5000,5000,5000,5000,0,0,0,0,0,5000,5000,5000,5000,5000,1
Female,University,Married,34,70000,1533,3921,6389,0,0,0,3921,6405,0,0,0,0,-16,0,0,0,0
Female,High School,Single,43,60000,65349,61322,56414,47643,28208,27570,2300,2507,1000,28512,994,59022,53907,46643,-304,26576,1
Female,Graduate,Single,33,260000,1900,0,204,-810,2190,810,0,204,0,3000,0,0,0,-810,-810,810,0
Female,University,Married,37,400000,2218,13181,4039,10692,18692,19565,13256,4039,10692,8000,9000,-75,0,0,10692,10565,0
Female,Graduate,Married,48,490000,500,7081,1460,6213,6040,1155,7081,1460,6213,7195,0,0,0,0,-1155,1155,0
Female,Graduate,Single,42,50000,34218,35539,38246,37332,39702,38932,1893,3600,0,3000,0,33646,34646,37332,36702,38932,1
Female,Graduate,Single,32,130000,58776,53702,43760,31540,23675,15841,2010,2037,1218,2182,1003,51692,41723,30322,21493,14838,0
Female,University,Married,32,150000,3204,430,29425,30437,31123,28997,0,29425,2000,1528,1518,430,0,28437,29595,27479,0
Female,University,Married,33,70000,51900,49307,48214,27572,26810,20541,0,1500,1300,1505,1000,49307,46714,26272,25305,19541,0
Female,University,Married,34,240000,626,1921,20740,21274,888,360,1921,19000,2624,888,360,0,1740,18650,0,0,0
Female,Graduate,Married,49,250000,1104,0,0,0,3000,1500,0,0,0,3000,0,0,0,0,0,1500,0
Female,University,Married,41,440000,348397,356586,366049,262697,267922,274502,14006,19077,9518,9576,11083,342580,346972,253179,258346,263419,0
Female,University,Married,40,130000,133559,129869,118032,95953,73970,107785,5400,6950,4600,4000,2000,124469,111082,91353,69970,105785,0
Female,University,Married,37,60000,59462,60866,54007,52089,29397,29110,3000,2570,2202,1200,1100,57866,51437,49887,28197,28010,1
Female,University,Married,41,290000,2025,0,0,9194,9194,399,0,0,9194,0,399,0,0,0,9194,0,0
Female,University,Married,41,150000,4474,3881,1207,1617,0,620,3000,2306,2610,0,620,881,-1099,-993,0,0,0
Female,University,Married,37,240000,1769,842,14015,0,1317,566,0,14015,0,1317,0,842,0,0,0,566,0
Female,Graduate,Married,43,220000,4009,1689,12370,12095,1832,4691,1689,12373,12099,1832,5001,0,-3,-4,0,-310,1
Female,Graduate,Single,38,100000,2156,1151,1151,35499,33051,36627,0,1151,35499,10000,6627,1151,0,0,23051,30000,0
Female,Graduate,Married,39,200000,5553,2294,359,0,353,342,2294,359,0,353,342,0,0,0,0,0,0
Female,Graduate,Married,37,400000,10677,31405,26717,25434,6973,9899,31008,26862,3000,2000,3000,397,-145,22434,4973,6899,0
Female,Graduate,Married,47,500000,3634,296,966,6675,-10,2055,299,1169,6708,0,2065,-3,-203,-33,-10,-10,0
Female,Graduate,Married,45,230000,6348,0,967,0,699,499,0,967,0,699,499,0,0,0,0,0,1
Female,University,Single,43,50000,48474,48388,38972,47584,28055,28571,2334,1918,12530,1001,1035,46054,37054,35054,27054,27536,0
Female,University,Married,46,180000,578,911,578,578,578,438,911,578,578,578,438,0,0,0,0,0,0
Female,Graduate,Single,31,200000,90708,58787,104382,91888,88267,85471,2768,48617,3243,3000,3233,56019,55765,88645,85267,82238,0
Female,Graduate,Single,37,230000,1985,7150,20123,1671,1244,0,8075,20200,1671,1244,0,-925,-77,0,0,0,0
Female,University,Married,34,210000,201223,214479,193598,178416,143879,125004,17580,0,7193,3500,4881,196899,193598,171223,140379,120123,1
Female,High School,Single,33,170000,170348,166348,162319,165592,167482,171106,7622,7354,7464,6127,6550,158726,154965,158128,161355,164556,0
Female,Graduate,Single,41,200000,2615,9855,11162,45607,23359,25713,9855,21162,45614,23359,25713,0,-10000,-7,0,0,0
Female,Graduate,Married,42,350000,3931,2570,27036,1559,1962,3683,0,27036,1559,1962,3683,2570,0,0,0,0,0
Female,High School,Single,41,360000,3578,3658,3578,3578,3578,4268,3658,3578,3578,3578,4268,0,0,0,0,0,0
Female,Graduate,Single,35,160000,3027,1116,2179,5468,80,1314,1116,2183,5468,80,1314,0,-4,0,0,0,0
Female,Graduate,Married,36,230000,0,1663,4777,1755,2442,2724,1663,4777,1763,2445,2727,0,0,-8,-3,-3,0
Female,University,Married,44,110000,42214,43195,43699,45662,47592,48674,2000,3000,3000,3000,2000,41195,40699,42662,44592,46674,0
Female,University,Single,42,520000,437492,405442,381086,353074,330171,324386,14710,14200,12300,11200,11200,390732,366886,340774,318971,313186,0
Female,Graduate,Single,30,280000,192045,195162,198105,202919,197380,201927,9300,9500,9509,7100,7800,185862,188605,193410,190280,194127,0
Female,Graduate,Single,30,240000,3376,0,4649,1528,7378,682,0,4649,1533,7378,0,0,0,-5,0,682,0
Female,High School,Single,31,20000,-363,204,204,204,-14,-2400,567,0,0,0,20,-363,204,204,-14,-2420,0
Female,University,Single,30,210000,184705,188235,193694,178664,149612,151226,7000,9057,6507,9808,6000,181235,184637,172157,139804,145226,0
Female,Graduate,Single,30,250000,144807,162326,168186,175369,178156,189259,20000,10000,10000,7200,14000,142326,158186,165369,170956,175259,0
Female,High School,Married,44,90000,1473,1473,1473,1473,1473,1473,1473,1473,1473,1473,1473,0,0,0,0,0,0
Female,University,Single,30,70000,2429,3878,4957,6209,6338,6587,1500,1300,1500,380,500,2378,3657,4709,5958,6087,1
Female,Graduate,Single,36,90000,39317,28491,20367,16680,10320,7601,1808,1657,1000,206,7601,26683,18710,15680,10114,0,1
Female,Graduate,Married,39,180000,547,547,759,1042,796,547,547,759,1000,796,0,0,0,42,0,547,0
Female,Graduate,Married,43,210000,0,0,0,0,0,0,0,0,0,0,0,0,0,0,0,0,1
Female,University,Single,30,250000,197436,201831,206282,210963,215711,218692,7500,7527,8000,8000,8000,194331,198755,202963,207711,210692,0
Female,Other,Single,30,200000,17160,7289,2868,9470,5816,7809,2880,0,9470,5834,7809,4409,2868,0,-18,0,0
Female,University,Single,36,240000,247477,241976,242629,239438,203445,203585,11,10949,9419,7461,7601,241965,231680,230019,195984,195984,0
Female,High School,Single,32,500000,0,0,0,0,0,0,0,0,0,0,0,0,0,0,0,0,0
Female,University,Married,32,20000,18931,18329,19441,20113,19864,15424,0,1414,1146,729,970,18329,18027,18967,19135,14454,0
Female,High School,Married,44,160000,-18,-18,-18,-18,-18,-18,0,0,0,0,0,-18,-18,-18,-18,-18,0
Female,Graduate,Married,32,250000,3829,4360,4420,18311,2887,4768,4374,4423,18311,2887,4768,-14,-3,0,0,0,0
Female,University,Married,44,360000,1715,3662,12595,223,222,490,3680,12657,224,223,492,-18,-62,-1,-1,-2,0
Female,University,Married,44,300000,7948,576,2660,2319,1905,257,576,2684,2319,1905,257,0,-24,0,0,0,0
Female,University,Married,45,500000,494140,274198,214481,112222,33958,9684,14515,10815,5874,2729,9784,259683,203666,106348,31229,-100,0
Female,University,Married,40,420000,101873,99516,99873,100361,90052,89112,3517,3537,6810,0,2764,95999,96336,93551,90052,86348,0
Female,University,Single,36,30000,2114,490,30452,29667,28596,29180,490,33299,1400,572,584,0,-2847,28267,28024,28596,0
Female,University,Married,48,260000,85378,71870,72994,57382,58522,59748,2664,2376,2084,2095,2169,69206,70618,55298,56427,57579,0
Female,University,Married,45,360000,20137,3332,3542,6487,3437,4875,3332,3752,6487,3437,4875,0,-210,0,0,0,0
Female,University,Single,32,220000,18477,16341,11125,10000,10000,10000,16370,11125,10000,10000,10000,-29,0,0,0,0,0
Female,High School,Married,35,20000,19792,19995,20269,18268,19478,19885,1339,1500,1290,1500,704,18656,18769,16978,17978,19181,0
Female,Graduate,Single,37,230000,-18,-18,-18,-18,-18,-18,18,0,0,0,0,-36,-18,-18,-18,-18,1
Female,University,Married,41,100000,2427,1225,935,5362,4082,-75,935,0,5362,0,0,290,935,0,4082,-75,0
Female,Graduate,Married,44,180000,0,0,0,0,0,0,0,0,0,0,0,0,0,0,0,0,0
Female,University,Married,45,300000,12975,13149,13408,12714,12437,11166,1520,2000,1452,1000,649,11629,11408,11262,11437,10517,0
Female,High School,Married,46,160000,960,485,0,0,0,0,485,0,0,0,0,0,0,0,0,0,0
Female,University,Other,43,10000,6110,6302,5972,6985,7845,7574,1240,1200,1120,980,0,5062,4772,5865,6865,7574,0
Female,Graduate,Married,39,300000,2973,2694,7270,2970,2359,8492,2702,7286,2978,2369,10011,-8,-16,-8,-10,-1519,0
Female,Graduate,Married,37,80000,104989,100150,94413,89400,84271,79502,4369,3343,3137,2914,3151,95781,91070,86263,81357,76351,0
Female,Graduate,Married,39,440000,388357,390101,387948,354871,238196,200777,14193,14740,9655,6453,5478,375908,373208,345216,231743,195299,1
Female,University,Single,33,80000,12554,13564,14608,17441,16866,17443,1523,1567,3400,0,1000,12041,13041,14041,16866,16443,0
Female,Graduate,Married,45,230000,0,0,0,0,0,136,0,0,0,0,136,0,0,0,0,0,0
Female,University,Married,47,340000,507,892,5221,7627,580,999,892,5269,8193,596,999,0,-48,-566,-16,0,0
Female,University,Single,48,50000,50099,17402,19111,20784,23428,25040,1291,2000,2000,3000,2000,16111,17111,18784,20428,23040,0
Female,Graduate,Married,37,80000,2028,286,14255,10056,317,728,286,14255,10071,317,728,0,0,-15,0,0,0
Female,Graduate,Married,47,150000,39139,15269,12853,12531,5325,2086,15374,12904,12541,5330,2086,-105,-51,-10,-5,0,0
Female,Graduate,Married,43,160000,2980,2817,0,450,748,5054,2817,0,450,748,5054,0,0,0,0,0,1
Female,Other,Married,40,390000,195688,199033,197961,195958,196019,199014,7636,5653,5545,5532,5859,191397,192308,190413,190487,193155,0
Female,Graduate,Married,37,500000,16801,14782,23095,49379,35313,23024,14805,23111,49397,35313,23856,-23,-16,-18,0,-832,0
Female,University,Married,32,100000,29222,29378,25409,23072,22745,22492,1432,1452,1226,675,748,27946,23957,21846,22070,21744,0
Female,Graduate,Married,41,310000,30680,126866,129449,106382,98892,92599,100000,16036,5000,3000,3000,26866,113413,101382,95892,89599,0
Female,Graduate,Single,43,30000,29327,30487,29417,30379,30452,0,1659,1589,1551,1124,0,28828,27828,28828,29328,0,0
Female,University,Single,45,20000,7221,8329,8840,-1560,-1560,-1560,1245,1400,0,0,0,7084,7440,-1560,-1560,-1560,0
Female,Graduate,Single,45,500000,87206,90487,19892,20377,32177,41677,5303,10000,1200,12000,10000,85184,9892,19177,20177,31677,0
Female,Graduate,Single,37,150000,702,0,0,0,0,0,0,0,0,0,0,0,0,0,0,0,0
Female,Graduate,Single,38,360000,4741,4534,6491,8422,8665,0,0,2000,2000,243,0,4534,4491,6422,8422,0,1
Female,Graduate,Single,31,200000,68244,65243,61590,47301,47232,25231,6018,2507,2011,4140,5072,59225,59083,45290,43092,20159,0
Female,Graduate,Single,36,270000,16699,17908,19114,20341,20617,16223,1800,1500,1600,830,1000,16108,17614,18741,19787,15223,0
Female,University,Single,32,230000,17957,18063,20755,23278,24083,25145,3000,3000,3000,4000,4000,15063,17755,20278,20083,21145,0
Female,Graduate,Married,40,150000,1221,176,0,0,0,0,176,0,0,0,0,0,0,0,0,0,0
Female,Graduate,Married,41,240000,129776,126395,129371,132218,136003,139798,5000,5000,5000,6000,6000,121395,124371,127218,130003,133798,0
Female,University,Married,49,250000,41075,31898,103675,91487,83374,67445,5000,94000,3000,7000,20006,26898,9675,88487,76374,47439,0
Female,Graduate,Married,35,240000,3664,5770,10412,4578,5928,5619,5770,10420,1150,5928,3619,0,-8,3428,0,2000,1
Female,Graduate,Single,34,340000,1780,28620,66633,182856,166943,126445,28763,66652,123267,26207,948,-143,-19,59589,140736,125497,0
Female,Graduate,Single,35,160000,52010,4792,194,1900,1900,1150,4792,150,3800,0,0,0,44,-1900,1900,1150,0
Female,University,Married,33,180000,44806,47050,49282,50159,51336,54332,3000,3000,2000,2011,4000,44050,46282,48159,49325,50332,0
Female,University,Married,41,240000,852,1738,186673,5517,2660,1480,1746,187473,5517,2660,1480,-8,-800,0,0,0,0
Female,University,Single,43,120000,121427,60163,61723,25638,26092,14586,77225,21903,25646,5080,0,-17062,39820,-8,21012,14586,0
Female,Other,Married,40,150000,21001,12406,14587,59974,51049,47079,4000,2500,55000,1115,1000,8406,12087,4974,49934,46079,0
Female,Graduate,Single,31,210000,0,0,0,0,0,0,0,0,0,0,0,0,0,0,0,0,0
Female,University,Married,31,500000,348526,345128,337816,316739,167616,364940,15210,15022,20121,5925,35069,329918,322794,296618,161691,329871,0
Female,High School,Married,49,80000,79967,75920,73968,71919,59894,59405,2700,2875,3000,3000,4000,73220,71093,68919,56894,55405,0
Female,High School,Single,45,30000,0,0,0,0,300,390,0,0,0,300,390,0,0,0,0,0,0
Female,University,Married,33,60000,56379,23161,21106,22345,25720,23467,3000,1386,1625,4000,3000,20161,19720,20720,21720,20467,0
Female,University,Single,35,370000,20108,13976,12939,11367,17049,27337,13994,12939,11380,17049,27337,-18,0,-13,0,0,0
Female,University,Married,33,30000,390,390,390,390,390,0,390,390,390,390,0,0,0,0,0,0,0
Female,Graduate,Married,30,150000,6154,0,0,0,0,0,0,0,0,0,0,0,0,0,0,0,1
Female,Graduate,Single,42,100000,61618,60380,58567,79527,18950,19667,2406,2200,22004,656,1000,57974,56367,57523,18294,18667,0
Female,University,Married,39,80000,48784,46401,39456,30712,29629,28241,2194,1560,1421,1001,1000,44207,37896,29291,28628,27241,0
Female,Graduate,Single,32,200000,8479,2021,1050,0,400,976,2021,1050,0,400,976,0,0,0,0,0,0
Female,University,Married,33,80000,51016,51081,52059,47912,48646,49341,1200,2100,0,1800,2000,49881,49959,47912,46846,47341,1
Female,University,Married,42,140000,156062,158495,160681,144194,144802,147311,5750,5530,6600,5100,5460,152745,155151,137594,139702,141851,0
Female,University,Single,40,290000,258360,263820,265115,264323,221070,219295,12025,10000,9883,7738,7813,251795,255115,254440,213332,211482,0
Female,Graduate,Married,36,350000,28489,28934,20558,29866,37587,15307,28950,20565,29880,27697,5330,-16,-7,-14,9890,9977,0
Female,Graduate,Married,39,310000,12080,1989,4566,5329,5724,1518,1989,4566,5433,5724,1336,0,0,-104,0,182,0
Female,University,Married,42,80000,18172,19559,20437,26591,28350,27758,2000,1500,6500,2200,0,17559,18937,20091,26150,27758,1
Female,High School,Married,37,30000,25689,26455,27525,28545,29388,30133,1500,1500,1500,1300,1200,24955,26025,27045,28088,28933,1
Female,University,Single,47,230000,0,0,0,1360,680,600,0,0,1360,0,600,0,0,0,680,0,0
Female,Graduate,Married,37,150000,0,0,0,0,0,0,0,0,0,0,0,0,0,0,0,0,0
Female,University,Married,29,110000,60101,61589,60822,62306,63768,65239,2505,2500,2500,2500,2500,59084,58322,59806,61268,62739,0
Female,University,Married,29,170000,50104,32978,11779,79862,39617,34091,2000,2009,78417,8000,3000,30978,9770,1445,31617,31091,0
Female,Graduate,Single,30,200000,0,1186,1024,990,1000,0,1186,0,990,10,0,0,1024,0,990,0,0
Female,University,Married,30,260000,147565,149777,151583,155493,158624,161902,7129,5179,5276,4537,4670,142648,146404,150217,154087,157232,0
Female,University,Single,47,50000,39296,40638,41741,45982,43041,42957,2000,1759,5000,1525,1569,38638,39982,40982,41516,41388,0
Female,University,Other,42,50000,49699,49446,50694,44858,19298,19514,1857,2295,1572,5000,1000,47589,48399,43286,14298,18514,0
Female,Graduate,Married,46,420000,19629,8705,18653,36076,27823,0,8765,18728,36430,27906,0,-60,-75,-354,-83,0,0
Female,Graduate,Single,36,220000,637,0,0,300,300,728,0,0,365,0,578,0,0,-65,300,150,1
Female,Graduate,Married,36,230000,928,282,282,2427,282,282,282,282,2427,282,282,0,0,0,0,0,0
Female,University,Single,49,280000,278569,277306,225732,229877,219267,225421,11005,12000,12100,12000,10000,266301,213732,217777,207267,215421,0
Female,University,Married,45,20000,25102,27906,26153,26745,26359,25974,3550,0,2400,1000,1000,24356,26153,24345,25359,24974,1
Female,Graduate,Single,44,200000,35210,34606,34800,33275,33435,32778,1858,2100,2000,3435,3000,32748,32700,31275,30000,29778,0
Female,Graduate,Married,37,280000,8909,3173,13947,7676,6155,3695,3571,14080,7742,6178,3711,-398,-133,-66,-23,-16,0
Female,University,Married,45,170000,130668,121100,123414,114180,122332,120270,5900,5800,6000,11600,0,115200,117614,108180,110732,120270,1
Female,University,Married,42,50000,49624,49357,49366,49221,48848,47545,2100,2150,2200,2000,2000,47257,47216,47021,46848,45545,0
Female,Graduate,Single,33,240000,103100,106908,109419,111838,112727,115479,5295,5500,5500,4000,4500,101613,103919,106338,108727,110979,0
Female,High School,Other,45,200000,45876,35732,18000,27404,2644,2262,1732,1000,27404,2644,2262,34000,17000,0,0,0,0
Female,University,Single,42,100000,117464,81625,81815,78927,77418,74657,2962,2986,2807,2686,2767,78663,78829,76120,74732,71890,1
Female,Graduate,Single,30,230000,185129,185099,186698,181156,129441,135383,10024,8638,6500,50000,8008,175075,178060,174656,79441,127375,0
Female,University,Married,32,240000,199789,203156,201267,182484,182478,175394,9000,9319,6200,5894,5100,194156,191948,176284,176584,170294,0
Female,University,Single,32,240000,132252,135069,136408,139192,142111,145165,6500,5000,5057,5239,5500,128569,131408,134135,136872,139665,0
Female,University,Married,36,80000,22657,19940,19870,18155,11119,5203,1320,1540,1005,222,1000,18620,18330,17150,10897,4203,0
Female,University,Single,30,80000,21072,2520,-3990,22193,21546,1922,2620,0,27194,1381,1922,-100,-3990,-5001,20165,0,0
Female,High School,Married,48,50000,2896,1360,812,4012,28672,28875,1500,500,4100,28800,1011,-140,312,-88,-128,27864,0
Female,University,Married,38,180000,150345,145797,147825,145482,141846,132687,5300,6840,6700,5100,5000,140497,140985,138782,136746,127687,1
Female,Graduate,Single,31,150000,4847,4268,0,1193,-127,-127,4268,0,1193,0,0,0,0,0,-127,-127,0
Female,Graduate,Married,42,140000,141321,141836,139070,134168,135678,136494,4300,1003,4854,5500,5200,137536,138067,129314,130178,131294,1
Female,University,Married,43,80000,68612,69971,71846,72372,73475,74842,3100,3600,2720,2400,2224,66871,68246,69652,71075,72618,0
Female,University,Married,43,300000,5972,1854,2105,835,1761,2849,1857,2109,835,1761,2853,-3,-4,0,0,-4,0
Female,University,Single,34,350000,19202,16576,16801,15238,10267,9578,1300,2000,1500,1000,1500,15276,14801,13738,9267,8078,0
Female,High School,Single,46,110000,44590,45846,47104,48325,0,49461,2000,2000,2000,2000,0,43846,45104,46325,-2000,49461,1
Female,University,Married,37,130000,33346,37902,42496,45954,51419,55919,5448,5542,4500,5465,4500,32454,36954,41454,45954,51419,0
Female,University,Married,45,130000,126840,116746,59839,0,0,0,5298,2606,0,0,0,111448,57233,0,0,0,0
Female,University,Single,48,170000,99728,97889,99902,100128,101531,102770,4500,5000,4000,4000,4000,93389,94902,96128,97531,98770,0
Female,Graduate,Married,43,310000,112343,25349,21033,19033,9588,5222,3023,21033,1000,192,104,22326,0,18033,9396,5118,0
Female,High School,Single,36,500000,51132,8830,7570,1576,0,13295,8830,7570,1576,0,13295,0,0,0,0,0,0
Female,Graduate,Single,35,230000,1890,533,267,0,0,0,533,267,0,0,0,0,0,0,0,0,0
Female,University,Married,35,50000,8917,8625,11475,10999,12311,11973,0,3000,0,1800,0,8625,8475,10999,10511,11973,1
Female,High School,Married,44,390000,35369,22238,7809,97774,100912,152955,15000,7809,97874,32494,100000,7238,0,-100,68418,52955,0
Female,High School,Single,43,200000,5853,5512,492,2038,316,1226,1024,492,2038,0,1226,4488,0,0,316,0,0
Female,Graduate,Single,34,380000,25079,119811,22384,115548,164296,72084,100000,12384,100000,50000,20000,19811,10000,15548,114296,52084,0
Female,University,Single,41,140000,130439,108411,107113,120327,62855,67243,5000,5000,20000,10000,10000,103411,102113,100327,52855,57243,0
Female,University,Single,49,420000,115505,113724,112976,111344,100648,94891,4044,4297,4773,3203,2951,109680,108679,106571,97445,91940,0
Female,University,Married,42,50000,24225,24046,24574,24348,16130,16467,500,1200,516,566,585,23546,23374,23832,15564,15882,1
Female,High School,Single,46,100000,3780,0,203,203,0,7856,0,203,0,0,7856,0,0,203,0,0,0
Female,University,Single,36,50000,50817,50523,51921,50767,48488,49503,2000,2500,0,1721,1782,48523,49421,50767,46767,47721,1
Female,University,Married,37,140000,58075,59504,61544,62925,64280,67079,3000,3000,3000,3000,4000,56504,58544,59925,61280,63079,0
Female,Graduate,Married,40,50000,48519,35968,29453,26660,26235,27647,1800,1755,1500,1101,2000,34168,27698,25160,25134,25647,0
Female,University,Married,48,20000,0,0,0,0,0,1473,0,0,0,0,1473,0,0,0,0,0,1
Female,University,Married,45,260000,243952,224426,193708,163477,139993,133197,15521,10005,7000,5500,5000,208905,183703,156477,134493,128197,0
Female,University,Married,37,240000,-150,-150,-150,-150,-150,-150,0,0,0,0,0,-150,-150,-150,-150,-150,1
Female,High School,Married,49,20000,12165,13171,14054,14900,15000,0,1517,1400,1200,300,0,11654,12654,13700,14700,0,0
Female,University,Single,38,200000,18703,9733,7078,1195,43115,43869,1533,2395,0,45000,1600,8200,4683,1195,-1885,42269,0
Female,University,Married,40,150000,87105,82772,75928,66245,61833,62375,3000,3504,2300,2199,2414,79772,72424,63945,59634,59961,0
Female,Graduate,Single,35,280000,3072,0,0,0,0,0,0,0,0,0,0,0,0,0,0,0,0
Female,Graduate,Single,34,280000,2793,1356,19497,10164,1089,26218,1356,19497,10173,1089,28217,0,0,-9,0,-1999,0
Female,Graduate,Married,34,120000,0,0,1471,3094,12623,10446,0,1471,3103,12623,0,0,0,-9,0,10446,1
Female,University,Single,47,160000,1961,5495,13029,0,0,0,5495,13036,0,0,0,0,-7,0,0,0,0
Female,University,Married,37,80000,63558,59812,68636,40659,32436,36658,2500,10000,3000,3000,5000,57312,58636,37659,29436,31658,0
Female,University,Married,43,500000,42081,46495,39489,12421,11345,11968,16495,15720,12421,11345,11968,30000,23769,0,0,0,0
Female,University,Single,42,50000,20235,19635,19045,18300,17900,17900,0,0,0,0,0,19635,19045,18300,17900,17900,1
Female,Graduate,Married,36,120000,2779,6375,1086,1230,1230,2806,6428,1086,1230,0,2806,-53,0,0,1230,0,1
Female,Graduate,Married,34,150000,5712,14539,8796,20359,17329,20087,14539,8796,20375,17329,20087,0,0,-16,0,0,0
Female,University,Married,34,150000,150294,147979,147235,147997,145405,146502,6750,6900,6690,5300,5500,141229,140335,141307,140105,141002,0
Female,University,Single,31,200000,1507,0,218,4360,0,0,0,218,4360,0,0,0,0,0,0,0,0
Female,Graduate,Single,31,160000,0,2036,796,5740,0,447,2036,796,5768,0,447,0,0,-28,0,0,0
Female,University,Married,33,200000,84064,85935,55548,134719,152290,152470,5935,5548,84719,23050,7470,80000,50000,50000,129240,145000,0
Female,University,Married,43,280000,0,4051,1196,19875,599,850,4051,1245,19875,599,850,0,-49,0,0,0,1
Female,University,Single,39,120000,20693,22033,24067,24372,24670,25617,2000,2400,1000,1000,1500,20033,21667,23372,23670,24117,1
Female,Graduate,Married,42,360000,10000,893,1224,331,0,2757,893,331,0,0,2757,0,893,331,0,0,0
Female,University,Married,49,150000,0,1870,669,0,13453,5773,1870,669,0,13453,5773,0,0,0,0,0,0
Female,Graduate,Married,39,390000,42721,22836,24266,6088,2500,828,12041,24353,6118,2550,828,10795,-87,-30,-50,0,0
Female,University,Married,34,200000,7271,9133,10972,12757,13069,13334,2000,2000,2003,1008,2029,7133,8972,10754,12061,11305,0
Female,University,Single,37,200000,226365,214261,210315,206563,202896,173111,0,8000,9000,8000,7000,214261,202315,197563,194896,166111,0
Female,University,Married,43,60000,60788,61005,60164,31211,30374,30432,2500,3001,3003,2000,2001,58505,57163,28208,28374,28431,0
Female,Graduate,Married,30,300000,0,0,811,1128,1750,819,0,811,1128,1760,819,0,0,0,-10,0,0
Female,University,Single,32,420000,211688,205003,203118,198925,175684,164037,7300,8839,8000,5900,6000,197703,194279,190925,169784,158037,0
Female,Graduate,Married,33,170000,0,0,0,0,185,185,0,0,0,185,0,0,0,0,0,185,0
Female,Graduate,Single,28,170000,56766,59811,61987,63849,66276,68207,4000,3638,3500,3500,3000,55811,58349,60349,62776,65207,0
Female,Graduate,Single,28,160000,15525,34585,37439,47340,2473,4120,34604,37836,47340,2473,4120,-19,-397,0,0,0,0
Female,Graduate,Single,28,210000,2670,262,3771,5474,69536,76188,262,3771,5474,69536,10000,0,0,0,0,66188,0
Female,Other,Single,29,200000,2618,784,611,0,0,150,784,611,0,0,150,0,0,0,0,0,0
Female,University,Single,30,200000,154030,151604,146128,138919,132778,136272,5370,5217,4894,4800,5900,146234,140911,134025,127978,130372,0
Female,Graduate,Single,32,60000,59166,39328,38313,28660,31398,9966,2000,2300,1700,10000,1200,37328,36013,26960,21398,8766,0
Female,Graduate,Single,33,500000,249,2655,249,99,-150,-150,2655,249,99,150,0,0,0,0,-300,-150,0
Female,Graduate,Married,33,150000,3389,1600,1782,1600,0,11665,0,1782,1600,0,11665,1600,0,0,0,0,0
Female,University,Single,42,310000,-2123,246407,250249,254254,259960,265702,260000,10000,10000,10000,10000,-13593,240249,244254,249960,255702,0
Female,Graduate,Single,31,350000,35420,38632,42499,46590,52606,59537,4000,5000,5000,7000,8000,34632,37499,41590,45606,51537,0
Female,Graduate,Single,35,140000,7921,9268,3943,7737,2456,15507,9268,3953,7737,2456,15507,0,-10,0,0,0,1
Female,Graduate,Single,30,320000,9646,13438,14833,1920,10516,10350,13442,14838,1920,10516,10350,-4,-5,0,0,0,0
Female,Graduate,Single,32,330000,12118,11176,9369,7061,23421,21240,2000,1114,1493,20000,1000,9176,8255,5568,3421,20240,0
Female,University,Single,36,200000,10890,11902,12907,15369,15863,16059,1500,1500,3000,750,600,10402,11407,12369,15113,15459,0
Female,Other,Single,41,430000,2663,20679,6698,2104,888,888,20679,6698,2104,888,888,0,0,0,0,0,0
Female,High School,Single,30,170000,173922,164939,165597,163424,163204,159257,7400,7600,7800,6348,6200,157539,157997,155624,156856,153057,0
Female,Graduate,Married,30,300000,15575,22187,1970,1687,248,600,10810,1979,1695,249,600,11377,-9,-8,-1,0,0
Female,University,Single,39,450000,217126,43647,39827,43978,389,389,10329,3001,5217,1,390,33318,36826,38761,388,-1,0
Female,University,Single,44,250000,23438,0,3850,0,32690,37141,0,3850,0,32690,5000,0,0,0,0,32141,0
Female,Graduate,Single,29,300000,11500,0,0,1780,0,0,0,0,1780,0,0,0,0,0,0,0,0
Female,University,Single,30,230000,149775,107052,231164,120523,117102,116718,10000,130223,9953,4014,3307,97052,100941,110570,113088,113411,0
Female,Graduate,Married,35,230000,9000,0,0,0,0,0,0,0,0,0,0,0,0,0,0,0,0
Female,University,Single,37,100000,14394,35392,20000,0,0,0,36291,20000,0,0,0,-899,0,0,0,0,0
Female,High School,Single,52,20000,18603,15208,16153,18175,19876,19419,1555,1500,2300,2000,0,13653,14653,15875,17876,19419,0
Female,Graduate,Married,54,50000,45777,46816,47862,49064,66819,17288,1800,1800,2000,2300,2000,45016,46062,47064,64519,15288,0
Female,Graduate,Single,50,70000,62049,64315,58564,56741,25172,29186,4000,3000,10032,8000,5139,60315,55564,46709,17172,24047,1
Female,University,Married,52,170000,170133,168945,160660,163652,131396,130402,7620,6200,10000,5100,5500,161325,154460,153652,126296,124902,1
Female,High School,Married,53,110000,105435,107599,108555,106692,103971,104140,5400,4200,5200,3800,3900,102199,104355,101492,100171,100240,0
Female,High School,Single,50,30000,17891,19087,20078,20935,17228,17606,1800,1600,1600,1000,734,17287,18478,19335,16228,16872,0
Female,University,Married,50,60000,60199,60742,60841,58902,19352,19523,2800,2600,2107,1000,1000,57942,58241,56795,18352,18523,1
Female,University,Married,59,70000,67088,64376,62004,62985,69380,70498,2244,2301,2254,7600,2500,62132,59703,60731,61780,67998,0
Female,High School,Married,50,20000,5141,3455,6906,0,0,0,3754,6906,290,0,0,-299,0,-290,0,0,1
Female,High School,Married,51,30000,15126,13327,13829,10898,9217,9048,1236,1518,1074,500,300,12091,12311,9824,8717,8748,0
Female,University,Married,52,30000,7033,10431,10120,11145,11368,12186,3700,0,1200,408,1002,6731,10120,9945,10960,11184,1
Female,High School,Married,54,490000,396,396,361,7530,396,396,396,361,7600,396,396,0,0,-70,0,0,0
Female,University,Married,53,280000,1890,2846,920,390,7531,1240,2846,390,390,7531,1240,0,530,0,0,0,0
Female,Graduate,Married,51,150000,0,0,0,0,0,0,0,0,0,0,0,0,0,0,0,0,0
Female,University,Married,52,240000,0,0,0,0,2780,20034,0,0,0,2780,20034,0,0,0,0,0,0
Female,University,Single,53,230000,9358,13482,17874,26743,26431,35153,5000,5000,10000,5000,10018,8482,12874,16743,21431,25135,0
Female,Graduate,Single,52,100000,13687,14007,14236,12924,12467,10950,1600,1500,0,700,0,12407,12736,12924,11767,10950,1
Female,University,Married,51,60000,57252,57771,47778,37858,36467,34419,2501,2032,2005,1507,1501,55270,45746,35853,34960,32918,0
Female,High School,Married,51,50000,38306,39338,40378,39067,25481,25861,1661,1701,2006,1041,922,37677,38677,37061,24440,24939,0
Female,University,Single,52,70000,38527,37608,39369,43627,15251,16285,0,2369,5178,0,1285,37608,37000,38449,15251,15000,0
Female,High School,Married,52,50000,49534,48061,48807,49347,17524,17497,0,2200,2100,606,624,48061,46607,47247,16918,16873,0
Female,University,Single,52,110000,38298,39295,40331,41346,42013,42890,1935,1971,1986,1653,1706,37360,38360,39360,40360,41184,0
Female,Other,Single,51,200000,455293,441048,433541,425538,419080,98840,10688,10688,10278,11567,98843,430360,422853,415260,407513,-3,0
Female,High School,Married,51,220000,44076,40353,36314,32320,27803,25370,2000,1600,1600,1000,3000,38353,34714,30720,26803,22370,0
Female,High School,Single,50,30000,25648,25524,3737,0,0,22525,1000,3836,0,0,22525,24524,-99,0,0,0,0
Female,University,Married,50,20000,13779,14788,15815,17891,17308,17521,1245,1272,2348,0,640,13543,14543,15543,17308,16881,1
Female,University,Married,51,20000,14710,14166,14040,13796,12909,12015,0,1253,2232,402,393,14166,12787,11564,12507,11622,0
Female,High School,Married,51,20000,18768,19684,11580,780,780,0,1714,1000,780,0,0,17970,10580,0,780,0,0
Female,Graduate,Married,51,280000,390,11223,15225,4951,2408,8360,11223,15262,4951,2408,8360,0,-37,0,0,0,1
Female,High School,Married,54,100000,40112,40981,41963,43012,33270,33967,1661,1766,1942,1200,1233,39320,40197,41070,32070,32734,0
Female,University,Married,56,300000,129234,127932,124793,123572,116832,115064,10060,10864,10078,10512,10020,117872,113929,113494,106320,105044,0
Female,High School,Married,54,200000,2841,1709,1312,2404,3786,1916,0,1312,2404,3786,1916,1709,0,0,0,0,0
Female,High School,Married,52,50000,48970,49366,49803,49830,49539,50418,2100,2128,2079,1896,1803,47266,47675,47751,47643,48615,0
Female,University,Single,52,20000,18652,18506,18849,19917,19087,19588,1300,1500,1500,500,1380,17206,17349,18417,18587,18208,0
Female,High School,Other,61,30000,24453,23212,23964,24434,21340,5624,0,1522,1200,428,112,23212,22442,23234,20912,5512,0
Female,University,Single,50,430000,268537,207118,202412,207496,250337,255277,10000,8000,12000,50000,28000,197118,194412,195496,200337,227277,0
Female,University,Married,55,90000,3388,0,0,0,0,7707,0,0,0,0,7707,0,0,0,0,0,0
Female,University,Married,50,280000,8740,4919,176823,117686,36708,18126,4919,176823,117686,36708,363,0,0,0,0,17763,0
Female,High School,Single,50,20000,19681,19968,19261,20184,17016,15725,1313,1481,1404,0,0,18655,17780,18780,17016,15725,0
Female,High School,Single,52,150000,139733,138723,132441,94493,84936,77988,7000,6000,5000,5000,5000,131723,126441,89493,79936,72988,0
Female,Graduate,Single,50,300000,22443,31175,26476,27782,23325,49146,31175,26476,27782,23325,49146,0,0,0,0,0,0
Female,Other,Married,52,80000,79822,77747,77733,78017,29599,26927,2773,3236,2000,2000,1000,74974,74497,76017,27599,25927,0
Female,Graduate,Married,50,280000,2712,4450,9754,0,8142,6997,4494,9754,0,8142,6997,-44,0,0,0,0,0
Female,High School,Married,50,120000,121018,123150,0,0,0,0,5550,0,0,0,0,117600,0,0,0,0,0
Female,High School,Single,51,210000,42795,43787,44826,45544,48497,47591,2007,2046,1764,3717,0,41780,42780,43780,44780,47591,1
Female,University,Married,52,40000,0,0,0,0,0,0,3500,0,0,0,0,-3500,0,0,0,0,0
Female,University,Married,52,100000,39555,40550,41587,42602,43327,47950,1955,1992,2007,1732,5506,38595,39595,40595,41595,42444,0
Female,High School,Married,54,90000,0,0,0,0,1805,0,0,0,0,1805,0,0,0,0,0,0,1
Female,University,Single,49,80000,390,390,390,390,780,390,390,390,390,780,0,0,0,0,0,390,1
Female,University,Married,51,170000,9773,4101,3866,14894,6833,6972,4146,3866,14894,137,139,-45,0,0,6696,6833,0
Female,Graduate,Married,52,350000,2400,2400,2400,2400,2400,2400,0,0,0,0,0,2400,2400,2400,2400,2400,1
Female,High School,Single,55,80000,76414,78009,78616,49662,48867,48278,3100,2420,2000,1656,1693,74909,76196,47662,47211,46585,0
Female,High School,Single,58,30000,24874,25961,27534,27670,28717,28786,1500,2000,1500,1500,1100,24461,25534,26170,27217,27686,0
Female,Graduate,Married,54,500000,6259,2937,10410,30016,8014,2630,2962,10457,30026,26,13,-25,-47,-10,7988,2617,1
Female,University,Married,53,180000,0,533,2329,1778,2510,184,533,2329,1778,2514,184,0,0,0,-4,0,0
Female,High School,Married,57,80000,33600,0,0,9618,10455,11131,0,0,9618,1000,1000,0,0,0,9455,10131,0
Female,University,Single,51,150000,13219,1179,0,0,0,35752,1179,0,0,0,35752,0,0,0,0,0,0
Female,High School,Single,51,600000,95286,78404,147559,323129,310042,311840,10448,85113,217035,11032,15019,67956,62446,106094,299010,296821,0
Female,University,Single,51,50000,24202,23664,21780,22722,21907,2917,1340,1402,1344,1002,58,22324,20378,21378,20905,2859,0
Female,University,Married,51,20000,5411,6279,8163,8874,9722,12386,1116,2000,1000,1000,3000,5163,6163,7874,8722,9386,0
Female,High School,Married,72,150000,0,1250,0,3871,6200,336,1250,0,3871,6200,336,0,0,0,0,0,0
Female,High School,Married,50,100000,47895,48889,50099,52259,53389,55519,1790,2000,3000,2000,3000,47099,48099,49259,51389,52519,0
Female,High School,Married,58,20000,8287,10978,11207,11227,12042,12850,3000,700,500,1000,1000,7978,10507,10727,11042,11850,1
Female,High School,Married,55,80000,67671,61346,59100,53133,48598,48882,2141,6433,0,2000,2000,59205,52667,53133,46598,46882,0
Female,High School,Married,52,50000,19371,18761,19469,20412,19755,20320,0,1700,1600,700,840,18761,17769,18812,19055,19480,0
Female,University,Married,52,150000,85404,91457,89151,90071,92565,98291,8400,0,3300,4000,7400,83057,89151,86771,88565,90891,0
Female,High School,Married,52,90000,49115,50477,51400,0,0,0,2477,2400,0,0,0,48000,49000,0,0,0,0
Female,Graduate,Married,50,80000,30711,28729,7605,0,0,3011,1957,1000,0,0,3011,26772,6605,0,0,0,0
Female,University,Married,48,190000,90128,92367,94227,91943,93546,95759,4500,4100,0,3500,3600,87867,90127,91943,90046,92159,1
Female,Graduate,Single,50,320000,1999,729,2462,12360,10943,9597,730,2472,12360,0,237,-1,-10,0,10943,9360,0
Female,University,Single,50,500000,10061,20587,9984,7461,8093,7342,20631,10009,7488,8129,7369,-44,-25,-27,-36,-27,0
Female,High School,Married,57,50000,50990,49123,50820,50706,30636,30501,2100,2500,3820,1636,1501,47023,48320,46886,29000,29000,1
Female,Graduate,Single,62,60000,57918,59878,51466,50506,56373,55341,3028,2006,1862,6729,0,56850,49460,48644,49644,55341,0
Female,High School,Married,53,100000,98026,99768,100098,75296,73774,75603,3773,3919,3010,3000,6000,95995,96179,72286,70774,69603,0
Female,Graduate,Married,54,150000,-1,262,329,39919,263,263,263,331,40118,264,264,-1,-2,-199,-1,-1,1
Female,Other,Married,50,280000,5380,390,1843,1663,-147,-147,400,1843,0,0,0,-10,0,1663,-147,-147,0
Female,High School,Married,50,100000,49032,48477,46605,48795,48968,49752,1736,1810,3000,1734,1944,46741,44795,45795,47234,47808,0
Female,University,Married,50,30000,21993,22634,23057,24506,24711,24178,1300,1082,2131,900,0,21334,21975,22375,23811,24178,1
Female,Graduate,Married,50,50000,38483,39511,40582,41316,41998,42674,1960,2000,1700,1662,1493,37551,38582,39616,40336,41181,1
Female,University,Married,50,60000,33290,32867,32638,29743,26909,24955,1558,1571,1344,877,875,31309,31067,28399,26032,24080,0
Female,High School,Single,55,40000,27849,29093,28347,30561,29770,31666,2000,0,3000,0,2382,27093,28347,27561,29770,29284,0
Female,High School,Married,51,160000,0,0,0,0,0,0,0,0,0,0,0,0,0,0,0,0,0
Female,University,Single,50,150000,8478,7890,8958,780,7500,0,7890,8958,780,7500,0,0,0,0,0,0,0
Female,University,Married,50,200000,0,0,1350,0,1265,0,0,1350,0,1265,0,0,0,0,0,0,1
Female,High School,Married,51,60000,60350,61112,60557,35555,30214,30170,2435,2575,1404,990,1347,58677,57982,34151,29224,28823,0
Female,Graduate,Married,51,210000,3490,3611,13920,10284,3813,1154,3611,12797,0,3829,1154,0,1123,10284,-16,0,0
Female,Graduate,Single,52,50000,6379,3257,4166,0,0,318,1091,1000,0,0,318,2166,3166,0,0,0,0
Female,Graduate,Married,52,360000,6658,2598,1138,6730,3595,2915,2610,1240,6763,3613,2930,-12,-102,-33,-18,-15,0
Female,High School,Other,52,80000,77086,77411,78686,66217,56167,53190,3000,5086,1750,2012,1630,74411,73600,64467,54155,51560,0
Female,Graduate,Married,52,360000,-3,-3,-3,1000,0,0,0,0,1003,0,0,-3,-3,-3,0,0,1
Female,University,Married,52,140000,850,12340,14910,44967,11669,5169,12340,14910,44967,11669,5169,0,0,0,0,0,0
Female,High School,Married,52,260000,9979,9371,18488,27022,28402,800,0,10000,11264,1580,2,9371,8488,15758,26822,798,1
Female,University,Married,52,180000,76538,71888,65832,51621,51191,49918,3200,2200,1800,2000,1800,68688,63632,49821,49191,48118,0
Female,Graduate,Single,55,300000,0,0,0,0,0,0,0,0,0,0,0,0,0,0,0,0,0
Female,High School,Married,53,200000,88895,79074,47318,21594,19067,13814,2600,3224,0,8000,8000,76474,44094,21594,11067,5814,0
Female,Graduate,Single,53,390000,30400,34756,29530,27620,32364,34041,5000,5000,5000,5000,5000,29756,24530,22620,27364,29041,0
Female,High School,Married,59,130000,390,2356,1373,390,2746,390,2356,1373,390,2746,0,0,0,0,0,390,0
Female,High School,Married,56,130000,30218,31706,34130,36245,38624,40989,2000,3000,3000,3000,3000,29706,31130,33245,35624,37989,0
Female,University,Married,53,240000,890,236,0,2194,439,1085,236,0,2194,441,1085,0,0,0,-2,0,0
Female,High School,Married,54,80000,12158,13956,14382,15631,16080,17327,2000,1500,1500,1000,1500,11956,12882,14131,15080,15827,0
Female,Graduate,Married,56,350000,8451,36099,5117,6714,18801,13604,36108,5136,6735,18801,13604,-9,-19,-21,0,0,0
Female,University,Married,62,110000,65932,66740,68170,69634,73981,72676,2500,2500,2600,5519,0,64240,65670,67034,68462,72676,0
Female,University,Married,56,30000,10232,11564,14099,13580,13657,16356,1510,3042,0,600,2942,10054,11057,13580,13057,13414,1
Female,University,Married,53,130000,112363,109067,117301,113926,120846,118804,0,10000,0,8800,0,109067,107301,113926,112046,118804,0
Female,High School,Married,54,80000,75267,54889,56949,35684,10400,0,3000,4000,3000,1000,0,51889,52949,32684,9400,0,0
Female,University,Single,55,60000,61278,59106,54647,56071,29199,29815,17,2249,2604,983,1023,59089,52398,53467,28216,28792,0
Female,High School,Married,70,180000,162647,157533,153351,144086,118645,104652,5644,5962,4374,3895,3691,151889,147389,139712,114750,100961,0
Female,High School,Married,54,50000,42326,43815,45156,46206,46968,47876,2200,2050,2100,1828,1815,41615,43106,44106,45140,46061,0
Female,High School,Married,57,70000,10042,10577,11129,11650,12997,14322,1176,1196,1185,2000,2000,9401,9933,10465,10997,12322,0
Female,Graduate,Married,60,270000,836,836,836,836,1972,986,836,836,836,1972,0,0,0,0,0,986,1
Female,High School,Married,55,110000,4924,4305,4770,5819,4807,5579,0,1087,1532,0,1000,4305,3683,4287,4807,4579,1
Female,University,Married,53,150000,11589,28910,34731,18845,25745,13396,29190,34733,18857,25752,3396,-280,-2,-12,-7,10000,0
Female,High School,Married,53,150000,29076,14131,15112,13652,86575,82377,1200,1500,3795,80000,1700,12931,13612,9857,6575,80677,0
Female,High School,Single,56,170000,390,17450,13366,17446,17056,16666,17450,13366,20894,17056,16666,0,0,-3448,0,0,0
Female,University,Married,62,70000,48367,49358,50396,51462,52609,53708,1796,1834,1900,2000,1945,47562,48562,49562,50609,51763,1
Female,Graduate,Married,57,360000,-2,-2,-2,-2,1422,0,0,0,0,1424,0,-2,-2,-2,-2,0,0
Female,Graduate,Married,59,200000,92215,94085,96174,98116,99490,101412,4300,4500,4438,3900,3800,89785,91674,93678,95590,97612,0
Female,University,Married,69,200000,45870,46907,47952,49052,49936,50977,2100,2100,2200,2000,2000,44807,45852,46852,47936,48977,0
Female,High School,Single,61,140000,0,0,0,0,0,0,0,0,0,0,0,0,0,0,0,0,1
Female,University,Married,58,360000,0,600,0,0,0,1459,600,0,0,0,1459,0,0,0,0,0,0
Female,Other,Married,54,180000,87695,88545,90403,92245,94082,96050,3200,3279,3343,3366,3483,85345,87124,88902,90716,92567,0
Female,University,Married,55,80000,79816,29536,28870,25049,23881,23668,1600,1514,1505,1005,2026,27936,27356,23544,22876,21642,0
Female,Graduate,Married,53,390000,611,0,0,0,343,1343,0,0,0,343,1000,0,0,0,0,343,0
Female,Graduate,Married,53,440000,295180,284145,255143,234395,216318,202530,13007,9102,10003,5000,5000,271138,246041,224392,211318,197530,0
Female,University,Married,55,50000,1100,0,0,0,0,0,0,0,0,0,0,0,0,0,0,0,0
Female,University,Single,60,80000,577,494,438,387,246,939,500,438,387,246,939,-6,0,0,0,0,0
Female,University,Married,54,230000,187,3327,3100,0,0,0,3327,0,0,0,0,0,3100,0,0,0,0
Female,High School,Married,53,90000,60769,61943,62082,61436,27507,29218,2207,2500,1479,1000,3473,59736,59582,59957,26507,25745,0
Female,High School,Single,54,80000,16613,19828,19227,20593,20951,21460,3500,0,2000,1000,1000,16328,19227,18593,19951,20460,0
Female,High School,Married,64,350000,30726,27639,28890,31090,32265,33737,3000,2000,3000,2000,2000,24639,26890,28090,30265,31737,0
Female,Other,Married,64,440000,133996,136606,136771,141131,147251,150332,6319,5000,6625,10000,5443,130287,131771,134506,137251,144889,0
Female,High School,Married,54,90000,86228,85437,90635,91745,87466,85662,1500,7500,3500,0,3300,83937,83135,88245,87466,82362,1
Female,University,Married,56,40000,30048,31049,32144,33157,33657,34359,1805,1900,1851,1351,1394,29244,30244,31306,32306,32965,1
Female,University,Married,61,50000,52659,51213,51696,50422,30145,30203,4,2346,2155,1046,1073,51209,49350,48267,29099,29130,1
Female,High School,Married,58,50000,39649,40194,41150,41670,42188,43360,1500,1900,1500,1500,2000,38694,39250,40170,40688,41360,0
Female,High School,Married,55,100000,390,390,390,390,390,390,390,390,390,390,390,0,0,0,0,0,1
Female,High School,Married,56,200000,193392,159546,158486,160375,163444,0,5039,8000,3500,3269,0,154507,150486,156875,160175,0,0
Female,High School,Single,55,180000,52824,53165,54842,54868,56286,56621,2000,3002,3000,2300,2345,51165,51840,51868,53986,54276,0
Female,University,Married,62,180000,0,0,0,0,0,0,0,0,0,0,0,0,0,0,0,0,1
Female,University,Married,58,20000,17895,13576,18286,-200,0,18486,13605,19352,0,200,18486,-29,-1066,-200,-200,0,0
Female,High School,Married,63,120000,49394,51261,51333,51174,44680,43760,3000,2000,2000,2000,2000,48261,49333,49174,42680,41760,0
Female,High School,Single,65,80000,85882,84985,84247,81619,30095,20639,3900,4000,2048,1300,1700,81085,80247,79571,28795,18939,0
Female,High School,Married,66,60000,47350,51230,54784,58232,61670,65120,5000,5000,5000,5000,5000,46230,49784,53232,56670,60120,0
Female,University,Married,55,140000,108038,110216,84516,72391,61298,62193,4200,2822,2336,2588,2250,106016,81694,70055,58710,59943,0
Male,University,Married,39,220000,1557,4445,4292,1803,2970,6348,4478,4323,1812,2985,6379,-33,-31,-9,-15,-31,0
Male,Graduate,Single,25,80000,79000,0,0,0,0,0,0,0,0,0,0,0,0,0,0,0,0
Male,University,Single,29,360000,67273,47110,39017,0,6835,5562,10000,5000,0,6835,0,37110,34017,0,0,5562,0
Male,High School,Single,26,60000,56387,57648,59521,58637,38490,38492,2200,2805,1764,1356,1500,55448,56716,56873,37134,36992,0
Male,Graduate,Single,29,50000,1528,0,0,0,0,0,0,0,0,0,0,0,0,0,0,0,0
Male,University,Single,28,20000,17027,34235,18478,19215,15915,0,1500,3000,1200,400,0,32735,15478,18015,15515,0,0
Male,University,Single,22,50000,0,1054,1448,2535,0,0,1054,1448,2535,0,0,0,0,0,0,0,0
Male,Graduate,Single,29,360000,390,390,390,390,390,690,390,390,390,390,690,0,0,0,0,0,0
Male,University,Single,34,50000,44168,44727,26135,26730,12180,18179,1410,2000,1167,1017,18179,43317,24135,25563,11163,0,0
Male,High School,Married,27,130000,500,2000,1354,0,0,2699,2000,1354,0,0,2699,0,0,0,0,0,1
Male,University,Single,22,20000,17336,17751,18113,14885,14975,15311,1000,1003,1300,900,700,16751,17110,13585,14075,14611,1
Male,University,Single,22,20000,16132,16562,19279,20663,20043,19584,1000,3000,2000,0,0,15562,16279,18663,20043,19584,1
Male,Graduate,Married,35,300000,91282,45885,35329,29368,18833,93329,3260,2240,1505,1250,80934,42625,33089,27863,17583,12395,0
Male,Graduate,Married,36,250000,5992,0,1400,79181,29172,14816,0,1400,79181,10000,0,0,0,0,19172,14816,1
Male,Graduate,Married,37,100000,99516,87274,96414,74161,45585,40178,10184,20000,5150,5000,10000,77090,76414,69011,40585,30178,1
Male,Graduate,Married,37,80000,81970,78754,74789,45883,29616,28916,3000,3139,2001,2081,1200,75754,71650,43882,27535,27716,1
Male,University,Single,22,20000,9422,10106,14127,14598,14069,14690,1000,4211,1000,0,1000,9106,9916,13598,14069,13690,1
Male,Graduate,Single,23,50000,34376,35300,32106,32994,18220,18755,1806,1612,1500,652,828,33494,30494,31494,17568,17927,0
Male,University,Single,23,50000,49301,50660,50036,60770,10598,10122,2500,2142,2254,680,491,48160,47894,58516,9918,9631,1
Male,University,Single,23,20000,11113,14110,13609,13102,12595,14287,3500,0,0,0,1900,10610,13609,13102,12595,12387,1
Male,University,Married,23,50000,9156,0,0,0,0,0,0,0,0,0,0,0,0,0,0,0,1
Male,Graduate,Single,23,180000,177736,157096,33700,0,0,0,6849,1500,0,0,0,150247,32200,0,0,0,0
Male,Graduate,Single,23,50000,11306,6657,3565,3820,1275,1275,1069,1240,3840,1275,0,5588,2325,-20,0,1275,1
Male,High School,Single,23,20000,8038,9060,11600,12307,12703,12970,1161,2701,1204,600,620,7899,8899,11103,12103,12350,1
Male,University,Single,22,20000,15471,16211,16752,17471,17830,19230,1300,1100,1300,649,1698,14911,15652,16171,17181,17532,0
Male,University,Single,22,10000,7019,6760,8882,8520,8694,8871,0,2400,0,174,177,6760,6482,8520,8520,8694,1
Male,University,Single,21,10000,7327,8244,9259,9757,9887,9987,1500,1300,1000,206,2094,6744,7959,8757,9681,7893,0
Male,Other,Single,22,20000,19614,19844,19929,18775,13854,10718,11630,1369,1162,524,606,8214,18560,17613,13330,10112,0
Male,University,Married,24,150000,139125,0,435,0,81824,83101,0,870,0,82259,3018,0,-435,0,-435,80083,0
Male,University,Single,21,10000,8999,9042,10038,9784,9984,9780,1400,1305,1000,200,196,7642,8733,8784,9784,9584,1
Male,Graduate,Single,23,20000,3286,6341,6097,6339,5143,5126,3300,0,511,300,300,3041,6097,5828,4843,4826,0
Male,University,Single,24,20000,21034,19839,18663,20394,19228,19615,0,0,2616,0,1400,19839,18663,17778,19228,18215,0
Male,High School,Married,23,50000,43087,44468,46653,43143,19003,-317,2100,3260,1200,1000,0,42368,43393,41943,18003,-317,1
Male,University,Single,24,10000,5570,7327,7065,8058,9433,9008,2000,0,1125,1500,0,5327,7065,6933,7933,9008,1
Male,University,Single,23,50000,49276,0,0,0,0,0,0,0,0,0,0,0,0,0,0,0,0
Male,University,Single,23,20000,15932,16965,17993,18698,19075,20498,1605,1605,1310,687,1735,15360,16388,17388,18388,18763,0
Male,High School,Single,23,90000,92154,87700,61110,14223,9784,5155,0,2200,1000,477,103,87700,58910,13223,9307,5052,1
Male,High School,Single,23,30000,30391,29144,30419,30097,25887,25707,0,2033,1420,0,92,29144,28386,28677,25887,25615,0
Male,Graduate,Single,25,110000,89687,89434,91389,92003,95614,93399,4100,4304,4004,6007,4003,85334,87085,87999,89607,89396,0
Male,Graduate,Single,23,10000,780,390,390,0,780,0,0,390,0,780,0,390,0,0,0,0,1
Male,University,Single,23,20000,16771,19403,18541,19254,19456,19323,2919,0,1298,1000,692,16484,18541,17956,18456,18631,1
Male,University,Single,24,10000,5378,5146,6205,7139,7918,7646,0,1300,1200,900,0,5146,4905,5939,7018,7646,0
Male,University,Single,25,80000,302,-62,1958,-101,15932,950,0,2020,0,16033,11220,-62,-62,-101,-101,-10270,0
Male,University,Single,24,20000,6814,7670,8690,9699,10138,10400,1132,1152,1161,600,600,6538,7538,8538,9538,9800,0
Male,University,Single,25,240000,62946,61940,61412,62771,65038,67266,2212,2237,5000,5000,5000,59728,59175,57771,60038,62266,0
Male,Other,Married,40,170000,171650,171841,171014,168142,169821,173014,6384,7540,7540,6301,6517,165457,163474,160602,163520,166497,0
Male,University,Single,23,80000,78542,48563,20790,0,0,0,1750,1650,0,0,0,46813,19140,0,0,0,0
Male,University,Single,22,20000,20433,19302,19276,19451,19641,20188,0,2100,1000,1000,1000,19302,17176,18451,18641,19188,0
Male,University,Single,22,20000,9493,10531,11557,12546,9900,1000,1500,1500,1500,800,1500,9031,10057,11046,9100,-500,0
Male,Graduate,Married,37,480000,2849,30999,53425,76538,106032,66535,45205,55328,77000,30048,30015,-14206,-1903,-462,75984,36520,0
Male,University,Single,23,20000,11859,11385,10916,12419,13904,13538,0,0,2000,2000,0,11385,10916,10419,11904,13538,1
Male,University,Single,24,20000,17924,18475,19539,19396,11643,11578,1400,1380,1181,1000,500,17075,18159,18215,10643,11078,0
Male,University,Single,22,100000,35986,36663,36218,38044,37222,37740,2548,2625,2451,890,1056,34115,33593,35593,36332,36684,0
Male,University,Single,23,50000,48784,50371,51400,0,0,0,2400,2400,0,0,0,47971,49000,0,0,0,0
Male,University,Single,24,80000,1430,0,0,872,22872,20641,0,0,872,22000,2002,0,0,0,872,18639,0
Male,Graduate,Single,24,200000,9167,200,198,18154,13677,2018,200,198,18156,0,1150,0,0,-2,13677,868,0
Male,Other,Single,32,150000,159919,68686,161192,150464,143375,146411,4019,146896,157436,4600,4709,64667,14296,-6972,138775,141702,0
Male,University,Single,34,30000,390,0,780,0,0,0,0,780,0,0,0,0,0,0,0,0,0
Male,University,Single,25,140000,17172,18695,20880,23515,25122,24581,1815,3000,3000,2000,0,16880,17880,20515,23122,24581,0
Male,University,Single,21,10000,7427,8057,8749,9413,10534,10210,1200,1165,1079,1200,754,6857,7584,8334,9334,9456,0
Male,High School,Single,24,20000,11179,12188,12904,14217,14360,16140,1504,1220,1533,676,2177,10684,11684,12684,13684,13963,1
Male,Graduate,Single,26,50000,12571,13656,15407,17127,17569,18162,1600,2280,2000,1000,1000,12056,13127,15127,16569,17162,0
Male,University,Single,25,130000,101281,129217,128302,125300,4125,4210,31200,4268,89527,107,500,98017,124034,35773,4018,3710,0
Male,Graduate,Single,26,50000,6905,7574,7652,7161,7531,7033,2000,2000,1000,1500,0,5574,5652,6161,6031,7033,0
Male,Graduate,Single,26,160000,5417,15134,15193,10845,46397,32334,15134,15199,10845,46397,1280,0,-6,0,0,31054,0
Male,University,Single,26,30000,29160,30640,23583,24195,24546,-354,2015,1800,1200,551,0,28625,21783,22995,23995,-354,0
Male,University,Single,27,80000,60829,57556,59083,60051,41757,42641,2061,2455,2667,2002,2055,55495,56628,57384,39755,40586,0
Male,High School,Single,25,20000,9248,11859,14264,13746,13228,14333,3100,2900,0,0,1325,8759,11364,13746,13228,13008,0
Male,High School,Single,24,20000,15570,16996,18414,19843,19643,3300,2000,2000,2200,0,100,14996,16414,17643,19643,3200,0
Male,High School,Single,24,10000,-372,4253,1777,780,780,0,5253,1500,780,0,0,-1000,277,0,780,0,0
Male,High School,Single,26,110000,10183,11971,8164,10895,13503,16227,2000,2000,3000,3000,3000,9971,6164,7895,10503,13227,0
Male,Graduate,Single,24,50000,47796,49045,45506,41471,18298,19001,2100,1900,2000,1000,1000,46945,43606,39471,17298,18001,0
Male,Graduate,Single,25,40000,977,1787,2566,3174,2634,1547,1190,1349,1200,0,547,597,1217,1974,2634,1000,0
Male,University,Single,26,120000,316,316,316,316,316,316,316,316,316,316,316,0,0,0,0,0,0
Male,University,Single,26,50000,49458,50135,49889,20459,19727,19354,2200,1500,1933,600,461,47935,48389,18526,19127,18893,0
Male,Graduate,Single,27,270000,176380,188744,194534,199524,203514,208396,15000,10000,7841,6930,7800,173744,184534,191683,196584,200596,0
Male,Graduate,Married,27,200000,177998,174350,158632,154522,135375,142526,14600,7000,0,6000,11500,159750,151632,154522,129375,131026,1
Male,University,Single,24,20000,7733,8754,8469,9481,10324,10017,1300,0,1157,1000,0,7454,8469,8324,9324,10017,0
Male,University,Single,24,30000,27880,29342,22974,24586,25675,30765,2000,1388,2000,1500,5541,27342,21586,22586,24175,25224,0
Male,High School,Single,26,20000,150,150,150,150,150,1150,0,0,0,0,1150,150,150,150,150,0,1
Male,University,Single,24,20000,5212,6462,7846,10715,10406,9953,1500,1500,3000,0,0,4962,6346,7715,10406,9953,1
Male,Graduate,Single,24,10000,8837,7554,8287,9580,9267,10096,0,1500,2000,700,1500,7554,6787,7580,8567,8596,1
Male,University,Single,24,50000,47121,46623,46693,31040,30669,30218,1950,1949,1482,1040,913,44673,44744,29558,29629,29305,0
Male,University,Married,25,60000,45648,42596,39829,39324,32460,31735,2000,2500,2000,1100,1200,40596,37329,37324,31360,30535,0
Male,Graduate,Single,26,200000,14335,12452,4467,3285,0,0,1213,4467,1000,0,0,11239,0,2285,0,0,0
Male,University,Single,26,110000,36770,7611,9275,5751,10592,9701,2000,2000,2000,5000,3470,5611,7275,3751,5592,6231,0
Male,Other,Single,27,210000,196963,201741,219122,223267,227841,228377,7000,20000,8200,7100,6800,194741,199122,215067,220741,221577,0
Male,University,Single,27,20000,1663,1662,1473,1623,1623,1663,1662,1473,1623,1623,1663,0,0,0,0,0,0
Male,University,Married,27,300000,11645,13450,11671,12888,17915,18923,3513,2012,3902,7924,2932,9937,9659,8986,9991,15991,0
Male,University,Single,22,30000,26061,25349,27826,27080,30525,29764,0,3200,0,3900,0,25349,24626,27080,26625,29764,1
Male,High School,Married,24,50000,29341,27139,13295,14126,12185,8419,1806,1000,1112,366,503,25333,12295,13014,11819,7916,0
Male,University,Single,24,80000,178541,174189,183197,177641,149806,141706,0,11900,6500,6500,5800,174189,171297,171141,143306,135906,1
Male,University,Single,26,50000,31392,32976,34154,33311,35246,34548,2400,2000,0,2800,0,30576,32154,33311,32446,34548,1
Male,University,Single,27,230000,147530,150313,146464,144227,133638,136605,6800,6707,10038,4782,5119,143513,139757,134189,128856,131486,0
Male,High School,Single,27,110000,71048,74242,78032,81392,48022,48068,5000,5000,5000,5000,3709,69242,73032,76392,43022,44359,0
Male,University,Single,27,140000,80210,67746,76230,77954,78953,81848,10000,10000,3393,3260,5000,57746,66230,74561,75693,76848,0
Male,University,Single,28,140000,218318,135085,122762,76564,139508,142253,5000,6614,2198,140000,5413,130085,116148,74366,-492,136840,0
Male,Graduate,Single,28,360000,2711,780,390,390,390,540,780,0,390,390,540,0,390,0,0,0,0
Male,High School,Single,25,90000,25179,24496,23325,24336,24817,25338,0,0,1405,886,919,24496,23325,22931,23931,24419,1
Male,Graduate,Single,26,10000,4457,5622,6673,7890,8628,9360,1400,1300,1500,1000,1000,4222,5373,6390,7628,8360,0
Male,Graduate,Single,26,180000,14565,9500,10122,770,4159,4159,9500,10122,770,4159,0,0,0,0,0,4159,0
Male,High School,Other,26,120000,45753,53323,5257,13781,8636,5698,13160,5272,13832,8661,5715,40163,-15,-51,-25,-17,0
Male,University,Single,25,130000,128947,126454,128179,75525,76862,6131,5006,4252,3000,1537,10000,121448,123927,72525,75325,-3869,0
Male,University,Single,25,90000,2381,2908,1051,2422,1051,1051,1800,1052,2422,0,1051,1108,-1,0,1051,0,0
Male,University,Single,26,170000,164408,153323,152429,154704,96724,73916,5700,7400,5600,4500,3000,147623,145029,149104,92224,70916,1
Male,University,Single,23,50000,47378,50555,45532,47086,19045,19554,4000,0,2430,1000,800,46555,45532,44656,18045,18754,0
Male,Graduate,Single,26,400000,98580,67946,161585,146093,129047,75427,8006,123692,7002,8167,3996,59940,37893,139091,120880,71431,0
Male,High School,Single,24,10000,9285,273,8327,9379,9566,9766,273,8327,1200,342,354,0,0,8179,9224,9412,0
Male,Graduate,Single,27,360000,4614,6777,14101,11959,3184,7252,6813,14171,12023,3200,7288,-36,-70,-64,-16,-36,0
Male,Graduate,Single,25,100000,1522,291,1791,2367,4589,291,291,1791,2367,4613,291,0,0,0,-24,0,0
Male,Graduate,Single,25,80000,825,1650,825,825,825,825,1650,0,825,825,825,0,825,0,0,0,0
Male,University,Single,25,20000,390,390,1128,19780,0,0,390,1128,19780,0,0,0,0,0,0,0,0
Male,Graduate,Single,25,50000,15639,10504,11824,13018,12303,18584,1200,1500,1500,281,18584,9304,10324,11518,12022,0,0
Male,Graduate,Single,24,50000,1959,662,1655,0,1250,1000,0,1655,0,1250,0,662,0,0,0,1000,0
Male,Graduate,Single,24,50000,12570,11659,8312,11451,9312,7239,6000,6000,8000,186,0,5659,2312,3451,9126,7239,0
Male,University,Single,26,100000,30928,32186,32949,33680,34419,37782,2500,2000,2000,2000,4500,29686,30949,31680,32419,33282,1
Male,Graduate,Single,26,150000,164576,160500,170405,176048,161874,144124,0,14000,10048,0,5118,160500,156405,166000,161874,139006,1
Male,Graduate,Single,25,190000,3173,5270,5040,6050,6447,7339,2323,0,1103,500,1000,2947,5040,4947,5947,6339,0
Male,Graduate,Single,26,80000,75755,77397,77839,69534,60747,52280,3500,3328,2811,1192,1516,73897,74511,66723,59555,50764,0
Male,University,Single,26,10000,9861,15147,6641,15318,8610,8790,1099,2234,1135,1086,319,14048,4407,14183,7524,8471,0
Male,Graduate,Single,26,50000,29021,28408,29117,28764,28390,29443,1768,1477,1444,1100,1500,26640,27640,27320,27290,27943,0
Male,Other,Single,26,140000,136013,136953,133265,82163,83238,85383,5300,6350,2900,2950,4000,131653,126915,79263,80288,81383,0
Male,University,Single,25,80000,0,0,431,0,0,0,0,431,0,0,0,0,0,0,0,0,0
Male,University,Single,26,50000,42695,43679,44757,45703,48476,47603,2000,1781,1727,3500,0,41679,42976,43976,44976,47603,0
Male,High School,Married,34,80000,71104,72737,73987,72199,76621,78451,3400,3000,0,5637,3200,69337,70987,72199,70984,75251,1
Male,High School,Single,27,20000,36908,0,0,0,0,0,0,0,0,0,0,0,0,0,0,0,0
Male,University,Single,27,170000,156411,143042,126395,119365,112801,108241,7100,5500,5000,5000,5000,135942,120895,114365,107801,103241,1
Male,Graduate,Single,27,210000,0,582,0,582,291,1027,582,0,582,291,1027,0,0,0,0,0,1
Male,University,Single,27,230000,5504,4782,3864,3242,1428,2358,2000,2000,2000,300,2000,2782,1864,1242,1128,358,0
Male,Graduate,Single,28,50000,23266,16093,19906,11132,0,0,5224,19906,11132,0,0,10869,0,0,0,0,0
Male,University,Single,28,30000,24104,25198,25988,27107,27450,29193,1800,1500,1600,1000,2100,23398,24488,25507,26450,27093,0
Male,University,Single,25,50000,48424,50340,48395,49604,48397,49847,2710,2760,2750,1507,2000,47630,45635,46854,46890,47847,0
Male,University,Single,28,50000,14091,14752,18460,17749,18936,5925,1200,3972,0,1448,492,13552,14488,17749,17488,5433,1
Male,University,Single,26,20000,17961,17091,14120,12266,10783,5131,1513,4932,9,286,1000,15578,9188,12257,10497,4131,0
Male,University,Single,26,160000,1987,0,99500,-500,-500,-500,0,99500,0,0,0,0,0,-500,-500,-500,0
Male,High School,Single,26,70000,64494,69272,62196,62809,48047,49110,5916,0,2315,1718,2000,63356,62196,60494,46329,47110,1
Male,Graduate,Single,28,290000,18359,18985,17742,17530,8135,7559,1500,1500,1021,185,387,17485,16242,16509,7950,7172,0
Male,High School,Single,26,120000,88143,83432,78471,77711,79250,55860,6000,4100,3000,3000,2000,77432,74371,74711,76250,53860,0
Male,University,Single,27,50000,45586,46573,47332,47382,47370,46200,3000,2200,1600,978,2000,43573,45132,45782,46392,44200,0
Male,Graduate,Single,26,110000,101860,99782,98236,92879,75216,76778,3577,4416,2972,2756,2839,96205,93820,89907,72460,73939,0
Male,Other,Single,26,160000,11152,11354,11486,12176,8044,0,5398,5676,8874,161,0,5956,5810,3302,7883,0,0
Male,High School,Single,27,30000,29584,25645,24564,25823,26269,26335,3000,2000,2000,2500,3000,22645,22564,23823,23769,23335,0
Male,University,Single,27,210000,0,0,709,397,1026,1026,0,709,0,1026,0,0,0,397,0,1026,0
Male,High School,Single,27,150000,85993,81682,83467,86076,87829,58213,2922,3100,4000,3536,2200,78760,80367,82076,84293,56013,0
Male,Graduate,Single,28,120000,117303,15504,15748,15480,998,980,1256,1500,2000,998,980,14248,14248,13480,0,0,1
Male,University,Married,28,100000,0,0,0,0,0,0,0,0,0,0,0,0,0,0,0,0,1
Male,Graduate,Single,28,120000,114127,110826,113559,118784,118967,108887,0,6000,9000,3425,45,110826,107559,109784,115542,108842,1
Male,Other,Single,23,220000,181870,186428,190995,165452,170786,174213,7500,7500,7000,8000,8000,178928,183495,158452,162786,166213,0
Male,University,Single,26,140000,119424,116014,133567,129953,136283,139961,0,19500,0,10000,6000,116014,114067,129953,126283,133961,1
Male,University,Single,24,20000,6962,7898,7626,8692,9541,9885,1200,0,1200,1000,500,6698,7626,7492,8541,9385,1
Male,University,Single,25,330000,229229,227017,222040,218852,203312,196266,9520,8100,8500,7400,7200,217497,213940,210352,195912,189066,0
Male,Graduate,Single,29,210000,183214,167757,170663,169291,140384,138574,6000,8000,5556,5100,5016,161757,162663,163735,135284,133558,0
Male,Graduate,Single,29,430000,325,325,325,0,325,650,325,325,0,325,650,0,0,0,0,0,0
Male,University,Single,28,150000,129151,101260,94545,93810,82668,64924,3501,3516,3003,2578,2300,97759,91029,90807,80090,62624,0
Male,High School,Single,28,210000,58340,58644,59855,61013,61097,65089,2107,3000,3000,2500,6000,56537,56855,58013,58597,59089,0
Male,University,Single,29,240000,243774,242529,242079,243114,213930,219009,8891,12350,15969,7968,8700,233638,229729,227145,205962,210309,0
Male,University,Single,30,140000,138421,137456,139977,136207,50464,49430,5000,6003,4771,2103,2000,132456,133974,131436,48361,47430,1
Male,University,Single,28,50000,45622,47061,48264,27806,24901,25441,2500,2500,2000,2000,941,44561,45764,25806,22901,24500,1
Male,Graduate,Single,28,400000,21012,10107,240244,287499,86684,6796,5056,241366,278006,425,34,5051,-1122,9493,86259,6762,0
Male,Other,Married,28,160000,154412,157364,157834,159877,155545,147330,7028,5823,4764,4251,4348,150336,152011,155113,151294,142982,0
Male,Graduate,Single,28,130000,91092,94581,94580,30000,0,0,5000,3000,4000,0,0,89581,91580,26000,0,0,0
Male,University,Single,26,160000,3720,396,396,396,396,1353,396,396,396,396,1353,0,0,0,0,0,0
Male,University,Single,27,30000,25081,26358,29319,28510,29813,30179,2000,3700,0,2000,910,24358,25619,28510,27813,29269,0
Male,High School,Single,27,20000,13384,14153,15417,16944,18992,15888,1300,1500,2000,2048,0,12853,13917,14944,16944,15888,1
Male,University,Single,27,200000,202591,202924,204693,195319,193566,182175,7565,9593,6919,5666,4686,195359,195100,188400,187900,177489,0
Male,University,Single,27,20000,0,18965,20042,20115,20000,16433,18965,1391,1207,602,707,0,18651,18908,19398,15726,0
Male,Graduate,Single,27,130000,2219,4141,0,0,0,0,2000,0,0,0,0,2141,0,0,0,0,0
Male,University,Married,30,100000,416,416,589,1416,416,416,416,1005,1416,416,416,0,-416,0,0,0,0
Male,Other,Single,24,150000,10459,11445,122175,111847,76628,64200,2516,122685,3328,2230,2062,8929,-510,108519,74398,62138,0
Male,University,Single,25,100000,83749,85463,87189,89539,91258,93343,4000,4000,4100,4000,3241,81463,83189,85439,87258,90102,0
Male,Graduate,Single,27,40000,10181,11058,11471,11776,12660,12660,2500,2000,1500,2330,2300,8558,9471,10276,10330,10360,1
Male,Graduate,Single,26,50000,43226,19278,18403,19369,20094,17934,1300,1300,1300,1000,1000,17978,17103,18069,19094,16934,0
Male,University,Single,32,150000,127399,124835,127259,129115,131820,124322,0,5000,3500,3557,5929,124835,122259,125615,128263,118393,1
Male,University,Single,29,50000,46346,49612,48546,49157,49890,48941,4355,0,1900,1333,0,45257,48546,47257,48557,48941,0
Male,University,Single,24,50000,51112,51086,51365,50579,20413,20452,2109,2388,1602,900,838,48977,48977,48977,19513,19614,0
Male,University,Single,29,60000,35932,35060,38176,38452,39423,38660,0,4000,1200,1900,0,35060,34176,37252,37523,38660,1
Male,Graduate,Single,30,320000,5562,6061,3829,933,5446,8523,6091,3848,937,5473,8565,-30,-19,-4,-27,-42,0
Male,University,Single,30,90000,91562,67878,72323,71631,68427,69532,0,6500,2600,0,2700,67878,65823,69031,68427,66832,1
Male,University,Single,30,160000,155967,151161,132051,93367,84622,87255,7541,5500,4200,3032,4000,143620,126551,89167,81590,83255,0
Male,University,Single,25,30000,3997,2522,261,1261,772,390,0,261,1000,772,8,2522,0,261,0,382,1
Male,University,Single,26,50000,41375,35398,27906,23043,19167,19478,1515,1424,1315,1000,1000,33883,26482,21728,18167,18478,0
Male,University,Single,27,20000,19812,17678,19068,19642,27988,1280,1291,1681,1255,672,52,16387,17387,18387,27316,1228,0
Male,University,Single,27,150000,58795,62799,61233,61915,69079,67852,5600,0,2300,8219,0,57199,61233,59615,60860,67852,0
Male,Graduate,Single,28,70000,5154,5835,5960,11780,1360,468,5860,5979,11780,1360,468,-25,-19,0,0,0,0
Male,Graduate,Single,28,180000,40675,36126,30820,23852,17902,7784,1560,1735,1385,30,23,34566,29085,22467,17872,7761,0
Male,Graduate,Single,29,320000,9161,26156,13185,17439,66408,14333,28524,13270,17562,66751,14405,-2368,-85,-123,-343,-72,0
Male,University,Married,29,90000,84844,65217,63943,62327,55800,56800,2277,3489,1639,1136,1000,62940,60454,60688,54664,55800,0
Male,University,Single,29,210000,62590,61942,118652,8757,8936,9118,3815,93575,1000,179,182,58127,25077,7757,8757,8936,0
Male,University,Single,26,180000,67276,65363,68877,48958,45255,41870,3000,10000,2000,1500,1500,62363,58877,46958,43755,40370,0
Male,University,Single,28,360000,7156,9780,6672,11201,9718,8781,9849,6712,11244,9747,8806,-69,-40,-43,-29,-25,0
Male,Other,Single,28,100000,1000,0,0,0,0,0,0,0,0,0,0,0,0,0,0,0,0
Male,Graduate,Single,28,300000,0,0,0,0,0,0,0,0,0,0,0,0,0,0,0,0,0
Male,University,Single,27,160000,390,390,390,0,780,390,390,390,0,1170,0,0,0,0,-390,390,0
Male,University,Single,27,50000,43063,41932,38411,30659,30963,30505,0,1600,1712,1016,2500,41932,36811,28947,29947,28005,1
Male,Graduate,Single,29,50000,27179,27878,28908,29922,30517,31164,1454,1484,1498,1093,1139,26424,27424,28424,29424,30025,1
Male,Other,Single,33,160000,144,6130,0,0,0,0,6636,0,0,0,0,-506,0,0,0,0,0
Male,Graduate,Single,30,160000,11170,6393,11845,5431,6683,22285,1007,11907,5437,6693,22296,5386,-62,-6,-10,-11,0
Male,University,Married,30,20000,19379,18775,19612,18864,20556,20211,0,1433,0,2125,0,18775,18179,18864,18431,20211,0
Male,Graduate,Single,27,250000,144525,183569,186020,186465,113336,0,43089,6959,110000,0,0,140480,179061,76465,113336,0,0
Male,Graduate,Single,27,50000,33567,0,28971,30437,14106,794,2034,0,2500,1024,397,-2034,28971,27937,13082,397,0
Male,University,Single,26,30000,30311,31213,30425,30062,30270,29176,1700,0,1310,908,915,29513,30425,28752,29362,28261,0
Male,University,Single,31,50000,23051,18190,12521,14308,14769,15925,2719,0,2000,1000,1542,15471,12521,12308,13769,14383,0
Male,Graduate,Single,28,50000,42046,47356,47445,49701,49068,0,11000,5000,5000,31507,0,36356,42445,44701,17561,0,0
Male,High School,Single,28,50000,57207,58211,48160,48398,17942,16334,2000,2100,1300,650,600,56211,46060,47098,17292,15734,0
Male,Graduate,Single,28,200000,2626,15912,1677,315,3042,374,15954,1677,315,3042,374,-42,0,0,0,0,0
Male,Graduate,Single,28,80000,75923,57259,50845,36207,32515,15128,2500,2548,2500,1100,1000,54759,48297,33707,31415,14128,0
Male,Graduate,Single,29,220000,146022,145114,121369,100807,104432,107209,7000,5433,6000,5000,6000,138114,115936,94807,99432,101209,0
Male,Graduate,Single,28,60000,59059,50579,24193,23511,24019,24481,3800,1900,0,1200,1000,46779,22293,23511,22819,23481,0
Male,Graduate,Single,29,230000,4649,3985,2234,-1,-1,-1,4004,2245,0,0,0,-19,-11,-1,-1,-1,0
Male,University,Single,31,210000,30785,29242,29883,30447,30803,29820,1472,1509,1469,1221,1100,27770,28374,28978,29582,28720,0
Male,University,Single,32,50000,49292,48536,41045,41532,18646,19183,2661,3030,2124,646,828,45875,38015,39408,18000,18355,0
Male,High School,Married,26,20000,10449,10135,11926,11448,10970,11636,0,2100,0,0,1000,10135,9826,11448,10970,10636,1
Male,University,Single,28,320000,46385,47439,48858,50893,52352,53480,2000,2000,3000,3000,1667,45439,46858,47893,49352,51813,0
Male,University,Single,28,180000,29484,30309,28313,942,1038,492,2000,942,0,492,0,28309,27371,942,546,492,0
Male,University,Single,30,140000,188,6229,7936,13194,5692,8410,6229,2000,5600,0,3002,0,5936,7594,5692,5408,0
Male,High School,Single,25,30000,1211,-50,-440,-830,-1220,-1220,0,0,0,0,0,-50,-440,-830,-1220,-1220,0
Male,High School,Single,25,50000,35227,36236,21068,18132,18405,16754,2011,2000,2000,1000,1000,34225,19068,16132,17405,15754,0
Male,Other,Single,30,170000,297,1093,2633,1291,3117,1267,1096,2640,1294,3126,1270,-3,-7,-3,-9,-3,0
Male,University,Single,29,80000,9928,11446,13150,13233,13663,13994,2000,2200,600,650,700,9446,10950,12633,13013,13294,1
Male,University,Married,30,290000,8452,7718,237648,236463,146420,148600,7728,237648,8900,5300,5541,-10,0,227563,141120,143059,0
Male,University,Single,28,20000,17429,16849,17187,8585,8760,12000,0,1202,1000,175,3240,16849,15985,7585,8585,8760,1
Male,University,Married,27,20000,690,665,1164,1523,1228,500,665,1164,1523,1228,500,0,0,0,0,0,0
Male,Graduate,Single,26,100000,1847,3614,3252,42058,33171,18379,2000,2000,42058,500,2000,1614,1252,0,32671,16379,0
Male,High School,Single,27,10000,0,0,0,0,0,0,0,0,0,0,0,0,0,0,0,0,0
Male,High School,Single,28,30000,22634,23638,24689,28809,30052,29057,1385,1440,4560,2001,1,22253,23249,24249,28051,29056,1
Male,Graduate,Single,29,180000,183887,93962,95955,98354,105327,107500,4000,3500,4000,8600,4000,89962,92455,94354,96727,103500,0
Male,Graduate,Married,31,160000,3310,2250,1698,-51,-51,-51,0,1005,7,0,0,2250,693,-58,-51,-51,0
Male,University,Single,29,390000,65354,70758,70791,66495,52055,68567,20000,14000,10000,12000,30000,50758,56791,56495,40055,38567,0
Male,University,Single,28,90000,42322,43314,44354,45372,46317,51292,1997,2037,2055,2000,5913,41317,42317,43317,44317,45379,0
Male,University,Single,29,310000,400,400,400,400,20334,19050,0,0,0,20334,0,400,400,400,0,19050,0
Male,University,Married,29,100000,66195,62771,63533,57079,16634,26438,2303,3000,3000,1000,10022,60468,60533,54079,15634,16416,0
Male,High School,Single,27,50000,3150,9375,725,21423,6308,12651,9375,730,21423,6308,12651,0,-5,0,0,0,0
Male,University,Single,30,500000,20544,25756,26176,18124,8133,4051,5835,1055,23,9,20,19921,25121,18101,8124,4031,0
Male,University,Married,30,120000,80226,81812,82922,80989,82761,84766,3500,3000,0,3120,3500,78312,79922,80989,79641,81266,0
Male,High School,Married,29,80000,52175,45429,46595,47224,46903,46973,2034,2200,1738,1796,1832,43395,44395,45486,45107,45141,0
Male,Graduate,Single,27,140000,88588,86625,89226,91680,93220,94456,3200,4000,4003,4003,4006,83425,85226,87677,89217,90450,0
Male,University,Single,31,50000,51086,49804,28662,29476,4011,1000,0,2000,1500,1000,1000,49804,26662,27976,3011,0,0
Male,Graduate,Single,30,400000,162540,155319,171087,172732,156830,139816,10000,32000,18000,5000,4000,145319,139087,154732,151830,135816,0
Male,Graduate,Single,29,380000,24469,30689,19947,22529,3885,23616,30690,10007,24012,3906,24018,-1,9940,-1483,-21,-402,0
Male,Graduate,Single,29,100000,57757,60367,62959,61796,62602,64983,5003,5003,1723,3115,3000,55364,57956,60073,59487,61983,0
Male,Graduate,Single,29,110000,104216,104343,142622,73702,75513,77111,7316,3000,6000,3000,2935,97027,139622,67702,72513,74176,0
Male,University,Single,29,130000,-4,1198,101424,-1175,111715,52337,1202,101726,1228,114488,2000,-4,-302,-2403,-2773,50337,0
Male,University,Married,29,200000,1418,3052,3538,17091,2413,1301,3066,3555,17175,2435,1307,-14,-17,-84,-22,-6,0
Male,Graduate,Single,25,170000,-1028,58324,57657,58832,60002,61260,60751,2100,2135,2148,2225,-2427,55557,56697,57854,59035,0
Male,University,Single,27,50000,17831,18139,18777,19662,19348,19355,1295,1323,1598,674,690,16844,17454,18064,18674,18665,0
Male,High School,Single,29,140000,7307,11718,5280,8166,18002,22262,5000,3000,3000,10000,5000,6718,2280,5166,8002,17262,0
Male,University,Married,32,50000,41266,50669,48942,27836,40346,38668,27004,1613,1484,3675,698,23665,47329,26352,36671,37970,1
Male,Other,Single,29,100000,92086,93153,96642,99362,100571,102680,3500,5000,4400,3669,3800,89653,91642,94962,96902,98880,0
Male,University,Married,32,200000,110419,112518,114247,115896,112545,115565,5400,5000,5000,0,5000,107118,109247,110896,112545,110565,1
Male,High School,Married,33,70000,70011,67411,65867,55969,41298,0,15000,3068,2410,0,0,52411,62799,53559,41298,0,1
Male,University,Single,29,320000,146515,131130,123226,111975,95510,79385,4697,5920,4000,3012,3000,126433,117306,107975,92498,76385,0
Male,Graduate,Single,31,90000,32581,36525,35660,36436,33548,32061,4500,0,3000,10000,2000,32025,35660,33436,23548,30061,0
Male,University,Single,31,220000,167390,123981,250982,129905,131248,139420,6000,5000,6500,5000,10500,117981,245982,123405,126248,128920,1
Male,Other,Single,28,170000,169763,166286,162330,110034,97018,96056,6300,8138,4206,3366,3421,159986,154192,105828,93652,92635,0
Male,University,Single,28,150000,155963,148095,143845,132677,86265,88390,12,8000,5300,3500,5000,148083,135845,127377,82765,83390,0
Male,Graduate,Single,29,180000,0,300,740,0,0,0,300,740,0,0,0,0,0,0,0,0,1
Male,University,Single,29,110000,104968,107221,109494,111954,111771,111703,4000,4000,4300,4164,4500,103221,105494,107654,107607,107203,0
Male,Graduate,Single,30,200000,182499,184632,180260,192260,187714,195702,6600,0,15000,0,11013,178032,180260,177260,187714,184689,1
Male,Graduate,Single,30,150000,989,1023,7542,1200,0,0,1023,7542,1200,0,0,0,0,0,0,0,0
Male,Graduate,Single,30,260000,2322,1233,3302,6592,5008,3386,1233,3302,6592,5008,3386,0,0,0,0,0,0
Male,Graduate,Single,30,360000,365290,362533,358716,353426,299403,260620,13000,14000,12080,10000,9500,349533,344716,341346,289403,251120,0
Male,University,Single,29,130000,47272,47984,47113,48218,49408,50648,1600,0,1700,1800,2000,46384,47113,46518,47608,48648,0
Male,Graduate,Single,29,500000,29378,20154,11963,8839,2678,3028,5000,8000,3000,1000,3028,15154,3963,5839,1678,0,0
Male,Graduate,Single,29,340000,277140,272579,271986,227152,221218,159462,10000,13012,8008,8343,9463,262579,258974,219144,212875,149999,1
Male,Graduate,Single,26,70000,51897,51961,51435,51512,54709,52462,2230,2009,2397,5912,0,49731,49426,49115,48797,52462,0
Male,University,Married,29,90000,500,715,26854,28146,0,2000,715,26854,3000,0,2000,0,0,25146,0,0,0
Male,University,Married,30,50000,49926,48840,46958,47796,48800,50108,0,0,2000,2000,2000,48840,46958,45796,46800,48108,1
Male,University,Single,30,170000,352,14540,14315,15535,14453,16518,14547,1500,1542,1456,3521,-7,12815,13993,12997,12997,0
Male,High School,Single,30,50000,43702,44979,46755,47412,47703,49495,2000,2501,2000,2000,2500,42979,44254,45412,45703,46995,0
Male,Graduate,Single,29,90000,47585,48575,49922,51290,56608,55576,1782,2129,2497,6815,0,46793,47793,48793,49793,55576,0
Male,University,Single,29,200000,69182,69862,44150,43874,41378,832,3000,3500,1500,500,1000,66862,40650,42374,40878,-168,0
Male,University,Single,32,20000,18472,19968,17199,18367,18130,18500,2000,17199,1600,363,370,17968,0,16767,17767,18130,0
Male,High School,Married,32,280000,158798,163164,168543,172083,173850,177469,6000,7000,6762,4880,5050,157164,161543,165321,168970,172419,1
Male,High School,Married,33,200000,5868,8654,3408,12019,22169,7416,8697,3439,12079,22219,185,-43,-31,-60,-50,7231,0
Male,University,Single,32,50000,50240,50149,50021,44924,49669,42689,6000,8000,3000,9000,0,44149,42021,41924,40669,42689,1
Male,Graduate,Single,32,100000,13565,8130,-332,-732,-1782,-2250,1000,0,1732,1268,2000,7130,-332,-2464,-3050,-4250,0
Male,University,Married,32,120000,1166,1491,995,1318,1322,2826,2000,1000,2000,1500,3000,-509,-5,-682,-178,-174,0
Male,High School,Single,32,30000,5981,7369,8542,9552,9743,10085,1500,1300,1159,350,500,5869,7242,8393,9393,9585,0
Male,University,Single,32,160000,38254,38919,17243,18478,3541,6459,1907,2000,2000,300,6459,37012,15243,16478,3241,0,0
Male,Graduate,Single,29,360000,6902,1950,2618,2868,425,29879,141,2618,2868,425,29879,1809,0,0,0,0,0
Male,University,Single,33,200000,18044,390,20718,390,390,390,390,20718,390,390,390,0,0,0,0,0,1
Male,Graduate,Single,29,220000,26012,25916,24998,23965,23865,23667,1410,1417,1333,731,1019,24506,23581,22632,23134,22648,0
Male,Graduate,Single,30,80000,5504,6187,100,600,1438,1919,1004,504,500,1000,500,5183,-404,100,438,1419,0
Male,Graduate,Married,30,160000,16754,44946,40453,40951,40709,35569,40453,2002,1500,2000,1000,4493,38451,39451,38709,34569,0
Male,University,Single,30,260000,4640,5891,8840,8464,10068,10977,1500,4000,0,2000,1500,4391,4840,8464,8068,9477,0
Male,University,Single,31,120000,120619,118983,109786,104000,121427,116652,5326,5059,4000,120203,5000,113657,104727,100000,1224,111652,0
Male,University,Single,30,80000,53627,64913,19476,61302,0,0,33000,56,62877,0,41150,31913,19420,-1575,0,-41150,0
Male,Graduate,Single,30,20000,82812,85352,91161,92910,98710,150,2697,6000,3000,6000,150,82655,85161,89910,92710,0,0
Male,High School,Single,30,100000,92218,78066,77240,87919,75386,69410,3435,4608,25140,2566,2375,74631,72632,62779,72820,67035,0
Male,University,Single,31,50000,10426,14466,13952,13418,13686,13456,4231,0,0,451,456,10235,13952,13418,13235,13000,0
Male,University,Single,29,50000,30900,0,0,0,0,0,0,0,0,1500,0,0,0,0,-1500,0,0
Male,Graduate,Married,37,260000,163553,192724,188441,191134,193673,197104,32000,0,7100,7000,6500,160724,188441,184034,186673,190604,1
Male,University,Married,38,50000,16486,17800,18546,19476,18694,19427,1592,1338,1268,636,1000,16208,17208,18208,18058,18427,0
Male,University,Single,28,190000,359280,362680,161193,123203,85510,83704,10367,6596,4831,2806,2870,352313,154597,118372,82704,80834,0
Male,Graduate,Single,33,200000,48950,47766,42798,42142,37580,4831,2374,2355,1550,1000,500,45392,40443,40592,36580,4331,0
Male,University,Married,48,140000,131959,117153,109570,100086,76125,77720,4153,3965,3211,2772,2817,113000,105605,96875,73353,74903,0
Male,Graduate,Married,42,130000,390,390,955,1170,1170,780,0,955,1170,0,0,390,0,0,1170,780,1
Male,High School,Married,26,50000,14655,15688,13400,13596,13861,14255,1600,0,2000,2000,2000,14088,13400,11596,11861,12255,1
Male,University,Single,31,100000,36204,37412,36537,37474,38732,39234,2100,0,2000,2000,1000,35312,36537,35474,36732,38234,0
Male,High School,Single,37,200000,103715,104025,97749,99168,58256,59313,3942,4949,4800,2256,2313,100083,92800,94368,56000,57000,0
Male,High School,Single,23,10000,7787,8412,9450,9414,5354,5275,1299,1337,1081,191,375,7113,8113,8333,5163,4900,0
Male,University,Single,24,20000,15408,17146,18856,18265,18123,18732,2000,2011,1650,600,900,15146,16845,16615,17523,17832,0
Male,University,Single,25,20000,5347,-1077,3347,4426,1906,942,5006,5000,2000,0,900,-6083,-1653,2426,1906,42,0
Male,University,Married,22,30000,25147,28747,28029,27120,26154,25940,4311,0,0,0,0,24436,28029,27120,26154,25940,1
Male,University,Married,27,30000,10846,10533,10225,9912,11444,10975,0,0,0,1700,0,10533,10225,9912,9744,10975,1
Male,University,Single,30,310000,253549,259711,265931,245884,200380,221201,10400,11200,10840,9361,5300,249311,254731,235044,191019,215901,0
Male,University,Single,31,50000,49024,48778,96487,43639,5290,41302,1813,2079,2650,106,41302,46965,94408,40989,5184,0,1
Male,Other,Married,47,320000,8748,5517,4980,7774,2582,3762,1285,4995,7834,2589,3773,4232,-15,-60,-7,-11,0
Male,University,Married,45,160000,155842,158665,132275,57318,42978,0,6139,4026,1492,860,0,152526,128249,55826,42118,0,1
Male,High School,Single,31,50000,45194,22298,16055,17281,18996,18553,1500,1500,1500,2000,0,20798,14555,15781,16996,18553,0
Male,University,Married,31,20000,3769,4782,5797,6654,6786,7077,1239,1254,1111,243,400,3543,4543,5543,6543,6677,1
Male,University,Married,32,330000,60804,65779,66545,64877,66398,72113,6000,2400,0,2600,8758,59779,64145,64877,63798,63355,0
Male,High School,Single,36,10000,576,3100,3629,6260,5990,6520,4009,4011,6260,120,2000,-909,-382,0,5870,4520,1
Male,Graduate,Married,41,100000,89137,86040,71910,65693,63835,18660,0,3515,6300,13,765,86040,68395,59393,63822,17895,0
Male,Graduate,Married,42,130000,23970,23181,18912,19960,81985,80189,1288,1700,2000,63000,2885,21893,17212,17960,18985,77304,0
Male,High School,Other,44,20000,11027,10710,10398,10000,10000,10000,0,0,0,0,0,10710,10398,10000,10000,10000,1
Male,University,Single,39,370000,343248,334394,337272,340152,345904,322168,5,14005,12004,12362,12006,334389,323267,328148,333542,310162,1
Male,High School,Married,41,190000,82926,326,176,804,478,952,326,176,954,0,950,0,0,-150,478,2,0
Male,University,Married,35,50000,20274,44996,21147,21964,21405,20297,2600,1800,1500,1000,1000,42396,19347,20464,20405,19297,0
Male,Graduate,Single,28,180000,26730,27757,28178,29055,59849,29840,1800,1500,2000,1400,1100,25957,26678,27055,58449,28740,0
Male,University,Married,30,60000,46138,44832,47830,48458,47176,47461,0,4000,2000,0,2000,44832,43830,46458,47176,45461,1
Male,Graduate,Single,29,170000,175349,165527,147798,120811,117680,118907,5800,6520,5700,4300,4500,159727,141278,115111,113380,114407,0
Male,Graduate,Single,49,70000,38228,37318,38061,42545,43346,44105,0,1649,5133,1800,1600,37318,36412,37412,41546,42505,1
Male,University,Single,32,150000,146785,92750,73822,35706,28178,20782,3300,3114,2000,2000,2000,89450,70708,33706,26178,18782,1
Male,University,Single,32,100000,34904,37007,42076,41105,44090,48914,3000,6000,0,4000,5700,34007,36076,41105,40090,43214,1
Male,University,Single,35,20000,6855,11392,15863,20581,20298,19424,5000,5000,5000,0,0,6392,10863,15581,20298,19424,1
Male,University,Married,38,330000,144729,124279,119672,95699,98424,101167,10000,4026,3507,5000,5000,114279,115646,92192,93424,96167,0
Male,High School,Single,31,20000,11358,10884,13109,12602,13093,13433,0,2716,0,700,700,10884,10393,12602,12393,12733,1
Male,High School,Single,32,200000,4881,6685,34484,13361,5540,12495,6691,30088,13378,127,12502,-6,4396,-17,5413,-7,0
Male,High School,Other,40,90000,53256,53695,55426,56544,57048,58421,1923,2597,2637,2041,2291,51772,52829,53907,55007,56130,1
Male,University,Married,47,90000,54268,52500,2888,0,0,300,2425,2888,0,0,300,50075,0,0,0,0,1
Male,High School,Married,39,150000,0,0,0,0,0,0,0,0,0,0,0,0,0,0,0,0,0
Male,High School,Single,47,20000,17629,17053,17796,18729,19049,17300,0,1325,1258,1373,0,17053,16471,17471,17676,17300,1
Male,University,Single,28,50000,16889,17868,18028,38126,18690,19082,1271,1711,20809,668,692,16597,16317,17317,18022,18390,0
Male,University,Married,32,20000,7162,8229,8290,0,390,780,1200,1000,0,390,780,7029,7290,0,0,0,0
Male,Graduate,Married,48,180000,64788,66092,65236,65912,66523,67020,3000,2370,3000,3000,2588,63092,62866,62912,63523,64432,0
Male,University,Single,29,50000,35488,36606,37526,38214,37302,38546,2000,1800,1600,0,2000,34606,35726,36614,37302,36546,1
Male,University,Married,37,180000,175287,180811,184389,-261,-261,-261,8440,8500,174,0,0,172371,175889,-435,-261,-261,0
Male,University,Married,40,200000,208012,199367,202668,111486,118951,89077,0,8756,5003,10053,10066,199367,193912,106483,108898,79011,1
Male,Graduate,Single,28,180000,175154,175790,153515,130864,131569,128983,5100,50,14500,4500,296,170690,153465,116364,127069,128687,0
Male,Graduate,Single,31,440000,37547,29349,23713,25427,21187,26486,20016,29748,25448,10015,14501,9333,-6035,-21,11172,11985,0
Male,University,Single,40,30000,26129,25422,24728,26041,26511,27034,0,0,1730,1200,1100,25422,24728,24311,25311,25934,1
Male,Graduate,Single,36,270000,109611,64202,33846,42278,36841,57844,6285,33894,42399,36841,57844,57917,-48,-121,0,0,0
Male,High School,Single,28,130000,132703,132258,133781,133834,132336,132614,5000,6900,7000,7000,6000,127258,126881,126834,125336,126614,0
Male,University,Single,29,50000,13200,12930,12684,12050,11005,9952,1506,1521,1148,364,355,11424,11163,10902,10641,9597,0
Male,University,Married,42,130000,396,396,396,396,396,396,396,396,396,396,396,0,0,0,0,0,0
Male,University,Married,41,190000,127370,117487,117568,103011,101336,91215,0,6000,5000,3300,5000,117487,111568,98011,98036,86215,1
Male,University,Single,34,50000,53916,55036,56075,54515,52250,52433,2600,2500,0,2000,4000,52436,53575,54515,50250,48433,1
Male,University,Single,35,50000,49878,46785,41728,41163,29408,30047,1718,2070,1505,1500,1242,45067,39658,39658,27908,28805,0
Male,High School,Married,42,50000,42238,29224,23807,17623,17974,18350,1425,2000,1293,644,666,27799,21807,16330,17330,17684,0
Male,High School,Single,44,80000,55297,56677,57687,4500,4500,0,2300,2200,1005,4500,0,54377,55487,3495,0,0,1
Male,University,Married,36,70000,33050,34100,21351,19837,19273,13900,5000,2000,3000,4000,10000,29100,19351,16837,15273,3900,0
Male,High School,Single,49,50000,48245,27656,23168,20245,20251,19970,1286,21578,1310,706,806,26370,1590,18935,19545,19164,0
Male,Graduate,Single,33,30000,25826,27274,25744,27504,26987,26927,3000,0,3000,1000,1300,24274,25744,24504,25987,25627,0
Male,University,Single,34,310000,200328,48481,47426,48621,49743,50824,3860,0,2000,1895,2000,44621,47426,46621,47848,48824,0
Male,University,Single,35,120000,49485,52108,56950,58419,56885,57920,3458,6300,3000,0,2103,48650,50650,55419,56885,55817,1
Male,University,Married,47,280000,191759,189888,185018,182224,184859,185412,10051,10025,10009,10022,10049,179837,174993,172215,174837,175363,0
Male,University,Married,39,90000,36703,38089,40162,41422,42172,34477,2000,3000,2000,1600,1500,36089,37162,39422,40572,32977,0
Male,Graduate,Married,42,280000,-26,-26,-26,-26,5294,-4,0,0,0,5320,0,-26,-26,-26,-26,-4,0
Male,University,Married,44,10000,6436,6398,5295,5635,8735,6745,3012,2000,3009,4000,0,3386,3295,2626,4735,6745,1
Male,Graduate,Married,43,340000,185,4418,0,3931,2295,0,4418,0,3931,2295,0,0,0,0,0,0,0
Male,University,Married,44,70000,54297,52837,56581,55084,56071,59008,0,5200,0,2500,4000,52837,51381,55084,53571,55008,1
Male,University,Married,49,560000,13432,12762,7077,3416,3416,416,3300,1416,0,3416,416,9462,5661,3416,0,0,0
Male,University,Married,40,360000,1473,3125,1473,1473,1473,1473,3125,0,1473,1473,1473,0,1473,0,0,0,0
Male,High School,Single,47,70000,40862,38910,25151,25433,25544,24573,1421,2524,1584,695,686,37489,22627,23849,24849,23887,0
Male,University,Married,45,220000,165583,168400,171249,173455,88063,90240,6500,6000,4500,3000,3000,161900,165249,168955,85063,87240,0
Male,Graduate,Married,40,200000,820,820,820,820,590,2099,820,820,820,590,2099,0,0,0,0,0,0
Male,High School,Married,39,180000,24068,25071,26103,27113,27495,27914,1706,1738,1748,1130,1011,23365,24365,25365,26365,26903,0
Male,University,Other,39,210000,173187,96550,82810,78255,77816,81392,4000,5000,5000,5000,5000,92550,77810,73255,72816,76392,0
Male,University,Married,39,100000,74053,75040,76231,78392,79485,81397,3274,3000,3431,2994,3345,71766,73231,74961,76491,78052,0
Male,High School,Married,44,50000,5789,46897,43134,12909,8797,9934,43134,0,1219,257,2000,3763,43134,11690,8540,7934,0
Male,High School,Single,34,50000,44036,35498,33043,25556,24389,25436,4500,4000,3000,2500,4000,30998,29043,22556,21889,21436,0
Male,Graduate,Married,34,210000,42617,67734,66612,65799,-41,8208,30020,4043,10329,0,8249,37714,62569,55470,-41,-41,0
Male,University,Single,37,20000,2400,2400,2400,2400,2400,2400,0,0,0,0,0,2400,2400,2400,2400,2400,1
Male,Graduate,Single,36,170000,177116,172711,167796,168915,121713,120909,0,6700,6000,4500,6000,172711,161096,162915,117213,114909,0
Male,High School,Married,37,180000,11368,3595,3837,5760,0,925,3595,3842,5760,0,925,0,-5,0,0,0,0
Male,High School,Single,38,270000,258442,263195,268769,263144,273783,239278,10350,11000,0,16002,111,252845,257769,263144,257781,239167,1
Male,University,Married,41,450000,1068,1281,907,882,968,1243,1287,911,886,972,1249,-6,-4,-4,-4,-6,0
Male,University,Married,41,60000,27130,32932,31938,1236,720,16884,6300,0,1236,720,17000,26632,31938,0,0,-116,1
Male,University,Married,36,30000,22261,28083,27371,26645,25919,27535,6200,0,0,0,2038,21883,27371,26645,25919,25497,0
Male,University,Single,41,50000,39369,40710,42736,43751,44619,45900,2000,3000,1729,1597,2000,38710,39736,42022,43022,43900,0
Male,High School,Married,46,280000,14186,2752,41673,33715,16955,13500,2836,41721,2090,356,67,-84,-48,31625,16599,13433,0
Male,Graduate,Single,33,420000,170146,9771,0,24683,23702,46093,0,20,24683,752,30002,9771,-20,0,22950,16091,0
Male,High School,Married,45,50000,29287,29875,15028,5639,6389,7130,1600,1700,1250,1000,1000,28275,13328,4389,5389,6130,0
Male,University,Married,45,120000,22573,22506,12440,10218,3516,4321,5000,10218,0,4500,4321,17506,2222,10218,-984,0,0
Male,University,Married,41,50000,32141,31350,30575,29784,31288,32634,0,0,0,2000,2000,31350,30575,29784,29288,30634,1
Male,Graduate,Married,49,120000,10105,114804,117262,117427,116637,115794,106000,5800,5700,4400,8421,8804,111462,111727,112237,107373,0
Male,University,Married,43,100000,390,390,390,390,390,390,390,390,390,390,390,0,0,0,0,0,0
Male,Graduate,Single,22,20000,10591,10277,11304,12311,12410,13358,0,1500,1500,600,1300,10277,9804,10811,11810,12058,0
Male,High School,Single,24,20000,21151,20537,19933,19167,18767,18767,0,0,0,0,0,20537,19933,19167,18767,18767,0
Male,University,Single,30,30000,25907,25209,24524,29397,28628,32009,0,0,5621,0,4000,25209,24524,23776,28628,28009,1
Male,Graduate,Single,30,240000,178911,182510,186450,190523,194405,182630,6581,6881,7181,7281,6638,175929,179569,183342,187124,175992,0
Male,High School,Single,33,360000,32290,33747,39840,46130,50534,53897,2000,7000,7000,5000,4000,31747,32840,39130,45534,49897,0
Male,University,Married,44,50000,1473,2423,950,1560,1170,780,2423,0,1000,0,0,0,950,560,1170,780,1
Male,University,Married,46,180000,390,3182,780,0,0,0,3182,780,0,0,0,0,0,0,0,0,1
Male,Graduate,Married,39,220000,96473,97887,94776,72842,46747,44236,10000,4000,5063,2000,1605,87887,90776,67779,44747,42631,0
Male,Graduate,Married,45,450000,26773,700,46727,46367,46191,20019,700,46727,1400,924,400,0,0,44967,45267,19619,1
Male,University,Single,42,30000,2782,2975,2230,1390,4040,3080,2975,2230,1390,4040,3080,0,0,0,0,0,0
Male,University,Other,41,50000,31197,24486,24777,24521,16773,16524,4590,3000,3005,3014,3632,19896,21777,21516,13759,12892,0
Male,University,Married,36,360000,4671,928,5384,499,596,2338,929,5405,500,597,2340,-1,-21,-1,-1,-2,0
Male,University,Married,34,360000,49792,52399,52950,44625,21906,16190,3444,3053,3122,1030,610,48955,49897,41503,20876,15580,0
Male,University,Married,40,20000,14353,16580,16730,17930,18267,18604,3000,1800,2000,1000,1000,13580,14930,15930,17267,17604,0
Male,University,Married,36,230000,0,0,2800,346,346,999,0,2800,346,0,999,0,0,0,346,0,0
Male,University,Single,40,50000,47060,48117,49161,50173,18279,18266,2154,2588,2600,1000,653,45963,46573,47573,17279,17613,1
Male,Graduate,Married,42,420000,13218,24671,19725,23933,24648,18610,24671,21417,23941,8000,18610,0,-1692,-8,16648,0,0
Male,High School,Married,40,20000,18987,19909,16623,17634,17985,18362,1258,1282,1293,644,667,18651,15341,16341,17341,17695,1
Male,High School,Married,40,20000,13370,16326,17963,17386,16809,18137,3200,2200,0,0,1600,13126,15763,17386,16809,16537,1
Male,University,Married,37,70000,57981,66858,65303,63066,28291,25258,15000,3247,3500,837,1000,51858,62056,59566,27454,24258,0
Male,University,Married,46,40000,27324,30108,32515,31698,33581,32772,3573,3206,0,2700,0,26535,29309,31698,30881,32772,1
Male,University,Single,34,20000,16456,17382,16814,18229,20314,19704,1500,0,1700,2700,0,15882,16814,16529,17614,19704,1
Male,Graduate,Single,30,140000,13468,5600,0,0,0,5302,1000,0,0,0,5302,4600,0,0,0,0,0
Male,University,Married,33,130000,99,99,99,99,99,98,99,99,99,99,98,0,0,0,0,0,0
Male,Graduate,Married,35,240000,18079,6315,37046,0,1894,1894,6315,37046,0,1894,0,0,0,0,0,1894,0
Male,University,Single,30,20000,15070,16384,17413,18117,18632,19180,1568,1597,1301,816,1000,14816,15816,16816,17816,18180,1
Male,University,Single,34,230000,27178,0,856,6147,7387,13492,0,856,6147,7387,13492,0,0,0,0,0,0
Male,University,Married,44,500000,77009,92353,223085,278999,207007,66516,94064,223792,85184,4803,1189,-1711,-707,193815,202204,65327,0
Male,University,Married,46,20000,17483,18552,19442,14678,16791,10361,1363,1256,1178,311,2264,17189,18186,13500,16480,8097,1
Male,University,Married,42,50000,44637,40976,40134,16764,15215,16733,1880,1299,3007,1450,3000,39096,38835,13757,13765,13733,0
Male,Graduate,Single,38,130000,131197,133400,0,0,0,0,7000,0,0,0,0,126400,0,0,0,0,0
Male,University,Married,42,400000,2984,3353,8372,7743,4984,3027,3369,8379,1074,124,3042,-16,-7,6669,4860,-15,1
Male,High School,Married,40,50000,37245,38324,39405,40748,41273,42206,1700,1700,2000,1500,1600,36624,37705,38748,39773,40606,0
Male,Graduate,Single,30,360000,8195,99996,795,1000,6398,9418,100496,799,1005,6398,3020,-500,-4,-5,0,6398,0
Male,High School,Single,34,50000,44951,45906,46872,49974,50023,53367,2000,2000,4200,1170,4300,43906,44872,45774,48853,49067,1
Male,University,Single,44,20000,8843,9262,7102,5035,5152,2150,1115,1202,1000,117,246,8147,5900,4035,5035,1904,0
Male,Graduate,Married,40,160000,500,1000,1000,0,0,0,1000,1000,0,0,0,0,0,0,0,0,1
Male,High School,Married,32,420000,1875,2499,86074,73930,57807,51014,2499,86113,10000,2256,1529,0,-39,63930,55551,49485,0
Male,Graduate,Single,34,150000,32355,31549,30759,32764,36229,79827,0,0,2535,5000,5000,31549,30759,30229,31229,74827,1
Male,Graduate,Single,37,190000,98588,80559,81481,75853,68074,64941,4007,4051,5013,3000,3000,76552,77430,70840,65074,61941,0
Male,High School,Single,31,20000,16509,19116,18028,18200,16844,18082,2906,0,1250,594,3000,16210,18028,16950,16250,15082,1
Male,Graduate,Single,32,410000,3339,13047,7764,623,4695,4133,10000,7764,623,4695,5973,3047,0,0,0,-1840,0
Male,Graduate,Single,32,270000,47116,47771,51414,52993,54962,56523,2000,5000,3000,4000,3000,45771,46414,49993,50962,53523,0
Male,Graduate,Married,32,120000,106552,110787,112900,0,0,0,6000,5500,0,0,0,104787,107400,0,0,0,0
Male,University,Married,33,30000,30258,30539,29860,30350,59936,29962,2300,1009,30000,604,1500,28239,28851,350,59332,28462,0
Male,High School,Married,33,240000,64853,67948,197032,169878,164926,160600,8000,157500,0,5759,5775,59948,39532,169878,159167,154825,0
Male,Graduate,Married,33,300000,31808,22743,22396,21055,14714,7323,1514,1216,3127,3046,2011,21229,21180,17928,11668,5312,0
Male,Graduate,Married,34,500000,104638,104176,70726,45435,49408,53372,3780,3030,10327,10031,10255,100396,67696,35108,39377,43117,0
Male,Graduate,Married,34,700000,3609,6109,5810,7684,168,5836,6168,7105,7721,168,5836,-59,-1295,-37,0,0,0
Male,Graduate,Single,33,110000,92575,86147,87889,61123,59395,52189,4000,5009,4000,3027,3000,82147,82880,57123,56368,49189,0
Male,University,Married,34,490000,25015,20912,18817,13424,162851,151961,1340,1397,3193,162856,5461,19572,17420,10231,-5,146500,0
Male,Graduate,Single,34,500000,32282,32307,7403,12225,16702,21253,5000,5000,5000,5000,5000,27307,2403,7225,11702,16253,0
Male,University,Single,43,50000,396,396,396,792,396,396,396,396,792,0,396,0,0,0,396,0,1
Male,Graduate,Married,42,430000,11362,11461,5741,8897,1350,10184,11461,5745,8935,1350,10184,0,-4,-38,0,0,0
Male,University,Married,37,200000,29312,19203,9544,15296,7045,10712,19313,9455,15306,7055,10700,-110,89,-10,-10,12,0
Male,High School,Single,38,270000,263842,179711,185948,184252,183601,187003,11021,12041,8028,7001,5454,168690,173907,176224,176600,181549,0
Male,University,Married,49,220000,540,1148,20752,19397,19581,25071,1158,20752,1051,7120,14928,-10,0,18346,12461,10143,0
Male,University,Single,34,20000,390,390,780,780,0,0,390,780,0,0,0,0,0,780,0,0,0
Male,Graduate,Single,35,280000,-2,399,182,4411,976,4968,401,183,4429,981,4992,-2,-1,-18,-5,-24,0
Male,University,Married,49,70000,59156,54472,51258,48564,47512,48164,2020,2011,2013,2001,2000,52452,49247,46551,45511,46164,0
Male,Graduate,Married,43,420000,8100,14270,7324,2846,3027,5946,14274,8232,2853,3027,5946,-4,-908,-7,0,0,0
Male,University,Married,44,90000,58395,59559,61640,62793,63493,67204,2134,3043,3000,2300,4506,57425,58597,59793,61193,62698,1
Male,University,Married,37,10000,6930,6399,4634,5388,780,0,1065,1246,1000,780,0,5334,3388,4388,0,0,0
Male,University,Single,41,120000,121988,90063,27941,11990,390,390,0,1600,1000,390,390,90063,26341,10990,0,0,1
Male,University,Married,49,340000,317686,302986,263928,260916,257001,210033,17000,18000,13000,12000,12000,285986,245928,247916,245001,198033,0
Male,University,Married,49,350000,213236,207648,212177,200000,197544,201886,7600,8008,7200,7200,7500,200048,204169,192800,190344,194386,0
Male,University,Married,34,100000,84196,74621,64930,58433,50859,40005,2300,2000,4500,3300,0,72321,62930,53933,47559,40005,1
Male,Graduate,Married,37,60000,21962,23592,25702,26961,28509,29546,2000,2500,2000,2000,1500,21592,23202,24961,26509,28046,1
Male,University,Married,42,290000,0,0,0,0,1855,3940,0,0,0,1855,3940,0,0,0,0,0,1
Male,University,Married,37,30000,15054,15104,15428,16273,16305,780,1551,1265,1500,841,0,13553,14163,14773,15464,780,1
Male,University,Single,31,180000,6221,3571,4333,3334,3334,3334,1000,4337,3334,3334,3334,2571,-4,0,0,0,1
Male,University,Single,49,50000,59236,53689,48551,34656,18077,18815,2000,2124,2047,5618,1000,51689,46427,32609,12459,17815,1
Male,University,Married,39,160000,34171,34939,38038,38683,37764,39053,1639,3683,1564,0,2053,33300,34355,37119,37764,37000,1
Male,Other,Single,49,30000,29429,29959,29467,28292,28819,28787,3000,1800,2000,2590,10000,26959,27667,26292,26229,18787,0
Male,Graduate,Single,47,240000,2500,0,0,0,0,0,0,0,0,0,0,0,0,0,0,0,1
Male,High School,Single,43,260000,154386,151549,158888,144169,151679,143995,10000,10000,10000,10000,8000,141549,148888,134169,141679,135995,0
Male,University,Single,42,20000,11063,10594,11714,13923,13405,13683,0,1600,2726,0,643,10594,10114,11197,13405,13040,1
Male,High School,Single,39,50000,42245,42022,45811,48192,9498,6733,30003,13000,9036,6190,10135,12019,32811,39156,3308,-3402,0
Male,Graduate,Single,37,180000,49531,45612,0,245863,250472,251024,45612,0,245863,5009,5040,0,0,0,245463,245984,0
Male,High School,Married,43,110000,390,390,5050,63032,33228,31073,390,5050,63032,1100,1100,0,0,0,32128,29973,0
Male,University,Married,33,130000,390,390,390,390,390,390,390,390,390,390,390,0,0,0,0,0,0
Male,University,Married,45,30000,390,390,390,390,0,780,390,390,390,0,780,0,0,0,0,0,0
Male,University,Married,48,130000,1115,1897,1020,3640,948,9071,1902,1023,3650,950,9093,-5,-3,-10,-2,-22,0
Male,University,Married,38,170000,16480,21770,11507,715,3282,715,15067,11572,3282,3282,0,6703,-65,-2567,0,715,1
Male,University,Single,38,240000,167544,168609,172591,145144,141134,127242,8400,10000,7500,5600,5500,160209,162591,137644,135534,121742,0
Male,Graduate,Single,38,360000,1800,2410,2722,2961,2669,2054,2413,2738,2969,2677,2060,-3,-16,-8,-8,-6,0
Male,Graduate,Single,37,150000,305,87920,17991,101553,95786,82645,89524,19406,102989,2608,7845,-1604,-1415,-1436,93178,74800,0
Male,High School,Single,38,70000,68370,69911,69970,57118,27510,27176,2682,2563,1568,970,1000,67229,67407,55550,26540,26176,1
Male,University,Single,30,220000,226613,217800,189016,137788,106713,96588,7667,7261,5170,4054,4500,210133,181755,132618,102659,92088,0
Male,University,Married,31,80000,78356,70664,62223,26400,27201,27363,2600,2036,1500,1201,1500,68064,60187,24900,26000,25863,0
Male,Graduate,Single,31,180000,17426,29047,30572,38043,39441,42652,12000,2000,8043,2000,4000,17047,28572,30000,37441,38652,0
Male,Graduate,Married,32,390000,26214,25100,34131,31120,15768,30831,6000,10778,7063,7060,30009,19100,23353,24057,8708,822,0
Male,High School,Married,48,20000,19195,20089,16739,17486,9392,9587,1257,1368,1115,301,310,18832,15371,16371,9091,9277,1
Male,Graduate,Married,44,100000,81786,84489,86298,90857,89208,91119,3400,3400,6200,0,2800,81089,82898,84657,89208,88319,0
Male,University,Single,37,10000,17018,13789,8236,9130,7302,7981,1117,2800,1200,265,800,12672,5436,7930,7037,7181,0
Male,High School,Married,42,80000,390,1780,120,0,0,0,1780,360,0,0,0,0,-240,0,0,0,0
Male,Graduate,Married,48,330000,0,12089,28933,14553,12400,20805,12089,28933,14553,12400,20805,0,0,0,0,0,0
Male,University,Married,47,20000,10628,11650,14252,13678,15041,14751,1200,2800,0,1500,0,10450,11452,13678,13541,14751,1
Male,Graduate,Single,33,270000,288,765,1277,42402,33855,32349,765,1004,42522,1026,10000,0,273,-120,32829,22349,0
Male,University,Single,33,280000,0,2650,3294,3640,2720,7598,2650,3294,3640,2720,7598,0,0,0,0,0,0
Male,University,Single,33,180000,103956,103230,105945,111065,122028,125069,4100,4400,10000,12900,5000,99130,101545,101065,109128,120069,0
Male,High School,Married,44,350000,266692,3551,33112,2341,63698,38355,3569,33276,2353,64017,38546,-18,-164,-12,-319,-191,0
Male,High School,Married,44,200000,147817,121668,67240,69798,72243,75277,11000,11000,5000,5000,5000,110668,56240,64798,67243,70277,1
Male,University,Married,41,50000,49401,50079,50463,49407,29708,29308,1803,1988,1514,1041,1056,48276,48475,47893,28667,28252,1
Male,Graduate,Married,41,500000,62289,63485,2015,-121,679,529,2608,0,0,800,0,60877,2015,-121,-121,529,0
Male,Graduate,Married,43,140000,1453,1872,1249,1872,1453,1453,1872,1249,1872,1453,1453,0,0,0,0,0,0
Male,Graduate,Married,40,180000,0,0,0,0,0,0,0,0,0,0,0,0,0,0,0,0,1
Male,Other,Single,49,540000,83722,86030,82860,20879,3698,209167,3538,4380,2067,564,207019,82492,78480,18812,3134,2148,0
Male,Graduate,Single,28,30000,598,0,950,0,0,0,0,950,0,0,0,0,0,0,0,0,0
Male,Graduate,Married,42,270000,6532,3904,8537,5048,7507,24170,3923,8537,5056,7507,24170,-19,0,-8,0,0,0
Male,Graduate,Single,28,210000,0,0,0,0,0,0,0,0,0,0,0,0,0,0,0,0,0
Male,Other,Married,45,160000,0,10427,0,0,1817,1817,10427,0,0,1817,0,0,0,0,0,1817,0
Male,High School,Single,39,50000,34617,34390,810,19009,18035,18364,1000,810,51000,0,1000,33390,0,-31991,18035,17364,0
Male,University,Single,29,50000,5140,9377,5140,5140,5140,5140,9377,1000,5140,5140,5140,0,4140,0,0,0,0
Male,University,Married,33,200000,57579,50612,10537,5552,2506,9443,5250,10023,27,2614,9454,45362,514,5525,-108,-11,0
Male,Graduate,Single,35,240000,325,650,325,2250,1925,1925,650,0,2250,0,1925,0,325,0,1925,0,1
Male,Graduate,Single,32,50000,45997,47003,46468,47198,49634,48708,2064,500,1800,3528,0,44939,45968,45398,46106,48708,1
Male,University,Single,28,80000,10677,9478,4603,0,0,0,2017,1033,0,0,0,7461,3570,0,0,0,0
Male,University,Married,34,80000,81882,81814,78353,78814,49062,48764,3650,0,3328,1888,1787,78164,78353,75486,47174,46977,1
Male,University,Married,30,80000,13708,22668,31456,40111,48633,56740,9200,9200,9200,9200,9200,13468,22256,30911,39433,47540,1
Male,University,Married,38,200000,7400,2872,212,2387,0,-2620,1005,220,2387,0,0,1867,-8,0,0,-2620,0
Male,High School,Married,41,200000,171929,157860,145044,137480,6320,780,7000,8080,6000,0,0,150860,136964,131480,6320,780,1
Male,Graduate,Single,38,290000,0,0,0,0,0,0,0,0,0,0,0,0,0,0,0,0,0
Male,University,Married,39,80000,145905,147860,78545,19212,36800,18900,5107,3269,1400,368,1000,142753,75276,17812,36432,17900,0
Male,Graduate,Married,40,250000,307321,4696,5579,8537,2500,2500,4730,5607,8634,2500,0,-34,-28,-97,0,2500,0
Male,University,Married,37,50000,0,780,390,780,0,0,780,390,780,0,0,0,0,0,0,0,0
Male,University,Married,45,240000,228278,232449,223853,225623,221130,225446,10000,9000,10000,8301,9000,222449,214853,215623,212829,216446,0
Male,University,Married,43,130000,59762,61877,60390,390,390,390,3496,1208,390,390,390,58381,59182,0,0,0,0
Male,University,Married,45,190000,82764,63105,55282,50864,48782,49241,5000,2600,2000,3000,5000,58105,52682,48864,45782,44241,0
Male,University,Single,40,20000,1261,11839,9610,7004,10614,10433,11839,1266,1000,5000,209,0,8344,6004,5614,10224,0
Male,University,Single,32,60000,47908,49823,48757,52312,52960,51985,3000,0,5000,2100,0,46823,48757,47312,50860,51985,0
Male,University,Married,35,170000,17920,19229,18642,19743,19422,3644,1900,0,2000,0,500,17329,18642,17743,19422,3144,0
Male,High School,Married,46,50000,35556,34685,36121,38135,37416,38503,0,2000,2800,0,1500,34685,34121,35335,37416,37003,0
Male,University,Married,31,240000,230234,224376,230666,219162,189589,193546,8200,10000,8000,10000,6531,216176,220666,211162,179589,187015,0
Male,Graduate,Single,31,200000,182307,186128,197509,193046,194368,182903,8300,15900,200,6100,7000,177828,181609,192846,188268,175903,1
Male,Graduate,Single,31,130000,0,0,0,0,0,0,0,0,0,0,0,0,0,0,0,0,0
Male,Other,Married,31,360000,270955,275178,280535,82455,83359,85171,8000,7500,3500,2500,2500,267178,273035,78955,80859,82671,0
Male,Graduate,Single,33,200000,54713,58184,62286,61305,62846,42634,5000,5700,2000,3000,2000,53184,56586,59305,59846,40634,0
Male,High School,Single,38,160000,138937,152723,138767,131237,76104,56237,120000,10000,10000,5000,3000,32723,128767,121237,71104,53237,0
Male,Graduate,Married,39,230000,660,660,660,660,660,660,660,660,660,660,660,0,0,0,0,0,0
Male,Graduate,Married,38,280000,4608,5393,2369,3700,5024,5188,5410,2380,3709,5849,5606,-17,-11,-9,-825,-418,0
Male,Graduate,Married,40,210000,23764,21911,23204,19709,14418,13366,1367,1777,1577,0,1366,20544,21427,18132,14418,12000,0
Male,High School,Married,39,380000,37096,45148,60615,65016,69286,67455,10012,20012,10014,10048,10022,35136,40603,55002,59238,57433,0
Male,University,Married,36,270000,5714,3548,11419,20787,23471,25987,0,11000,10000,5000,5000,3548,419,10787,18471,20987,1
Male,University,Single,34,150000,917,167,1371,1200,0,0,2000,1371,0,0,0,-1833,0,1200,0,0,0
Male,Graduate,Single,30,110000,88312,90163,92035,93231,94309,96258,4200,4200,3600,3500,3600,85963,87835,89631,90809,92658,0
Male,Graduate,Single,32,500000,27318,46364,30327,16314,1151,3074,40019,16107,3325,1151,3074,6345,14220,12989,0,0,0
Male,University,Single,41,100000,1941,3255,3056,4998,4769,9691,1500,0,2000,0,5000,1755,3056,2998,4769,4691,1
Male,Graduate,Single,30,130000,80528,77939,78524,63421,60269,59984,3700,3916,3000,3000,3000,74239,74608,60421,57269,56984,0
Male,Graduate,Single,34,200000,150493,156449,162377,174501,155355,129942,10000,10000,15000,0,10000,146449,152377,159501,155355,119942,1
Male,University,Single,47,280000,229281,233992,186321,180598,20596,15311,20213,8003,9002,5000,5000,213779,178318,171596,15596,10311,0
Male,Graduate,Married,39,420000,100333,102906,105030,107146,107896,110149,5138,5267,5347,4019,4152,97768,99763,101799,103877,105997,0
Male,Graduate,Single,29,380000,388,388,388,388,775,387,389,389,389,776,1,-1,-1,-1,-1,386,0
Male,Graduate,Single,33,220000,0,0,0,0,0,0,0,0,0,0,0,0,0,0,0,0,1
Male,University,Married,35,310000,-354,-354,-354,-354,-354,-354,0,0,0,0,0,-354,-354,-354,-354,-354,0
Male,University,Married,48,310000,102646,101640,102740,97791,86200,83017,5200,4700,4250,3100,3100,96440,98040,93541,83100,79917,0
Male,Graduate,Single,35,550000,539092,552234,565550,572805,823540,501370,23000,23000,18000,0,18373,529234,542550,554805,823540,482997,0
Male,Graduate,Single,36,170000,37830,11160,4336,947,316,3797,11376,4346,947,316,3797,-216,-10,0,0,0,0
Male,Graduate,Single,35,50000,49241,26539,53920,0,47566,48393,1600,1000,2500,47566,1700,24939,52920,-2500,0,46693,0
Male,Graduate,Married,41,390000,7015,500,321,4411,1069,448,500,321,4412,1069,448,0,0,-1,0,0,0
Male,University,Single,24,20000,18196,19495,-280,-280,-280,-670,1775,0,0,390,0,17720,-280,-280,-670,-670,0
Male,Graduate,Single,26,80000,18229,27416,25253,5549,4549,4549,10000,2000,2000,0,0,17416,23253,3549,4549,4549,0
Male,University,Single,25,200000,88569,101979,143982,146700,149339,162121,15000,43982,5150,6000,15027,86979,100000,141550,143339,147094,0
Male,University,Single,27,80000,0,0,0,200,0,0,0,0,200,0,0,0,0,0,0,0,0
Male,Graduate,Single,28,200000,87390,115312,142912,161874,176431,180153,30002,30002,21876,16433,5661,85310,112910,139998,159998,174492,0
Male,University,Single,30,130000,70142,10724,3995,7556,125682,128453,1100,2000,5000,128000,4700,9624,1995,2556,-2318,123753,0
Male,University,Married,28,200000,2443,2443,2443,2443,2443,2443,0,0,0,0,0,2443,2443,2443,2443,2443,1
Male,High School,Single,48,20000,250,250,250,250,250,250,0,0,0,0,0,250,250,250,250,250,1
Male,University,Single,35,310000,2186,1528,22217,-5,1116,374,1532,22328,0,1121,401,-4,-111,-5,-5,-27,0
Male,High School,Married,40,160000,150451,152384,155976,157793,158652,157163,7000,7500,6008,5516,6011,145384,148476,151785,153136,151152,0
Male,University,Single,40,190000,149411,145613,156765,159386,161870,165725,0,15000,6600,6500,6500,145613,141765,152786,155370,159225,1
Male,University,Married,49,110000,51395,51803,52888,54570,55368,56623,1855,1921,2563,2300,2300,49948,50967,52007,53068,54323,0
Male,University,Single,49,150000,86035,86414,87852,88692,90211,91543,3090,3218,3196,3360,3310,83324,84634,85496,86851,88233,0
Male,Graduate,Married,37,90000,51438,40028,38704,37135,35141,33502,1950,2000,1800,1150,1200,38078,36704,35335,33991,32302,0
Male,Graduate,Single,34,150000,56142,60855,53256,60945,60720,57407,10115,15010,10015,3022,1522,50740,38246,50930,57698,55885,0
Male,Graduate,Married,41,160000,776,230,1350,1310,2374,1444,230,1500,1310,1444,0,0,-150,0,930,1444,1
Male,Graduate,Single,34,180000,0,0,0,0,0,0,0,0,0,0,0,0,0,0,0,0,0
Male,University,Single,26,20000,8476,10187,9885,11398,12208,11869,2000,0,2000,1000,0,8187,9885,9398,11208,11869,1
Male,University,Married,32,50000,50805,51088,50810,50814,50927,50438,2284,2006,2010,2123,2138,48804,48804,48804,48804,48300,1
Male,University,Married,41,420000,193370,198053,202618,197985,200163,2559,4988,4976,6019,5065,1035,193065,197642,191966,195098,1524,0
Male,University,Married,30,30000,29202,30695,29342,23572,21381,28609,2001,10019,1219,1032,28609,28694,19323,22353,20349,0,0
Male,High School,Married,46,20000,1836,1651,0,390,1170,780,0,0,390,1170,0,1651,0,0,0,780,1
Male,Graduate,Single,38,200000,1810,3388,-12,1081,1884,2089,3405,0,1093,1893,2097,-17,-12,-12,-9,-8,0
Male,Graduate,Single,36,50000,45960,44883,40820,33545,46832,24101,0,1973,1784,845,1750,44883,38847,31761,45987,22351,1
Male,Graduate,Married,39,500000,15776,17467,120972,117088,121283,117583,3004,106000,0,8008,78,14463,14972,117088,113275,117505,1
Male,High School,Married,42,30000,14655,12731,13225,16952,11920,0,14,3000,5000,1000,0,12717,10225,11952,10920,0,0
Male,University,Married,46,360000,8746,3093,1935,1205,1320,1068,3108,1952,1219,1326,1073,-15,-17,-14,-6,-5,1
Male,University,Married,38,130000,233617,115431,35400,0,0,0,10000,5000,0,0,0,105431,30400,0,0,0,0
Male,University,Married,45,20000,-2044,1961,2983,2790,3589,3388,5966,1201,0,1000,0,-4005,1782,2790,2589,3388,0
Male,Graduate,Single,34,200000,1740,10108,291,2515,1133,-363,10108,291,2515,1133,0,0,0,0,0,-363,0
Male,Graduate,Married,39,340000,177237,188765,193224,192578,195073,206924,16100,9000,4000,7200,15200,172665,184224,188578,187873,191724,0
Male,Graduate,Married,33,50000,40505,46745,45727,45515,45470,4220,6930,0,1200,155,3000,39815,45727,44315,45315,1220,0
Male,Graduate,Single,33,360000,780,286,0,0,390,-200,286,0,0,390,0,0,0,0,0,-200,0
Male,University,Single,35,200000,1121,4621,4318,1640,6614,707,4621,4351,1654,6614,707,0,-33,-14,0,0,0
Male,University,Single,33,50000,47364,48355,49715,49736,17599,16753,1780,2140,1161,510,503,46575,47575,48575,17089,16250,1
Male,University,Married,36,560000,4286,3273,2300,4930,2043,1019,3282,2306,4930,2049,1019,-9,-6,0,-6,0,0
Male,High School,Single,39,130000,66548,71034,69329,74175,72383,77217,5600,0,6000,0,6000,65434,69329,68175,72383,71217,1
Male,High School,Single,38,20000,12248,15023,16773,18394,19268,14850,3000,2000,2000,2000,1003,12023,14773,16394,17268,13847,0
Male,Graduate,Married,42,360000,30860,20180,21908,1780,47307,0,20204,21908,1780,47307,0,-24,0,0,0,0,0
Male,High School,Married,39,50000,23257,22938,21583,22453,21618,19525,1333,1500,1274,700,700,21605,20083,21179,20918,18825,0
Male,University,Single,35,70000,44193,46168,45166,36283,20861,21374,3000,102,2400,894,1000,43168,45064,33883,19967,20374,1
Male,University,Married,49,280000,32311,32812,34943,33892,28005,22011,1429,2950,0,792,633,31383,31993,33892,27213,21378,0
Male,University,Single,39,280000,6251,12501,4873,4071,-30,-30,12577,4897,4176,0,0,-76,-24,-105,-30,-30,0
Male,High School,Married,37,50000,44320,45211,45559,46164,46685,47272,2021,3259,1754,1665,1723,43190,42300,44410,45020,45549,0
Male,University,Married,40,160000,101782,102308,103620,98888,94288,97504,3710,4000,4000,3500,7200,98598,99620,94888,90788,90304,0
Male,High School,Married,40,240000,8936,1649,2999,2840,4114,5923,1658,3010,2840,4114,3923,-9,-11,0,0,2000,0
Male,University,Married,48,300000,0,0,0,0,0,0,0,0,0,0,0,0,0,0,0,0,0
Male,University,Married,39,280000,130549,131955,134910,139280,139188,271388,5000,5000,6585,6409,6046,126955,129910,132695,132779,265342,1
Male,Graduate,Single,30,530000,205848,214022,393664,235392,232640,239004,13000,20000,10000,10000,10000,201022,373664,225392,222640,229004,0
Male,University,Single,32,120000,7111,5894,7670,20440,4260,15308,6000,7680,20440,4260,15308,-106,-10,0,0,0,0
Male,High School,Single,33,130000,126592,123377,59064,46825,46730,47775,5264,2188,2500,1122,1500,118113,56876,44325,45608,46275,0
Male,Graduate,Married,35,500000,6257,10445,7009,12515,8037,7944,10492,7114,12587,8071,7978,-47,-105,-72,-34,-34,0
Male,University,Married,31,70000,3588,3204,2330,1499,1327,671,1505,1005,1002,503,502,1699,1325,497,824,169,0
Male,University,Single,31,10000,390,390,0,780,0,0,390,0,780,0,0,0,0,0,0,0,0
Male,Graduate,Married,41,500000,11060,6860,27243,2487,6269,10744,6895,27398,3104,6300,10797,-35,-155,-617,-31,-53,0
Male,Graduate,Married,41,340000,11379,11086,3112,3351,1259,19271,11258,3112,3351,1259,19271,-172,0,0,0,0,0
Male,High School,Single,37,10000,4950,5963,6983,7993,8151,8322,1103,1123,1133,291,302,4860,5860,6860,7860,8020,1
Male,University,Single,41,140000,185948,170133,155737,140586,136641,117308,6088,5677,4797,15414,0,164045,150060,135789,121227,117308,0
Male,University,Single,36,50000,1261,1261,1665,1261,1261,390,1261,1665,1261,1261,390,0,0,0,0,0,0
Male,University,Married,44,270000,187352,179247,180535,187524,185895,190396,8000,6700,10027,6700,7500,171247,173835,177497,179195,182896,1
Male,University,Single,30,290000,65369,67270,65357,66893,69740,56411,3360,3000,3000,4000,2500,63910,62357,63893,65740,53911,0
Male,Graduate,Single,33,50000,36363,35483,48256,47098,46898,150,0,13500,0,0,0,35483,34756,47098,46898,150,0
Male,University,Married,33,30000,6390,5454,5540,4605,2880,2516,1102,1128,1000,58,2516,4352,4412,3605,2822,0,0
Male,Graduate,Single,41,290000,275367,255049,247090,242309,238609,238712,10580,9006,8507,10902,8600,244469,238084,233802,227707,230112,0
Male,Graduate,Single,31,200000,9080,14280,13918,22836,20105,4415,14280,13918,12836,8000,1000,0,0,10000,12105,3415,0
Male,Graduate,Single,31,50000,56251,50758,49517,49528,44768,40295,8705,2501,2005,1312,1614,42053,47016,47523,43456,38681,0
Male,Graduate,Single,32,290000,3739,3738,3737,179546,182148,185484,0,0,179460,6900,6600,3738,3737,86,175248,178884,1
Male,Graduate,Single,36,130000,128190,131094,132549,128646,100845,101545,6500,5000,0,3512,3606,124594,127549,128646,97333,97939,0
Male,University,Married,47,220000,3489,6246,29390,8460,19000,13550,6261,29390,8489,19000,13550,-15,0,-29,0,0,0
Male,Graduate,Single,33,250000,76412,80024,83952,87147,91191,94220,5000,5000,5000,5000,4000,75024,78952,82147,86191,90220,0
Male,Graduate,Married,44,360000,162773,158557,158098,153896,152053,128253,5676,6019,5315,4975,4701,152881,152079,148581,147078,123552,0
Male,Graduate,Married,38,150000,288585,282677,159283,148309,143972,139650,0,0,0,5000,5000,282677,159283,148309,138972,134650,1
Male,University,Single,37,160000,140266,133372,129619,116388,114022,111743,5019,5000,4156,4500,4500,128353,124619,112232,109522,107243,0
Male,Graduate,Married,34,360000,2433,1218,505,843,-4,2237,1230,505,843,4,2241,-12,0,0,-8,-4,0
Male,University,Single,42,210000,197204,201218,205477,209754,212737,209083,8800,9000,9200,8000,8000,192418,196477,200554,204737,201083,0
Male,High School,Married,43,60000,44057,42706,42345,42849,17490,15633,1669,2000,1870,1000,586,41037,40345,40979,16490,15047,0
Male,University,Other,48,20000,16537,16192,16926,17333,16820,17175,1500,3500,1000,1000,1000,14692,13426,16333,15820,16175,0
Male,High School,Married,45,50000,10522,261,1305,1134,1073,1312,261,2305,0,1200,1500,0,-1000,1134,-127,-188,1
Male,High School,Married,41,60000,58563,58344,57920,58064,55928,57108,2826,2269,2277,2002,2081,55518,55651,55787,53926,55027,0
Male,Graduate,Single,39,460000,290372,287696,197014,179698,167727,136894,15495,10089,8077,6184,8047,272201,186925,171621,161543,128847,0
Male,Other,Married,40,240000,19295,2054,6984,0,0,0,2054,6984,0,0,0,0,0,0,0,0,0
Male,University,Single,44,30000,17766,18771,19965,20865,23465,24465,1306,1500,1400,3000,1000,17465,18465,19465,20465,23465,1
Male,University,Married,41,50000,43607,45375,46836,48635,19373,20129,2500,2500,3000,1500,2000,42875,44336,45635,17873,18129,0
Male,University,Married,41,120000,0,0,0,0,0,0,0,0,0,0,0,0,0,0,0,0,1
Male,University,Single,32,120000,114476,113995,116574,117041,50980,51285,4100,6000,5000,5000,58895,109895,110574,112041,45980,-7610,0
Male,Graduate,Single,40,230000,6514,7882,162,-868,-868,-868,7882,162,0,0,0,0,0,-868,-868,-868,1
Male,Graduate,Single,39,80000,48491,55637,60163,0,780,390,8000,6000,0,390,390,47637,54163,0,390,0,0
Male,University,Single,34,20000,17497,20690,20075,19492,19859,19232,3500,0,1500,805,7000,17190,20075,17992,19054,12232,1
Male,University,Married,33,360000,15299,44439,22637,101497,68960,28399,44730,22751,101691,2233,6138,-291,-114,-194,66727,22261,0
Male,Graduate,Married,30,500000,74797,75753,78031,78946,76689,77968,2800,3500,2818,2743,3000,72953,74531,76128,73946,74968,0
Male,University,Married,45,30000,14728,15777,17224,18241,18446,18009,1600,2000,1600,800,0,14177,15224,16641,17646,18009,1
Male,Graduate,Single,29,170000,14479,27045,19041,12769,6283,3093,70,19136,64,6314,3107,26975,-95,12705,-31,-14,0
Male,University,Single,41,240000,226047,230787,236518,232756,214781,219313,10000,11000,10300,7700,8000,220787,225518,222456,207081,211313,0
Male,Graduate,Married,40,230000,169,2008,3587,2663,2660,2997,2018,3605,2681,2673,3012,-10,-18,-18,-13,-15,0
Male,Graduate,Single,31,180000,172505,166692,176869,347813,171041,181637,0,16000,6000,0,15000,166692,160869,341813,171041,166637,0
Male,High School,Married,38,210000,122157,130309,116004,78564,37154,0,12301,16,5812,218,0,118008,115988,72752,36936,0,1
Male,Graduate,Single,44,460000,282944,288729,295114,299739,304319,299400,12000,12500,11000,11000,0,276729,282614,288739,293319,299400,1
Male,Graduate,Married,47,200000,198663,201996,194396,166515,163673,145683,8013,13,8684,5500,7437,193983,194383,157831,158173,138246,1
Male,University,Married,40,80000,71578,71896,73744,73572,73025,73087,3007,5012,3119,3007,3110,68889,68732,70453,70018,69977,0
Male,University,Married,49,50000,50435,50936,49463,50046,19858,19278,2400,0,2300,1000,1000,48536,49463,47746,18858,18278,1
Male,University,Single,38,230000,177917,181465,185074,187053,176805,180826,8000,8000,6500,0,7000,173465,177074,180553,176805,173826,0
Male,University,Married,38,80000,40356,25023,16392,7467,6727,994,1631,1432,1000,520,1097,23392,14960,6467,6207,-103,0
Male,University,Married,32,200000,80,89691,91517,72739,389,389,90001,3935,3759,390,390,-310,87582,68980,-1,-1,0
Male,High School,Married,40,50000,1261,2522,170,1261,390,390,2522,170,1261,390,390,0,0,0,0,0,0
Male,University,Married,36,30000,0,780,0,1170,780,0,780,0,1170,0,0,0,0,0,780,0,0
Male,High School,Married,40,280000,178220,184848,188411,191291,189029,192023,10000,9000,8000,6738,6974,174848,179411,183291,182291,185049,1
Male,University,Married,37,260000,128602,118109,21557,23186,14117,15797,3203,6015,5055,2011,4078,114906,15542,18131,12106,11719,0
Male,University,Single,32,200000,160106,162743,81890,0,0,0,7600,4000,0,0,0,155143,77890,0,0,0,1
Male,University,Single,32,80000,79237,65301,67253,67352,74448,72928,3000,4005,2500,10000,0,62301,63248,64852,64448,72928,1
Male,Graduate,Single,45,200000,14027,16016,16905,11791,7983,6327,5006,3024,2017,173,1002,11010,13881,9774,7810,5325,0
Male,Other,Married,28,20000,9278,10400,0,0,0,0,1400,0,0,0,0,9000,0,0,0,0,0
Male,University,Married,47,200000,42114,227075,217016,200316,169815,88071,235728,10000,5210,4009,3186,-8653,207016,195106,165806,84885,1
Male,High School,Single,41,60000,866,29123,26766,-1644,6398,5556,29687,30000,0,20009,10000,-564,-3234,-1644,-13611,-4444,0
Male,University,Married,38,50000,46509,47072,47637,44429,27279,27318,2000,2000,2000,944,1118,45072,45637,42429,26335,26200,0
Male,University,Married,42,50000,1345,1545,-306,18394,18760,19166,1000,0,18700,663,700,545,-306,-306,18097,18466,0
Male,University,Single,41,50000,50516,44187,20314,19707,19566,19916,2721,1750,1200,1000,1000,41466,18564,18507,18566,18916,0
Male,High School,Single,43,200000,2500,2500,2500,2500,2500,2500,0,0,0,0,0,2500,2500,2500,2500,2500,1
Male,High School,Single,38,130000,114726,107602,106907,94152,96365,97413,20,4544,3200,3500,3585,107582,102363,90952,92865,93828,1
Male,University,Single,41,130000,131762,106130,66523,55678,20290,14802,3466,2781,1702,602,492,102664,63742,53976,19688,14310,1
Male,University,Single,32,50000,780,390,0,780,0,0,0,0,780,0,0,390,0,0,0,0,1
Male,Graduate,Single,33,160000,146129,158066,156898,154725,115841,111615,15000,4000,8000,4000,4000,143066,152898,146725,111841,107615,1
Male,University,Single,32,50000,48793,50194,49101,47549,48817,45928,2500,0,1800,2000,2000,47694,49101,45749,46817,43928,1
Male,University,Single,46,10000,8866,9844,9319,18202,9287,0,1143,1218,1000,372,0,8701,8101,17202,8915,0,0
Male,University,Single,35,200000,87750,89618,91499,93317,96110,98906,3000,3000,3000,4000,4000,86618,88499,90317,92110,94906,0
Male,Graduate,Single,38,360000,12325,14118,38645,5235,4710,6392,14123,38722,5235,4710,6392,-5,-77,0,0,0,0
Male,Graduate,Married,37,230000,1464,1742,3267,800,2458,1880,1742,3267,800,2458,1880,0,0,0,0,0,0
Male,Graduate,Single,34,200000,3253,3969,-8,2315,4255,2010,4005,326,2323,4264,2028,-36,-334,-8,-9,-18,0
Male,High School,Married,43,50000,27620,28923,29955,30666,31275,31940,1767,1799,1510,1119,1169,27156,28156,29156,30156,30771,1
Male,University,Married,34,90000,106053,101023,97045,102372,100794,98277,3547,3580,13000,7000,6000,97476,93465,89372,93794,92277,0
Male,Graduate,Single,36,270000,11464,1879,6896,8583,880,4861,1879,6909,8587,880,4861,0,-13,-4,0,0,0
Male,University,Married,41,50000,49999,51043,51400,0,0,0,2263,2400,0,0,0,48780,49000,0,0,0,0
Male,University,Married,39,50000,17150,16582,17014,17721,18184,20008,0,1000,1592,1055,2421,16582,16014,16129,17129,17587,1
Male,University,Married,39,20000,16621,7309,17120,18130,18491,18893,1200,10000,1301,662,700,6109,7120,16829,17829,18193,0
Male,High School,Married,35,50000,50500,50181,49630,50153,30914,29200,2000,2200,1968,1106,1040,48181,47430,48185,29808,28160,1
Male,University,Married,39,390000,7831,3844,5797,7657,4086,5795,8,5806,7667,95,5804,3836,-9,-10,3991,-9,0
Male,University,Single,36,50000,51689,50567,48454,49843,51355,29276,3,0,2183,2695,29276,50564,48454,47660,48660,0,0
Male,High School,Single,38,160000,0,0,0,700,700,0,0,0,700,0,0,0,0,0,700,0,0
Male,University,Married,36,20000,17500,16926,19260,18653,20041,19582,0,2921,0,1702,0,16926,16339,18653,18339,19582,1
Male,University,Single,36,230000,3245,1855,2577,8001,2970,-1,1864,2590,8039,2984,0,-9,-13,-38,-14,-1,0
Male,Graduate,Single,46,50000,49386,49487,50401,49148,30036,29873,2000,2500,2040,2000,1037,47487,47901,47108,28036,28836,0
Male,High School,Single,40,50000,55397,55877,57335,59595,55949,51225,2000,2356,3494,2000,0,53877,54979,56101,53949,51225,0
Male,High School,Married,37,80000,51925,51544,49430,46864,46473,48191,3018,2113,3007,2000,3000,48526,47317,43857,44473,45191,0
Male,University,Married,42,240000,795,1916,1530,2961,5962,7336,1921,1534,2961,3001,2024,-5,-4,0,2961,5312,0
Male,High School,Married,39,90000,93757,91359,88616,56887,46700,47272,4000,2625,2511,1501,1391,87359,85991,54376,45199,45881,1
Male,High School,Married,44,260000,250416,257987,260104,253488,145630,148720,11000,7100,135546,4500,4590,246987,253004,117942,141130,144130,0
Male,University,Single,47,50000,48017,47913,49225,18858,19166,19834,2488,2800,1610,918,1214,45425,46425,17248,18248,18620,0
Male,Graduate,Married,41,350000,24297,25299,26329,27343,27886,28470,1411,1441,1455,998,1033,23888,24888,25888,26888,27437,0
Male,University,Single,42,20000,15717,16724,18051,18759,19132,19684,1276,1603,1311,684,860,15448,16448,17448,18448,18824,0
Male,High School,Married,41,110000,53497,51110,48995,46772,33220,31858,2510,2509,2031,1507,2032,48600,46486,44741,31713,29826,0
Male,High School,Married,34,80000,5173,10809,8673,11590,5973,5878,10826,3683,5034,5981,2895,-17,4990,6556,-8,2983,0
Male,University,Married,34,230000,0,0,33,33,33,1133,0,33,0,0,1100,0,0,33,33,33,1
Male,University,Single,39,370000,377259,310284,278781,256794,156583,17909,15198,14177,15118,15020,10000,295086,264604,241676,141563,7909,0
Male,University,Married,38,100000,7798,864,3302,2430,805,3415,864,2438,821,1,3110,0,864,1609,804,305,1
Male,University,Single,35,490000,427020,370428,337432,286247,256618,188154,0,13932,11771,10187,8013,370428,323500,274476,246431,180141,1
Male,University,Single,42,50000,22591,21523,24538,22402,9528,8447,0,3701,554,10026,421,21523,20837,21848,-498,8026,0
Male,High School,Single,41,200000,20950,182,3150,0,0,0,182,3165,0,0,0,0,-15,0,0,0,0
Male,University,Married,37,70000,60514,61923,62740,63090,64470,65828,3000,2400,2000,3000,2508,58923,60340,61090,61470,63320,1
Male,University,Married,38,210000,326,0,2684,0,10652,326,0,2684,0,10652,326,0,0,0,0,0,0
Male,High School,Single,33,50000,47834,47821,48442,42550,16324,17556,1866,2007,1915,589,1500,45955,46435,40635,15735,16056,0
Male,High School,Single,34,50000,49454,49157,49773,48398,32584,33322,1792,2208,1513,1149,1245,47365,47565,46885,31435,32077,0
Male,Graduate,Single,34,100000,18185,24932,24246,26839,26109,27686,7100,0,3000,0,2000,17832,24246,23839,26109,25686,1
Male,University,Single,38,160000,99340,96860,99911,103928,101540,99587,0,5500,6700,0,27,96860,94411,97228,101540,99560,1
Male,University,Married,32,30000,5066,6367,2109,5930,4192,0,6367,2115,5933,4192,0,0,-6,-3,0,0,0
Male,Graduate,Single,34,220000,170352,182711,183825,142216,118269,14960,15206,6000,0,5193,546,167505,177825,142216,113076,14414,1
Male,High School,Single,29,150000,820,3191,1965,1300,936,901,3431,0,1300,936,901,-240,1965,0,0,0,0
Male,University,Single,31,300000,281829,285038,291480,298378,131103,128742,10208,12507,15056,5027,5007,274830,278973,283322,126076,123735,0
Male,University,Married,36,390000,0,0,0,0,0,0,0,0,0,0,0,0,0,0,0,0,0
Male,Graduate,Married,36,180000,170619,172057,177813,178907,139825,118621,6063,8431,6845,4465,4287,165994,169382,172062,135360,114334,0
Male,Graduate,Single,40,300000,0,0,0,0,0,0,0,0,0,0,0,0,0,0,0,0,0
Male,Graduate,Married,37,150000,112695,97907,100826,103297,111784,108887,3515,5002,5189,14002,8,94392,95824,98108,97782,108879,0
Male,University,Married,36,80000,77870,79472,81757,77200,77669,79667,2900,3900,2750,2800,3200,76572,77857,74450,74869,76467,1
Male,University,Single,31,250000,0,0,0,0,0,1026,0,0,0,0,1026,0,0,0,0,0,0
Male,Graduate,Married,37,350000,916,1123,604,4523,617,1902,1133,607,4545,620,1911,-10,-3,-22,-3,-9,0
Male,Graduate,Married,40,380000,231759,233357,236292,237176,236379,239221,10000,9000,10021,10000,10000,223357,227292,227155,226379,229221,0
Male,Graduate,Single,34,450000,583,-16,2312,192,1630,14099,0,2328,192,1638,14169,-16,-16,0,-8,-70,0
Male,Graduate,Single,35,340000,62896,16480,27050,29103,58997,12518,16591,27283,29255,58276,12565,-111,-233,-152,721,-47,0
Male,University,Married,44,70000,14202,15149,15481,15266,13489,11837,1500,1585,1500,1000,600,13649,13896,13766,12489,11237,0
Male,University,Married,37,320000,367670,374631,348144,311004,254598,227869,13200,13006,11500,9000,10000,361431,335138,299504,245598,217869,1
Male,Graduate,Married,48,180000,325,1260,325,1000,1100,1100,1260,325,1000,1100,0,0,0,0,0,1100,0
Male,Graduate,Married,43,360000,38324,3374,3620,0,0,0,3390,3638,0,0,0,-16,-18,0,0,0,0
Male,Graduate,Married,46,230000,189724,193112,197039,200300,203018,199689,8000,8500,8000,7500,0,185112,188539,192300,195518,199689,1
Male,Graduate,Single,36,280000,314318,307569,286773,275447,245409,211351,0,13500,14500,10000,9000,307569,273273,260947,235409,202351,0
Male,University,Single,34,50000,46413,50056,49072,49724,19801,14301,4729,86,2198,1198,600,45327,48986,47526,18603,13701,0
Male,University,Married,34,260000,186189,176135,130369,68014,68529,69741,6203,5704,2411,2412,3100,169932,124665,65603,66117,66641,1
Male,University,Single,41,230000,23216,25548,23769,17270,13903,1953,10014,1602,1017,332,9,15534,22167,16253,13571,1944,0
Male,Graduate,Single,41,240000,-317,63435,697,-3,635,1269,63752,700,0,638,1275,-317,-3,-3,-3,-6,0
Male,Graduate,Married,44,140000,90547,92536,96535,98041,100504,103874,3500,5500,4000,5000,5000,89036,91035,94041,95504,98874,0
Male,Graduate,Married,43,360000,30769,13532,840,68110,55905,42239,13952,864,124037,1679,1163,-420,-24,-55927,54226,41076,0
Male,Graduate,Married,44,320000,1329,4526,11906,14202,6956,4839,4526,11911,14425,7063,4839,0,-5,-223,-107,0,0
Male,Graduate,Married,36,310000,8517,6734,6031,14884,5467,12510,6765,6076,14972,5512,12570,-31,-45,-88,-45,-60,0
Male,University,Single,42,60000,78291,70154,69940,60170,29261,30233,3000,1405,60941,1056,2100,67154,68535,-771,28205,28133,0
Male,University,Married,38,380000,365427,363267,372261,375423,359527,361201,14008,17000,13070,15000,13000,349259,355261,362353,344527,348201,0
Male,Other,Single,37,40000,36712,37403,18688,-620,32760,12500,1596,1006,0,17000,2000,35807,17682,-620,15760,10500,0
Male,University,Married,40,150000,74985,76745,19472,20650,0,0,3400,1600,1700,0,0,73345,17872,18950,0,0,0
Male,High School,Single,40,360000,2569,316,4919,5559,5353,5401,316,4919,1000,110,1025,0,0,4559,5243,4376,0
Male,Graduate,Married,36,200000,4585,33282,16175,104872,22897,29339,33485,16254,100551,12077,20182,-203,-79,4321,10820,9157,0
Male,Other,Married,42,260000,204017,182048,63074,262317,201344,191829,8000,7100,200140,6500,6000,174048,55974,62177,194844,185829,0
Male,High School,Single,38,430000,37693,3390,5930,33736,23558,8118,3507,5960,39507,11838,8158,-117,-30,-5771,11720,-40,0
Male,University,Married,36,200000,5440,7268,0,0,42362,43094,2000,0,0,87000,1566,5268,0,0,-44638,41528,0
Male,Graduate,Married,40,380000,95972,123558,114785,161444,163071,160076,30027,0,50005,20042,20000,93531,114785,111439,143029,140076,0
Male,University,Single,37,110000,112091,112380,86544,77131,60895,60936,4625,3112,2467,2182,2190,107755,83432,74664,58713,58746,0
Male,Graduate,Married,42,200000,168289,172001,175281,177895,180078,184048,8000,7500,7000,6600,7000,164001,167781,170895,173478,177048,0
Male,Graduate,Single,34,270000,20979,17228,20924,22448,15490,17343,0,4000,2000,0,2000,17228,16924,20448,15490,15343,0
Male,Graduate,Married,31,120000,1216,416,416,416,416,416,416,416,416,416,416,0,0,0,0,0,0
Male,Graduate,Married,47,420000,54799,53507,54678,55403,56260,57598,5000,5000,3000,3000,3000,48507,49678,52403,53260,54598,0
Male,High School,Single,34,20000,6569,6939,4679,2960,0,0,2449,0,1000,0,0,4490,4679,1960,0,0,0
Male,University,Single,40,200000,193773,196323,181932,132127,132245,138104,7350,261,6206,5006,9406,188973,181671,125921,127239,128698,1
Male,University,Married,45,80000,34905,35923,37339,38419,39316,35902,1600,2000,1703,1600,1400,34323,35339,36716,37716,34502,0
Male,University,Single,45,270000,0,0,7304,3076,0,16191,0,7304,3076,0,16191,0,0,0,0,0,0
Male,University,Married,45,30000,12751,12256,15002,13914,11093,9508,0,2955,0,436,423,12256,12047,13914,10657,9085,1
Male,High School,Married,45,80000,55385,52801,50209,43323,40275,38690,2019,2031,2013,2016,2002,50782,48178,41310,38259,36688,0
Male,University,Married,39,30000,18557,19643,20721,21867,24291,23766,1700,1700,1800,3100,0,17943,19021,20067,21191,23766,1
Male,Graduate,Married,36,20000,18958,19427,19021,19449,19162,0,1500,2000,1200,413,0,17927,17021,18249,18749,0,1
Male,University,Married,33,20000,17999,19090,19472,18629,12683,0,1700,3243,1200,254,0,17390,16229,17429,12429,0,1
Male,University,Married,35,320000,274599,280021,286011,292636,298492,200098,11500,12000,12873,13020,8800,268521,274011,279763,285472,191298,1
Male,High School,Married,36,120000,326,326,326,326,326,652,326,326,326,326,652,0,0,0,0,0,0
Male,University,Married,38,290000,296437,192441,194158,197590,187134,180887,25,10013,9526,6549,6373,192416,184145,188064,180585,174514,0
Male,University,Married,39,380000,3074,-18618,-9415,-9415,-9415,-9415,9203,0,0,0,0,-27821,-9415,-9415,-9415,-9415,0
Male,Graduate,Married,49,480000,376186,389822,401982,410694,407436,407809,20000,18000,15000,15000,14000,369822,383982,395694,392436,393809,0
Male,University,Single,47,350000,190211,191582,163154,299409,250584,249412,8239,8902,213103,9036,10022,183343,154252,86306,241548,239390,0
Male,Graduate,Single,36,220000,792,396,396,396,396,546,0,396,396,396,546,396,0,0,0,0,0
Male,Graduate,Married,44,360000,188,1610,1088,7870,5988,342,1610,1088,7870,5988,342,0,0,0,0,0,1
Male,University,Married,39,420000,22219,22423,4889,14373,12881,3690,7573,4913,14415,6930,709,14850,-24,-42,5951,2981,0
Male,Graduate,Married,40,160000,4024,6484,3503,-473,3757,3286,3000,0,0,4700,0,3484,3503,-473,-943,3286,1
Male,Graduate,Single,47,30000,26413,25690,26719,27774,28809,30399,0,1445,1500,1500,2200,25690,25274,26274,27309,28199,0
Male,University,Single,31,170000,8024,9338,11673,12770,12971,13312,1610,2500,1600,711,700,7728,9173,11170,12260,12612,0
Male,University,Married,38,710000,67061,64374,62858,69207,73333,121892,10045,10008,10019,10202,70001,54329,52850,59188,63131,51891,0
Male,University,Single,34,350000,2184,1445,2424,4582,5600,2927,1445,2424,4584,5610,2927,0,0,-2,-10,0,0
Male,University,Married,36,230000,4761,5786,7676,9877,10181,12472,1110,2000,2500,1000,2472,4676,5676,7377,9181,10000,0
Male,University,Other,40,30000,2922,3869,4890,5975,6474,6225,1000,1090,1175,600,0,2869,3800,4800,5874,6225,0
Male,Graduate,Married,38,360000,475,-25,4993,498,-2,-2,0,5018,505,0,0,-25,-25,-7,-2,-2,0
Male,Graduate,Married,41,500000,390,780,390,0,3280,2500,780,0,0,3280,0,0,390,0,0,2500,0
Male,Graduate,Married,34,380000,124486,106065,97979,100599,81087,82793,3563,3385,4074,2592,2696,102502,94594,96525,78495,80097,0
Male,University,Married,37,240000,211808,208892,213637,216754,219276,223920,2000,9600,8500,6500,6500,206892,204037,208254,212776,217420,0
Male,Graduate,Single,41,100000,31452,32453,33490,34926,35771,36366,1527,1564,2000,1426,1320,30926,31926,32926,34345,35046,1
Male,University,Single,38,200000,176579,180233,184262,178674,181318,179477,6589,7074,7870,7028,6768,173644,177188,170804,174290,172709,1
Male,Graduate,Single,35,500000,5925,11175,21176,5086,9552,14389,11194,21193,5094,9563,14403,-19,-17,-8,-11,-14,0
Male,High School,Married,48,220000,0,0,2128,4071,5640,7078,0,2128,2000,2000,2000,0,0,2071,3640,5078,1
Male,Graduate,Single,33,640000,21189,4242,32110,62649,63218,53151,4258,32120,34000,5037,0,-16,-10,28649,58181,53151,0
Male,High School,Single,34,340000,334628,328749,285399,248984,251047,255303,16040,14000,11000,9200,10000,312709,271399,237984,241847,245303,1
Male,Graduate,Single,48,400000,112789,115910,120657,122338,124145,113477,5000,6624,5200,3826,3363,110910,114033,117138,120319,110114,0
Male,Graduate,Married,39,200000,8852,3103,2005,15776,2696,6147,5585,2015,15854,2709,6178,-2482,-10,-78,-13,-31,0
Male,University,Married,41,20000,9632,10676,13702,14713,15068,15425,1208,3234,1245,600,600,9468,10468,13468,14468,14825,0
Male,Graduate,Married,35,210000,205,0,775,0,0,635,0,775,0,0,635,0,0,0,0,0,0
Male,High School,Single,35,280000,275659,265870,269140,272665,159017,88321,10932,12011,10807,4306,4023,254938,257129,261858,154711,84298,0
Male,University,Single,36,150000,149931,152915,149867,144731,147661,149949,5500,5513,5200,5200,5400,147415,144354,139531,142461,144549,0
Male,Graduate,Single,36,50000,45010,45785,36131,29374,27059,27627,1919,1789,1442,967,1003,43866,34342,27932,26092,26624,0
Male,University,Married,36,60000,37129,37593,37841,38634,28811,28907,1602,1989,1782,1169,1196,35991,35852,36852,27642,27711,1
Male,High School,Married,36,60000,0,0,0,0,0,0,0,0,0,0,0,0,0,0,0,0,1
Male,University,Married,45,200000,197600,200378,162374,154234,143953,147834,10265,6061,7048,5016,10294,190113,156313,147186,138937,137540,0
Male,University,Single,35,30000,21708,22583,25067,23237,0,0,1542,3026,0,0,0,21041,22041,23237,0,0,1
Male,University,Married,42,130000,-52,-52,-52,-52,-52,-52,0,0,0,0,0,-52,-52,-52,-52,-52,1
Male,University,Married,39,140000,136032,139118,134651,135350,129135,132035,5400,5000,6000,4700,5000,133718,129651,129350,124435,127035,0
Male,University,Single,39,280000,273651,279296,282851,251648,255697,261691,11128,11234,11002,10000,10000,268168,271617,240646,245697,251691,0
Male,High School,Single,44,110000,102274,103275,105225,83722,78894,74659,3734,3653,2914,2627,2624,99541,101572,80808,76267,72035,0
Male,Graduate,Single,42,130000,836,836,836,836,836,836,836,836,836,836,836,0,0,0,0,0,0
Male,University,Married,48,110000,92806,91217,89757,136859,60276,48652,5000,4087,64142,2038,1763,86217,85670,72717,58238,46889,0
Male,Graduate,Married,38,320000,18924,21589,23926,31161,32234,35688,3000,3000,8000,1900,4000,18589,20926,23161,30334,31688,0
Male,Graduate,Single,41,490000,345075,354273,57454,59860,29377,30478,10000,4000,3500,978,1500,344273,53454,56360,28399,28978,0
Male,Graduate,Single,45,360000,287,29646,9251,18860,-40,-40,29794,9297,18954,0,0,-148,-46,-94,-40,-40,0
Male,Graduate,Married,37,280000,1405,1549,1504,0,0,2949,1549,1504,0,0,2949,0,0,0,0,0,0
Male,Graduate,Married,36,290000,170953,170747,171002,170795,170795,171003,546,1002,795,795,1003,170201,170000,170000,170000,170000,0
Male,University,Single,39,180000,119466,120491,124553,127096,128992,131660,4500,6000,6100,5500,4900,115991,118553,120996,123492,126760,0
Male,University,Single,36,150000,32263,26283,17897,10945,5174,1910,3000,1305,1637,350,1910,23283,16592,9308,4824,0,0
Male,University,Married,44,260000,11506,973,1183,2270,0,0,975,1186,2287,0,0,-2,-3,-17,0,0,0
Male,High School,Single,34,90000,74012,76777,78594,39209,40057,40744,4600,4300,2700,1500,1400,72177,74294,36509,38557,39344,0
Male,High School,Single,35,20000,16958,17028,15421,13895,11592,11433,1699,1600,2000,1000,1500,15329,13821,11895,10592,9933,0
Male,Graduate,Single,34,180000,4400,2990,3762,5231,2092,3395,3018,3772,5254,2098,3403,-28,-10,-23,-6,-8,0
Male,University,Single,36,230000,182,1407,0,2458,2458,2458,1407,0,2458,0,0,0,0,0,2458,2458,0
Male,Graduate,Married,38,260000,2500,2500,0,0,0,0,0,0,0,0,0,2500,0,0,0,0,1
Male,Graduate,Single,31,150000,125086,121521,67164,54078,9778,389,4967,65,1346,5051,8601,116554,67099,52732,4727,-8212,1
Male,Graduate,Married,44,480000,634,144,213,2133,3086,0,144,213,2133,3086,0,0,0,0,0,0,0
Male,University,Married,45,110000,112987,110899,111642,109584,50281,49373,7000,4000,2975,22000,1726,103899,107642,106609,28281,47647,1
Male,Graduate,Married,49,150000,20604,21614,24535,23778,24255,24630,1359,3280,0,1000,750,20255,21255,23778,23255,23880,0
Male,Graduate,Single,42,170000,166708,85607,88228,91719,97759,99905,4000,4000,5000,7500,4000,81607,84228,86719,90259,95905,0
Male,University,Single,44,50000,49699,49685,28637,38137,27128,29992,2300,1487,21704,3000,15000,47385,27150,16433,24128,14992,0
Male,Other,Single,40,400000,178069,181613,186905,188959,183659,96385,6496,8214,6621,3400,3541,175117,178691,182338,180259,92844,0
Male,High School,Single,47,430000,-18,6390,8833,9906,14239,9562,6408,8840,9954,14285,9584,-18,-7,-48,-46,-22,0
Male,Graduate,Married,40,300000,4950,-337,-337,-337,-337,-337,0,0,0,0,0,-337,-337,-337,-337,-337,0
Male,Graduate,Married,33,40000,21107,23837,23173,24476,26775,26069,3400,0,2000,3000,0,20437,23173,22476,23775,26069,0
Male,University,Married,45,180000,130950,119109,119166,121661,122244,119536,6000,6000,6000,5000,4200,113109,113166,115661,117244,115336,0
Male,High School,Single,31,300000,80928,82690,84462,86263,87238,89176,4000,4000,4100,3300,3500,78690,80462,82163,83938,85676,0
Male,University,Other,49,20000,16336,17354,18376,18253,18458,19197,1294,2316,1256,1000,1000,16060,16060,16997,17458,18197,1
Male,High School,Single,32,230000,326,326,326,326,677,351,326,326,326,677,0,0,0,0,0,351,0
Male,Graduate,Married,46,180000,178517,130975,135592,107315,56274,57608,5000,7000,5200,2000,2060,125975,128592,102115,54274,55548,0
Male,University,Single,36,50000,19649,20526,19909,22096,22438,21941,1500,0,2531,1000,0,19026,19909,19565,21438,21941,1
Male,Graduate,Married,37,160000,16750,9715,5140,5379,3183,5120,1100,1500,1500,1000,2000,8615,3640,3879,2183,3120,0
Male,University,Single,43,100000,6768,13054,10489,16146,25053,27671,10015,3018,10002,10007,5018,3039,7471,6144,15046,22653,0
Male,University,Married,35,140000,135227,134215,102002,101046,98880,96884,5304,5033,4000,5017,5041,128911,96969,97046,93863,91843,0
Male,High School,Married,30,70000,67730,67021,67328,60962,61146,56066,3000,6006,0,1900,2000,64021,61322,60962,59246,54066,0
Male,Graduate,Single,32,400000,55773,55917,51389,48272,49478,51242,3028,3023,3000,3000,3000,52889,48366,45272,46478,48242,0
Male,Graduate,Married,35,330000,3888,14704,2533,10664,1560,34847,14782,2544,10715,1566,34865,-78,-11,-51,-6,-18,0
Male,University,Married,39,130000,103566,105797,102729,104761,87660,92123,3969,3823,3836,3345,9116,101828,98906,100925,84315,83007,1
Male,Graduate,Married,46,410000,8756,1237,11912,4922,766,640,1237,11912,4922,766,640,0,0,0,0,0,0
Male,University,Single,36,350000,15061,23719,36582,40452,15203,20596,10000,16000,6000,314,10000,13719,20582,34452,14889,10596,0
Male,Graduate,Single,35,360000,41327,47751,48521,79788,63835,44164,20059,13043,40528,10157,12068,27692,35478,39260,53678,32096,0
Male,University,Married,41,90000,188,188,188,1708,1783,3933,188,188,1708,1783,3933,0,0,0,0,0,0
Male,University,Married,46,100000,390,3505,5695,3480,2949,477,3505,2695,3480,2949,477,0,3000,0,0,0,0
Male,University,Single,36,200000,193097,199873,205150,0,0,0,10000,10000,0,0,0,189873,195150,0,0,0,0
Male,University,Married,38,20000,5705,6715,7736,8745,9394,9101,1266,1287,1296,945,0,5449,6449,7449,8449,9101,1
Male,University,Married,35,230000,170413,166858,170323,172136,175550,179291,5976,6158,6247,6276,6562,160882,164165,165889,169274,172729,0
Male,University,Married,31,20000,18764,19750,19848,20570,19980,19990,1610,1488,1600,400,400,18140,18360,18970,19580,19590,0
Male,University,Single,31,130000,300,300,300,300,300,150,0,0,0,0,0,300,300,300,300,150,1
Male,High School,Single,32,150000,150201,125858,105266,51456,35288,29818,5039,4030,1500,706,1000,120819,101236,49956,34582,28818,0
Male,Graduate,Single,31,160000,2930,459,2613,22315,26911,35239,466,4171,22137,20000,12198,-7,-1558,178,6911,23041,0
Male,University,Single,30,20000,15556,16987,18406,20795,20175,21265,2000,2000,3000,0,2000,14987,16406,17795,20175,19265,0
Male,Graduate,Single,48,130000,102771,104003,102744,31384,30057,29206,4843,2608,2005,1180,1100,99160,100136,29379,28877,28106,0
Male,Graduate,Married,43,490000,3956,3081,0,0,2236,3052,3081,0,0,2236,3052,0,0,0,0,0,1
Male,Graduate,Married,45,360000,2369,1367,8570,5625,3684,2804,1367,8570,5625,0,2804,0,0,0,3684,0,0
Male,University,Married,40,150000,172935,46462,42407,28265,25402,21514,35749,3016,1201,601,2002,10713,39391,27064,24801,19512,0
Male,Graduate,Married,44,70000,14960,11080,12695,11482,8896,10074,0,3116,0,1000,2000,11080,9579,11482,7896,8074,1
Male,University,Other,32,360000,10591,-326,56337,10959,7056,0,326,56663,11013,7091,0,-652,-326,-54,-35,0,0
Male,Graduate,Married,37,500000,271115,15074,16205,21770,60827,18524,15873,16205,21976,50000,7000,-799,0,-206,10827,11524,0
Male,University,Single,38,250000,2395,29636,23850,8220,0,8420,29658,23938,8220,0,8420,-22,-88,0,0,0,0
Male,University,Single,38,50000,46005,46234,17266,18253,18618,37495,1266,1298,1285,650,825,44968,15968,16968,17968,36670,0
Male,University,Married,45,250000,142001,135291,138084,100574,40066,38765,5084,6399,5000,2000,1615,130207,131685,95574,38066,37150,0
Male,Graduate,Single,40,20000,15563,16995,16433,17443,19254,18804,2000,0,1289,2100,0,14995,16433,16154,17154,18804,0
Male,High School,Single,33,360000,0,0,0,0,0,0,0,0,0,0,0,0,0,0,0,0,0
Male,University,Single,41,80000,80920,80956,73875,75949,44167,45362,3500,4000,3900,2000,2000,77456,69875,72049,42167,43362,0
Male,Graduate,Single,44,140000,72763,75064,76892,79522,79623,80895,3905,4025,4924,2381,2926,71159,72867,74598,77242,77969,0
Male,University,Single,36,140000,123474,125565,120847,121040,107310,105958,4409,4505,4100,3800,4000,121156,116342,116940,103510,101958,1
Male,University,Single,37,50000,72034,75711,75322,71640,71114,67519,7300,3200,0,3000,5400,68411,72122,71640,68114,62119,1
Male,University,Single,34,160000,144953,112501,115108,104295,61950,0,6000,5950,5128,3500,0,106501,109158,99167,58450,0,0
Male,University,Single,49,50000,41638,28145,24569,26244,11540,13348,2000,2000,2500,1000,2000,26145,22569,23744,10540,11348,0
Male,University,Married,41,200000,1075,11201,1383,976,1126,563,11000,980,0,563,0,201,403,976,563,563,0
Male,Graduate,Single,38,80000,67046,68439,69258,70526,71774,70503,3100,2500,3000,3000,0,65339,66758,67526,68774,70503,1
Male,University,Single,33,140000,0,935,1490,0,3938,0,935,1490,0,3938,1160,0,0,0,0,-1160,0
Male,University,Single,34,90000,77846,50281,14033,12628,20172,73512,5700,0,2000,20172,73512,44581,14033,10628,0,0,0
Male,University,Married,47,40000,34664,37611,36726,40985,40085,39354,3524,0,4898,0,0,34087,36726,36087,40085,39354,0
Male,University,Married,38,10000,4437,5355,6113,8012,8873,9229,1150,1000,2000,1000,500,4205,5113,6012,7873,8729,0
Male,University,Married,33,500000,26597,16573,19080,13860,15904,134584,3357,3010,2000,2044,131438,13216,16070,11860,13860,3146,0
Male,Graduate,Married,41,410000,396975,409780,383225,396283,274224,321787,30000,20000,20000,50000,30000,379780,363225,376283,224224,291787,0
Male,University,Single,49,20000,19111,18936,18588,19260,1500,0,1286,1328,1000,1500,0,17650,17260,18260,0,0,0
Male,Graduate,Married,37,200000,0,0,250,4188,1399,1196,0,250,4188,0,0,0,0,0,1399,1196,0
Male,Graduate,Single,32,50000,49571,48765,49453,49827,48930,48748,1773,2110,2324,2000,1920,46992,47343,47503,46930,46828,0
Male,Graduate,Married,44,150000,4825,3003,6164,3370,7279,4445,3018,6201,3386,7299,1166,-15,-37,-16,-20,3279,0
Male,Graduate,Married,49,180000,1092,1733,1405,-434,-434,-434,1733,0,0,0,0,0,1405,-434,-434,-434,1
Male,High School,Single,33,80000,0,3495,500,0,0,0,3495,765,0,0,0,0,-265,0,0,0,0
Male,University,Single,34,300000,50281,51441,54107,55111,56688,58272,2000,3500,3000,2500,2500,49441,50607,52111,54188,55772,0
Male,Graduate,Single,36,150000,167094,86193,-25443,-46627,-46627,-46627,5068,9,0,0,0,81125,-25452,-46627,-46627,-46627,1
Male,High School,Married,48,220000,0,0,0,0,0,0,0,0,0,0,0,0,0,0,0,0,0
Male,University,Single,35,120000,90972,93452,95943,99340,101783,104929,4000,4000,5000,5000,5000,89452,91943,94340,96783,99929,0
Male,Graduate,Single,43,360000,59,4465,300,966,1730,0,4465,300,966,1730,0,0,0,0,0,0,0
Male,Other,Married,37,550000,452600,364447,318029,91903,91010,70045,16025,14407,3512,3506,2512,348422,303622,88391,87504,67533,1
Male,Graduate,Single,39,260000,235799,124838,116164,106976,96938,98502,13,4276,3716,3600,3604,124825,111888,103260,93338,94898,0
Male,High School,Married,45,80000,8133,10978,10511,11529,12332,13128,3000,0,1200,1000,1000,7978,10511,10329,11332,12128,1
Male,Graduate,Married,48,160000,0,0,0,0,0,0,0,0,0,0,0,0,0,0,0,0,0
Male,University,Married,48,190000,6450,189102,189018,175871,157218,151618,189717,7779,6092,5018,6168,-615,181239,169779,152200,145450,0
Male,Graduate,Married,44,250000,3893,54673,8402,2765,6037,3561,54946,8433,13,6049,17,-273,-31,2752,-12,3544,0
Male,High School,Single,37,30000,22629,11332,12471,7985,13619,17997,5002,5003,7983,10000,10103,6330,7468,2,3619,7894,0
Male,University,Single,37,100000,24927,27689,26960,29504,30020,29995,3185,0,3000,1300,600,24504,26960,26504,28720,29395,1
Male,Graduate,Married,35,350000,15193,19734,5338,3042,2418,2233,5197,3000,0,2500,0,14537,2338,3042,-82,2233,0
Male,High School,Married,45,120000,24591,16160,225,3550,3550,3550,3000,225,3550,0,0,13160,0,0,3550,3550,0
Male,Graduate,Married,43,350000,2878,0,850,7980,22703,2093,0,850,3990,45406,2093,0,0,3990,-22703,0,0
Male,University,Married,49,340000,9983,43418,388126,358617,333690,302528,43418,388126,12500,11000,11000,0,0,346117,322690,291528,0
Male,Graduate,Single,39,360000,2758,1448,3740,0,0,0,1448,3740,0,0,0,0,0,0,0,0,0
Male,University,Married,47,410000,40390,9760,9712,11756,4128,12424,9760,9712,11771,4128,12424,0,0,-15,0,0,0
Male,University,Married,42,170000,162880,164824,132485,120267,117453,115778,8000,6107,6000,4500,4500,156824,126378,114267,112953,111278,0
Male,University,Single,38,110000,95925,98331,100751,102496,80116,69391,4000,4000,3500,2500,2290,94331,96751,98996,77616,67101,0
Male,High School,Single,51,30000,24070,25358,26447,26946,28957,29408,2000,1800,1300,2400,1000,23358,24647,25646,26557,28408,0
Male,University,Married,54,200000,41190,40921,17702,-2540,-6491,-7741,2138,5101,19,6,11,38783,12601,-2559,-6497,-7752,0
Male,High School,Married,50,250000,254893,258013,263493,268861,274444,290235,9316,9637,9765,10021,20300,248697,253856,259096,264423,269935,0
Male,Graduate,Married,50,240000,35117,17330,58422,54755,43605,26293,11051,116904,54762,43705,26293,6279,-58482,-7,-100,0,0
Male,Graduate,Married,50,210000,0,0,0,0,0,484,0,0,0,0,484,0,0,0,0,0,0
Male,High School,Married,52,30000,28541,28889,30050,29797,18464,12235,1502,2002,1025,1230,1042,27387,28048,28772,17234,11193,0
Male,High School,Married,51,30000,13386,13218,14453,15525,0,0,1218,1453,1525,0,0,12000,13000,14000,0,0,0
Male,High School,Married,56,40000,0,0,0,0,0,0,0,0,0,0,0,0,0,0,0,0,1
Male,High School,Other,55,50000,23498,22625,20197,19528,19520,17420,1336,1348,1257,639,622,21289,18849,18271,18881,16798,0
Male,University,Married,50,50000,47053,11165,12186,13280,14055,14428,1200,1206,1300,1000,600,9965,10980,11980,13055,13828,1
Male,University,Married,50,20000,14123,16758,17494,16916,18135,17703,3200,1300,0,1500,0,13558,16194,16916,16635,17703,0
Male,High School,Married,52,20000,8145,10474,10000,0,0,0,2474,0,0,0,0,8000,10000,0,0,0,1
Male,University,Married,51,240000,98588,100545,102651,104749,106832,109062,3592,3719,3798,3821,3949,96953,98932,100951,103011,105113,1
Male,High School,Single,52,110000,56327,57106,58489,57800,57312,57188,2700,3300,2044,2100,2000,54406,55189,55756,55212,55188,0
Male,University,Single,52,90000,86826,87186,87526,88924,88735,87521,4000,3505,3962,2909,3107,83186,84021,84962,85826,84414,0
Male,Graduate,Married,52,110000,82390,84024,84485,81057,43113,40805,4000,4015,4012,3000,2164,80024,80470,77045,40113,38641,0
Male,Graduate,Married,50,500000,350340,359289,366475,248288,253283,258707,12884,13000,7029,7100,7500,346405,353475,241259,246183,251207,0
Male,University,Married,54,20000,18398,19014,17836,19410,18512,14483,2000,1500,2900,1500,1000,17014,16336,16510,17012,13483,0
Male,High School,Married,50,70000,41087,42109,43135,43924,44700,45634,2000,2000,1800,1800,1800,40109,41135,42124,42900,43834,1
Male,High School,Single,51,50000,0,0,0,0,0,0,0,0,0,0,0,0,0,0,0,0,1
Male,High School,Married,53,120000,88702,101498,104480,105280,106149,108381,14357,5500,4000,4100,4100,87141,98980,101280,102049,104281,1
Male,University,Married,60,50000,46344,41162,25245,25955,26470,27025,1389,1722,1432,947,981,39773,23523,24523,25523,26044,0
Male,University,Married,50,20000,5519,6620,7556,8570,10020,9715,1200,1200,1300,1600,0,5420,6356,7270,8420,9715,0
Male,University,Single,51,30000,29628,29253,28342,28282,30118,24584,1460,1560,2000,3077,804,27793,26782,26282,27041,23780,0
Male,High School,Married,61,290000,281967,288456,296084,218399,200461,204637,10492,12447,8973,6761,6983,277964,283637,209426,193700,197654,0
Male,University,Married,61,80000,81647,65470,73855,41003,29690,27596,5500,10000,7003,4700,3600,59970,63855,34000,24990,23996,1
Male,University,Married,50,110000,110406,109550,109921,67212,49120,49772,4600,3348,2444,3869,1808,104950,106573,64768,45251,47964,0
Male,High School,Single,54,190000,142032,40883,42835,31982,36329,26964,5883,2835,5982,33329,1964,35000,40000,26000,3000,25000,0
Male,Graduate,Single,48,50000,56672,53540,53321,49263,29063,26644,2500,1066,50045,992,1000,51040,52255,-782,28071,25644,0
Male,High School,Married,51,50000,38302,39299,40703,44350,43517,46821,1634,2038,4685,0,3982,37665,38665,39665,43517,42839,0
Male,High School,Married,52,20000,16290,17301,19012,19959,19962,19988,1289,2000,1300,658,680,16012,17012,18659,19304,19308,0
Male,High School,Married,57,110000,390,390,390,390,390,390,390,390,390,390,390,0,0,0,0,0,0
Male,University,Married,50,350000,83134,84087,86492,91898,189555,192627,3969,4131,7261,103801,6007,80118,82361,84637,85754,186620,0
Male,High School,Married,52,60000,57470,58713,60251,57251,27896,28499,2200,2500,31000,981,1035,56513,57751,26251,26915,27464,1
Male,High School,Single,59,20000,7451,5119,5546,6302,7193,8075,2000,1500,1000,1000,1000,3119,4046,5302,6193,7075,0
Male,Graduate,Married,51,430000,4704,9714,13247,27555,17389,2919,9723,13298,27570,0,2919,-9,-51,-15,17389,0,0
Male,University,Married,51,260000,0,0,0,0,0,0,0,0,0,0,0,0,0,0,0,0,1
Male,University,Married,52,140000,31511,30705,31809,34374,33522,34481,0,1600,3100,0,1500,30705,30209,31274,33522,32981,1
Male,Graduate,Married,50,360000,1858,0,0,3000,0,0,0,0,3000,0,0,0,0,0,0,0,0
Male,University,Married,50,280000,5622,4554,4373,7774,3355,16441,4573,4396,8055,3417,16557,-19,-23,-281,-62,-116,0
Male,University,Married,50,10000,3664,4526,6880,8830,5550,6195,1300,3000,2509,0,6195,3226,3880,6321,5550,0,0
Male,University,Married,49,280000,94916,96838,98878,100899,102900,105057,3500,3600,3666,3683,3815,93338,95278,97233,99217,101242,0
Male,Graduate,Married,63,50000,264,528,264,264,264,264,528,0,264,264,264,0,264,0,0,0,0
Male,University,Single,56,50000,37624,44915,46665,390,430,390,8000,26390,390,430,350,36915,20275,0,0,40,0
Male,University,Married,53,280000,278127,42518,31900,21342,11500,2000,1700,1500,1400,2000,2000,40818,30400,19942,9500,0,1
Male,University,Married,50,20000,18865,36059,18757,15521,13086,7688,1500,2580,1279,654,7688,34559,16177,14242,12432,0,0
Male,University,Married,51,80000,1041,780,390,992,602,-178,1000,0,992,0,0,-220,390,0,602,-178,1
Male,University,Married,51,50000,46094,47157,48669,42360,19840,19840,1831,2343,1611,200,0,45326,46326,40749,19640,19840,0
Male,Graduate,Married,51,360000,346225,353200,337593,341528,350949,355869,14562,13806,12303,15005,13729,338638,323787,329225,335944,342140,1
Male,Graduate,Married,50,260000,390,7516,553,1080,1780,0,7516,553,1080,1780,0,0,0,0,0,0,0
Male,High School,Married,60,20000,17495,16917,17922,18201,18566,19284,0,1287,2000,648,1000,16917,16635,16201,17918,18284,0
Male,University,Married,51,110000,45012,45964,46922,48140,49339,50542,2000,2000,2000,2000,2000,43964,44922,46140,47339,48542,0
Male,University,Single,52,20000,19626,20002,19916,18970,19790,18990,1311,3005,2000,2000,5000,18691,16911,16970,17790,13990,1
Male,Other,Single,55,20000,69257,70055,18997,10404,11170,380,2400,1833,1100,2300,0,67655,17164,9304,8870,380,1
Male,Graduate,Married,60,70000,69956,70688,68912,70652,50686,47093,2500,3300,3700,2100,2000,68188,65612,66952,48586,45093,0
Male,High School,Married,52,30000,3997,2522,0,1919,2658,2497,0,0,1919,2000,1100,2522,0,0,658,1397,1
Male,High School,Married,61,230000,2500,0,0,0,0,0,0,0,0,0,0,0,0,0,0,0,1
Male,High School,Married,57,160000,759,-660,-660,-660,340,596,209,0,0,1000,596,-869,-660,-660,-660,0,1
Male,High School,Married,50,30000,390,390,390,390,390,390,390,390,390,390,390,0,0,0,0,0,0
Male,High School,Other,52,50000,0,0,0,0,0,0,0,0,0,0,0,0,0,0,0,0,1
Male,High School,Married,47,210000,1772,-55,-55,-55,-55,-55,0,0,0,0,0,-55,-55,-55,-55,-55,0
Male,High School,Single,60,50000,46362,47393,48631,49143,27709,27549,1800,2000,1500,1000,1200,45593,46631,47643,26709,26349,0
Male,Graduate,Married,55,150000,97719,99733,97297,98496,99683,101430,4500,0,3700,3700,3500,95233,97297,94796,95983,97930,1
Male,Graduate,Single,55,660000,284334,288120,325889,342408,19903,20843,6486,38507,20000,2000,1000,281634,287382,322408,17903,19843,0
Male,University,Married,47,100000,99823,96932,96924,96122,97432,95062,0,3579,3472,3287,3590,96932,93345,92650,94145,91472,0
Male,University,Married,50,700000,280809,273492,224238,174189,121717,124040,10000,8500,7093,4500,4100,263492,215738,167096,117217,119940,0
Male,Graduate,Married,50,300000,245193,250672,256178,260434,264114,269733,11000,11000,10000,9500,10000,239672,245178,250434,254614,259733,1
Male,Graduate,Married,50,320000,18831,1809,1294,2310,50720,51736,1809,2588,2310,50720,51736,0,-1294,0,0,0,0
Male,Graduate,Married,50,250000,0,0,191,2160,0,900,0,191,2160,0,900,0,0,0,0,0,0
Male,Graduate,Single,50,150000,829,18311,3023,2914,3529,2989,18400,3500,3025,3600,0,-89,-477,-111,-71,2989,0
Male,Graduate,Single,50,200000,-6676,5953,2870,390,1210,2551,16374,2392,500,1210,2551,-10421,478,-110,0,0,1
Male,High School,Single,52,50000,50717,36507,14890,0,0,0,1357,1000,0,0,0,35150,13890,0,0,0,1
Male,Graduate,Married,52,320000,293481,249201,232645,212184,204791,125974,10104,7216,10050,6313,4075,239097,225429,202134,198478,121899,0
Male,High School,Married,51,20000,14962,17580,19748,19290,21000,0,2890,2458,1000,210,0,14690,17290,18290,20790,0,0
Male,University,Married,64,170000,1922,1788,1,2739,1158,685,1788,9,3897,0,685,0,-8,-1158,1158,0,0
Male,University,Married,52,50000,50757,78196,43733,85652,29775,30243,0,5607,16,1167,1051,78196,38126,85636,28608,29192,1
Male,University,Married,52,130000,6954,4110,1030,357,357,370,12,1034,727,0,13,4098,-4,-370,357,357,0
Male,Graduate,Married,59,150000,5066,2616,3766,3289,8356,10916,2616,4097,3371,8923,13919,0,-331,-82,-567,-3003,0
Male,Graduate,Married,53,500000,13331,13307,15734,-101,27145,1479,13941,16392,470,27916,1994,-634,-658,-571,-771,-515,0
Male,University,Married,54,410000,1413,1701,6566,5206,986,986,1710,7064,430,990,990,-9,-498,4776,-4,-4,0
Male,University,Married,53,50000,70820,50813,51131,49099,19739,19905,1998,2374,1130,523,537,48815,48757,47969,19216,19368,0
Male,Other,Married,66,200000,143994,102211,54762,55858,56338,57360,4767,2573,2604,1997,2228,97444,52189,53254,54341,55132,0
Male,High School,Married,55,230000,208273,214423,214585,170063,176893,183699,10012,10000,10000,10000,10000,204411,204585,160063,166893,173699,0
Male,High School,Single,53,20000,19165,16851,14431,9150,10100,0,3000,3000,5000,6000,0,13851,11431,4150,4100,0,1
Male,High School,Married,53,300000,-3,-3,-3,580,992,1205,0,0,583,992,1205,-3,-3,-3,0,0,0
Male,High School,Other,57,20000,19071,20442,20141,19888,20318,20364,2000,1200,1300,1000,1000,18442,18941,18588,19318,19364,0
Male,Graduate,Married,55,380000,59881,61070,62350,63623,64846,66204,2185,2263,2310,2282,2363,58885,60087,61313,62564,63841,0
Male,University,Married,57,150000,14496,15546,16303,15744,16582,17166,1600,1300,0,1100,1000,13946,15003,15744,15482,16166,1
Male,University,Married,53,20000,5397,6153,5914,13385,5490,0,1000,99,13401,5490,0,5153,5815,-16,0,0,0
Male,High School,Single,56,130000,33928,35356,36782,31309,32480,33953,2000,2000,2000,2000,2000,33356,34782,29309,30480,31953,0
Male,Graduate,Married,57,350000,262719,269742,263086,269832,271763,276224,11500,18000,11000,11500,14000,258242,245086,258832,260263,262224,0
Male,Graduate,Married,64,440000,427038,431540,413605,355274,361170,338732,20000,18000,18003,15000,13000,411540,395605,337271,346170,325732,0
Male,University,Married,54,170000,186,116,0,0,0,275,116,0,0,0,275,0,0,0,0,0,0
Male,Graduate,Married,67,70000,275,400,2,2,2,2,10400,10002,0,0,0,-10000,-10000,2,2,2,0
Male,Graduate,Married,58,270000,9211,8913,3255,9052,13615,14743,9012,3286,9097,13683,14774,-99,-31,-45,-68,-31,0
Male,University,Married,59,500000,197792,201418,205895,212010,214287,218266,7200,8000,10010,7500,7266,194218,197895,202000,206787,211000,0
Male,High School,Married,60,200000,135775,136946,142735,149574,151108,142190,4916,8011,10800,5411,0,132030,134724,138774,145697,142190,0
Male,High School,Married,55,290000,21372,25278,29127,32901,36634,40460,5000,5000,5000,5000,5000,20278,24127,27901,31634,35460,0
Male,Graduate,Single,54,50000,48092,35513,35230,32888,19624,20112,2500,2500,3000,2000,2000,33013,32730,29888,17624,18112,0
Male,High School,Married,57,20000,1472,211,-1050,-1440,-1830,780,0,0,0,0,3000,211,-1050,-1440,-1830,-2220,1
Male,High School,Married,56,80000,49897,50892,52472,53674,7886,16432,1822,2401,2581,1238,1816,49070,50071,51093,6648,14616,0
Male,University,Single,55,70000,31081,23839,24717,19754,22032,25070,1474,1352,3722,2500,3292,22365,23365,16032,19532,21778,0
Male,High School,Married,53,50000,48684,49466,50544,25381,9652,9464,1974,2442,1669,330,1342,47492,48102,23712,9322,8122,0
Male,University,Married,55,160000,155389,152162,154715,155026,79051,81089,6911,6500,4270,2518,2994,145251,148215,150756,76533,78095,0
Male,Graduate,Other,57,70000,70051,69398,70352,69936,68118,65942,3567,2667,2321,2391,2316,65831,67685,67615,65727,63626,0
Male,Graduate,Single,59,230000,0,0,0,0,1715,0,0,0,0,1715,0,0,0,0,0,0,0
Male,University,Married,70,180000,12216,13724,15495,16232,16958,17685,1724,2000,1300,1000,1000,12000,13495,14932,15958,16685,0
Male,University,Single,56,20000,19977,19375,18405,17680,18000,19000,0,0,0,1500,1000,19375,18405,17680,16500,18000,0
Male,Graduate,Married,70,350000,106813,100895,70244,64839,57583,45554,4000,3371,2089,3008,1300,96895,66873,62750,54575,44254,0
Male,University,Married,54,70000,20706,21410,22437,23448,23914,24415,1351,1378,1389,855,885,20059,21059,22059,23059,23530,0
Male,University,Single,54,20000,37720,12266,8999,8810,10167,11710,1200,1200,1600,1500,1700,11066,7799,7210,8667,10010,0
Male,University,Single,56,180000,89560,90940,92868,94243,94888,95819,3460,4000,3501,2690,3000,87480,88868,90742,92198,92819,0
Male,High School,Married,56,320000,274210,262737,199761,187759,68920,62702,9441,7821,7361,2227,2046,253296,191940,180398,66693,60656,0
Male,University,Married,53,50000,17946,18946,21904,21243,20225,19850,1306,3264,0,846,856,17640,18640,21243,19379,18994,0
Male,University,Married,56,50000,48895,49455,49245,48657,20050,17376,1775,2070,1232,625,585,47680,47175,47425,19425,16791,0
Male,University,Married,55,180000,6854,560,10600,0,9510,9510,560,10600,0,9510,0,0,0,0,0,9510,1
Male,University,Married,55,130000,780,780,390,390,1080,540,390,0,390,1080,0,390,390,0,0,540,0
Male,High School,Single,57,20000,170,-220,-610,18990,390,930,0,0,19990,390,930,-220,-610,-1000,0,0,0
Male,University,Married,54,500000,108075,106532,102315,90435,91924,81378,5014,4500,4000,4052,3007,101518,97815,86435,87872,78371,0
Male,University,Married,58,50000,382,-286,954,1154,-572,-962,0,1908,764,0,0,-286,-954,390,-572,-962,0
Male,High School,Married,54,760000,447670,455970,462497,469931,474421,480598,20011,19500,19019,18003,20000,435959,442997,450912,456418,460598,0
Male,University,Married,55,20000,13139,12636,15212,14675,14835,15047,0,3100,0,700,600,12636,12112,14675,14135,14447,1
Male,Graduate,Married,54,200000,22413,890,1649,2121,0,51110,890,1649,2121,0,51110,0,0,0,0,0,0
Male,University,Married,59,500000,-3182,-3885,1474,555,1096,1349,0,5359,555,1096,1349,-3885,-3885,0,0,0,0
Male,Graduate,Married,54,70000,1261,1261,390,780,390,0,1261,390,780,0,0,0,0,0,390,0,0
Male,University,Married,54,50000,48556,49240,48647,36411,32087,22909,1804,2045,1314,1268,0,47436,46602,35097,30819,22909,1
Male,University,Single,64,680000,568532,577681,577015,565669,524315,476846,22000,23000,21300,20000,17500,555681,554015,544369,504315,459346,0
Male,University,Married,53,290000,4975,3688,3164,2277,1497,1887,1027,1000,1000,1497,1887,2661,2164,1277,0,0,0
Male,Graduate,Married,53,450000,17530,3873,3119,8970,1323,11990,3885,3128,9008,1323,12008,-12,-9,-38,0,-18,0
Male,Graduate,Married,68,370000,8207,11054,15840,20542,25255,30034,3000,5000,5000,5000,5000,8054,10840,15542,20255,25034,0
Male,Graduate,Married,53,80000,9527,42908,42108,30610,32396,31743,42908,2400,1900,2600,0,0,39708,28710,29796,31743,0
Male,Graduate,Married,57,40000,87313,88918,92387,94078,101340,20650,2729,3692,2846,7540,0,86189,88695,91232,93800,20650,0
Male,Graduate,Married,54,60000,60500,58926,58625,58822,56661,40700,0,2500,2500,3000,4500,58926,56125,56322,53661,36200,0
Male,Graduate,Married,58,300000,13620,5779,-1921,-1921,1912,1921,5823,0,0,3833,9,-44,-1921,-1921,-1921,1912,0
Male,Graduate,Married,69,430000,3658,1962,6591,854,44275,32731,1962,6591,1026,50000,0,0,0,-172,-5725,32731,0
Male,High School,Married,67,190000,186797,191210,195681,190545,191478,187875,9000,9000,0,7033,7348,182210,186681,190545,184445,180527,0
Male,University,Married,65,200000,1269,3784,5755,2255,8014,3635,3789,5860,2282,8042,3640,-5,-105,-27,-28,-5,0
Male,Graduate,Married,54,150000,23959,23276,25294,26780,27143,27563,0,2400,2201,1100,1000,23276,22894,24579,26043,26563,1
Male,Graduate,Married,58,200000,0,0,0,0,0,0,0,0,0,0,0,0,0,0,0,0,1
Male,Graduate,Married,58,50000,55262,53057,50447,34608,22658,18503,2000,1703,1406,721,645,51057,48744,33202,21937,17858,0
Male,Graduate,Married,55,300000,14202,0,0,11940,17693,2402,0,0,11940,17693,2402,0,0,0,0,0,0
Male,University,Married,53,480000,-11,11349,13461,9327,1368,1538,11360,13469,9327,1368,1538,-11,-8,0,0,0,0
Male,High School,Married,53,290000,271508,261713,267792,273208,277225,284010,11000,11800,11500,10000,11000,250713,255992,261708,267225,273010,0
Male,Graduate,Married,54,360000,-281,2520,7508,434,2139,993,3011,7545,502,2205,5,-491,-37,-68,-66,988,1
Male,University,Married,56,110000,93983,88777,82501,54458,45943,44724,3371,2636,1883,1584,1604,85406,79865,52575,44359,43120,0
Female,Graduate,Single,27,220000,375,750,375,375,750,375,750,0,375,750,0,0,375,0,0,375,0
Female,University,Other,59,120000,82172,80266,85919,86910,87893,86370,0,7898,3300,3300,0,80266,78021,83610,84593,86370,1
Female,High School,Single,26,50000,6450,10744,0,0,0,239,4500,0,0,0,239,6244,0,0,0,0,1
Female,University,Married,37,70000,67374,70890,66782,67266,66431,67046,6044,0,2975,2505,2590,64846,66782,64291,63926,64456,0
Female,University,Single,35,30000,29728,30479,13052,0,0,0,1779,3345,0,0,0,28700,9707,0,0,0,0
Female,University,Married,32,60000,13070,14542,15998,16706,17188,17394,2000,2000,1278,760,631,12542,13998,15428,16428,16763,0
Female,University,Single,28,110000,35208,36619,38026,40332,41772,43052,2000,2000,3000,2000,2000,34619,36026,37332,39772,41052,1
Female,High School,Married,30,30000,1483,1378,2381,2967,1746,780,1378,2781,3067,35,780,0,-400,-100,1711,0,0
Female,High School,Married,34,60000,53748,41668,29306,27800,27552,29545,1778,2000,1748,1500,2600,39890,27306,26052,26052,26945,0
Female,Graduate,Single,26,60000,959,0,849,1120,327,531,0,849,1120,327,531,0,0,0,0,0,0
Female,University,Single,24,30000,16704,18121,19030,19424,18818,23307,2000,1500,1000,0,5000,16121,17530,18424,18818,18307,0
Female,High School,Married,49,60000,60335,52211,48293,49311,50290,51346,6751,6803,1821,1800,1866,45460,41490,47490,48490,49480,0
Female,Other,Single,26,180000,42086,96998,133743,135900,159631,160881,90402,100028,20000,26000,7000,6596,33715,115900,133631,153881,0
Female,University,Married,34,240000,65883,66386,67444,68461,69423,70843,3000,3038,3057,3000,3000,63386,64406,65404,66423,67843,0
Female,Graduate,Single,30,220000,8939,316,541,4188,3473,7653,316,541,4188,3473,7653,0,0,0,0,0,0
Female,High School,Married,35,100000,390,390,0,780,0,0,390,0,780,0,0,0,0,0,0,0,0
Female,Graduate,Single,27,180000,4676,5764,6837,9367,8758,8800,1500,1500,2989,0,500,4264,5337,6378,8758,8300,0
Female,University,Married,26,140000,128720,129996,132004,127275,48724,48875,6450,7000,5000,2000,2000,123546,125004,122275,46724,46875,0
Female,University,Married,27,60000,25547,24838,27725,26981,28921,29506,0,3300,0,2400,1200,24838,24425,26981,26521,28306,1
Female,High School,Married,56,90000,59524,57898,57739,55499,48246,47850,2670,2690,3041,3790,2000,55228,55049,52458,44456,45850,0
Female,University,Single,27,50000,16557,17975,20366,22710,23541,23027,2000,3000,3000,1500,0,15975,17366,19710,22041,23027,1
Female,Graduate,Single,28,290000,125679,113486,116427,103550,64527,64030,4315,6000,4000,3000,2500,109171,110427,99550,61527,61530,0
Female,Graduate,Single,47,400000,6573,8155,11724,10570,15120,11453,8195,11755,10617,15189,11495,-40,-31,-47,-69,-42,0
Female,University,Single,35,60000,42174,40510,20513,22123,17094,18668,3090,10709,22154,1000,2000,37420,9804,-31,16094,16668,0
Female,University,Single,29,60000,10450,3388,11722,10937,21528,20835,1011,11000,1220,21528,780,2377,722,9717,0,20055,0
Female,University,Single,29,180000,0,0,4690,0,150,193,0,4690,0,150,193,0,0,0,0,0,1
Female,University,Single,24,130000,128499,131370,123434,122806,125287,127992,5100,4500,4400,4500,4700,126270,118934,118406,120787,123292,0
Female,Graduate,Single,24,110000,85123,40882,35428,39680,44097,42543,2000,2000,5000,5000,0,38882,33428,34680,39097,42543,1
Female,University,Single,35,160000,24306,25590,29169,28406,28836,30208,2000,4000,0,1200,2000,23590,25169,28406,27636,28208,0
Female,Graduate,Single,25,500000,-46,9412,1260,0,1121,6566,9458,1260,0,1121,6000,-46,0,0,0,566,0
Female,Graduate,Single,26,160000,5323,1714,2003,2580,0,380,1726,2235,2605,0,380,-12,-232,-25,0,0,0
Female,Graduate,Single,29,80000,0,416,832,28940,832,0,416,832,28940,832,0,0,0,0,0,0,0
Female,Graduate,Single,28,70000,12018,39270,603,2288,1380,2028,39270,603,2288,1380,2028,0,0,0,0,0,0
Female,Other,Single,27,130000,106852,107599,109902,112635,114472,117556,4000,4030,4600,4200,5000,103599,105872,108035,110272,112556,0
Female,High School,Married,23,20000,5373,7286,8311,11179,10400,3782,2000,1132,3000,1000,3782,5286,7179,8179,9400,0,0
Female,High School,Single,27,90000,94699,92290,90719,39902,39200,38531,0,4183,1600,1280,1310,92290,86536,38302,37920,37221,1
Female,Graduate,Single,24,30000,4848,6524,6290,4440,4531,1300,3000,1108,1000,91,26,3524,5182,3440,4440,1274,0
Female,University,Single,25,360000,354626,356006,351383,335323,332865,333404,14000,14000,12000,12000,12000,342006,337383,323323,320865,321404,1
Female,University,Single,30,150000,106911,105889,96548,87085,52323,51260,4000,4500,5000,2000,1700,101889,92048,82085,50323,49560,0
Female,University,Married,26,360000,358897,357100,362900,293597,249345,228470,14245,14061,11028,8813,7900,342855,348839,282569,240532,220570,1
Female,Graduate,Single,29,160000,3462,4673,12741,10023,11023,8922,4000,12841,1000,1000,178,673,-100,9023,10023,8744,0
Female,High School,Married,51,120000,26496,28586,33828,34236,34734,35292,2800,6000,1200,1300,1200,25786,27828,33036,33434,34092,0
Female,University,Married,25,160000,83005,84023,81765,84265,84437,81265,3900,3300,3906,3000,3100,80123,78465,80359,81437,78165,0
Female,Graduate,Single,27,190000,14671,15141,17574,18943,20405,42921,2000,3000,2000,2000,25921,13141,14574,16943,18405,17000,0
Female,Graduate,Single,28,110000,65024,61848,57944,53857,35036,31973,2500,2900,2000,2000,2000,59348,55044,51857,33036,29973,0
Female,University,Single,26,290000,291861,254619,226755,155527,125986,107792,9596,7700,4402,3300,3100,245023,219055,151125,122686,104692,0
Female,Graduate,Single,24,20000,0,1516,500,0,0,1500,1516,500,0,0,1500,0,0,0,0,0,0
Female,Graduate,Single,28,200000,0,344,344,344,0,0,344,0,0,0,0,0,344,344,0,0,0
Female,Graduate,Single,30,440000,777,612,87426,171244,150897,117870,612,87426,130007,3018,15000,0,0,41237,147879,102870,0
Female,Graduate,Single,27,70000,43616,44597,45784,46528,47458,48347,2000,2200,1800,2000,1800,42597,43584,44728,45458,46547,1
Female,University,Single,24,160000,39604,24023,21323,18933,12763,0,1378,1533,1000,255,0,22645,19790,17933,12508,0,0
Female,University,Single,30,120000,140,3230,3011,1964,1883,1538,3230,3011,1964,1883,1538,0,0,0,0,0,0
Female,High School,Married,22,20000,16358,17063,18406,18992,16564,16944,1282,1625,1209,1000,570,15781,16781,17783,15564,16374,0
Female,Graduate,Single,27,310000,1000,304,1852,2587,8441,14761,152,1868,2587,8441,14761,152,-16,0,0,0,0
Female,High School,Married,29,80000,15008,17434,19145,21807,24442,27038,3000,2000,3000,3000,3000,14434,17145,18807,21442,24038,0
Female,University,Single,29,180000,77494,75658,76942,80419,90715,37376,0,3100,5000,11000,1000,75658,73842,75419,79715,36376,0
Female,Graduate,Single,28,250000,176925,179079,186166,189786,195130,198147,7000,10000,10000,10000,7300,172079,176166,179786,185130,190847,1
Female,University,Single,24,180000,8031,9269,9029,11186,23320,6666,2009,2626,3000,23320,1000,7260,6403,8186,0,5666,1
Female,University,Single,29,130000,120844,123333,126347,129249,132093,129155,4500,5000,5000,5000,4700,118833,121347,124249,127093,124455,1
Female,High School,Married,27,330000,7098,4863,906,46353,2175,30824,4885,906,46789,10,30824,-22,0,-436,2165,0,0
Female,University,Single,29,310000,135195,78756,44127,44782,2108,1983,3500,2500,2150,1000,2000,75256,41627,42632,1108,-17,0
Female,Graduate,Single,25,70000,27990,24526,25532,25971,14859,14930,1394,1790,1229,519,687,23132,23742,24742,14340,14243,0
Female,University,Single,29,30000,18872,21734,21103,22939,22273,22814,3500,0,2500,0,900,18234,21103,20439,22273,21914,1
Female,University,Married,29,290000,112676,113924,116828,119857,122243,124885,4500,4630,4857,4251,4485,109424,112198,115000,117992,120400,1
Female,Graduate,Single,29,260000,19006,19113,16376,2590,390,390,6005,1525,2590,390,390,13108,14851,0,0,0,1
Female,Graduate,Single,26,250000,187336,184608,188570,188585,205272,208778,10000,10065,10000,20000,10000,174608,178505,178585,185272,198778,0
Female,University,Single,28,120000,0,0,0,0,0,0,0,0,0,0,0,0,0,0,0,0,1
Female,Graduate,Single,26,230000,166511,159766,142435,136502,122572,110839,6722,6500,6020,4056,4000,153044,135935,130482,118516,106839,0
Female,Graduate,Single,27,390000,375023,376767,359292,348513,272077,225079,13313,13705,15454,144206,9000,363454,345587,333059,127871,216079,0
Female,University,Married,28,30000,435,0,0,295,-5,-5,0,0,295,5,0,0,0,0,-10,-5,0
Female,University,Single,26,50000,49119,44419,42521,38517,19221,19774,0,3213,1331,1000,1000,44419,39308,37186,18221,18774,1
Female,Graduate,Single,28,180000,49550,43015,50238,49461,43877,32411,3006,10017,2018,1022,2322,40009,40221,47443,42855,30089,0
Female,University,Single,34,500000,367463,287148,262173,90450,9685,-39046,10584,30232,3018,1335,30000,276564,231941,87432,8350,-69046,0
Female,Graduate,Single,29,50000,2463,0,0,536,326,652,0,0,536,326,652,0,0,0,0,0,0
Female,University,Married,28,80000,8432,928,3602,5495,10059,5700,928,3602,5495,10109,5700,0,0,0,-50,0,0
Female,University,Married,28,460000,25537,23314,16098,3316,3316,3316,1335,10000,3316,3316,3316,21979,6098,0,0,0,0
Female,High School,Married,28,150000,3558,4725,2980,3234,0,0,2000,1000,2234,0,0,2725,1980,1000,0,0,0
Female,University,Married,27,50000,48292,47171,37779,28424,29133,27509,2300,1900,1500,1194,1000,44871,35879,26924,27939,26509,0
Female,Graduate,Single,27,20000,5888,4088,6597,9333,4133,8456,4813,6597,5000,4431,8500,-725,0,4333,-298,-44,0
Female,Graduate,Single,33,350000,14118,4278,8621,970,1345,2267,3922,8621,970,1000,1917,356,0,0,345,350,0
Female,University,Married,24,20000,19915,19902,19299,20686,20073,19470,600,0,2000,0,0,19302,19299,18686,20073,19470,1
Female,Graduate,Single,29,400000,3807,3168,372,20031,916,30979,3168,372,20231,916,30979,0,0,-200,0,0,0
Female,University,Single,35,490000,48108,45281,46705,41125,20205,6483,3000,5015,5007,20205,3000,42281,41690,36118,0,3483,0
Female,Graduate,Single,30,280000,596,645,2550,349,1148,785,645,2550,349,1148,785,0,0,0,0,0,0
Female,University,Single,23,50000,48570,48599,49124,48930,50316,62794,1773,2246,2000,3000,1725,46826,46878,46930,47316,61069,0
Female,University,Married,24,20000,19891,15895,17140,18457,21381,18914,0,1500,1600,1646,678,15895,15640,16857,19735,18236,1
Female,Graduate,Single,27,90000,46588,49496,48425,50611,52764,55898,4000,0,3000,3000,4000,45496,48425,47611,49764,51898,0
Female,Graduate,Single,29,150000,1639,592,3784,2340,5920,5400,592,3791,2340,5920,5400,0,-7,0,0,0,0
Female,Graduate,Single,28,70000,37325,38402,39476,40818,41833,45165,2000,2000,2000,2000,4000,36402,37476,38818,39833,41165,0
Female,Graduate,Single,30,230000,1432,1094,665,582,472,746,1094,665,582,472,746,0,0,0,0,0,0
Female,University,Single,29,200000,3334,4772,7675,10519,6980,8702,1500,3000,3000,1000,2000,3272,4675,7519,5980,6702,0
Female,University,Single,28,500000,182416,150298,88448,58009,47336,7112,5000,3850,3248,13736,14256,145298,84598,54761,33600,-7144,0
Female,University,Single,28,160000,968,708,1841,441,3438,3046,710,1913,0,3456,3054,-2,-72,441,-18,-8,0
Female,University,Married,29,250000,390,0,49140,32699,32949,34150,0,49140,1596,5000,2000,0,0,31103,27949,32150,1
Female,University,Single,27,60000,57697,48934,44653,44056,42210,41796,2200,5000,2000,1500,2000,46734,39653,42056,40710,39796,1
Female,University,Single,25,180000,3887,0,0,0,2454,4710,0,0,0,2454,3000,0,0,0,0,1710,0
Female,Graduate,Married,34,500000,30376,32715,60927,76088,110294,108964,15000,30007,30000,50000,5000,17715,30920,46088,60294,103964,0
Female,University,Married,25,50000,52207,51067,51278,49425,30113,29644,0,2536,13,1199,1058,51067,48742,49412,28914,28586,0
Female,University,Married,30,140000,0,0,0,0,0,1122,0,0,0,0,1122,0,0,0,0,0,0
Female,Graduate,Single,28,460000,21333,16560,12570,19403,10063,8628,4560,2500,9456,10063,0,12000,10070,9947,0,8628,0
Female,University,Single,39,160000,30633,37119,36263,43481,43515,49619,7000,0,7847,1026,7000,30119,36263,35634,42489,42619,1
Female,Graduate,Single,29,50000,0,0,0,0,0,429,0,0,0,0,429,0,0,0,0,0,0
Female,Graduate,Single,26,110000,103705,94786,94708,83765,73122,74366,3500,3500,3000,3700,12488,91286,91208,80765,69422,61878,0
Female,University,Single,24,100000,65744,67050,68456,69849,71240,72736,2398,2485,2532,2549,2643,64652,65971,67317,68691,70093,0
Female,Graduate,Single,29,80000,19833,21192,22842,24147,29133,28532,2000,2000,2000,5394,0,19192,20842,22147,23739,28532,0
Female,Graduate,Single,27,230000,2978,6666,1951,67101,5136,10316,7000,1951,67101,5142,10316,-334,0,0,-6,0,0
Female,University,Married,38,280000,8868,14766,16272,10496,6876,34574,10006,10018,7011,6000,37000,4760,6254,3485,876,-2426,0
Female,University,Single,22,20000,22353,21720,21098,20334,19943,19956,0,0,0,458,463,21720,21098,20334,19485,19493,1
Female,University,Single,22,30000,30324,30123,30299,27758,22720,19136,1900,1600,2000,2000,614,28223,28699,25758,20720,18522,1
Female,University,Married,23,30000,40439,37936,36489,33971,31632,28677,0,1011,0,0,0,37936,35478,33971,31632,28677,1
Female,Graduate,Single,23,30000,10210,13754,-191,24149,25452,25104,6000,250,25000,2000,1000,7754,-441,-851,23452,24104,0
Female,University,Single,23,30000,729,479,859,755,755,220,483,859,755,0,0,-4,0,0,755,220,1
Female,University,Single,24,110000,90929,92303,92114,70057,28492,107453,3550,3200,2500,1600,80000,88753,88914,67557,26892,27453,0
Female,University,Single,25,30000,28518,27774,28987,24960,14358,16123,0,2027,2000,1000,2000,27774,26960,22960,13358,14123,0
Female,University,Single,25,220000,215036,216083,217461,212995,182534,169250,7800,8200,7039,6528,6100,208283,209261,205956,176006,163150,0
Female,University,Single,26,20000,0,0,1568,1398,920,0,0,1568,1000,302,0,0,0,398,618,0,0
Female,University,Single,26,60000,55892,56685,55208,59175,60218,55447,2300,0,5000,2511,6,54385,55208,54175,57707,55441,0
Female,High School,Married,48,90000,1102,-14,21816,316,632,316,0,22146,0,632,0,-14,-330,316,0,316,0
Female,Graduate,Single,30,100000,92909,96454,98010,99633,88708,93474,6000,4000,4507,2983,6000,90454,94010,95126,85725,87474,0
Female,University,Married,33,70000,52901,43981,33439,24926,10681,7431,2011,1683,3160,3000,3000,41970,31756,21766,7681,4431,0
Female,University,Single,28,210000,40236,29230,24717,26563,22812,13620,2200,1854,2700,0,0,27030,22863,23863,22812,13620,0
Female,University,Single,22,50000,51417,48260,43889,35324,24146,22914,2054,1981,1344,810,828,46206,41908,33980,23336,22086,0
Female,Graduate,Single,22,50000,4112,3900,7737,3406,1470,1500,0,4019,2500,0,30,3900,3718,906,1470,1470,0
Female,University,Single,22,20000,18021,17439,17466,17846,18310,18923,0,600,1000,1000,1000,17439,16866,16846,17310,17923,1
Female,High School,Single,23,130000,1330,5719,15578,19887,11659,11735,5719,10000,5000,2000,2000,0,5578,14887,9659,9735,1
Female,Graduate,Married,44,360000,0,0,0,0,0,0,0,0,0,0,0,0,0,0,0,0,0
Female,Graduate,Single,26,200000,134780,138349,141821,145144,148268,151604,6000,6000,6000,6000,6000,132349,135821,139144,142268,145604,0
Female,Graduate,Married,35,130000,23693,27228,30795,38637,39259,72981,4257,4338,8399,1260,34721,22971,26457,30238,37999,38260,0
Female,University,Married,23,100000,6584,7560,4470,1490,542,679,2500,1193,1000,0,400,5060,3277,490,542,279,0
Female,University,Single,22,80000,77408,78363,72602,72525,56951,21952,2677,3341,1850,1499,933,75686,69261,70675,55452,21019,0
Female,University,Single,22,60000,61558,59967,59693,39686,30077,30761,10,3616,301,2501,1300,59957,56077,39385,27576,29461,1
Female,University,Single,23,50000,50614,48702,47770,37239,20526,19771,2500,1700,2151,687,2000,46202,46070,35088,19839,17771,0
Female,University,Single,23,10000,5699,7434,8164,7889,7614,7990,2000,1000,0,0,500,5434,7164,7889,7614,7490,1
Female,High School,Single,23,30000,27588,30354,29150,26731,29273,29887,3540,73,1418,4499,1200,26814,29077,25313,24774,28687,1
Female,University,Single,23,50000,26001,16982,19313,18700,0,0,1282,2613,0,0,0,15700,16700,18700,0,0,0
Female,Graduate,Single,22,50000,4536,0,0,0,0,0,0,0,0,0,0,0,0,0,0,0,1
Female,University,Single,22,30000,11222,11738,13255,14380,14081,10796,1000,2000,1670,551,0,10738,11255,12710,13530,10796,1
Female,University,Single,22,50000,11970,14445,16391,17804,10868,12151,3000,2500,2050,0,2000,11445,13891,15754,10868,10151,0
Female,University,Single,22,70000,68969,67682,68448,69316,29083,28140,3200,3600,3075,1204,1200,64482,64848,66241,27879,26940,0
Female,Graduate,Single,22,20000,12831,12328,15195,14659,14642,15102,0,3077,0,524,696,12328,12118,14659,14118,14406,1
Female,University,Single,22,30000,19502,8999,11797,11972,16482,9082,3000,3000,4000,5000,5000,5999,8797,7972,11482,4082,0
Female,University,Single,24,30000,24835,23527,20701,8263,0,0,1485,1138,1000,0,0,22042,19563,7263,0,0,0
Female,University,Single,24,80000,17220,14844,12718,8808,7952,7925,1400,1600,1088,245,636,13444,11118,7720,7707,7289,0
Female,Graduate,Single,24,130000,3621,4530,6627,3300,0,18300,1130,2227,200,0,18300,3400,4400,3100,0,0,0
Female,University,Single,23,10000,9438,1985,9436,8057,8891,-873,1985,9436,1000,1500,0,0,0,7057,7391,-873,0
Female,High School,Single,23,70000,14816,8237,-2601,69823,30446,29585,1000,695,73820,1042,1054,7237,-3296,-3997,29404,28531,0
Female,University,Single,21,20000,19039,19684,18825,19876,20040,17755,1286,1416,1467,631,730,18398,17409,18409,19409,17025,0
Female,University,Single,22,20000,0,6594,4840,780,390,0,6594,0,780,0,0,0,4840,0,390,0,0
Female,University,Single,22,30000,24874,26163,26449,27915,27170,29071,2000,1000,2201,0,2500,24163,25449,25714,27170,26571,0
Female,High School,Single,22,50000,2498,-2,1697,0,0,5000,0,1699,0,0,5000,-2,-2,0,0,0,0
Female,University,Single,24,20000,396,1301,12056,11151,11219,18120,1301,11151,0,600,8120,0,905,11151,10619,10000,0
Female,University,Single,22,60000,46403,34438,30920,27817,26281,26830,1544,1759,1500,940,972,32894,29161,26317,25341,25858,1
Female,University,Single,23,50000,900,2757,4893,390,390,1670,3147,4893,390,390,1670,-390,0,0,0,0,0
Female,Graduate,Single,22,20000,19458,18786,16249,16478,10735,3274,1552,1381,1000,215,65,17234,14868,15478,10520,3209,0
Female,University,Single,22,30000,19759,19973,22058,24598,26564,27521,3000,3500,3000,2500,2000,16973,18558,21598,24064,25521,0
Female,University,Single,23,20000,15596,15053,15773,17102,18704,18263,0,1269,1598,2200,0,15053,14504,15504,16504,18263,1
Female,Graduate,Single,23,10000,3413,5188,6937,7946,8714,8432,2000,2000,1132,900,0,3188,4937,6814,7814,8432,0
Female,Graduate,Single,22,50000,50813,50558,50455,49443,20405,19494,1972,2369,3592,1029,723,48586,48086,45851,19376,18771,0
Female,Graduate,Married,22,70000,64525,66548,67344,62083,29914,29406,3093,2594,4512,0,1070,63455,64750,57571,29914,28336,0
Female,High School,Other,23,20000,14702,16445,17563,18290,18665,19077,2000,1388,1115,490,531,14445,16175,17175,18175,18546,0
Female,University,Single,23,50000,14191,5896,6175,10000,1952,406,5896,2006,5074,1300,406,0,4169,4926,652,0,0
Female,University,Married,23,30000,27997,26049,27222,27729,28437,25336,1800,1900,1330,1038,1128,24249,25322,26399,27399,24208,0
Female,University,Single,22,50000,49619,50629,50778,48261,28768,29370,1836,1985,1468,1175,1214,48793,48793,46793,27593,28156,0
Female,High School,Single,23,30000,30051,29274,30498,29713,29819,30342,0,2000,1500,2000,1100,29274,28498,28213,27819,29242,0
Female,University,Single,23,80000,68594,66893,72307,70556,74021,75675,0,6507,0,5260,3000,66893,65800,70556,68761,72675,0
Female,High School,Single,23,50000,32644,34096,34941,34243,28014,28528,2000,1700,1502,1000,1200,32096,33241,32741,27014,27328,0
Female,Graduate,Single,24,20000,16582,17721,18762,19729,20134,19590,1422,1333,1300,700,1000,16299,17429,18429,19434,18590,0
Female,Graduate,Single,25,30000,26376,27483,28242,16498,16923,17649,1550,1308,1300,700,1000,25933,26934,15198,16223,16649,0
Female,Graduate,Single,25,80000,69614,68836,69714,57318,46921,41072,3238,3103,3000,1800,1500,65598,66611,54318,45121,39572,1
Female,Graduate,Single,25,140000,30077,2809,7541,10661,2214,6020,2809,7541,10661,2214,6020,0,0,0,0,0,0
Female,University,Single,26,210000,119269,60133,56076,39135,25396,18553,2345,1915,5028,3200,371,57788,54161,34107,22196,18182,0
Female,Graduate,Single,26,200000,200849,146340,146660,145623,144166,145141,80000,4600,6000,4700,4800,66340,142060,139623,139466,140341,0
Female,University,Single,22,20000,14645,14113,18550,17867,18072,17899,0,4675,0,701,563,14113,13875,17867,17371,17336,0
Female,University,Married,22,30000,30525,28574,14220,14188,7058,7976,1725,0,1230,1000,1000,26849,14220,12958,6058,6976,1
Female,High School,Single,23,150000,11329,10775,11829,7031,7172,5833,1219,1273,1069,1683,202,9556,10556,5962,5489,5631,0
Female,Graduate,Single,24,60000,35138,35776,34783,32158,28991,28434,1553,2000,1508,1080,1003,34223,32783,30650,27911,27431,0
Female,University,Single,21,20000,10109,11153,11841,4725,9135,18355,3000,2000,1200,5000,10000,8153,9841,3525,4135,8355,0
Female,Graduate,Single,25,150000,119788,112824,92456,80532,59866,49472,4728,3610,2377,1714,828,108096,88846,78155,58152,48644,0
Female,Graduate,Single,25,70000,1288,0,1999,0,0,842,0,1999,0,0,842,0,0,0,0,0,0
Female,University,Married,30,60000,65460,64128,62736,59133,57662,53059,2299,2232,2152,2226,1908,61829,60504,56981,55436,51151,1
Female,High School,Married,23,30000,30380,25839,25963,27030,29079,29865,1,1433,1500,2500,1400,25838,24530,25530,26579,28465,1
Female,University,Single,31,330000,30532,33814,38243,39603,40542,41239,3814,5000,2000,1598,1500,30000,33243,37603,38944,39739,0
Female,High School,Single,22,20000,1650,1650,1650,1650,1650,1650,0,0,0,0,0,1650,1650,1650,1650,1650,1
Female,University,Married,35,180000,1175,5317,8388,8529,7739,3803,5317,3200,2700,2000,76,0,5188,5829,5739,3727,0
Female,Graduate,Single,23,20000,23809,24798,24258,24172,21959,20898,1700,1800,2350,0,1000,23098,22458,21822,21959,19898,0
Female,University,Single,24,130000,14518,15000,0,1207,0,0,1150,0,1207,0,0,13850,0,0,0,0,0
Female,University,Single,25,30000,28709,28649,29619,30224,27326,30297,1462,1589,1351,2500,4000,27187,28030,28873,24826,26297,1
Female,University,Single,22,30000,27762,30392,27688,28134,29591,28883,5000,0,3000,2000,1300,25392,27688,25134,27591,27583,0
Female,Graduate,Single,37,500000,315,2579,3824,813,0,4443,2579,3824,813,0,4443,0,0,0,0,0,0
Female,Graduate,Married,38,450000,108390,96704,84033,72279,55757,37161,4300,3073,3000,2000,1500,92404,80960,69279,53757,35661,0
Female,University,Single,22,50000,44593,33019,13552,0,28105,29684,5000,3000,0,28105,2000,28019,10552,0,0,27684,0
Female,University,Single,24,60000,58692,61225,54673,2193,8258,0,5000,1098,2193,8258,0,56225,53575,0,0,0,0
Female,University,Single,22,130000,0,0,1485,299,0,0,0,1485,0,0,0,0,0,299,0,0,0
Female,University,Single,25,280000,139019,141146,129252,103317,101085,104181,4074,4232,4022,3000,4010,137072,125020,99295,98085,100171,0
Female,University,Married,26,100000,7086,7644,8197,9203,3815,5493,1500,1500,2000,1000,2493,6144,6697,7203,2815,3000,0
Female,Graduate,Single,24,60000,57802,58960,60862,59279,59176,58128,2960,2866,2279,2276,2128,56000,57996,57000,56900,56000,0
Female,Graduate,Single,25,80000,177,1200,0,0,7240,0,1200,0,0,7240,0,0,0,0,0,0,0
Female,Graduate,Single,27,130000,0,1386,5275,198,3992,8893,1386,4000,198,3992,5000,0,1275,0,0,3893,0
Female,University,Single,21,30000,9696,10406,5068,2023,1163,0,2000,1000,1002,23,0,8406,4068,1021,1140,0,0
Female,University,Single,22,50000,38633,36378,33533,28591,28390,28739,500,2231,1500,1300,1700,35878,31302,27091,27090,27039,0
Female,University,Single,23,50000,43634,0,0,0,0,0,0,0,0,0,0,0,0,0,0,0,1
Female,High School,Single,23,50000,7285,7022,7887,8898,9565,9267,0,1138,1149,816,0,7022,6749,7749,8749,9267,1
Female,University,Single,23,90000,90508,89618,75342,71668,49358,50296,3432,3615,3511,2500,2000,86186,71727,68157,46858,48296,1
Female,Graduate,Single,23,70000,-22,-11,5173,6345,7083,8961,0,69900,1262,1000,2000,-11,-64727,5083,6083,6961,0
Female,University,Single,25,110000,80374,81652,47291,43857,45684,40994,3000,3000,2173,3000,3500,78652,44291,41684,42684,37494,0
Female,University,Single,25,80000,81477,81058,80510,81565,81232,81422,3100,2931,3600,2908,3117,77958,77579,77965,78324,78305,0
Female,High School,Single,23,50000,49971,51132,50608,37700,11325,9814,2303,2252,2498,372,500,48829,48356,35202,10953,9314,0
Female,University,Single,23,130000,13429,2984,9811,5136,19040,2940,1000,10363,5177,19040,2940,1984,-552,-41,0,0,0
Female,Graduate,Single,24,130000,7353,3700,0,0,0,297,3727,0,0,0,297,-27,0,0,0,0,0
Female,University,Single,24,60000,28277,27295,27403,23837,23078,22618,1450,1724,1600,1000,1000,25845,25679,22237,22078,21618,1
Female,High School,Single,24,140000,0,580,2298,299,3330,0,580,2500,502,3531,0,0,-202,-203,-201,0,0
Female,University,Single,24,110000,72184,69650,70172,48720,48540,43692,0,3200,2478,2000,1900,69650,66972,46242,46540,41792,0
Female,University,Single,24,100000,7127,6867,8095,9296,10241,9936,0,1500,1500,1100,0,6867,6595,7796,9141,9936,1
Female,University,Married,24,20000,17599,18920,19000,0,80,540,1920,1000,0,40,1000,17000,18000,0,40,-460,0
Female,University,Single,24,90000,89608,87743,87363,74329,48451,48715,4507,4000,2500,2000,2000,83236,83363,71829,46451,46715,0
Female,University,Married,24,50000,46437,40703,20215,21116,20036,18952,1912,1370,1271,664,658,38791,18845,19845,19372,18294,0
Female,University,Single,24,30000,1513,27350,28561,29684,32650,34299,26500,2048,2000,3769,5007,850,26513,27684,28881,29292,0
Female,University,Married,23,130000,579,1186,0,497,0,186,1186,0,497,0,186,0,0,0,0,0,1
Female,University,Single,26,50000,390,2078,390,390,0,780,2078,390,390,0,780,0,0,0,0,0,0
Female,University,Married,23,80000,79874,60000,47160,32382,8706,3876,2100,2026,4360,2000,1000,57900,45134,28022,6706,2876,0
Female,University,Single,23,50000,21699,33109,32856,27438,4786,768,11877,1660,1600,624,768,21232,31196,25838,4162,0,0
Female,Graduate,Single,24,130000,78744,74511,81315,75538,77172,79442,3500,10000,4000,3500,3500,71011,71315,71538,73672,75942,0
Female,Graduate,Single,24,20000,390,390,390,1052,662,1202,390,390,1052,0,2030,0,0,0,662,-828,0
Female,Graduate,Single,24,120000,0,0,0,0,1000,0,0,0,0,1000,0,0,0,0,0,0,0
Female,University,Single,24,20000,9739,12322,3023,2748,12351,13927,3023,0,0,12351,4000,9299,3023,2748,0,9927,0
Female,University,Single,24,80000,13118,11622,12011,3210,1651,2256,1500,1511,1000,1000,2256,10122,10500,2210,651,0,0
Female,Graduate,Single,24,50000,35871,36312,35827,32834,29052,28288,5000,5000,5716,3000,2000,31312,30827,27118,26052,26288,0
Female,Graduate,Single,24,100000,76025,68016,63520,64825,65725,67183,3000,3600,3000,2500,2600,65016,59920,61825,63225,64583,0
Female,University,Single,24,70000,12954,14425,18171,20861,20231,22831,2000,4000,3000,0,3100,12425,14171,17861,20231,19731,0
Female,University,Married,25,90000,7766,13788,15459,43380,46632,14177,93788,10000,33000,5300,5000,-80000,5459,10380,41332,9177,0
Female,University,Single,25,280000,6714,4526,3868,389,389,384,22,4277,390,390,385,4504,-409,-1,-1,-1,0
Female,Graduate,Single,26,400000,2871,6260,6651,6542,7093,9134,4016,4020,4066,4009,4021,2244,2631,2476,3084,5113,0
Female,High School,Single,26,130000,113707,115323,120461,121177,4623,5402,5000,7000,5000,2000,2000,110323,113461,116177,2623,3402,0
Female,Other,Single,22,30000,24979,26418,26791,14500,0,0,1859,1232,1040,0,0,24559,25559,13460,0,0,1
Female,High School,Single,23,50000,25046,25174,27850,27038,27465,20943,1724,3400,0,1000,900,23450,24450,27038,26465,20043,1
Female,University,Single,23,80000,21775,21127,23772,23092,24806,24272,0,3000,0,2100,0,21127,20772,23092,22706,24272,1
Female,High School,Single,22,50000,24729,22719,18408,19330,19561,19815,1651,0,1573,804,675,21068,18408,17757,18757,19140,0
Female,Graduate,Single,23,10000,8356,7864,6171,1681,0,0,1200,0,1681,0,0,6664,6171,0,0,0,0
Female,University,Single,24,90000,83590,84960,85744,79963,70021,70853,3200,3110,4677,3200,2500,81760,82634,75286,66821,68353,0
Female,Graduate,Single,24,50000,8506,10194,10928,10456,11279,12095,2000,1200,0,1000,1000,8194,9728,10456,10279,11095,1
Female,University,Single,24,100000,3587,660,6010,2789,2973,3611,660,6010,2789,2973,3611,0,0,0,0,0,0
Female,University,Married,25,90000,90371,87525,89052,85807,68186,69011,4100,4200,3000,3000,3000,83425,84852,82807,65186,66011,1
Female,Graduate,Single,25,100000,40083,44385,45117,25845,7141,9141,5000,2000,2030,3000,2000,39385,43117,23815,4141,7141,0
Female,Graduate,Single,26,310000,297,0,0,0,0,0,0,0,0,0,0,0,0,0,0,0,0
Female,Graduate,Single,26,210000,7271,4951,1815,3789,4721,5641,6,1600,2000,1000,1000,4945,215,1789,3721,4641,0
Female,University,Single,25,340000,-2,-2,466,-3,1292,586,0,468,0,649,1178,-2,-2,-3,643,-592,0
Female,University,Married,25,30000,27458,21203,18394,19560,13035,13836,1267,1342,1508,500,1000,19936,17052,18052,12535,12836,1
Female,University,Single,25,70000,67588,68983,70691,71692,67740,68470,3100,3400,2752,0,5156,65883,67291,68940,67740,63314,1
Female,Graduate,Single,25,450000,0,0,0,0,0,0,0,0,0,0,0,0,0,0,0,0,0
Female,Graduate,Single,26,110000,111306,111038,87820,67259,50007,51202,3931,2885,2212,1789,2000,107107,84935,65047,48218,49202,0
Female,University,Married,26,30000,3761,7215,2730,1770,0,11242,7231,2732,1770,0,11242,-16,-2,0,0,0,0
Female,University,Single,26,10000,6220,5975,8104,7807,8329,6613,0,2400,0,615,0,5975,5704,7807,7714,6613,1
Female,Graduate,Single,26,50000,49392,50350,50154,49766,24492,22974,1786,2162,1724,600,1000,48564,47992,48042,23892,21974,0
Female,Graduate,Single,27,120000,13060,23008,119558,93652,23862,0,23008,100000,3500,1000,0,0,19558,90152,22862,0,0
Female,Graduate,Single,27,210000,21275,18405,76779,67518,66364,65038,2079,67000,2300,2365,2000,16326,9779,65218,63999,63038,0
Female,University,Single,27,260000,895,0,0,0,0,0,0,0,0,0,0,0,0,0,0,0,0
Female,Graduate,Single,27,300000,183468,180149,168098,181257,175362,179536,10000,6500,20000,7000,7000,170149,161598,161257,168362,172536,0
Female,Graduate,Single,27,160000,96441,98353,99864,101900,103924,106101,4406,4000,3699,3719,3851,93947,95864,98201,100205,102250,0
Female,University,Single,27,30000,8476,9677,10715,13218,12709,17463,1500,1500,3000,0,5000,8177,9215,10218,12709,12463,0
Female,University,Married,22,120000,121522,120084,122250,70901,40860,39553,2000,5700,2964,1527,1407,118084,116550,67937,39333,38146,0
Female,University,Single,23,70000,68410,67449,66767,65528,47888,44198,2413,2605,2013,2003,1607,65036,64162,63515,45885,42591,0
Female,Graduate,Single,23,90000,3030,0,0,4220,1130,212,0,0,4220,1130,212,0,0,0,0,0,0
Female,University,Single,24,60000,57674,59213,60764,60070,40479,39871,2500,2505,2000,3003,1500,56713,58259,58070,37476,38371,0
Female,Graduate,Single,24,60000,22504,23547,24877,21465,21218,21300,1420,1750,1338,761,925,22127,23127,20127,20457,20375,0
Female,Graduate,Single,22,50000,49772,50537,49556,49902,38391,29427,1778,2110,1456,1360,1057,48759,47446,48446,37031,28370,0
Female,Graduate,Single,23,100000,4357,1897,4153,2972,1990,1861,1901,4153,1000,1990,1861,-4,0,1972,0,0,0
Female,University,Married,24,50000,34983,34922,37248,30640,16158,0,1700,3000,1200,2000,0,33222,34248,29440,14158,0,0
Female,University,Single,24,20000,322,322,322,322,322,322,0,0,0,0,0,322,322,322,322,322,1
Female,Graduate,Single,24,80000,34106,33045,32318,30171,32950,30899,3000,3000,2000,5000,3000,30045,29318,28171,27950,27899,0
Female,Other,Single,26,300000,293880,242669,76777,34072,11632,15429,11128,47009,34044,11677,15483,231541,29768,28,-45,-54,0
Female,University,Single,23,100000,892,2180,10876,11714,7177,10455,2180,10876,3000,7177,10455,0,0,8714,0,0,0
Female,University,Single,25,140000,140286,143649,435,556,92556,94567,6500,436,621,94500,3500,137149,-1,-65,-1944,91067,1
Female,University,Single,23,80000,71975,64153,47680,33336,24439,26187,3139,4000,3000,2000,2000,61014,43680,30336,22439,24187,1
Female,High School,Single,23,60000,30660,30286,29757,30122,30498,28647,1800,1630,3000,2000,2000,28486,28127,27122,28498,26647,0
Female,University,Single,23,230000,-15,6179,1502,708,2882,1939,6194,1502,708,2896,1939,-15,0,0,-14,0,0
Female,University,Single,25,120000,46953,48670,49587,50961,53597,55094,2500,2000,2500,4100,2500,46170,47587,48461,49497,52594,0
Female,Graduate,Single,23,50000,48771,50062,51016,48133,47822,48126,2106,4206,391,1700,1806,47956,46810,47742,46122,46320,0
Female,Graduate,Single,24,60000,59267,60042,59225,59947,60107,57338,2694,2800,2300,2250,2081,57348,56425,57647,57857,55257,0
Female,University,Single,24,50000,50096,49917,0,24415,25305,25775,1000,0,24415,1295,1275,48917,0,0,24010,24500,0
Female,University,Married,25,210000,7788,8801,9825,10838,12652,13060,1149,1173,1186,2000,1000,7652,8652,9652,10652,12060,0
Female,University,Single,23,90000,13107,13740,14770,13306,10465,9704,1251,1281,1173,500,1000,12489,13489,12133,9965,8704,0
Female,Graduate,Single,24,20000,19403,18989,18914,19883,19293,19993,1300,1332,1301,700,1000,17689,17582,18582,18593,18993,0
Female,University,Single,22,130000,34970,14867,10341,9788,7193,9006,2012,2000,2290,1005,4078,12855,8341,7498,6188,4928,0
Female,University,Single,22,20000,16653,18062,18374,19222,18014,18627,2000,1700,1500,1000,1000,16062,16674,17722,17014,17627,0
Female,University,Single,24,90000,14329,14520,14747,4753,5152,4664,3000,1240,1220,1000,500,11520,13507,3533,4152,4164,0
Female,Graduate,Single,23,30000,23225,29801,10008,9336,24339,16710,30043,10024,9340,24363,5714,-242,-16,-4,-24,10996,0
Female,University,Married,23,30000,27222,27630,28618,28833,9895,12155,1450,1638,1053,2000,5155,26180,26980,27780,7895,7000,0
Female,University,Single,24,150000,0,0,0,0,2000,2000,0,0,0,2000,2000,0,0,0,0,0,0
Female,Graduate,Single,24,20000,20933,22202,21867,21813,21228,21614,2700,1400,1400,800,1783,19502,20467,20413,20428,19831,1
Female,High School,Married,25,80000,63214,61943,61458,57045,50652,48476,2300,2215,1900,1800,1920,59643,59243,55145,48852,46556,0
Female,University,Single,25,40000,34084,35169,37940,36824,37242,37900,1861,3755,0,1290,1337,33308,34185,36824,35952,36563,0
Female,Graduate,Single,27,240000,5886,5055,8774,1854,-9584,-15483,5055,8774,1854,0,0,0,0,0,-9584,-15483,0
Female,Other,Single,27,100000,152330,66107,60734,48816,28679,30231,3000,2231,1617,1000,2000,63107,58503,47199,27679,28231,0
Female,Graduate,Single,30,100000,0,0,0,0,0,0,0,0,0,0,0,0,0,0,0,0,0
Female,High School,Single,25,150000,0,1145,2580,0,0,0,1145,2580,0,0,0,0,0,0,0,0,0
Female,University,Single,25,270000,22579,23579,24613,25617,25434,25966,1380,1419,1423,910,942,22199,23194,24194,24524,25024,0
Female,University,Single,24,400000,35660,37065,38142,38870,30059,27656,2000,1673,1401,990,964,35065,36469,37469,29069,26692,0
Female,Graduate,Single,25,50000,38153,34476,25857,26621,27178,28038,1700,2000,1500,1000,1300,32776,23857,25121,26178,26738,0
Female,Graduate,Single,25,80000,259,259,0,0,0,0,0,0,0,0,0,259,0,0,0,0,0
Female,University,Single,25,20000,4120,5387,6440,7373,8246,11095,1500,1300,1200,1000,3000,3887,5140,6173,7246,8095,0
Female,High School,Single,25,240000,198768,2986,191142,98080,19380,100000,2986,191142,98080,79380,100000,0,0,0,-60000,0,0
Female,University,Single,25,70000,19112,20115,20837,22986,22319,23952,1629,1351,2500,0,2000,18486,19486,20486,22319,21952,1
Female,University,Single,26,50000,47510,32952,22289,22752,9325,9270,1744,1537,1000,187,185,31208,20752,21752,9138,9085,0
Female,Graduate,Single,23,70000,45707,40238,36620,32163,29620,23384,1931,1626,1760,841,1000,38307,34994,30403,28779,22384,0
Female,Other,Single,24,170000,85663,-37,1740,97961,66257,12106,0,1777,114593,5823,439,-37,-37,-16632,60434,11667,0
Female,High School,Single,26,110000,117274,116911,112706,108302,46774,48300,3000,0,4400,2000,3000,113911,112706,103902,44774,45300,0
Female,Graduate,Married,26,100000,98530,95849,97235,93531,43975,45512,4301,4615,2729,1275,47052,91548,92620,90802,42700,-1540,0
Female,Graduate,Single,23,10000,7067,8092,7820,8824,8996,9182,1291,0,1295,467,479,6801,7820,7529,8529,8703,1
Female,University,Single,23,230000,5263,5021,3579,31053,30334,38203,3,8,30334,0,8507,5018,3571,719,30334,29696,0
Female,University,Single,23,230000,5049,1444,14019,1045,12525,12219,1444,14019,1045,12525,244,0,0,0,0,11975,0
Female,University,Married,23,60000,43714,47653,51400,399,500,10400,5000,5000,399,500,10400,42653,46400,0,0,0,0
Female,High School,Single,23,50000,17976,18254,16428,16986,18579,17317,1564,1589,2000,3000,0,16690,14839,14986,15579,17317,0
Female,Graduate,Single,23,110000,50346,54489,58602,62001,65334,69097,5000,5000,5000,5000,5000,49489,53602,57001,60334,64097,0
Female,High School,Single,42,180000,102826,102646,82849,78064,73437,108072,5011,5006,5000,5005,42500,97635,77843,73064,68432,65572,0
Female,University,Single,24,80000,390,2463,3409,12091,3371,3558,2463,1789,12091,3371,4682,0,1620,0,0,-1124,0
Female,University,Single,24,30000,25193,24490,27474,27926,27189,28604,0,3400,1200,0,2500,24490,24074,26726,27189,26104,1
Female,High School,Single,24,50000,50162,48982,43579,43825,28396,27437,0,2207,2300,1006,1000,48982,41372,41525,27390,26437,0
Female,Graduate,Single,26,190000,0,2236,5265,5034,1091,0,2236,3265,3060,22,0,0,2000,1974,1069,0,0
Female,University,Single,26,120000,87151,88304,89657,41720,29022,28422,3500,3103,1800,2381,0,84804,86554,39920,26641,28422,0
Female,University,Married,21,30000,28404,29009,29831,29992,21754,18519,1467,1679,1230,827,1000,27542,28152,28762,20927,17519,0
Female,University,Single,21,20000,19382,20040,17850,13560,11748,10632,1318,1499,1099,333,2000,18722,16351,12461,11415,8632,0
Female,Graduate,Single,22,60000,57484,59521,59674,56018,36350,18203,3000,3000,1500,790,1000,56521,56674,54518,35560,17203,0
Female,Graduate,Single,22,20000,16936,18139,18024,18500,18067,17640,2684,2000,1600,361,353,15455,16024,16900,17706,17287,0
Female,University,Single,23,50000,97259,50017,48560,46978,19640,18937,3608,2110,2558,19640,683,46409,46450,44420,0,18254,1
Female,High School,Single,26,30000,26412,25700,24989,25068,26145,27219,0,0,1500,1500,1500,25700,24989,23568,24645,25719,0
Female,University,Single,27,150000,58751,60163,62142,57777,51110,52284,3000,3000,2010,2000,2000,57163,59142,55767,49110,50284,0
Female,Graduate,Single,22,50000,50345,49245,50061,37766,29433,27537,0,1728,1730,1015,1000,49245,48333,36036,28418,26537,1
Female,University,Single,26,210000,177492,179951,171135,166199,144060,132326,10000,10000,10000,10000,10000,169951,161135,156199,134060,122326,0
Female,High School,Married,25,130000,24885,26196,25476,22394,17907,1739,1740,2000,1209,1120,1739,24456,23476,21185,16787,0,0
Female,University,Married,26,50000,0,-69777,0,0,0,0,0,70000,0,0,0,-69777,-70000,0,0,0,0
Female,Graduate,Single,26,200000,32938,25985,19496,16104,28666,18215,3000,1241,5000,16831,1000,22985,18255,11104,11835,17215,0
Female,Graduate,Married,26,180000,4745,5865,6059,5537,17366,16971,5865,6091,5537,17366,16971,0,-32,0,0,0,0
Female,Graduate,Single,26,190000,174519,179122,182680,154753,90540,92248,9000,8382,10221,10000,3000,170122,174298,144532,80540,89248,1
Female,High School,Single,24,160000,133268,133059,135452,136804,116042,118202,4753,5142,4450,4178,5000,128306,130310,132354,111864,113202,0
Female,Graduate,Single,23,130000,4459,13453,3656,5008,13734,14976,13485,3656,5024,13734,3000,-32,0,-16,0,11976,0
Female,Graduate,Single,23,50000,307,0,0,0,0,0,0,0,0,0,0,0,0,0,0,0,0
Female,High School,Married,21,30000,28884,25277,25289,25971,25350,5082,2091,1600,1600,301,102,23186,23689,24371,25049,4980,0
Female,Graduate,Single,23,20000,4456,7339,9662,9708,4779,6968,3000,4029,5514,3000,3000,4339,5633,4194,1779,3968,0
Female,University,Single,23,110000,37129,32761,26428,23043,20338,7680,1800,1554,1212,0,0,30961,24874,21831,20338,7680,0
Female,High School,Single,24,50000,57396,58941,60630,53662,20229,19044,2500,3000,5064,1000,840,56441,57630,48598,19229,18204,1
Female,Graduate,Single,24,50000,45049,43379,46097,44187,43165,37967,0,3628,8,1500,1490,43379,42469,44179,41665,36477,1
Female,University,Single,23,80000,80715,82687,80613,80671,72785,74313,5000,81000,2776,2600,2696,77687,-387,77895,70185,71617,0
Female,University,Married,24,20000,16505,18817,18227,19632,20298,20337,2905,0,1720,1754,893,15912,18227,17912,18544,19444,1
Female,University,Married,24,20000,16393,8118,5463,1379,2668,390,1688,1463,1379,2668,390,6430,4000,0,0,0,0
Female,Graduate,Single,23,150000,0,0,0,0,0,0,0,0,0,0,0,0,0,0,0,0,0
Female,Graduate,Single,23,50000,45345,46403,38343,32214,17292,7501,2010,2046,1866,310,300,44393,36297,30348,16982,7201,0
Female,Graduate,Single,24,20000,5275,5487,2778,6572,5016,2508,2778,0,6572,5016,0,2709,2778,0,0,2508,0
Female,Graduate,Married,23,130000,126885,62717,29615,22110,15352,10452,239,29615,22135,15352,10452,62478,0,-25,0,0,0
Female,University,Single,25,130000,3639,396,396,396,396,396,396,396,396,396,396,0,0,0,0,0,0
Female,University,Single,24,60000,52676,41956,29626,29804,28045,28629,1778,1794,1772,1200,1186,40178,27832,28032,26845,27443,0
Female,University,Single,24,110000,6071,0,3308,2527,1076,1164,0,3308,2527,1079,1167,0,0,0,-3,-3,0
Female,University,Single,22,80000,7369,7000,0,0,0,0,0,0,0,0,0,7000,0,0,0,0,0
Female,Graduate,Single,24,50000,40246,41679,41688,32806,18609,19793,2128,3000,6000,1000,1500,39551,38688,26806,17609,18293,0
Female,University,Single,24,80000,75125,77353,78321,73731,39643,39457,3503,5001,2092,1218,1445,73850,73320,71639,38425,38012,0
Female,Graduate,Single,24,150000,4244,9830,7588,13896,528,0,9830,7588,13907,528,0,0,0,-11,0,0,0
Female,Graduate,Single,24,50000,50789,52158,51051,50959,51121,49344,2500,0,2100,3500,0,49658,51051,48859,47621,49344,0
Female,University,Married,25,270000,184560,178592,170225,156719,151716,153519,6061,6081,5072,5009,5254,172531,164144,151647,146707,148265,0
Female,Graduate,Single,23,180000,6825,4094,4268,5423,6423,7404,2015,3000,3000,1000,1814,2079,1268,2423,5423,5590,0
Female,Graduate,Single,24,80000,0,698,4949,967,5762,0,698,4949,967,5775,0,0,0,0,-13,0,0
Female,University,Single,24,50000,48393,49405,50934,7728,8390,48679,1814,2343,1137,799,41933,47591,48591,6591,7591,6746,1
Female,University,Single,24,210000,1077,7882,816,300,0,0,7960,816,300,0,0,-78,0,0,0,0,1
Female,University,Single,24,90000,12750,15359,16404,17424,18925,18483,3155,1600,1600,2100,0,12204,14804,15824,16825,18483,0
Female,Graduate,Single,24,130000,9920,5500,670,670,670,670,5555,670,0,0,0,-55,0,670,670,670,0
Female,University,Single,24,60000,5648,12270,0,0,479,27485,12270,0,0,479,27485,0,0,0,0,0,0
Female,Graduate,Single,24,320000,64232,67516,70774,70089,71994,57805,4000,4002,3000,15000,5000,63516,66772,67089,56994,52805,0
Female,Graduate,Single,25,130000,0,2178,604,700,0,1440,2178,604,700,0,1440,0,0,0,0,0,0
Female,University,Single,25,180000,109030,177633,139415,136942,114632,117808,78266,5203,30023,10024,10000,99367,134212,106919,104608,107808,0
Female,High School,Single,25,100000,97997,97018,94247,62919,10492,4809,4000,4046,4752,4000,4500,93018,90201,58167,6492,309,0
Female,University,Single,25,80000,0,0,0,0,0,0,0,0,0,0,0,0,0,0,0,0,0
Female,Other,Single,25,90000,1407,4989,998,0,0,0,5000,998,0,0,0,-11,0,0,0,0,1
Female,Graduate,Single,25,310000,140483,141796,145125,148388,152132,155887,4000,4500,4500,5000,5000,137796,140625,143888,147132,150887,0
Female,University,Single,25,360000,1614,-40,-40,-40,-40,1153,40,0,0,0,1193,-80,-40,-40,-40,-40,0
Female,Graduate,Single,26,180000,60258,51699,48469,49553,49772,50829,2130,2200,2200,2000,2000,49569,46269,47353,47772,48829,0
Female,Graduate,Single,24,40000,5247,7196,6597,5552,4081,3232,7196,6597,5552,4081,3232,0,0,0,0,0,0
Female,Graduate,Single,24,20000,1015,19214,15703,9914,8200,11876,19214,0,1000,0,5000,0,15703,8914,8200,6876,1
Female,University,Married,24,90000,86422,89710,70681,73595,90755,53692,5000,3300,22837,3300,0,84710,67381,50758,87455,53692,0
Female,University,Single,25,210000,2785,461,6472,83589,73689,64854,461,13966,80000,2326,2272,0,-7494,3589,71363,62582,0
Female,University,Single,25,180000,11393,2963,0,0,351,1351,2000,0,0,351,1000,963,0,0,0,351,0
Female,University,Single,25,220000,47588,47721,31027,31807,33966,33288,1479,1820,1600,2688,0,46242,29207,30207,31278,33288,1
Female,Graduate,Single,25,150000,151160,152127,154652,157819,155982,154158,5526,5877,5804,5763,5669,146601,148775,152015,150219,148489,0
Female,University,Single,25,50000,18734,19340,10000,0,0,0,1340,1000,0,0,0,18000,9000,0,0,0,0
Female,Graduate,Single,25,20000,2521,17360,0,200,17976,17980,17388,0,200,17976,4,-28,0,0,0,17976,1
Female,Graduate,Single,25,130000,55368,58035,47313,44568,48560,51529,5000,5000,5000,5000,5000,53035,42313,39568,43560,46529,0
Female,Graduate,Single,25,200000,136435,105,99230,92388,18758,0,105,99230,10038,18758,0,0,0,82350,0,0,0
Female,High School,Single,25,320000,66497,68327,68759,69746,70040,71076,3084,3007,3031,2367,2450,65243,65752,66715,67673,68626,0
Female,University,Single,25,90000,0,0,0,0,0,0,0,0,0,0,0,0,0,0,0,0,0
Female,University,Married,25,160000,8030,8030,8030,19069,15359,10846,8030,8030,19069,5359,377,0,0,0,10000,10469,1
Female,Graduate,Married,26,210000,5589,2687,3746,5000,5618,3618,14,4062,5005,5618,0,2673,-316,-5,0,3618,0
Female,Graduate,Single,26,360000,2741,-59,-59,11868,-2,450,0,0,11927,0,452,-59,-59,-59,-2,-2,0
Female,University,Single,26,220000,80055,82646,81229,80175,79563,82371,4500,450,2000,300,3310,78146,80779,78175,79263,79061,1
Female,Graduate,Single,25,200000,2396,1823,1630,2203,1443,1823,1823,1630,2203,1443,1823,0,0,0,0,0,0
Female,Other,Single,27,60000,170536,175143,180162,190202,209923,55491,5143,5162,10202,19923,1591,170000,175000,180000,190000,53900,0
Female,University,Single,24,30000,27690,28543,8536,9497,29046,29873,1578,1239,1200,25000,1200,26965,7297,8297,4046,28673,0
Female,High School,Married,24,50000,48789,49755,49551,49800,20000,0,1775,2221,1470,400,0,47980,47330,48330,19600,0,0
Female,Graduate,Single,25,90000,14550,15205,15523,15850,15849,17309,2000,2000,5000,2000,2000,13205,13523,10850,13849,15309,0
Female,University,Single,25,110000,38152,39214,39981,41312,42028,42899,2000,1700,2000,1700,1700,37214,38281,39312,40328,41199,0
Female,University,Single,25,140000,133714,137585,131666,114989,81475,82812,6560,6200,4246,5000,3000,131025,125466,110743,76475,79812,0
Female,University,Single,25,200000,2298,1490,1669,142,1100,6861,1490,1669,144,1100,6861,0,0,-2,0,0,0
Female,University,Single,25,30000,26815,27990,29224,26692,18466,29824,2000,2000,1527,1600,1000,25990,27224,25165,16866,28824,0
Female,Graduate,Single,25,50000,3195,3548,23231,2881,3048,2739,3557,23501,2889,3057,2746,-9,-270,-8,-9,-7,0
Female,Graduate,Single,25,50000,40959,43870,42891,43582,44561,45592,3900,0,1700,2000,1900,39970,42891,41882,42561,43692,1
Female,Graduate,Single,25,50000,4705,9557,7861,8984,10664,7292,5000,7861,1320,2000,6000,4557,0,7664,8664,1292,0
Female,High School,Married,24,80000,754,-69,3330,2699,1853,184,0,3399,0,1853,184,-69,-69,2699,0,0,0
Female,Other,Single,25,240000,26501,26869,27488,17891,6696,4129,5000,6000,3000,0,0,21869,21488,14891,6696,4129,0
Female,High School,Single,25,120000,106621,105893,107838,103273,101353,87934,4000,5013,4000,3199,3130,101893,102825,99273,98154,84804,1
Female,Graduate,Single,26,200000,5337,2322,7458,1086,25643,35237,2322,7471,1086,25643,35237,0,-13,0,0,0,0
Female,Graduate,Single,26,140000,21688,0,0,0,0,0,0,0,0,0,0,0,0,0,0,0,0
Female,University,Single,26,360000,22233,22935,23816,13800,11000,0,1287,1152,1000,1000,0,21648,22664,12800,10000,0,0
Female,University,Married,26,70000,41659,42652,43705,45965,46900,47884,1687,1740,3000,1700,1739,40965,41965,42965,45200,46145,0
Female,University,Single,26,170000,111170,113387,115807,119857,117100,118079,4065,5727,7500,2000,4200,109322,110080,112357,115100,113879,1
Female,High School,Single,26,140000,144010,142724,142802,140103,142750,142855,5301,5400,5100,5300,5500,137423,137402,135003,137450,137355,1
Female,University,Single,24,20000,17690,19102,19502,20881,20266,20511,2000,1000,2000,0,700,17102,18502,18881,20266,19811,1
Female,Graduate,Single,24,50000,12986,13994,15020,16335,17040,16625,1230,1256,1571,1276,0,12764,13764,14764,15764,16625,0
Female,Graduate,Single,25,110000,92332,77807,75559,74371,75126,73799,2800,3703,2700,2200,1810,75007,71856,71671,72926,71989,0
Female,University,Single,26,180000,0,0,1000,0,0,0,0,1000,0,0,0,0,0,0,0,0,0
Female,University,Single,25,90000,77651,78651,79972,81415,81878,83206,3300,3600,3805,3100,3200,75351,76372,77610,78778,80006,1
Female,Graduate,Single,26,120000,115520,98551,84797,66398,44428,31738,5001,5076,5000,3042,2110,93550,79721,61398,41386,29628,0
Female,Graduate,Single,26,140000,63119,64240,64992,52809,51406,50328,2450,2226,2367,1740,1754,61790,62766,50442,49666,48574,0
Female,University,Married,26,290000,262518,180499,138326,128721,95657,90210,6500,5300,4000,5000,3000,173999,133026,124721,90657,87210,1
Female,Graduate,Single,26,310000,11683,9624,9022,-422,6214,2360,3000,0,0,6900,0,6624,9022,-422,-686,2360,0
Female,Graduate,Single,27,30000,3812,5744,8642,11492,14285,17056,2000,3000,3000,3000,3000,3744,5642,8492,11285,14056,0
Female,Graduate,Married,25,200000,776,0,0,151,0,0,0,0,151,0,0,0,0,0,0,0,0
Female,High School,Single,26,180000,1728,1539,2703,1650,0,0,0,2703,0,0,0,1539,0,1650,0,0,0
Female,University,Married,24,120000,56324,28542,13590,11501,10151,11171,3000,5007,3200,2000,3000,25542,8583,8301,8151,8171,0
Female,Graduate,Single,25,290000,11102,9327,22149,23737,13449,17963,9358,22149,20000,3449,7000,-31,0,3737,10000,10963,0
Female,High School,Single,26,90000,91564,43201,42219,1769,2269,3269,3000,3000,1000,500,1000,40201,39219,769,1769,2269,0
Female,Graduate,Single,26,260000,145165,149173,142730,148307,152375,158435,6500,7000,8000,6500,8500,142673,135730,140307,145875,149935,0
Female,Graduate,Single,26,230000,865,221,16601,17833,15708,10013,221,16601,1513,1000,350,0,0,16320,14708,9663,0
Female,Graduate,Single,27,270000,9112,6035,3687,0,887,690,6035,0,0,887,690,0,3687,0,0,0,0
Female,University,Single,29,280000,11536,3408,8220,2287,10969,5395,3419,8283,2287,10969,0,-11,-63,0,0,5395,0
Female,University,Single,27,110000,0,0,0,0,0,0,0,0,0,0,0,0,0,0,0,0,1
Female,Graduate,Single,27,60000,1130,7,7,11965,11958,12069,7,0,11958,0,611,0,7,7,11958,11458,0
Female,Graduate,Single,27,70000,70844,64697,65455,66247,65230,66685,3000,2400,3000,2400,2500,61697,63055,63247,62830,64185,0
Female,University,Married,27,100000,101429,79254,80910,83072,87774,90579,2833,2929,3500,6100,4367,76421,77981,79572,81674,86212,1
Female,University,Married,27,140000,125792,126771,132730,124689,105447,106704,5000,10000,5000,5000,5000,121771,122730,119689,100447,101704,0
Female,University,Married,22,50000,34250,34833,35625,36754,16943,16234,1550,1750,2270,603,713,33283,33875,34484,16340,15521,1
Female,Graduate,Single,23,80000,74464,69584,66342,60514,48965,29648,3117,2519,1838,1434,1015,66467,63823,58676,47531,28633,0
Female,Other,Married,24,40000,40848,39270,40929,40528,39575,40526,1650,2300,1600,1330,1500,37620,38629,38928,38245,39026,0
Female,University,Single,24,140000,135432,136312,131559,111859,98815,97443,6500,4733,4015,4000,4000,129812,126826,107844,94815,93443,1
Female,University,Single,24,200000,19326,20330,21362,22000,2000,950,1330,1362,1000,2000,950,19000,20000,21000,0,0,0
Female,University,Single,24,50000,16455,17885,18305,18708,19105,19653,2000,1000,1000,1000,1000,15885,17305,17708,18105,18653,0
Female,University,Single,24,80000,41444,14262,14631,8592,1425,88516,1306,1500,1500,1425,88516,12956,13131,7092,0,0,0
Female,University,Married,26,270000,22804,11496,12273,12014,10597,31182,1496,2273,2014,597,31182,10000,10000,10000,10000,0,0
Female,University,Married,27,70000,69762,68914,69252,70415,69212,70514,2450,2600,2700,2500,2800,66464,66652,67715,66712,67714,1
Female,Graduate,Single,25,200000,11740,7221,1341,25068,52486,45047,2012,1025,32994,37042,2004,5209,316,-7926,15444,43043,0
Female,University,Single,25,170000,26151,24019,26013,24471,23496,25333,3000,5000,2000,2000,5000,21019,21013,22471,21496,20333,1
Female,University,Single,25,420000,23191,24541,24813,25893,26397,26557,2267,2034,1500,1467,1267,22274,22779,24393,24930,25290,0
Female,Graduate,Single,26,50000,25875,27132,29695,30908,30112,32123,2000,3000,2000,0,2500,25132,26695,28908,30112,29623,1
Female,University,Single,27,140000,124753,101551,93649,89574,90413,90596,3626,4324,3207,4000,3500,97925,89325,86367,86413,87096,0
Female,Graduate,Single,27,130000,19486,52960,26491,19038,22297,25986,35000,10048,8000,5000,6000,17960,16443,11038,17297,19986,0
Female,Graduate,Single,27,270000,1390,363,14770,14367,14388,47441,363,14841,1200,1288,41437,0,-71,13167,13100,6004,0
Female,Other,Single,27,80000,81787,77845,60159,54151,45108,44490,2600,3009,2200,2000,2000,75245,57150,51951,43108,42490,0
Female,University,Married,26,160000,46835,45781,47040,47807,50711,40166,0,2000,1700,3550,0,45781,45040,46107,47161,40166,0
Female,University,Single,26,130000,130318,131351,131352,121931,61755,61453,4700,5108,3860,82367,3041,126651,126244,118071,-20612,58412,1
Female,University,Single,27,160000,100613,78592,80240,39835,41150,0,3600,3700,1700,2000,0,74992,76540,38135,39150,0,0
Female,University,Single,27,180000,173098,172494,172060,166204,145146,142961,8000,8100,8000,5600,5500,164494,163960,158204,139546,137461,0
Female,Graduate,Single,27,180000,0,2039,2000,3918,710,6761,2039,2000,3918,710,6761,0,0,0,0,0,0
Female,High School,Married,27,210000,4700,0,0,1008,0,0,0,0,1008,0,0,0,0,0,0,0,0
Female,High School,Single,26,150000,21081,7985,7315,11295,10413,16745,2200,2500,6023,5000,6745,5785,4815,5272,5413,10000,0
Female,Graduate,Married,26,360000,1517,2742,2317,2482,1415,2095,2749,2322,2482,1417,2095,-7,-5,0,-2,0,0
Female,University,Single,26,470000,27134,26594,26805,24808,21101,17906,1500,1502,3696,1008,1006,25094,25303,21112,20093,16900,0
Female,Graduate,Single,27,40000,33563,20539,2360,38639,8899,0,1204,1000,38639,178,0,19335,1360,0,8721,0,0
Female,Graduate,Single,27,200000,201202,202252,195276,167209,144232,137271,15200,9600,9503,5148,4968,187052,185676,157706,139084,132303,0
Female,Graduate,Single,27,150000,8000,13024,9809,8000,800,1072,13024,3000,8100,800,2524,0,6809,-100,0,-1452,0
Female,University,Single,25,90000,65924,58210,60050,61448,73852,72551,3000,2771,3000,13500,0,55210,57279,58448,60352,72551,1
Female,University,Single,26,60000,47963,36871,3800,0,0,0,0,1038,0,0,0,36871,2762,0,0,0,0
Female,Graduate,Single,26,80000,4620,2991,1441,1608,1453,4287,2991,1500,1608,1453,4287,0,-59,0,0,0,0
Female,Graduate,Single,26,160000,13122,14011,12276,7457,7267,5529,4000,1000,2000,2000,2000,10011,11276,5457,5267,3529,0
Female,Graduate,Single,27,130000,0,0,98,98,98,2500,0,98,0,0,2500,0,0,98,98,0,0
Female,High School,Single,26,70000,70251,29481,8948,9006,10570,11421,2000,1200,1500,2000,1000,27481,7748,7506,8570,10421,0
Female,University,Single,24,170000,1471,6040,1471,3398,1929,11966,6040,1471,3398,2,11966,0,0,0,1927,0,0
Female,University,Single,25,50000,4406,3732,0,4249,4865,2157,3000,0,4249,2065,2157,732,0,0,2800,0,0
Female,Graduate,Married,25,100000,7565,460,98796,52079,40183,35796,28,103350,1722,1100,1300,432,-4554,50357,39083,34496,0
Female,Graduate,Single,27,130000,0,0,0,0,0,0,0,0,0,0,0,0,0,0,0,0,0
Female,University,Single,23,60000,56397,57112,58057,59006,39578,38973,2039,2250,2060,1506,1500,55073,55807,56946,38072,37473,0
Female,University,Single,25,290000,140615,142201,145676,144305,140375,142119,7003,7037,7019,6005,6006,135198,138639,137286,134370,136113,0
Female,University,Married,26,50000,0,1000,2000,0,0,0,1000,0,0,0,0,0,2000,0,0,0,0
Female,Graduate,Single,24,140000,28872,30083,31119,32597,33257,35061,2000,1522,2000,1500,2500,28083,29597,30597,31757,32561,0
Female,Graduate,Single,24,120000,3377,4644,8528,8200,3488,1161,2500,5000,1000,3488,1161,2144,3528,7200,0,0,0
Female,University,Single,26,190000,115608,138097,130898,130950,115342,115657,26500,0,7000,4550,4600,111597,130898,123950,110792,111057,0
Female,University,Single,22,30000,174,1995,3530,0,5960,0,1995,3530,0,5960,0,0,0,0,0,0,0
Female,High School,Single,26,160000,390,390,390,390,390,390,390,390,390,390,390,0,0,0,0,0,0
Female,Other,Single,26,230000,0,500,500,624,1090,2952,500,0,624,1090,2952,0,500,0,0,0,0
Female,High School,Single,27,130000,124769,127966,119008,46659,47588,47698,5400,3941,1742,1671,1712,122566,115067,44917,45917,45986,0
Female,Graduate,Single,27,340000,195524,196119,197690,182112,166822,143166,7524,9809,7852,6525,6002,188595,187881,174260,160297,137164,0
Female,Graduate,Single,28,230000,101347,95956,87294,85336,81640,82462,4179,4231,4061,2846,2800,91777,83063,81275,78794,79662,1
Female,Graduate,Single,25,90000,33336,39009,47657,52372,52112,56257,10000,10000,6000,1570,5000,29009,37657,46372,50542,51257,0
Female,University,Single,26,300000,63425,50294,38235,29944,26259,26288,3005,2691,2400,1000,1000,47289,35544,27544,25259,25288,0
Female,University,Single,25,110000,52059,49709,8504,7277,7774,8261,1150,1330,2500,1000,1000,48559,7174,4777,6774,7261,1
Female,Graduate,Single,25,140000,38199,38810,39811,41133,41730,42026,2000,2000,2000,2000,2000,36810,37811,39133,39730,40026,0
Female,University,Single,26,180000,3739,4889,7768,7156,6956,29402,3889,4739,2289,4289,26735,1000,3029,4867,2667,2667,1
Female,Graduate,Single,26,70000,52204,53250,53799,52330,55666,56839,2500,1983,0,4206,2200,50750,51816,52330,51460,54639,1
Female,University,Married,27,180000,117703,116372,115445,112938,109306,104106,4171,4200,4000,3789,3959,112201,111245,108938,105517,100147,0
Female,University,Single,27,150000,7815,4914,6237,3280,11167,15915,4933,6237,3280,11167,10000,-19,0,0,0,5915,0
Female,University,Married,27,30000,27347,31402,30047,30869,29403,29831,5500,0,3000,998,3000,25902,30047,27869,28405,26831,0
Female,University,Single,25,230000,14330,222761,197630,172058,174123,178052,232557,0,7556,6219,6721,-9796,197630,164502,167904,171331,0
Female,University,Married,27,180000,0,376,0,390,698,636,376,0,390,698,636,0,0,0,0,0,0
Female,University,Single,27,150000,61162,50928,47542,46644,31595,24473,3000,5000,5065,5000,2000,47928,42542,41579,26595,22473,0
Female,Graduate,Single,27,40000,30923,26175,27251,29397,19650,23202,5000,1522,10000,10000,15000,21175,25729,19397,9650,8202,0
Female,Graduate,Single,27,40000,37005,38084,41156,39986,40465,36745,2000,4000,0,1000,0,36084,37156,39986,39465,36745,1
Female,University,Single,27,120000,113354,115503,121861,117485,118381,115604,6200,10900,0,5000,4800,109303,110961,117485,113381,110804,1
Female,Graduate,Single,27,140000,14997,16437,18848,21209,25503,27918,2000,3000,3000,5000,3000,14437,15848,18209,20503,24918,0
Female,Graduate,Married,27,80000,494,329,4724,0,1054,0,329,4750,0,1054,0,0,-26,0,0,0,0
Female,Graduate,Single,27,420000,15629,5402,1237,24712,11912,12647,5402,1237,24712,0,2647,0,0,0,11912,10000,0
Female,High School,Single,27,180000,3578,3898,0,715,4079,0,3898,0,715,6942,0,0,0,0,-2863,0,0
Female,University,Married,27,90000,73849,70549,49858,43303,29888,24973,2900,2012,1603,1208,1000,67649,47846,41700,28680,23973,0
Female,University,Married,27,330000,0,0,0,0,0,2234,0,0,0,0,2234,0,0,0,0,0,0
Female,University,Married,27,260000,71865,75459,77240,78856,80350,84040,5000,3000,3000,3000,5000,70459,74240,75856,77350,79040,0
Female,University,Single,27,200000,1126,390,390,390,540,770,390,390,390,540,770,0,0,0,0,0,0
Female,University,Single,23,30000,19769,24285,26143,26929,19610,20591,5896,3002,2130,2,3004,18389,23141,24799,19608,17587,0
Female,University,Single,24,300000,16463,11537,9265,7263,14145,11535,1500,1500,1500,9433,2000,10037,7765,5763,4712,9535,0
Female,Graduate,Single,24,130000,16078,16055,13371,4405,1292,390,4176,0,1000,1292,390,11879,13371,3405,0,0,0
Female,University,Single,22,30000,2293,3158,5547,3312,3145,3022,1009,5572,3321,3154,3031,2149,-25,-9,-9,-9,0
Female,University,Single,23,30000,11174,11989,12997,12491,13374,13017,1300,1500,0,1090,0,10689,11497,12491,12284,13017,1
Female,Graduate,Single,23,130000,102087,101079,93977,94427,89041,89833,4500,4363,3300,3178,3178,96579,89614,91127,85863,86655,0
Female,University,Single,28,190000,188370,188550,187521,190448,195492,190598,8700,8500,9270,14100,0,179850,179021,181178,181392,190598,0
Female,University,Single,23,230000,1090,490,0,878,0,0,0,0,878,0,0,490,0,0,0,0,1
Female,University,Single,24,50000,18625,19956,5177,2071,0,0,2071,5191,6,0,0,17885,-14,2065,0,0,0
Female,University,Married,24,70000,8193,7569,8127,8838,8736,10753,1122,2127,2000,1736,2753,6447,6000,6838,7000,8000,0
Female,University,Married,25,50000,59010,57593,56203,54794,53509,52021,2039,2015,2000,2100,2000,55554,54188,52794,51409,50021,1
Female,Graduate,Single,24,60000,47386,4807,3434,2386,2837,3358,4807,1048,1000,2837,3358,0,2386,1386,0,0,1
Female,University,Single,25,150000,36215,6105,1076,0,3113,0,6105,1084,0,3113,0,0,-8,0,0,0,0
Female,University,Married,27,240000,240428,235782,129479,125584,128752,130651,7227,4486,3557,4235,3593,228555,124993,122027,124517,127058,0
Female,University,Single,25,110000,50406,45099,46002,44701,42706,43513,1800,1800,1700,1500,1600,43299,44202,43001,41206,41913,0
Female,University,Married,26,110000,108001,90128,92103,87049,66820,65823,3500,3500,3000,2342,2390,86628,88603,84049,64478,63433,0
Female,University,Single,25,50000,47858,40506,40110,41070,40731,40440,1949,1685,2777,1423,1462,38557,38425,38293,39308,38978,0
Female,Graduate,Single,29,210000,10692,-3,-3,-3,650,1850,0,0,0,653,1859,-3,-3,-3,-3,-9,0
Female,Graduate,Single,28,160000,3849,6393,6969,9044,2325,3998,6458,6980,9044,2325,4997,-65,-11,0,0,-999,0
Female,Graduate,Single,29,120000,3706,101833,103108,100953,83739,51424,100000,5369,4014,1000,1000,1833,97739,96939,82739,50424,0
Female,Other,Married,27,130000,131041,133792,127622,129795,122416,124653,6500,5000,5000,5000,5000,127292,122622,124795,117416,119653,0
Female,University,Single,27,170000,168858,171530,164509,128279,139968,127502,7000,6500,8000,15462,2163,164530,158009,120279,124506,125339,0
Female,Graduate,Single,27,120000,35238,35907,31513,31659,30069,8005,1777,2254,1400,800,400,34130,29259,30259,29269,7605,0
Female,Graduate,Single,27,170000,0,0,0,0,0,0,0,0,0,0,0,0,0,0,0,0,0
Female,University,Single,27,290000,240506,235475,240584,212024,216379,209440,8601,9300,8000,7612,8015,226874,231284,204024,208767,201425,0
Female,Graduate,Single,27,70000,157,157,157,157,157,307,157,157,157,157,307,0,0,0,0,0,0
Female,University,Single,27,140000,136276,139504,140262,138958,136898,141634,7000,6000,7000,5000,10700,132504,134262,131958,131898,130934,0
Female,Graduate,Single,27,180000,5892,4824,3784,3089,2715,1821,0,3089,0,1521,0,4824,695,3089,1194,1821,1
Female,Graduate,Single,27,200000,1171,0,0,680,0,0,0,0,680,0,0,0,0,0,0,0,0
Female,University,Single,27,90000,97973,100442,89242,82784,53609,49048,12500,2,5085,5000,3000,87942,89240,77699,48609,46048,1
Female,University,Single,27,80000,52934,54217,52394,2131,744,758,3000,1064,2500,1000,1000,51217,51330,-369,-256,-242,0
Female,Graduate,Married,27,130000,3363,8305,15253,7338,3666,7856,8319,15253,7338,3669,7856,-14,0,0,-3,0,0
Female,University,Married,27,20000,191,20391,19292,19545,18945,19494,20200,0,1310,678,854,191,19292,18235,18267,18640,0
Female,Graduate,Single,27,200000,4257,3690,4460,3190,5238,950,3690,4460,3190,5238,950,0,0,0,0,0,1
Female,University,Single,27,200000,13285,2150,14122,27413,35377,29922,2155,14122,23007,7212,29922,-5,0,4406,28165,0,0
Female,University,Single,27,120000,0,0,2382,0,0,0,0,2382,0,0,0,0,0,0,0,0,1
Female,High School,Married,28,60000,7207,12625,6244,13615,25475,26237,12625,6244,13615,25478,5000,0,0,0,-3,21237,0
Female,High School,Single,28,340000,1830,4777,7681,12519,15299,15905,3000,3000,5000,3000,1000,1777,4681,7519,12299,14905,0
Female,Graduate,Single,28,150000,1040,148,9173,296,148,446,0,9173,0,0,446,148,0,296,148,0,1
Female,High School,Single,28,160000,408,99,99,398,99,569,99,99,398,99,569,0,0,0,0,0,0
Female,Graduate,Single,28,200000,52935,51971,51341,49090,50009,51076,2500,2200,2500,3500,3000,49471,49141,46590,46509,48076,0
Female,High School,Married,28,50000,43165,49091,50453,49037,28589,29392,6987,2433,0,1145,3167,42104,48020,49037,27444,26225,1
Female,Graduate,Single,27,170000,106,18719,30000,0,0,1532,18719,30000,0,0,1532,0,0,0,0,0,1
Female,University,Married,27,280000,109392,128447,131053,132418,134038,136939,21000,6150,5000,5300,5200,107447,124903,127418,128738,131739,0
Female,Graduate,Single,26,270000,209164,201798,186008,173810,159418,139200,6429,5959,6863,3762,3907,195369,180049,166947,155656,135293,0
Female,University,Single,27,120000,1184,1066,5079,2528,4007,7457,1066,5079,0,4007,7457,0,0,2528,0,0,0
Female,Graduate,Single,27,280000,6585,4308,0,1265,1627,204,4308,0,1265,1638,204,0,0,0,-11,0,0
Female,Graduate,Single,27,50000,30951,28622,11656,5435,6337,7227,1600,1542,1100,1000,1000,27022,10114,4335,5337,6227,0
Female,Graduate,Single,28,200000,0,0,0,0,0,0,0,0,0,0,0,0,0,0,0,0,0
Female,University,Married,27,50000,47254,43583,35245,27520,25928,26470,1720,3100,1723,1100,1111,41863,32145,25797,24828,25359,1
Female,Graduate,Single,28,150000,6121,4391,6269,8992,4314,11131,4391,6269,8914,4300,11100,0,0,78,14,31,0
Female,High School,Single,28,50000,2350,2400,2400,2400,2400,2400,50,0,0,0,0,2350,2400,2400,2400,2400,1
Female,University,Single,27,150000,1518,1798,5699,4644,70337,67902,1798,5699,4644,70331,3000,0,0,0,6,64902,0
Female,Graduate,Single,27,150000,-3706,-6108,32662,59350,41136,28596,3449,46128,60260,30218,17000,-9557,-13466,-910,10918,11596,0
Female,University,Single,27,90000,18674,88907,90659,82827,79359,81401,92858,4100,3200,3100,3500,-3951,86559,79627,76259,77901,0
Female,Graduate,Single,28,500000,93625,101723,95390,102203,47388,73230,11723,15390,12239,6000,30000,90000,80000,89964,41388,43230,0
Female,University,Single,28,300000,327724,325970,325020,319750,265136,262378,11250,11877,10487,7831,8092,314720,313143,309263,257305,254286,0
Female,University,Single,28,240000,234053,132007,234638,239790,132697,135561,5000,120000,10000,5000,4100,127007,114638,229790,127697,131461,0
Female,University,Single,28,120000,48499,48684,6344,0,0,0,1621,1000,1326,0,0,47063,5344,-1326,0,0,0
Female,University,Married,28,120000,1613,136,0,0,0,0,136,0,0,0,0,0,0,0,0,0,0
Female,Graduate,Single,28,390000,125863,131249,119175,115922,101725,90334,10053,5028,5045,3012,3000,121196,114147,110877,98713,87334,0
Female,University,Married,28,200000,5733,4426,3559,22458,20888,17875,2023,2018,22491,7521,2000,2403,1541,-33,13367,15875,0
Female,University,Single,24,80000,70411,75874,76710,74792,79636,77757,6657,2629,0,6000,0,69217,74081,74792,73636,77757,0
Female,University,Single,23,20000,12492,11995,13324,14029,14308,14625,0,1528,1233,512,547,11995,11796,12796,13796,14078,1
Female,University,Single,24,50000,26735,26994,28331,27138,26499,27301,1500,1798,1605,966,1247,25494,26533,25533,25533,26054,0
Female,University,Single,25,70000,46526,47820,48750,49936,51102,52276,2070,2000,2000,2000,2000,45750,46750,47936,49102,50276,1
Female,University,Single,24,170000,169398,143539,125642,48926,23381,24492,5679,6642,8926,3381,4000,137860,119000,40000,20000,20492,0
Female,University,Single,25,80000,77096,83189,81308,81847,81077,79885,8000,0,2800,3000,3390,75189,81308,79047,78077,76495,0
Female,University,Single,27,310000,122127,110388,119365,113435,140988,145161,10000,10124,20000,30125,30137,100388,109241,93435,110863,115024,0
Female,Graduate,Single,27,230000,145959,94798,70299,40299,33112,18009,3551,3000,1284,1000,1000,91247,67299,39015,32112,17009,0
Female,University,Single,27,20000,18833,19404,18699,19324,16234,16609,1290,2000,2000,1000,1000,18114,16699,17324,15234,15609,0
Female,University,Married,27,270000,253072,247521,253024,258109,243331,247504,0,11000,11000,8900,9000,247521,242024,247109,234431,238504,0
Female,High School,Single,27,230000,6155,5650,3004,4200,1400,4222,500,3004,4200,0,4222,5150,0,0,1400,0,1
Female,University,Single,28,230000,7865,12377,12543,13713,17960,650,5000,2000,1500,5000,650,7377,10543,12213,12960,0,0
Female,Graduate,Single,28,200000,58833,61991,7357,9471,8538,7685,4100,3000,3000,0,1000,57891,4357,6471,8538,6685,0
Female,High School,Single,28,30000,8432,25460,557,1299,600,450,25460,1000,1306,600,0,0,-443,-7,0,450,0
Female,University,Single,28,300000,275855,286812,280337,318248,316147,303666,15000,7000,50000,12000,0,271812,273337,268248,304147,303666,1
Female,Graduate,Single,29,500000,16090,36635,75434,928,56705,81334,37039,78079,1708,25000,106260,-404,-2645,-780,31705,-24926,0
Female,Graduate,Single,29,170000,0,6390,1690,0,0,0,6390,1690,0,0,0,0,0,0,0,0,0
Female,University,Single,29,200000,18568,-49,980,3682,3682,0,0,1029,3682,0,0,-49,-49,0,3682,0,0
Female,Graduate,Single,29,500000,33107,34773,35426,28479,15729,7905,7000,6664,1500,501,5000,27773,28762,26979,15228,2905,0
Female,University,Single,29,50000,50029,48347,49268,50437,37302,38302,2100,2000,2100,1400,1600,46247,47268,48337,35902,36702,0
Female,Graduate,Single,29,150000,2599,1530,390,1366,780,0,0,390,1366,0,0,1530,0,0,780,0,0
Female,University,Single,29,100000,47107,60800,68095,64339,15522,51336,18000,10000,2635,15522,41136,42800,58095,61704,0,10200,0
Female,Graduate,Single,26,150000,24848,22726,11145,15690,17875,24590,14000,5000,5000,7875,13000,8726,6145,10690,10000,11590,0
Female,Graduate,Single,26,170000,22680,13827,9522,10254,5520,6212,2000,2000,2000,0,2000,11827,7522,8254,5520,4212,0
Female,University,Single,27,100000,42713,50270,22576,18247,22029,19540,10000,10000,1500,4000,5000,40270,12576,16747,18029,14540,0
Female,Graduate,Single,27,160000,1040,1188,1276,372,372,372,1320,1276,372,372,372,-132,0,0,0,0,0
Female,Graduate,Single,27,90000,37026,40641,42142,35349,29790,26414,5000,3611,199,208,0,35641,38531,35150,29582,26414,0
Female,University,Single,27,190000,97136,98767,101452,103471,104083,106359,4418,5452,5471,4083,4359,94349,96000,98000,100000,102000,0
Female,University,Single,28,200000,61940,63314,64699,66029,66836,68390,3000,3000,3000,2500,2632,60314,61699,63029,64336,65758,0
Female,University,Married,28,50000,56701,57421,54587,49571,50028,17159,5000,2000,0,1809,35082,52421,52587,49571,48219,-17923,0
Female,Graduate,Single,28,260000,-28,5735,693,1557,685,11625,5763,703,1564,688,11683,-28,-10,-7,-3,-58,0
Female,University,Single,29,250000,20687,14082,-38,-38,7581,5625,14158,0,0,7619,5653,-76,-38,-38,-38,-28,0
Female,Graduate,Single,29,230000,3764,10943,6588,4571,2526,5375,11142,1430,4571,2526,5375,-199,5158,0,0,0,0
Female,Graduate,Single,26,240000,28700,21944,12450,27255,6280,7619,1639,12450,28969,6280,7619,20305,0,-1714,0,0,0
Female,Graduate,Single,27,110000,110553,108387,111427,111697,111956,111325,4000,4800,4300,4300,4400,104387,106627,107397,107656,106925,1
Female,Graduate,Single,27,60000,0,0,0,150,1179,778,0,0,150,1179,778,0,0,0,0,0,0
Female,Graduate,Single,24,80000,42377,32482,20782,11632,64989,62392,2008,1000,11632,64989,1470,30474,19782,0,0,60922,0
Female,University,Single,28,230000,111295,112425,95155,72983,70329,69340,4473,5000,2624,2360,3100,107952,90155,70359,67969,66240,0
Female,Graduate,Single,28,210000,7457,1512,8475,5499,2960,670,1512,8475,5499,2960,670,0,0,0,0,0,0
Female,University,Single,28,100000,72464,70710,72432,74322,74496,76058,0,3462,3700,2000,2760,70710,68970,70622,72496,73298,1
Female,University,Single,29,50000,48286,49286,50006,48846,45944,46925,2100,1800,0,1624,1700,47186,48206,48846,44320,45225,1
Female,University,Single,27,50000,42391,44689,48172,46937,48570,50144,3000,4200,0,3000,3800,41689,43972,46937,45570,46344,0
Female,Graduate,Single,27,40000,27025,32228,38904,4235,87230,72647,6000,8040,4235,87230,3000,26228,30864,0,0,69647,1
Female,University,Single,24,90000,3386,-63,0,1176,0,0,0,780,1176,0,0,-63,-780,0,0,0,0
Female,Graduate,Single,25,70000,35871,37174,37904,40651,39697,42253,1902,1632,3379,0,3200,35272,36272,37272,39697,39053,0
Female,University,Married,26,30000,20105,21419,22278,24423,19985,15021,1650,1506,2651,0,2044,19769,20772,21772,19985,12977,0
Female,Graduate,Single,27,170000,272,272,272,755,759,602,272,272,755,759,602,0,0,0,0,0,0
Female,University,Single,27,80000,83120,51347,44878,42108,28316,29523,1764,1906,2000,2000,2000,49583,42972,40108,26316,27523,0
Female,University,Single,27,140000,16037,17066,21199,390,0,390,2000,5000,390,0,390,15066,16199,0,0,0,0
Female,University,Single,25,30000,5293,8107,7738,10179,11902,13109,3000,0,3000,2000,1500,5107,7738,7179,9902,11609,0
Female,University,Single,25,40000,26133,26896,27961,28995,29612,30434,1500,1500,1500,1100,1300,25396,26461,27495,28512,29134,1
Female,Graduate,Single,26,50000,0,0,0,1363,0,1624,0,0,1363,0,1624,0,0,0,0,0,0
Female,University,Single,26,230000,2656,3678,4650,3234,4174,5100,1074,1046,1060,1000,1000,2604,3604,2174,3174,4100,0
Female,Graduate,Single,27,60000,0,3947,5691,21001,17931,2439,3947,5691,21028,0,0,0,0,-27,17931,2439,0
Female,Graduate,Single,27,60000,62321,61015,58160,51237,29999,28972,3000,3016,5011,1005,1000,58015,55144,46226,28994,27972,0
Female,University,Single,29,250000,46948,46351,33227,33732,32245,37589,2500,10000,3000,3000,8000,43851,23227,30732,29245,29589,0
Female,Graduate,Married,29,240000,41923,21409,17833,194043,194991,192800,1779,1000,194043,6530,7000,19630,16833,0,188461,185800,0
Female,Graduate,Single,28,310000,176565,152037,166900,154297,146844,146883,25532,50120,30000,20000,5807,126505,116780,124297,126844,141076,0
Female,Graduate,Single,28,320000,293073,293210,290057,25922,22982,20553,13300,12756,1295,10312,8394,279910,277301,24627,12670,12159,0
Female,Graduate,Single,28,20000,12031,13446,0,0,0,0,5000,0,0,0,0,8446,0,0,0,0,0
Female,Graduate,Single,28,300000,10291,19617,19326,10662,10162,10250,19326,10000,1940,10200,10500,291,9326,8722,-38,-250,0
Female,University,Single,28,50000,10051,14149,21514,25359,30400,39678,5000,10000,5000,5780,10000,9149,11514,20359,24620,29678,0
Female,Graduate,Single,28,570000,33675,29865,33337,32646,30465,31126,3000,5000,3016,3000,4000,26865,28337,29630,27465,27126,0
Female,Graduate,Single,28,160000,118695,125186,131648,137902,145046,152551,10000,10000,10000,10000,10000,115186,121648,127902,135046,142551,0
Female,University,Single,28,230000,7539,6500,6500,45914,1465,600,6500,6500,45914,1465,600,0,0,0,0,0,0
Female,Graduate,Single,28,250000,45687,31114,21867,13190,27817,22001,5000,1585,3028,27817,0,26114,20282,10162,0,22001,0
Female,University,Single,28,80000,77391,78198,78840,79855,79488,80001,2784,2887,3402,2790,2867,75414,75953,76453,76698,77134,0
Female,High School,Single,28,60000,396,43902,44802,42984,38495,39038,87804,2000,1567,1320,1500,-43902,42802,41417,37175,37538,0
Female,Other,Single,24,90000,17584,18377,18496,11716,3163,30483,2000,1300,2000,67,30483,16377,17196,9716,3096,0,0
Female,Graduate,Married,25,150000,8319,5056,2441,4471,2441,0,5056,2441,4471,2441,0,0,0,0,0,0,0
Female,High School,Married,25,90000,25806,16919,17566,8718,6432,2655,1619,1266,1048,1032,1655,15300,16300,7670,5400,1000,0
Female,Graduate,Single,25,150000,0,0,0,0,0,9240,0,0,0,0,9240,0,0,0,0,0,0
Female,Graduate,Single,24,150000,52824,15214,16452,17281,18576,18783,4000,2000,2000,2000,2000,11214,14452,15281,16576,16783,0
Female,High School,Married,25,400000,12570,958,4465,14272,1965,958,958,4465,14272,1965,958,0,0,0,0,0,0
Female,Graduate,Single,25,200000,198890,200299,181617,181994,150013,150283,8058,6900,7022,5300,5368,192241,174717,174972,144713,144915,0
Female,Graduate,Single,25,210000,66517,63828,60713,61949,61908,59914,3000,2500,6259,5000,3000,60828,58213,55690,56908,56914,0
Female,University,Married,28,140000,1953,1366,464,337,548,395,0,464,337,548,395,1366,0,0,0,0,1
Female,University,Single,28,220000,7468,5045,4944,7083,2495,8365,5045,4949,7083,2495,8365,0,-5,0,0,0,0
Female,University,Married,29,250000,227762,191424,18016,15353,325,325,35018,1000,20000,325,325,156406,17016,-4647,0,0,0
Female,Graduate,Single,29,120000,328,413,3007,1927,1838,2472,417,3012,1927,1838,2472,-4,-5,0,0,0,0
Female,University,Married,28,200000,0,2658,150,3570,2853,0,2658,150,3570,2853,0,0,0,0,0,0,0
Female,University,Single,29,50000,22021,22334,21047,19925,20638,18803,1000,2000,1000,1000,1000,21334,19047,18925,19638,17803,0
Female,High School,Single,29,50000,50148,50761,35777,7464,42705,43662,1840,1311,2000,42705,1569,48921,34466,5464,0,42093,0
Female,Graduate,Single,29,230000,20517,12883,10867,10100,3068,21064,12903,10880,10125,3076,21162,-20,-13,-25,-8,-98,0
Female,Graduate,Married,29,100000,1526,0,0,0,0,0,0,0,0,0,0,0,0,0,0,0,0
Female,University,Married,29,50000,26293,25492,19680,19271,19659,19915,0,1609,2000,1000,715,25492,18071,17271,18659,19200,0
Female,Graduate,Single,27,330000,37587,39183,39305,40251,41683,38978,2000,2000,3000,3000,3000,37183,37305,37251,38683,35978,0
Female,Graduate,Single,27,90000,3000,0,0,0,0,0,0,0,0,0,0,0,0,0,0,0,0
Female,University,Married,27,150000,5877,6640,7408,8147,8054,7819,1268,1284,1271,426,283,5372,6124,6876,7628,7536,0
Female,High School,Single,28,70000,24799,24102,26305,27570,28021,27436,0,2600,2000,1200,0,24102,23705,25570,26821,27436,0
Female,Graduate,Single,28,80000,71126,71009,69504,68262,70547,73040,4000,5002,4500,3000,3000,67009,64502,63762,67547,70040,0
Female,University,Single,28,130000,131630,65325,2315,101035,82288,86788,3600,2315,100000,3500,8000,61725,0,1035,78788,78788,0
Female,Graduate,Single,29,130000,101650,106271,119728,121140,117767,115640,4621,15107,5000,0,0,101650,104621,116140,117767,115640,0
Female,University,Single,29,140000,389,403,0,0,0,0,407,0,0,0,0,-4,0,0,0,0,1
Female,High School,Married,27,240000,2400,152,3250,2391,1182,321,152,3250,2391,1182,321,0,0,0,0,0,1
Female,Graduate,Single,26,160000,2659,3859,10709,8677,4318,2659,3859,10709,1000,100,1000,0,0,7677,4218,1659,0
Female,Graduate,Single,26,50000,651,651,1072,1713,651,646,651,1072,1713,651,646,0,0,0,0,0,1
Female,Graduate,Single,27,500000,17531,27016,10627,680,0,0,26588,10663,680,0,0,428,-36,0,0,0,0
Female,University,Married,28,260000,238896,244419,250051,247271,250327,253355,11000,11065,9500,9000,9100,233419,238986,237771,241327,244255,0
Female,University,Single,23,100000,10693,26226,18726,19225,18299,20056,22622,2326,1600,0,4000,3604,16400,17625,18299,16056,0
Female,University,Single,23,130000,111388,113900,109062,105252,103969,104254,6000,5000,6000,10000,10000,107900,104062,99252,93969,94254,0
Female,Graduate,Single,26,80000,124224,124762,125778,128293,127839,128714,4574,4737,5753,5000,4330,120188,121041,122540,122839,124384,0
Female,University,Single,29,400000,52875,55544,994,5030,4568,500,55544,994,5030,0,500,0,0,0,4568,0,0
Female,University,Single,27,360000,44179,37697,29686,23724,5576,2273,1498,1799,1008,120,2289,36199,27887,22716,5456,-16,0
Female,Graduate,Single,28,190000,7188,9521,9224,10262,13083,13372,2459,0,1200,3000,500,7062,9224,9062,10083,12872,0
Female,University,Single,28,90000,41138,38755,38448,37612,36174,33769,2000,1866,1347,1065,1041,36755,36582,36265,35109,32728,0
Female,Graduate,Single,29,50000,8838,7662,40125,37552,22960,14735,6540,37130,2858,3000,1000,1122,2995,34694,19960,13735,0
Female,University,Single,29,80000,49196,54033,52595,56709,55201,69270,6292,0,5000,0,15000,47741,52595,51709,55201,54270,0
Female,University,Single,29,120000,1450,0,0,1187,1187,1187,0,0,1187,0,0,0,0,0,1187,1187,0
Female,University,Single,28,100000,21117,22163,26789,26065,27615,28122,1400,5000,0,2300,1100,20763,21789,26065,25315,27022,1
Female,Graduate,Married,28,170000,0,1295,0,376,0,376,1295,0,376,0,376,0,0,0,0,0,0
Female,Graduate,Single,28,90000,38355,39413,41181,41701,44000,45651,1700,2404,1500,3000,2500,37713,38777,40201,41000,43151,0
Female,Graduate,Single,27,400000,0,0,0,0,18014,0,0,0,0,18014,3710,0,0,0,0,-3710,1
Female,Graduate,Single,27,230000,79108,70757,76049,68989,54450,39862,3187,7100,0,2700,2000,67570,68949,68989,51750,37862,0
Female,Graduate,Single,28,260000,207593,205105,209805,203532,199611,94363,7011,11932,4709,6087,0,198094,197873,198823,193524,94363,0
Female,University,Single,29,110000,56073,59635,63179,66637,68037,70448,4500,4500,4500,2500,3500,55135,58679,62137,65537,66948,0
Female,University,Single,28,500000,319082,0,300165,281019,44528,40325,8752,0,21420,1002,935,-8752,300165,259599,43526,39390,0
Female,University,Single,28,90000,2943,906,669,0,400,182,906,669,0,400,182,0,0,0,0,0,0
Female,Graduate,Single,28,60000,20729,14486,12163,8891,1723,40276,3016,1000,0,1723,40276,11470,11163,8891,0,0,0
Female,University,Married,28,320000,320635,313060,293055,269585,248093,239025,12500,22,11155,9100,8700,300560,293033,258430,238993,230325,1
Female,University,Married,29,320000,34818,22718,9398,10222,13791,13498,1690,1500,1000,3628,1041,21028,7898,9222,10163,12457,0
Female,Graduate,Single,28,190000,112039,114347,102229,83779,72666,63714,4600,4500,4000,2900,2800,109747,97729,79779,69766,60914,0
Female,Graduate,Single,28,80000,0,0,0,0,0,0,0,0,0,0,0,0,0,0,0,0,1
Female,University,Married,28,230000,35610,38701,35043,35678,36730,35994,3706,0,1513,1730,2000,34995,35043,34165,35000,33994,1
Female,Graduate,Married,29,310000,594,235,5641,0,0,0,477,5648,0,0,0,-242,-7,0,0,0,0
Female,University,Single,29,260000,150709,151527,155081,156138,145251,139784,6911,7514,6756,5176,5200,144616,147567,149382,140075,134584,0
Female,Graduate,Single,29,200000,0,928,1280,1675,97,138,928,1000,1000,97,138,0,280,675,0,0,0
Female,Graduate,Single,29,200000,65199,21489,0,1762,1768,860,6532,0,1762,6,1257,14957,0,0,1762,-397,0
Female,University,Single,28,200000,50925,51519,53693,55506,63261,52979,2455,2629,2442,10000,1502,49064,51064,53064,53261,51477,0
Female,University,Single,28,50000,28157,28409,27589,27875,28539,29202,1430,1770,1446,1500,1500,26979,25819,26429,27039,27702,0
Female,High School,Single,28,50000,52775,54397,55328,42511,31032,34510,2500,2000,2000,5000,4000,51897,53328,40511,26032,30510,1
Female,Graduate,Single,29,50000,44498,41897,17304,16544,14787,15975,4000,4000,2000,3000,3000,37897,13304,14544,11787,12975,0
Female,University,Married,29,240000,187431,186968,187967,187731,188603,185252,8200,8000,8000,7025,6500,178768,179967,179731,181578,178752,0
Female,University,Single,29,100000,7815,11139,3708,2180,1949,717,5000,1000,2180,1949,717,6139,2708,0,0,0,0
Female,University,Single,28,230000,2454,1197,4556,4316,4316,4316,1197,4566,4316,4316,4316,0,-10,0,0,0,0
Female,Graduate,Single,29,230000,4827,5605,7719,7601,12140,16145,2000,3050,5000,5000,5000,3605,4669,2601,7140,11145,0
Female,University,Married,28,240000,191137,210333,206332,214981,194817,186895,24000,0,12014,0,5307,186333,206332,202967,194817,181588,1
Female,University,Married,30,150000,35213,115041,135090,80085,35940,38460,115041,66066,2031,35940,38460,0,69024,78054,0,0,0
Female,University,Married,30,150000,1499,1231,0,1872,0,113,1231,0,1872,0,113,0,0,0,0,0,0
Female,Graduate,Single,29,200000,27869,5531,6781,12162,12410,12410,5531,6781,12162,248,0,0,0,0,12162,12410,0
Female,University,Single,29,60000,58501,54932,85672,41483,19394,18893,2000,1900,1572,1000,700,52932,83772,39911,18394,18193,1
Female,University,Single,31,50000,19889,20451,20426,19894,20294,20145,1500,1600,1600,1000,900,18951,18826,18294,19294,19245,0
Female,University,Single,31,140000,277,19983,17685,36603,27886,7659,19983,17725,36621,0,7847,0,-40,-18,27886,-188,0
Female,Graduate,Married,30,220000,150682,139629,136020,115942,54611,42363,0,6824,2726,1239,2953,139629,129196,113216,53372,39410,0
Female,Graduate,Single,28,300000,936,0,744,2826,0,18525,0,744,3000,0,18525,0,0,-174,0,0,0
Female,Graduate,Single,29,300000,-5478,-8584,-14998,10980,1123,4665,1220,33,30044,12,11493,-9804,-15031,-19064,1111,-6828,0
Female,Graduate,Single,29,200000,118296,94899,71050,68967,47951,45519,3900,3000,3015,1600,1600,90999,68050,65952,46351,43919,0
Female,University,Other,29,80000,6441,14342,6187,7757,8451,6625,14349,5,7761,8460,6630,-7,6182,-4,-9,-5,0
Female,University,Single,29,430000,75249,77754,79822,81859,83844,86082,3754,3322,3359,3344,3582,74000,76500,78500,80500,82500,1
Female,University,Other,29,60000,4134,3596,3801,694,531,531,1200,1000,2694,531,531,2396,2801,-2000,0,0,0
Female,University,Single,29,170000,1333,1359,886,1042,1577,1574,1359,886,1051,1577,1574,0,0,-9,0,0,0
Female,University,Single,29,50000,26159,27222,27954,26702,26993,25758,1800,1500,1800,1000,1200,25422,26454,24902,25993,24558,0
Female,University,Single,26,420000,24434,22586,36569,28994,15159,9379,1500,28000,1210,303,2000,21086,8569,27784,14856,7379,0
Female,University,Single,26,80000,45088,46040,46998,47929,46860,51931,2000,2000,2000,0,6000,44040,44998,45929,46860,45931,1
Female,Graduate,Single,27,230000,17077,22420,57255,34289,0,0,22437,57326,34311,0,0,-17,-71,-22,0,0,1
Female,University,Single,29,270000,62516,48770,47846,39772,35143,44371,1854,1952,1418,5000,14000,46916,45894,38354,30143,30371,0
Female,Graduate,Single,28,500000,56437,58076,59534,51006,44360,34229,2357,2001,6620,6015,10001,55719,57533,44386,38345,24228,0
Female,University,Single,28,220000,94311,95967,97995,97577,98583,99708,4319,5419,3000,3501,3629,91648,92576,94577,95082,96079,0
Female,High School,Single,24,180000,100772,85185,77698,67459,52777,46337,3034,4031,2495,1556,1431,82151,73667,64964,51221,44906,0
Female,University,Single,23,50000,34448,35545,36620,40767,41495,42377,1975,1950,5100,1700,1700,33570,34670,35667,39795,40677,0
Female,Other,Single,22,20000,11871,11375,10620,11355,11209,11299,0,1265,1000,244,500,11375,9355,10355,10965,10799,0
Female,Graduate,Single,24,20000,0,890,467,500,0,647,890,467,500,0,647,0,0,0,0,0,0
Female,Graduate,Single,22,80000,6261,6170,4258,7032,6348,1606,1000,0,7032,6348,1606,5170,4258,0,0,0,0
Female,University,Married,23,120000,64049,65984,66825,68820,69776,71297,3000,2500,3100,2700,2800,62984,64325,65720,67076,68497,0
Female,Graduate,Single,23,40000,10389,11410,12970,13246,11024,9798,1200,1751,1027,250,385,10210,11219,12219,10774,9413,0
Female,University,Married,42,100000,2811,1055,8090,5524,4973,1000,1055,8090,5549,4973,1000,0,0,-25,0,0,0
Female,University,Single,25,90000,91830,89448,83949,47118,44942,45886,0,2549,1583,1444,1500,89448,81400,45535,43498,44386,0
Female,University,Single,24,160000,160553,162449,157395,159178,121642,124347,6050,7771,7300,4163,4470,156399,149624,151878,117479,119877,0
Female,Graduate,Single,24,100000,27753,28306,14320,180,2500,12411,1632,1000,180,2500,10000,26674,13320,0,0,2411,0
Female,Graduate,Single,25,230000,50757,52906,54454,53457,55128,52788,3000,3000,2000,2500,2500,49906,51454,51457,52628,50288,0
Female,Graduate,Single,28,60000,37878,35511,28894,21556,21494,21838,3000,2000,1600,3000,2800,32511,26894,19956,18494,19038,0
Female,Graduate,Married,26,300000,800,1946,2612,3408,1908,1108,1946,2612,1914,0,1108,0,0,1494,1908,0,0
Female,University,Married,29,140000,129289,90352,85052,65758,46847,39777,3713,3546,2589,1960,1733,86639,81506,63169,44887,38044,0
Female,Graduate,Single,29,300000,1049,205,4962,13634,41510,-1087,205,4962,13634,41510,0,0,0,0,0,-1087,1
Female,Graduate,Single,29,60000,23304,20517,20261,22832,24234,24928,3000,3000,3000,2000,2000,17517,17261,19832,22234,22928,0
Female,University,Single,29,360000,0,1307,747,1707,792,1346,1307,747,1707,850,1346,0,0,0,-58,0,0
Female,Graduate,Single,29,100000,3788,1263,2394,2839,32934,31056,0,2000,3000,31000,2000,1263,394,-161,1934,29056,0
Female,University,Single,29,100000,3262,3262,326,6198,326,326,3262,326,6198,326,326,0,0,0,0,0,0
Female,Graduate,Single,29,320000,0,192,192,2518,255,1945,192,0,2518,255,1945,0,192,0,0,0,0
Female,University,Single,29,500000,902,0,0,0,0,0,0,0,0,0,0,0,0,0,0,0,0
Female,Graduate,Single,30,180000,405,4445,5047,200,745,0,4445,5047,200,745,0,0,0,0,0,0,0
Female,University,Married,30,280000,18925,20223,15883,15547,14472,15086,1976,2000,1600,1000,1000,18247,13883,13947,13472,14086,1
Female,University,Married,30,140000,13859,16229,16459,14753,13437,14745,5000,1286,1476,423,3000,11229,15173,13277,13014,11745,0
Female,University,Married,30,200000,1877,1690,6314,6034,6034,2493,0,6314,0,0,0,1690,0,6034,6034,2493,0
Female,Graduate,Single,30,270000,25628,27880,35387,34524,36630,38871,3000,8000,0,3000,3000,24880,27387,34524,33630,35871,0
Female,Graduate,Married,30,230000,5442,5142,5305,5661,3935,4460,1210,3116,1000,2000,2000,3932,2189,4661,1935,2460,0
Female,Graduate,Single,29,210000,-12,2425,-12,-12,5884,0,2437,0,0,5896,0,-12,-12,-12,-12,0,0
Female,Graduate,Single,29,170000,1380,9493,8794,2301,0,0,9533,5004,2301,0,0,-40,3790,0,0,0,0
Female,Graduate,Single,29,230000,360,0,0,0,100,900,0,0,0,100,900,0,0,0,0,0,0
Female,University,Single,29,300000,164437,140536,124802,80088,25283,12358,5100,6001,3500,705,3000,135436,118801,76588,24578,9358,0
Female,High School,Single,29,150000,3850,227,0,0,0,1500,227,0,0,0,1500,0,0,0,0,0,0
Female,Graduate,Single,29,360000,0,0,0,0,0,0,0,0,0,0,0,0,0,0,0,0,0
Female,University,Single,29,110000,99876,72548,74379,75878,78503,80451,3000,3000,3000,3500,3000,69548,71379,72878,75003,77451,1
Female,Graduate,Other,30,150000,6043,50,6527,2168,-7,1373,0,8589,2500,0,1380,50,-2062,-332,-7,-7,0
Female,Graduate,Single,27,50000,49959,47675,48349,46192,45272,46230,2100,2426,2100,1600,2000,45575,45923,44092,43672,44230,0
Female,Graduate,Single,27,170000,356,1472,736,736,736,736,1536,0,736,736,736,-64,736,0,0,0,0
Female,University,Single,27,210000,26311,24805,25810,27071,27817,28401,2000,1800,2000,1500,1031,22805,24010,25071,26317,27370,0
Female,University,Single,28,50000,45004,48119,42958,37812,15617,9625,3880,10,8656,1044,349,44239,42948,29156,14573,9276,1
Female,University,Single,30,200000,4644,5670,8107,7523,8345,19030,1263,2700,0,1000,11000,4407,5407,7523,7345,8030,0
Female,Graduate,Single,28,100000,29086,19091,17916,12233,6741,-24,1400,1506,1209,0,0,17691,16410,11024,6741,-24,0
Female,University,Single,31,180000,112900,0,178143,181625,164914,145052,0,181625,8350,5005,5000,0,-3482,173275,159909,140052,0
Female,University,Married,33,80000,75564,77708,78888,80466,28186,28445,3406,3518,3558,1200,1100,74302,75370,76908,26986,27345,0
Female,University,Married,27,80000,56720,5958,4303,3850,0,0,5958,4321,3869,0,0,0,-18,-19,0,0,1
Female,High School,Married,29,50000,47425,48171,46466,47226,46917,47571,2100,2100,2105,2000,1800,46071,44366,45121,44917,45771,0
Female,University,Married,28,560000,2740,2740,2740,2740,1703,27802,2740,2740,2740,1703,27802,0,0,0,0,0,0
Female,University,Single,28,150000,89336,90337,84905,86814,73827,60284,4027,4004,5016,5004,3000,86310,80901,81798,68823,57284,1
Female,University,Single,27,310000,1261,1261,1261,1651,390,390,1261,1261,1651,0,390,0,0,0,390,0,1
Female,University,Single,27,210000,1856,8657,10371,0,2700,2278,8657,10427,0,2700,2278,0,-56,0,0,0,0
Female,Graduate,Single,27,200000,4941,5555,15546,1665,3370,-36,5610,15616,1673,3385,0,-55,-70,-8,-15,-36,0
Female,Graduate,Single,28,100000,14309,11226,13142,12280,938,796,1268,2184,38500,938,796,9958,10958,-26220,0,0,0
Female,University,Married,28,200000,34819,165,1850,1538,165,165,165,1850,1538,165,165,0,0,0,0,0,0
Female,University,Married,28,40000,29195,32043,31250,31962,32752,33571,3650,0,1533,1322,1500,28393,31250,30429,31430,32071,0
Female,High School,Married,29,80000,456,3351,9452,1584,2200,7042,3366,9481,1588,2206,7073,-15,-29,-4,-6,-31,0
Female,High School,Single,29,360000,3307,0,0,0,0,1131,0,0,0,0,1131,0,0,0,0,0,0
Female,University,Single,28,290000,15042,28827,45913,44656,24692,7208,15000,20000,37092,20000,7208,13827,25913,7564,4692,0,0
Female,Graduate,Single,28,90000,1944,0,0,0,0,0,0,0,0,0,0,0,0,0,0,0,0
Female,Graduate,Single,29,280000,33210,526,9252,21254,1608,407,726,9298,21360,1614,2,-200,-46,-106,-6,405,0
Female,Graduate,Single,29,50000,22120,14577,16275,23790,2250,2100,4000,3096,12000,2250,500,10577,13179,11790,0,1600,0
Female,High School,Married,29,200000,203621,203424,199728,195609,131981,131294,7464,7889,6600,4602,4900,195960,191839,189009,127379,126394,0
Female,University,Single,30,400000,438569,446484,454826,411587,368563,252669,16718,16289,14100,12958,7807,429766,438537,397487,355605,244862,0
Female,Graduate,Single,31,210000,0,0,4811,2994,14321,5193,0,4811,2994,14327,5193,0,0,0,-6,0,0
Female,University,Married,31,50000,47800,50725,53518,4199,0,0,3725,2364,2398,0,0,47000,51154,1801,0,0,1
Female,Graduate,Single,30,150000,4205,1264,10830,2501,4461,1240,1264,10830,2501,4461,1240,0,0,0,0,0,0
Female,Graduate,Single,29,230000,0,0,249,0,449,1530,0,249,0,449,1530,0,0,0,0,0,0
Female,Graduate,Single,29,70000,75040,75705,69514,69312,69412,68692,3000,3000,3100,3000,3000,72705,66514,66212,66412,65692,0
Female,Graduate,Married,29,450000,104457,68877,62223,65522,61413,63547,2489,2528,10179,10013,5183,66388,59695,55343,51400,58364,0
Female,University,Single,29,80000,70810,72231,73953,69366,57435,39322,3200,3501,2500,2000,2000,69031,70452,66866,55435,37322,0
Female,University,Single,30,380000,305489,299641,256345,258936,228387,203931,11687,12160,12434,8651,8531,287954,244185,246502,219736,195400,0
Female,University,Married,31,100000,91192,91305,103216,88782,35146,39849,4000,15074,16197,13112,43122,87305,88142,72585,22034,-3273,0
Female,University,Married,31,30000,24358,23798,23071,23496,26562,27346,3000,4000,3000,5000,5000,20798,19071,20496,21562,22346,0
Female,Graduate,Single,31,140000,3886,4906,5233,6206,7140,8161,1100,1500,1100,1000,1100,3806,3733,5106,6140,7061,0
Female,Graduate,Single,27,320000,43243,42537,41370,40694,39606,38680,2000,1500,2000,1500,1500,40537,39870,38694,38106,37180,1
Female,University,Married,24,20000,18919,16743,17857,18310,18000,17294,1600,1687,1140,1800,1000,15143,16170,17170,16200,16294,0
Female,University,Single,25,350000,327915,342405,344459,351335,143291,98042,20000,9000,15076,5000,4000,322405,335459,336259,138291,94042,1
Female,University,Single,25,180000,175063,126801,96043,85554,77007,72461,5000,5015,4000,3000,3000,121801,91028,81554,74007,69461,0
Female,University,Single,23,30000,28347,28296,25819,26409,26401,26448,2300,2390,1718,1100,1000,25996,23429,24691,25301,25448,0
Female,Graduate,Single,24,110000,111863,111569,110768,110480,48708,47060,6001,5000,5060,2000,3000,105568,105768,105420,46708,44060,0
Female,University,Single,24,50000,2568,3589,4608,4919,0,0,1070,1089,1000,0,0,2519,3519,3919,0,0,0
Female,University,Single,31,200000,2718,590,8971,8509,29645,7300,591,8981,8525,29713,7305,-1,-10,-16,-68,-5,0
Female,University,Single,29,100000,87018,75666,74709,76143,73327,147496,3267,3324,4220,2728,2800,72399,71385,71923,70599,144696,0
Female,Graduate,Single,27,100000,4829,0,0,0,5330,0,0,0,0,5330,1274,0,0,0,0,-1274,0
Female,Graduate,Single,29,150000,1148,3019,100,802,802,702,2000,100,702,0,0,1019,0,100,802,702,1
Female,University,Married,27,60000,60915,54738,47023,57554,27412,27829,2255,2469,25000,1200,1008,52483,44554,32554,26212,26821,0
Female,University,Married,27,80000,20417,3061,7920,2830,3092,2315,3082,7932,2838,3112,2333,-21,-12,-8,-20,-18,0
Female,Graduate,Single,26,150000,7448,2089,174,640,2414,500,2089,174,640,2414,500,0,0,0,0,0,0
Female,Graduate,Single,27,30000,30342,29337,29956,29782,27290,27865,1500,1485,2000,1000,1014,27837,28471,27782,26290,26851,1
Female,Graduate,Single,26,150000,205467,195764,197085,202517,56898,58262,6000,6000,6000,5000,2000,189764,191085,196517,51898,56262,0
Female,Graduate,Single,26,250000,50122,44742,43194,41381,33246,32948,2027,2020,1510,1000,1000,42715,41174,39871,32246,31948,0
Female,Graduate,Single,29,500000,36051,30912,33740,15272,17015,18740,2065,25099,2000,2000,2000,28847,8641,13272,15015,16740,0
Female,Graduate,Single,28,230000,65862,61532,37214,37680,33708,565,5000,1954,1420,3708,565,56532,35260,36260,30000,0,0
Female,Graduate,Single,29,160000,386,4194,196,7730,3113,3484,4194,196,7741,3113,3484,0,0,-11,0,0,0
Female,Graduate,Married,31,360000,9315,58319,48179,14702,20444,30833,58617,48426,14775,20559,30954,-298,-247,-73,-115,-121,0
Female,University,Married,30,400000,30667,31160,23054,8453,10387,9222,5034,2086,2025,5006,543,26126,20968,6428,5381,8679,0
Female,Graduate,Single,29,130000,93761,100172,97727,98588,97129,98016,8901,0,3401,3509,3671,91271,97727,95187,93620,94345,0
Female,Graduate,Single,28,80000,70723,72151,73888,75345,75040,75211,3200,3500,3300,2800,2900,68951,70388,72045,72240,72311,0
Female,Graduate,Single,28,160000,316,1599,2328,1798,1000,1442,1617,2378,1798,1000,1442,-18,-50,0,0,0,0
Female,Graduate,Married,28,390000,60697,64440,67503,68566,65411,66597,5000,5000,5007,5000,5000,59440,62503,63559,60411,61597,0
Female,University,Single,31,200000,3707,3347,0,665,2846,6586,0,16550,665,2846,6586,3347,-16550,0,0,0,1
Female,University,Married,30,30000,9211,9133,10165,11441,11479,11719,1154,1186,1462,500,400,7979,8979,9979,10979,11319,0
Female,High School,Single,31,50000,780,780,390,2724,2183,2638,0,0,2724,0,1004,780,390,0,2183,1634,0
Female,University,Single,31,180000,69502,69878,71866,72140,60885,32397,2500,3300,2140,1885,4000,67378,68566,70000,59000,28397,0
Female,High School,Single,32,200000,148959,152810,159907,168200,148987,152224,6700,10000,10000,4183,4465,146110,149907,158200,144804,147759,0
Female,University,Married,32,180000,151307,143025,140984,85948,80069,77462,6000,6000,8009,0,3000,137025,134984,77939,80069,74462,0
Female,Graduate,Single,31,250000,36439,30161,24326,13198,6686,9423,5000,1298,1000,134,9423,25161,23028,12198,6552,0,0
Female,Graduate,Single,29,180000,3900,222,906,6101,50372,1203,222,908,6101,48251,1207,0,-2,0,2121,-4,0
Female,University,Married,32,50000,48971,38736,26945,27541,27689,28868,1754,1500,3038,976,2000,36982,25445,24503,26713,26868,0
Female,Graduate,Married,33,220000,199040,182158,143895,147039,152384,159631,10032,7000,7500,10000,10000,172126,136895,139539,142384,149631,0
Female,University,Married,31,360000,990,990,990,990,990,990,990,990,990,990,990,0,0,0,0,0,0
Female,Graduate,Single,29,500000,33252,39078,33086,18304,16604,9505,10000,2014,3030,8006,1000,29078,31072,15274,8598,8505,0
Female,High School,Married,30,50000,1032,1464,1722,316,2615,2104,1464,1722,316,2615,2104,0,0,0,0,0,0
Female,University,Single,30,150000,55,-94,-208,-208,993,0,0,239,0,1201,0,-94,-447,-208,-208,0,0
Female,University,Single,31,150000,13701,12009,11985,24310,17280,36986,12013,12005,24322,6000,37000,-4,-20,-12,11280,-14,0
Female,Graduate,Single,31,300000,720,0,69190,0,686,2927,0,69190,0,686,2927,0,0,0,0,0,0
Female,Graduate,Single,24,130000,76582,86333,91715,89245,90827,87779,12000,7700,0,3001,3011,74333,84015,89245,87826,84768,0
Female,High School,Single,22,30000,15048,16795,18524,19923,19305,20994,2000,2000,2000,0,2000,14795,16524,17923,19305,18994,0
Female,University,Single,25,90000,27658,11865,4602,28426,8978,5104,6708,8853,28990,9028,5119,5157,-4251,-564,-50,-15,0
Female,University,Single,25,90000,88822,76400,0,2757,3060,2864,1588,0,2757,500,0,74812,0,0,2560,2864,1
Female,High School,Single,25,70000,31337,34439,25170,20921,18229,20915,4000,3069,3000,2000,3000,30439,22101,17921,16229,17915,0
Female,University,Married,25,80000,73267,74425,76347,51150,43193,44230,2971,3435,1750,1593,1730,71454,72912,49400,41600,42500,1
Female,University,Single,25,60000,7885,9244,11082,12133,16891,17615,1500,2000,1242,5000,1000,7744,9082,10891,11891,16615,1
Female,High School,Single,26,60000,4837,3642,6232,6444,3783,3219,0,6472,6444,3219,0,3642,-240,0,564,3219,0
Female,University,Single,27,420000,15000,15000,15000,15000,15000,15000,15000,15000,15000,15000,15000,0,0,0,0,0,0
Female,Graduate,Single,27,200000,0,0,0,0,0,0,0,0,0,0,0,0,0,0,0,0,1
Female,Graduate,Single,29,220000,2848,7146,4690,16331,77894,2576,7181,4714,16493,97910,0,-35,-24,-162,-20016,2576,0
Female,Graduate,Single,29,170000,1000,6000,0,0,0,0,5000,0,0,0,0,1000,0,0,0,0,0
Female,High School,Single,29,500000,5024,798,5921,2381,823,801,802,5950,2392,827,805,-4,-29,-11,-4,-4,1
Female,Graduate,Single,29,60000,0,351,199,3697,0,532,351,0,3697,0,532,0,199,0,0,0,1
Female,University,Single,30,140000,107,232,107,107,107,107,232,107,107,107,107,0,0,0,0,0,0
Female,University,Married,31,100000,95160,94327,0,0,2743,1782,2000,0,0,2743,1782,92327,0,0,0,0,0
Female,Graduate,Single,31,180000,-23,5631,2771,390,0,0,5654,2771,390,0,0,-23,0,0,0,0,0
Female,Graduate,Single,31,360000,0,0,0,0,0,0,0,0,0,0,0,0,0,0,0,0,0
Female,Graduate,Single,31,420000,233413,241503,277447,287781,294010,319257,12000,40000,15000,11000,30000,229503,237447,272781,283010,289257,1
Female,University,Single,29,200000,779,860,496,2755,2048,2318,860,496,2763,2048,2318,0,0,-8,0,0,0
Female,University,Married,31,260000,82156,83083,85346,87620,89566,91502,3611,3712,3800,3500,3400,79472,81634,83820,86066,88102,0
Female,University,Single,30,300000,19333,19333,19333,19333,20333,20333,19333,19333,19333,20333,20333,0,0,0,0,0,0
Female,Graduate,Single,29,400000,74829,77970,70557,71867,72137,72955,7017,0,3200,2750,3000,70953,70557,68667,69387,69955,1
Female,Graduate,Single,30,220000,22959,37955,25741,17875,14639,27042,20066,1318,1102,14710,28087,17889,24423,16773,-71,-1045,0
Female,Graduate,Single,30,130000,1493,1492,1310,1310,2046,1574,1492,1310,1310,2046,574,0,0,0,0,1000,1
Female,Graduate,Single,29,150000,962,5868,15218,15965,9275,25321,5868,15283,15972,9275,25321,0,-65,-7,0,0,0
Female,Graduate,Single,33,280000,266030,264176,267668,262905,260296,254023,12000,12001,12000,9510,10002,252176,255667,250905,250786,244021,0
Female,Graduate,Single,33,230000,181532,187639,193252,200648,203103,207573,9000,10000,12000,7130,7600,178639,183252,188648,195973,199973,0
Female,University,Married,28,180000,54972,42329,42071,39649,39221,40731,2000,2002,2000,2000,2000,40329,40069,37649,37221,38731,0
Female,University,Single,29,270000,39004,28963,23021,17934,13650,12864,1520,1719,1200,1000,2000,27443,21302,16734,12650,10864,0
Female,Other,Single,30,190000,198098,194576,202868,198936,28950,28666,4515,15466,4700,47450,16666,190061,187402,194236,-18500,12000,0
Female,High School,Single,30,150000,69235,69407,69232,71089,65793,66651,2500,3000,3067,2344,2419,66907,66232,68022,63449,64232,0
Female,Graduate,Single,28,230000,355,0,916,0,0,8878,0,916,0,0,8878,0,0,0,0,0,1
Female,High School,Married,29,70000,22438,24055,25359,26434,26993,28551,2000,2000,1500,1000,2000,22055,23359,24934,25993,26551,0
Female,University,Single,29,500000,2140,3919,3572,2749,2140,3109,3919,3763,2749,2140,3109,0,-191,0,0,0,0
Female,University,Married,30,50000,46800,37395,38591,40037,32260,27649,1604,1800,2200,1400,1100,35791,36791,37837,30860,26549,1
Female,Graduate,Single,29,220000,206879,211037,215139,218513,131660,134346,9100,9000,7887,4800,4900,201937,206139,210626,126860,129446,1
Female,University,Married,30,210000,2818,0,0,0,0,0,0,0,0,0,0,0,0,0,0,0,0
Female,University,Married,30,260000,66433,67134,67768,69033,70166,71377,2400,2496,2429,2599,2827,64734,65272,66604,67567,68550,0
Female,Graduate,Single,29,280000,1939,333,779,8029,8040,2979,333,779,8029,11,3129,0,0,0,8029,-150,0
Female,Graduate,Single,30,180000,360,120,360,360,450,90,120,600,360,450,0,0,-240,0,0,90,0
Female,High School,Married,29,30000,27705,28452,29693,30206,30309,28218,1500,2000,1500,1044,0,26952,27693,28706,29265,28218,1
Female,University,Married,30,20000,0,0,780,780,0,0,0,780,0,0,0,0,0,780,0,0,1
Female,University,Married,32,200000,-400,163,163,2231,2048,4732,563,0,2250,0,2732,-400,163,-19,2048,2000,0
Female,Graduate,Single,30,80000,82523,80586,80783,75115,49420,50677,0,4000,3000,1800,2000,80586,76783,72115,47620,48677,1
Female,University,Single,31,90000,22259,23418,24443,26695,25967,26946,1838,1408,2660,0,1400,21580,23035,24035,25967,25546,1
Female,University,Married,32,20000,15073,15431,16176,18204,17614,18826,1600,1300,2300,0,1500,13831,14876,15904,17614,17326,1
Female,High School,Married,32,30000,27395,25947,30473,27940,28397,29009,2000,5303,0,1200,1200,23947,25170,27940,27197,27809,0
Female,Graduate,Single,29,70000,61217,62601,63990,64355,56195,43803,3000,3000,3000,1900,1600,59601,60990,61355,54295,42203,0
Female,University,Married,29,200000,74566,73700,73624,73928,72060,72393,3213,3304,3815,3004,3006,70487,70320,70113,69056,69387,0
Female,University,Single,29,420000,326239,318143,15926,4169,158062,156341,7108,17570,1000,158556,5000,311035,-1644,3169,-494,151341,0
Female,University,Married,29,130000,130927,133658,132026,122804,121663,122032,7000,5306,5000,5000,6000,126658,126720,117804,116663,116032,0
Female,Graduate,Single,30,160000,78623,65315,52890,50275,51337,53349,3000,4000,2500,2500,3000,62315,48890,47775,48837,50349,0
Female,Graduate,Married,29,320000,2799,7932,0,0,0,0,7329,0,0,0,0,603,0,0,0,0,0
Female,Graduate,Single,29,130000,790,390,99235,98080,97224,97940,390,99235,4368,3449,3713,0,0,93712,93775,94227,0
Female,Graduate,Single,29,200000,0,0,35063,0,0,5799,0,35063,16720,0,5799,0,0,-16720,0,0,1
Female,Graduate,Single,30,320000,1259,5152,4257,-3,-3,670,5177,4278,0,0,673,-25,-21,-3,-3,-3,0
Female,University,Married,30,400000,68835,60549,63047,65508,66954,68411,2600,3000,3000,2000,2002,57949,60047,62508,64954,66409,0
Female,University,Single,30,390000,35169,17147,3350,4710,80474,80330,1070,1226,4710,83756,3100,16077,2124,0,-3282,77230,0
Female,Graduate,Married,29,100000,27304,28537,32498,0,0,21648,2000,4652,0,0,21648,26537,27846,0,0,0,0
Female,University,Married,30,100000,98048,97585,84514,85496,69656,61532,3903,8000,5000,4000,3000,93682,76514,80496,65656,58532,0
Female,University,Single,31,400000,9123,7496,7558,6877,4880,6728,1500,1500,1000,1000,3000,5996,6058,5877,3880,3728,0
Female,University,Married,27,100000,667,667,6637,6300,12300,0,0,6637,0,6000,0,667,0,6300,6300,0,1
Female,High School,Married,27,300000,1890,1570,390,390,390,390,1570,390,390,390,390,0,0,0,0,0,0
Female,University,Single,27,20000,14248,15703,17140,18127,18605,16351,2000,2000,1600,1030,1000,13703,15140,16527,17575,15351,0
Female,University,Single,27,50000,27314,28353,30299,33760,0,0,1500,3000,4000,0,0,26853,27299,29760,0,0,0
Female,Graduate,Single,30,100000,29668,32463,33350,34003,34647,35348,3600,1700,1500,1500,1400,28863,31650,32503,33147,33948,0
Female,University,Married,30,200000,194747,197031,196787,194632,198839,196550,9000,7100,7100,7400,7200,188031,189687,187532,191439,189350,0
Female,University,Single,30,300000,251986,231773,225295,236540,168519,172674,11000,11000,17000,0,7000,220773,214295,219540,168519,165674,0
Female,High School,Married,30,240000,7075,15732,9285,1617,188,98,17003,9343,1617,188,98,-1271,-58,0,0,0,0
Female,University,Married,30,240000,17047,15188,11366,14231,11135,7774,15188,11366,14231,11135,7774,0,0,0,0,0,0
Female,High School,Married,30,120000,119511,116086,117580,120041,80578,82280,3,4351,5000,3000,3000,116083,113229,115041,77578,79280,1
Female,Graduate,Single,31,350000,403,403,1351,4656,0,1190,0,1351,4677,0,1190,403,0,-21,0,0,0
Female,Graduate,Single,31,590000,-154,240,244,-1469,925,3319,1000,1026,0,3000,3000,-760,-782,-1469,-2075,319,0
Female,Graduate,Single,30,240000,0,0,0,0,0,0,0,0,0,0,0,0,0,0,0,0,0
Female,Other,Single,27,200000,0,0,0,0,0,0,0,0,0,0,0,0,0,0,0,0,0
Female,Graduate,Single,27,300000,131760,132770,130595,132683,128557,125900,4700,4995,4516,4034,4088,128070,125600,128167,124523,121812,0
Female,University,Married,28,240000,5740,5639,3428,4634,4590,9675,1215,2000,2000,4590,9675,4424,1428,2634,0,0,0
Female,Graduate,Single,28,170000,3497,17920,2863,0,949,0,17920,2863,0,949,0,0,0,0,0,0,0
Female,University,Single,30,470000,26549,25247,28019,27139,26923,28350,1420,5000,1408,2000,2000,23827,23019,25731,24923,26350,0
Female,Graduate,Single,30,110000,51276,52064,53160,54331,53024,51317,3000,3031,3000,3000,2000,49064,50129,51331,50024,49317,0
Female,High School,Single,24,30000,27276,26937,26679,27779,28691,29726,2000,2500,2000,2000,2000,24937,24179,25779,26691,27726,1
Female,University,Single,24,80000,62550,0,10000,18150,7490,7490,10000,10000,18150,7490,7490,-10000,0,0,0,0,0
Female,Graduate,Single,24,100000,-78,-78,-78,-78,-78,-78,0,0,0,0,0,-78,-78,-78,-78,-78,0
Female,University,Single,25,160000,45835,45474,42601,33581,29827,19056,2000,2000,1400,600,0,43474,40601,32181,29227,19056,0
Female,Graduate,Single,27,110000,52426,45107,44310,34820,36005,25976,1772,1900,1815,2000,1500,43335,42410,33005,34005,24476,0
Female,High School,Single,28,150000,107603,109835,110255,110247,110955,105145,5500,5500,5300,3853,4000,104335,104755,104947,107102,101145,0
Female,Graduate,Single,30,390000,7650,8500,4090,8342,7611,8018,3031,2010,6500,2000,1000,5469,2080,1842,5611,7018,0
Female,University,Married,30,180000,5100,9861,11021,16883,150,4661,9861,11021,16883,150,4661,0,0,0,0,0,1
Female,Graduate,Single,29,300000,45117,43460,14291,7331,10018,6213,1281,1093,1000,5014,2000,42179,13198,6331,5004,4213,0
Female,Graduate,Married,29,400000,5074,4097,7716,12538,17305,22499,1097,3716,5000,5000,5668,3000,4000,7538,12305,16831,0
Female,Graduate,Single,29,110000,113093,106321,107630,106354,79154,69988,3,4334,4250,2946,2506,106318,103296,102104,76208,67482,0
Female,Graduate,Single,28,120000,20578,21742,23384,24268,24665,21833,2000,2000,1312,1009,1000,19742,21384,22956,23656,20833,0
Female,University,Single,28,200000,8837,9491,3632,7673,5830,6890,9690,3632,7673,2530,6000,-199,0,0,3300,890,0
Female,University,Married,25,120000,70282,71463,60364,70420,62549,47683,4000,3000,11299,1943,2000,67463,57364,59121,60606,45683,0
Female,University,Single,25,270000,162905,156151,127423,126824,115961,112929,5085,4795,4470,3847,3943,151066,122628,122354,112114,108986,0
Female,Graduate,Single,25,250000,18761,10656,7099,11758,17047,16483,4662,2101,7227,7865,8485,5994,4998,4531,9182,7998,0
Female,University,Married,25,130000,61223,4003,3223,23264,20582,18182,4003,3223,43264,2000,1000,0,0,-20000,18582,17182,0
Female,Graduate,Single,26,290000,32126,10823,5248,32307,28492,1799,10884,5275,32563,29143,1809,-61,-27,-256,-651,-10,0
Female,University,Single,26,210000,78632,49707,37998,32062,27056,15955,2000,2200,2008,2000,5000,47707,35798,30054,25056,10955,0
Female,University,Single,26,200000,-1544,8510,4141,15305,10368,5642,12651,0,15305,0,0,-4141,4141,0,10368,5642,0
Female,Graduate,Single,28,240000,17868,188,2288,2100,405,1665,0,2100,405,0,1665,188,188,1695,405,0,0
Female,Graduate,Married,30,170000,5280,5020,996,35490,6000,5350,5020,996,35490,6000,5350,0,0,0,0,0,0
Female,Graduate,Single,28,180000,26000,5480,5960,600,6800,12627,5488,5960,600,6800,12627,-8,0,0,0,0,0
Female,Graduate,Single,28,280000,40683,1888,1592,1312,486,886,1888,1592,1312,486,1036,0,0,0,0,-150,0
Female,University,Single,28,490000,128821,93626,52074,118595,93461,86682,3047,2647,88595,3203,3142,90579,49427,30000,90258,83540,0
Female,University,Single,31,240000,7414,2020,-9032,13756,0,3138,2020,1000,23724,0,3138,0,-10032,-9968,0,0,0
Female,Graduate,Married,31,150000,67852,68312,70203,71321,72235,73611,2500,3300,3200,3000,3000,65812,66903,68121,69235,70611,0
Female,Graduate,Single,32,350000,260076,265242,271726,295642,283684,282575,9501,10766,29060,55,10104,255741,260960,266582,283629,272471,0
Female,University,Married,30,80000,22113,21507,13207,13997,10914,10685,1600,1700,1400,200,1000,19907,11507,12597,10714,9685,0
Female,Graduate,Single,31,330000,3437,7525,32096,1665,166,0,7565,32096,1665,166,0,-40,0,0,0,0,0
Female,University,Married,31,20000,-19,3350,883,470,240,0,4540,883,470,240,0,-1190,0,0,0,0,0
Female,University,Single,32,210000,44304,46255,50486,54019,58091,61630,3000,5000,5000,5000,4500,43255,45486,49019,53091,57130,0
Female,University,Single,32,400000,0,626,118,10349,2817,2410,626,118,10349,2817,2410,0,0,0,0,0,0
Female,University,Married,28,230000,0,0,0,0,0,0,0,0,0,0,0,0,0,0,0,0,0
Female,Graduate,Single,29,200000,8695,14323,44326,9353,11156,17725,14329,44452,9355,11156,17725,-6,-126,-2,0,0,0
Female,University,Single,31,180000,0,2813,12937,50500,0,0,2813,12937,50500,0,0,0,0,0,0,0,0
Female,University,Married,30,200000,33604,35706,34064,30519,26166,28097,3000,1500,2547,2500,2500,32706,32564,27972,23666,25597,0
Female,University,Single,26,50000,48057,48457,44932,20024,18830,18087,2007,1351,1561,628,775,46450,43581,18463,18202,17312,0
Female,Graduate,Single,27,290000,168,569,1401,1503,834,931,569,1000,1000,200,265,0,401,503,634,666,0
Female,University,Married,31,100000,75818,76887,78178,79858,74785,54849,2745,2939,3500,3000,1989,74142,75239,76358,71785,52860,0
Female,University,Single,32,150000,9545,14350,17118,16546,20052,20385,5000,3000,0,3800,800,9350,14118,16546,16252,19585,1
Female,University,Single,32,20000,9763,925,4033,897,2147,1359,925,4033,1136,2147,407,0,0,-239,0,952,0
Female,Graduate,Married,32,200000,12367,13732,1513,0,0,0,2000,1513,0,0,0,11732,0,0,0,0,0
Female,University,Single,32,80000,77535,78579,67097,50214,48738,3860,3010,3061,2000,1000,3860,75569,64036,48214,47738,0,0
Female,Graduate,Single,29,290000,78928,73380,67146,68063,63910,73553,8000,10000,5005,8000,15000,65380,57146,63058,55910,58553,0
Female,University,Married,29,200000,118729,121398,125899,128933,129427,132338,4874,6690,7000,4500,5000,116524,119209,121933,124927,127338,0
Female,University,Single,29,150000,933,598,1062,0,1810,0,598,1062,0,1810,0,0,0,0,0,0,0
Female,Graduate,Single,27,180000,101489,78738,78639,44295,44113,37805,10006,8000,1610,10000,1333,68732,70639,42685,34113,36472,0
Female,University,Married,32,420000,546485,228070,184810,131304,110930,84193,18546,8931,4940,1796,3100,209524,175879,126364,109134,81093,0
Female,High School,Married,29,30000,10456,13164,12668,15038,14502,15501,3200,0,2905,0,1386,9964,12668,12133,14502,14115,1
Female,Graduate,Single,31,230000,2155,2010,165,5908,283,283,2010,0,5908,283,133,0,165,0,0,150,0
Female,University,Single,27,60000,5087,7236,8104,7825,8580,8300,2410,1131,0,886,0,4826,6973,7825,7694,8300,0
Female,University,Single,28,220000,43436,46883,44179,44704,44997,45199,5012,2500,2000,2000,3000,41871,41679,42704,42997,42199,0
Female,Graduate,Single,29,240000,186969,167474,168081,166589,165981,165951,5510,6000,8808,6006,6000,161964,162081,157781,159975,159951,0
Female,University,Single,31,140000,518,518,518,518,518,668,518,518,518,518,668,0,0,0,0,0,0
Female,Graduate,Single,32,200000,6890,11002,517,11212,19090,24949,11002,517,11214,19116,24949,0,0,-2,-26,0,0
Female,Graduate,Single,30,410000,0,8417,0,2830,0,0,8417,0,2830,0,0,0,0,0,0,0,0
Female,University,Married,34,140000,47922,49930,51980,54606,55220,56527,2710,2760,3386,2000,2082,47220,49220,51220,53220,54445,0
Female,University,Single,30,80000,127580,91812,96599,93389,29716,27283,13000,6000,5122,5012,13000,78812,90599,88267,24704,14283,0
Female,University,Single,29,340000,246245,250923,256428,233608,171349,158565,8730,9680,8613,6101,5725,242193,246748,224995,165248,152840,0
Female,Graduate,Single,29,140000,4880,0,0,6560,3617,0,0,0,6560,3617,0,0,0,0,0,0,1
Female,Graduate,Single,30,170000,155910,158819,161487,157577,168094,170922,6800,6500,0,13000,5500,152019,154987,157577,155094,165422,1
Female,Graduate,Single,30,290000,288033,260683,190012,36223,-4724,225276,10784,10295,2082,4724,230000,249899,179717,34141,-9448,-4724,0
Female,University,Single,31,360000,3386,5964,1340,1650,4350,4792,5964,1340,1650,4350,4792,0,0,0,0,0,0
Female,Graduate,Married,32,310000,4762,26943,7488,10276,96059,6434,26943,5000,6000,93000,3000,0,2488,4276,3059,3434,1
Female,University,Single,32,500000,9609,5609,967,16638,15721,17349,5637,972,16671,5749,7376,-28,-5,-33,9972,9973,0
Female,Graduate,Single,33,250000,243262,238599,198588,203286,215882,214320,7991,9000,8000,16000,2000,230608,189588,195286,199882,212320,1
Female,Graduate,Single,33,500000,10361,263,8050,8234,835,87878,263,8050,8234,835,87878,0,0,0,0,0,0
Female,University,Married,33,80000,74973,66613,66437,54631,49219,50094,3113,2627,1850,1870,1773,63500,63810,52781,47349,48321,0
Female,University,Single,30,180000,23398,14445,15404,19885,22355,22902,1541,1500,4911,10355,10902,12904,13904,14974,12000,12000,0
Female,Graduate,Single,30,320000,60947,62660,22693,23705,24012,24703,2868,1681,1693,1000,1077,59792,21012,22012,23012,23626,0
Female,University,Married,30,130000,106796,108673,104535,105349,105254,120756,4000,4000,6500,5400,124582,104673,100535,98849,99854,-3826,0
Female,High School,Single,30,250000,1962,82,82,82,82,82,82,82,82,82,82,0,0,0,0,0,0
Female,Graduate,Single,27,380000,119628,36965,32932,37368,35543,36756,3250,6200,5000,1543,1776,33715,26732,32368,34000,34980,0
Female,Graduate,Single,27,200000,24635,0,0,0,0,0,0,0,0,0,0,0,0,0,0,0,0
Female,Other,Married,28,260000,237212,228643,231156,223415,158739,159210,8006,7550,8080,4645,5047,220637,223606,215335,154094,154163,0
Female,University,Single,28,150000,137564,137327,146648,147865,149356,145262,3500,13000,5200,5300,400,133827,133648,142665,144056,144862,1
Female,Graduate,Single,28,100000,-4894,-4894,-4894,-4894,-4894,-4894,0,0,0,0,0,-4894,-4894,-4894,-4894,-4894,0
Female,University,Married,28,180000,85557,73121,68650,67895,68442,70131,3200,2500,3000,2500,3000,69921,66150,64895,65942,67131,0
Female,Graduate,Single,26,150000,136736,125651,116684,101581,77741,77264,4486,4235,3161,2647,2669,121165,112449,98420,75094,74595,0
Female,University,Single,27,230000,175050,164054,127369,108702,77703,79123,10000,10000,4000,3000,5000,154054,117369,104702,74703,74123,0
Female,University,Single,29,160000,36370,35996,35275,34873,35677,34942,4002,5390,6000,5000,5000,31994,29885,28873,30677,29942,0
Female,University,Married,30,360000,20992,40125,44454,48382,51951,55957,20000,5000,5000,5000,5000,20125,39454,43382,46951,50957,0
Female,High School,Married,28,150000,146325,140902,131798,115350,105770,111850,5125,10104,10017,4000,15000,135777,121694,105333,101770,96850,0
Female,Graduate,Married,34,360000,0,0,0,0,0,0,0,0,0,0,0,0,0,0,0,0,1
Female,University,Single,37,10000,6993,4165,5794,9576,7818,7580,6495,5794,9585,7580,152,-2330,0,-9,238,7428,0
Female,University,Single,35,20000,15852,16861,17884,18590,18959,19347,1579,1602,1308,677,692,15282,16282,17282,18282,18655,1
Female,University,Married,35,50000,34265,34175,33392,28340,24384,22643,2000,2000,2000,2000,1000,32175,31392,26340,22384,21643,0
Female,University,Single,37,50000,26305,25583,26649,27584,28135,28878,0,1481,1416,967,1156,25583,25168,26168,27168,27722,0
Female,University,Married,37,60000,49335,48241,52222,52777,51332,55489,0,4763,2000,0,5000,48241,47459,50777,51332,50489,1
Female,High School,Single,37,20000,12443,13947,14331,12495,12787,13583,2000,902,500,500,1000,11947,13429,11995,12287,12583,0
Female,University,Single,39,130000,108879,111115,107185,108569,112541,114885,5500,0,5399,8000,5000,105615,107185,103170,104541,109885,0
Female,High School,Single,36,50000,48831,46763,44302,42942,20103,20163,2002,4228,1603,900,700,44761,40074,41339,19203,19463,0
Female,University,Married,36,350000,50889,45881,36578,37717,58311,58467,10000,9000,10000,30000,9000,35881,27578,27717,28311,49467,0
Female,University,Married,40,210000,41826,42820,44156,44864,45768,48204,1520,1856,1564,1468,3000,41300,42300,43300,44300,45204,0
Female,University,Single,23,10000,8536,8617,7902,9166,8885,9185,1117,1302,1566,0,429,7500,6600,7600,8885,8756,0
Female,University,Married,34,20000,17970,17389,20491,19803,19734,19613,0,3700,0,1000,2000,17389,16791,19803,18734,17613,0
Female,Graduate,Married,33,80000,65484,66798,68120,70088,71345,72314,3000,3000,3109,3000,3000,63798,65120,66979,68345,69314,0
Female,University,Single,33,110000,83762,84677,87748,99201,78281,77772,3200,4521,20000,2710,2800,81477,83227,79201,75571,74972,1
Female,Graduate,Single,40,180000,0,0,1040,258,0,0,0,1040,258,0,0,0,0,0,0,0,0
Female,High School,Single,37,360000,646,0,740,871,1980,0,0,740,871,1980,0,0,0,0,0,0,0
Female,University,Married,33,250000,484,0,242,28932,0,100000,0,242,28932,0,100000,0,0,0,0,0,0
Female,University,Married,34,180000,13954,5589,4312,2490,0,0,5589,4312,2490,0,0,0,0,0,0,0,0
Female,University,Single,35,190000,66859,68204,70009,65845,67347,70096,3054,3529,3000,2600,4000,65150,66480,62845,64747,66096,0
Female,Graduate,Single,35,150000,15349,12834,25740,20995,21353,14453,0,15600,0,758,0,12834,10140,20995,20595,14453,0
Female,University,Married,35,90000,37003,38082,41150,41677,42191,43371,2000,4000,1500,1500,2000,36082,37150,40177,40691,41371,0
Female,Graduate,Single,39,230000,4612,2906,23777,78287,8986,11666,2906,23820,78287,35890,11000,0,-43,0,-26904,666,0
Female,High School,Married,47,120000,0,0,0,0,0,0,0,0,0,0,0,0,0,0,0,0,0
Female,High School,Married,36,100000,99298,101972,115335,112016,112906,120101,5220,16608,0,4233,9200,96752,98727,112016,108673,110901,1
Female,High School,Single,45,60000,26350,23908,24215,17728,18087,17730,1413,1500,1173,532,597,22495,22715,16555,17555,17133,0
Female,Graduate,Single,38,360000,254900,259974,268459,271691,277226,283210,9300,14200,9200,10000,10403,250674,254259,262491,267226,272807,0
Female,University,Married,38,310000,302623,310142,308006,239008,245493,250797,12000,12000,8500,10000,9000,298142,296006,230508,235493,241797,0
Female,University,Single,37,280000,12693,13214,13466,12619,13985,12603,13214,13466,12619,13985,12603,0,0,0,0,0,0
Female,High School,Single,38,30000,11403,8151,8892,8563,-510,390,0,2500,0,0,1290,8151,6392,8563,-510,-900,0
Female,University,Married,38,260000,81745,83371,85128,86910,88637,90682,2984,3100,3200,3172,3473,80387,82028,83710,85465,87209,0
Female,University,Married,36,180000,1252,23,-820,-1140,0,0,23,3,0,2000,0,0,-823,-1140,-2000,0,0
Female,University,Single,36,330000,257156,257576,256014,245244,239441,242025,10037,10109,10053,10014,9001,247539,245905,235191,229427,233024,0
Female,High School,Married,46,400000,260,58257,42948,25962,15316,6813,60064,42,1202,9,6813,-1807,42906,24760,15307,0,1
Female,University,Married,36,90000,86155,92406,90049,86984,67076,66533,8600,0,4100,5000,5000,83806,90049,82884,62076,61533,0
Female,Graduate,Single,36,200000,0,0,0,0,0,0,0,0,0,0,0,0,0,0,0,0,1
Female,High School,Single,38,280000,6491,-1277,8413,19825,22085,12316,4041,16830,19862,12098,19,-5318,-8417,-37,9987,12297,0
Female,Graduate,Married,37,350000,1140,0,4100,0,0,0,0,4100,0,0,0,0,0,0,0,0,0
Female,University,Married,42,50000,47867,40937,28868,44751,27557,29125,2083,1840,31000,977,2003,38854,27028,13751,26580,27122,0
Female,University,Single,44,50000,390,390,390,18015,17150,17102,390,390,18015,400,342,0,0,0,16750,16760,0
Female,University,Married,41,120000,4591,0,28466,21455,15685,6737,0,28466,21455,0,0,0,0,0,15685,6737,0
Female,University,Single,38,80000,17816,18095,17374,14298,12259,10498,3000,2000,1000,2000,2000,15095,15374,13298,10259,8498,0
Female,University,Other,36,90000,91552,88751,54704,37660,32074,18372,55000,5023,5030,11000,9765,33751,49681,32630,21074,8607,0
Female,University,Other,44,50000,42941,44002,43378,28048,28477,29056,1800,2122,1600,1000,1000,42202,41256,26448,27477,28056,0
Female,Graduate,Married,44,180000,123100,125674,145212,141409,142861,166960,6102,23200,0,5295,26550,119572,122012,141409,137566,140410,0
Female,High School,Married,31,200000,202139,202431,201911,201971,201351,201933,7000,7000,7000,7000,7000,195431,194911,194971,194351,194933,0
Female,University,Married,31,420000,147344,116483,90368,85616,81461,77925,4153,4031,3040,3026,3017,112330,86337,82576,78435,74908,0
Female,University,Married,31,270000,6894,14246,43615,33336,36045,28725,14305,43000,1740,16045,2000,-59,615,31596,20000,26725,0
Female,High School,Married,49,50000,46970,36260,29311,27932,28274,27605,3005,2000,2000,2000,1000,33255,27311,25932,26274,26605,0
Female,Graduate,Married,41,30000,26300,27308,28425,29233,21575,22029,1450,1560,1350,1000,801,25858,26865,27883,20575,21228,0
Female,University,Married,36,170000,15570,15031,16784,17711,17131,18197,0,2500,1500,0,1500,15031,14284,16211,17131,16697,0
Female,University,Married,42,170000,52262,36518,20533,-919,-919,-919,1985,1000,16000,16000,16000,34533,19533,-16919,-16919,-16919,0
Female,Other,Single,40,150000,157548,164305,156201,149975,0,0,160812,3173,3749,0,0,3493,153028,146226,0,0,1
Female,University,Single,38,20000,21769,21139,20521,19817,14932,10812,0,0,0,448,380,21139,20521,19817,14484,10432,0
Female,University,Married,40,120000,105124,109399,109397,36850,37739,38381,6020,3900,1700,1500,1400,103379,105497,35150,36239,36981,0
Female,University,Married,41,50000,17028,20543,21919,20828,20272,18816,3828,2000,600,0,637,16715,19919,20228,20272,18179,1
Female,High School,Single,44,500000,206766,196931,190584,124514,211301,200525,20077,20972,5045,100055,10018,176854,169612,119469,111246,190507,0
Female,University,Married,36,40000,7129,8850,9733,9375,6003,2435,3147,1172,0,500,1015,5703,8561,9375,5503,1420,1
Female,University,Married,48,70000,3838,1930,6384,4286,2333,930,1930,6384,4292,0,930,0,0,-6,2333,0,0
Female,University,Married,44,30000,28467,29792,29739,24950,25248,25109,1814,1459,1373,871,890,27978,28280,23577,24377,24219,1
Female,High School,Married,48,70000,9518,9217,10557,11576,12383,13180,0,1500,1200,1000,1000,9217,9057,10376,11383,12180,1
Female,High School,Married,49,20000,17543,17888,18577,18111,19114,17038,2100,1700,3500,2000,1000,15788,16877,14611,17114,16038,1
Female,High School,Married,45,140000,1352,381,2281,437,1320,300,381,2290,437,1320,300,0,-9,0,0,0,0
Female,University,Married,39,200000,117868,114483,118855,125357,121853,124731,0,6216,10000,0,5000,114483,112639,115357,121853,119731,1
Female,High School,Married,42,90000,34672,35270,36150,36528,37128,37348,1562,1832,1600,1000,1000,33708,34318,34928,36128,36348,0
Female,High School,Single,44,30000,3213,3000,0,0,0,0,0,0,0,0,0,3000,0,0,0,0,0
Female,University,Married,41,260000,8154,1365,717,717,2325,1117,1365,717,717,2325,1117,0,0,0,0,0,0
Female,University,Married,36,100000,0,0,19928,23255,23968,24531,0,19928,4000,1100,1100,0,0,19255,22868,23431,0
Female,Other,Single,36,150000,0,0,0,0,1966,500,0,0,0,1966,500,0,0,0,0,0,0
Female,High School,Single,44,50000,23268,24377,27164,26429,28291,27702,1500,3500,0,2300,0,22877,23664,26429,25991,27702,1
Female,University,Married,31,200000,2480,150,206,56,56,440,0,206,0,0,880,150,0,56,56,-440,0
Female,Graduate,Single,34,480000,19810,3478,7782,4720,4440,96628,3495,8037,4523,4462,96665,-17,-255,197,-22,-37,0
Female,Other,Married,36,150000,7160,5253,0,0,0,0,5279,0,0,0,0,-26,0,0,0,0,0
Female,Graduate,Married,38,80000,2226,6259,1393,1627,5189,10747,6259,1393,1627,5189,10747,0,0,0,0,0,0
Female,High School,Married,39,310000,11819,14300,18731,23078,27354,31725,3000,5000,5000,5000,5000,11300,13731,18078,22354,26725,0
Female,High School,Married,46,200000,14617,1261,8187,1261,1261,1261,1261,8187,1261,1261,1261,0,0,0,0,0,0
Female,University,Married,43,20000,11511,12521,13851,14558,14847,15157,1205,1535,1242,531,549,11316,12316,13316,14316,14608,0
Female,High School,Married,41,480000,44018,74152,107675,110289,100520,37080,35176,45000,12022,14000,14000,38976,62675,98267,86520,23080,0
Female,University,Single,35,200000,6512,4312,0,2412,1396,0,2000,0,2412,1396,0,2312,0,0,0,0,0
Female,High School,Married,45,20000,1649,2301,2840,0,1740,0,1071,1000,0,1740,0,1230,1840,0,0,0,0
Female,Graduate,Single,30,300000,515,200,208,2609,2040,1341,200,208,2610,0,0,0,0,-1,2040,1341,0
Female,University,Married,34,230000,0,0,0,0,0,0,0,0,0,0,0,0,0,0,0,0,0
Female,University,Married,35,50000,7378,7543,7754,7825,7132,7319,1121,1168,1075,218,1100,6422,6586,6750,6914,6219,1
Female,High School,Married,39,50000,49575,48208,47619,19929,15693,13766,2067,3000,1171,2000,2000,46141,44619,18758,13693,11766,0
Female,High School,Married,40,110000,105055,105886,108819,79027,80709,82406,4058,4913,3000,3000,3000,101828,103906,76027,77709,79406,0
Female,High School,Married,49,70000,16127,20035,19416,17153,17866,19413,4500,0,2000,1000,2000,15535,19416,15153,16866,17413,1
Female,High School,Other,46,50000,-1494,2590,3506,19792,19422,19830,7084,1000,19286,664,689,-4494,2506,506,18758,19141,0
Female,High School,Married,32,50000,33231,34544,35976,15996,32714,16720,1868,2300,1239,600,600,32676,33676,14757,32114,16120,1
Female,University,Married,46,440000,177425,180641,181557,149944,113135,105280,7700,8610,6907,3727,3800,172941,172947,143037,109408,101480,0
Female,University,Single,38,150000,1242,0,0,0,0,0,0,0,0,0,0,0,0,0,0,0,0
Female,University,Married,37,420000,36032,41932,9778,158901,161876,165378,7022,1846,163862,6000,6000,34910,7932,-4961,155876,159378,0
Female,University,Married,33,180000,3490,0,1112,10383,1980,2672,0,1112,10383,1980,2672,0,0,0,0,0,0
Female,Graduate,Single,33,230000,38646,40000,41354,42368,43161,45056,2000,2000,2000,1800,2600,38000,39354,40368,41361,42456,0
Female,University,Single,44,50000,16094,18961,20857,20229,19623,19878,3155,2500,0,0,707,15806,18357,20229,19623,19171,1
Female,University,Single,32,260000,251330,256988,234260,227884,202178,198467,10000,9014,11002,7503,7502,246988,225246,216882,194675,190965,1
Female,University,Single,33,260000,5188,12357,28656,7497,7685,15434,13000,29022,7500,27769,12000,-643,-366,-3,-20084,3434,1
Female,Graduate,Married,33,310000,2729,0,0,0,0,343,0,0,0,0,343,0,0,0,0,0,1
Female,University,Married,37,60000,42101,43594,44700,45465,46215,47125,2500,2100,1800,1800,1800,41094,42600,43665,44415,45325,1
Female,University,Single,40,120000,32130,3610,3790,18508,20737,-28,3613,3818,18564,20988,0,-3,-28,-56,-251,-28,0
Female,University,Married,41,400000,10928,12730,14486,13419,14313,14524,2000,2002,2000,2000,3000,10730,12484,11419,12313,11524,0
Female,High School,Married,45,80000,640,23699,2676,-4,-4,-4,23699,22670,0,0,0,0,-19994,-4,-4,-4,0
Female,University,Married,40,60000,31168,32649,34117,35243,36350,37113,2000,2000,2000,2000,1500,30649,32117,33243,34350,35613,0
Female,University,Married,40,160000,137930,137695,146193,139323,140719,143638,6574,12121,0,5100,10251,131121,134072,139323,135619,133387,0
Female,University,Married,34,220000,208009,212271,166288,168146,172345,177151,8200,8000,6108,7000,7743,204071,158288,162038,165345,169408,0
Female,University,Married,46,300000,5287,5750,2977,4796,2367,7367,3000,3000,2500,2367,5000,2750,-23,2296,0,2367,0
Female,University,Single,32,100000,101556,98734,98858,98259,80849,81151,3481,6006,3246,2994,2903,95253,92852,95013,77855,78248,0
Female,University,Married,37,60000,55233,54898,52890,49066,34105,32778,1940,2019,2236,1351,1326,52958,50871,46830,32754,31452,0
Female,University,Married,43,80000,71100,72066,71751,72034,73261,74479,10000,9000,9000,9000,9000,62066,62751,63034,64261,65479,0
Female,High School,Single,43,10000,1593,1928,5797,7727,4196,0,2006,5805,4013,4217,4,-78,-8,3714,-21,-4,0
Female,High School,Other,40,30000,29896,11158,18245,9714,28103,9207,11158,18245,9714,28112,9207,0,0,0,-9,0,0
Female,Graduate,Married,36,500000,9241,10786,12376,12660,8000,20514,10786,12390,12692,8016,20514,0,-14,-32,-16,0,0
Female,High School,Married,40,40000,-531,2661,3871,1488,0,0,3383,2000,0,0,0,-722,1871,1488,0,0,1
Female,University,Single,35,300000,48926,22580,300,5107,5107,3028,1006,350,5107,0,3028,21574,-50,0,5107,0,0
Female,University,Married,34,20000,13552,16513,17549,18907,19114,19186,3188,1600,3570,801,901,13325,15949,15337,18313,18285,0
Female,Graduate,Single,37,280000,2560,2343,4689,2289,1700,803,0,4689,2300,1725,803,2343,0,-11,-25,0,1
Female,Graduate,Single,38,190000,39468,33983,35042,35699,36410,38067,2151,1910,1558,1269,2209,31832,33132,34141,35141,35858,0
Female,University,Married,33,500000,9511,1468,3766,580,8120,1821,1468,3766,580,8120,1821,0,0,0,0,0,0
Female,Other,Married,43,250000,-6,1298,826,2044,-16,-16,1304,830,2054,0,0,-6,-4,-10,-16,-16,0
Female,High School,Single,47,120000,7301,4542,3390,460,338,679,2327,1083,500,350,700,2215,2307,-40,-12,-21,0
Female,High School,Single,35,20000,0,1492,0,0,0,0,1492,0,0,0,0,0,0,0,0,0,0
Female,Graduate,Married,40,210000,66635,56729,73783,58144,27617,14695,0,20012,24,33,0,56729,53771,58120,27584,14695,0
Female,Other,Single,46,220000,104603,107850,112108,113520,101164,88354,5000,6000,5000,3649,3580,102850,106108,108520,97515,84774,0
Female,High School,Married,49,30000,28806,13406,14485,15936,16370,17105,1600,1600,2000,1000,1000,11806,12885,13936,15370,16105,0
Female,University,Married,45,340000,284099,286067,290374,5329,5029,7079,11000,10005,5336,5036,38592,275067,280369,-7,-7,-31513,0
Female,Graduate,Married,36,180000,4911,6688,8432,9977,10030,10836,2000,2000,2000,500,1100,4688,6432,7977,9530,9736,0
Female,Graduate,Married,40,40000,776,776,776,776,1552,776,776,776,776,1552,0,0,0,0,0,776,1
Female,University,Married,37,20000,19969,19568,19189,13708,11467,10614,1400,2000,1500,1000,1000,18168,17189,12208,10467,9614,0
Female,University,Married,48,130000,105500,107761,109965,110797,107529,114104,5500,5400,4100,0,8500,102261,104565,106697,107529,105604,1
Female,University,Married,41,50000,47406,48332,44295,43638,18788,15468,2200,2100,2228,1000,500,46132,42195,41410,17788,14968,1
Female,Graduate,Married,31,300000,17641,2749,27838,4184,856,6781,2765,28773,0,856,6781,-16,-935,4184,0,0,0
Female,University,Single,33,140000,62063,56426,41717,42823,25224,26855,22400,2000,2000,900,2000,34026,39717,40823,24324,24855,0
Female,University,Married,46,260000,16170,18256,19556,18136,24018,21490,3000,2934,0,8000,0,15256,16622,18136,16018,21490,0
Female,University,Married,45,100000,90483,91893,91531,82398,73011,73711,3315,3664,3157,2572,3048,88578,87867,79241,70439,70663,0
Female,University,Single,40,130000,8539,9559,12394,11883,9826,10167,1165,3000,0,500,500,8394,9394,11883,9326,9667,1
Female,University,Single,47,200000,0,0,0,0,0,665,0,0,0,0,665,0,0,0,0,0,1
Female,Graduate,Married,48,200000,657,0,2080,3567,0,1731,0,2080,3567,0,1731,0,0,0,0,0,1
Female,Graduate,Single,31,200000,0,6372,2180,6605,970,0,6372,2182,6605,970,0,0,-2,0,0,0,0
Female,Graduate,Single,32,180000,17332,14579,17814,8260,9090,4441,4579,5000,2000,4110,4441,10000,12814,6260,4980,0,0
Female,University,Married,33,360000,0,0,3240,1943,0,0,0,3240,1943,0,0,0,0,0,0,0,1
Female,Graduate,Single,34,420000,26232,8955,33661,12957,10221,40060,8967,33661,3005,3000,40060,-12,0,9952,7221,0,0
Female,Graduate,Married,35,180000,3544,-36,163,163,1772,148,0,1000,0,2000,0,-36,-837,163,-228,148,0
Female,High School,Married,35,50000,34440,32823,34699,30869,29890,29719,0,3511,0,1045,1066,32823,31188,30869,28845,28653,0
Female,Graduate,Married,34,120000,3755,0,0,0,0,0,0,0,0,0,0,0,0,0,0,0,1
Female,High School,Married,35,80000,54986,55111,55239,54892,45862,45086,1966,2055,1720,1458,1475,53145,53184,53172,44404,43611,0
Female,Graduate,Married,38,180000,0,0,0,0,0,0,0,0,0,0,0,0,0,0,0,0,0
Female,University,Married,32,20000,15547,18186,17606,18708,20093,20721,2900,0,1400,1700,1100,15286,17606,17308,18393,19621,1
Female,Other,Married,32,180000,136055,136095,136201,136857,130839,131059,6400,6400,7000,5000,5000,129695,129801,129857,125839,126059,0
Female,University,Married,34,230000,3256,1401,1624,4180,2665,3915,1401,1635,4180,2667,3915,0,-11,0,-2,0,0
Female,University,Married,43,80000,78374,80472,82150,0,0,0,4000,4000,0,0,0,76472,78150,0,0,0,0
Female,University,Married,42,90000,1367,2086,2987,5850,2720,4541,2086,2987,5856,2720,4541,0,0,-6,0,0,0
Female,High School,Married,30,300000,25936,26008,26324,27249,46007,46764,1500,1800,2000,20000,2160,24508,24524,25249,26007,44604,0
Female,Graduate,Single,36,160000,0,0,0,0,0,300,0,0,0,0,300,0,0,0,0,0,1
Female,University,Single,47,180000,4164,701,411,955,416,2408,701,411,960,416,2408,0,0,-5,0,0,0
Female,University,Single,30,160000,13680,6729,119200,115893,113309,110073,2019,120377,3612,3100,3200,4710,-1177,112281,110209,106873,0
Female,Graduate,Single,30,230000,246101,261430,237267,212105,186149,159683,38172,9000,7800,6650,5496,223258,228267,204305,179499,154187,0
Female,Graduate,Single,31,360000,3429,33535,2441,5681,65816,17577,33702,2453,5710,66145,17589,-167,-12,-29,-329,-12,0
Male,Graduate,Single,31,500000,26760,747,2652,-11,-213,-213,750,2676,1,0,0,-3,-24,-12,-213,-213,0
Male,University,Single,30,120000,69443,70896,72381,70629,74827,76470,3200,3200,0,6000,3000,67696,69181,70629,68827,73470,0
Male,Graduate,Single,31,280000,0,0,0,787,1233,0,0,0,787,1233,0,0,0,0,0,0,1
Male,University,Married,32,200000,134625,98699,74015,54472,50540,46486,341,8024,5000,8000,1821,98358,65991,49472,42540,44665,0
Male,Graduate,Single,31,180000,89903,66236,59932,52382,40661,32385,3073,3010,2010,1200,1000,63163,56922,50372,39461,31385,0
Female,Graduate,Married,34,240000,1670,1479,1479,1479,1479,1240,1479,1479,1479,1479,1240,0,0,0,0,0,1
Female,Graduate,Married,44,500000,322849,331476,339278,85500,87192,92581,14000,15000,4000,4000,6784,317476,324278,81500,83192,85797,0
Female,University,Married,48,180000,4498,-2,760,0,0,245,0,762,0,0,245,-2,-2,0,0,0,0
Female,University,Married,43,330000,15018,17365,19114,14093,16005,4935,3000,2500,3000,3000,170,14365,16614,11093,13005,4765,0
Female,Graduate,Single,37,420000,433837,426169,411637,340947,267641,214445,15500,17000,13541,10008,7705,410669,394637,327406,257633,206740,0
Female,University,Married,33,220000,41352,43757,46012,47543,48489,49506,3100,3269,2800,1736,1799,40657,42743,44743,46753,47707,0
Female,University,Single,34,170000,2435,0,0,0,0,0,0,0,0,0,0,0,0,0,0,0,0
Female,Graduate,Married,48,140000,907,19830,11639,14362,0,46514,19891,11639,14362,0,46514,-61,0,0,0,0,0
Female,High School,Single,31,200000,187864,191756,194283,191693,188261,155159,8500,7500,7000,5000,7000,183256,186783,184693,183261,148159,0
Female,University,Married,32,230000,55623,59913,60991,37289,37368,37357,5855,3000,1848,1457,4443,54058,57991,35441,35911,32914,0
Female,Other,Single,31,150000,9846,5345,0,0,1493,159,5345,0,0,1493,0,0,0,0,0,159,0
Female,Graduate,Single,37,240000,660,31187,1280,7623,0,11353,31187,1280,7643,0,11353,0,0,-20,0,0,0
Female,University,Married,49,210000,21639,8455,18062,3019,5587,28210,8455,18145,3019,5587,28210,0,-83,0,0,0,0
Female,Graduate,Single,35,500000,113466,116857,116402,95244,68182,60153,12197,15263,4672,0,1296,104660,101139,90572,68182,58857,0
Female,High School,Married,39,180000,0,0,0,300,300,150,0,0,300,0,0,0,0,0,300,150,0
Female,University,Single,31,60000,59426,59643,61279,61017,30117,29526,2800,3200,2535,2331,0,56843,58079,58482,27786,29526,0
Female,Graduate,Married,34,290000,276365,199540,191188,145089,137942,116689,9263,9041,7027,10088,8027,190277,182147,138062,127854,108662,0
Female,High School,Other,48,80000,36320,29106,15290,4456,33661,34275,2030,2000,2000,30000,12000,27076,13290,2456,3661,22275,0
Female,Graduate,Married,46,180000,182283,167160,173685,179213,182271,156029,15000,11080,10000,10000,7000,152160,162605,169213,172271,149029,0
Female,High School,Married,33,350000,61937,65343,1355,7069,0,180,5343,1359,14615,0,180,60000,-4,-7546,0,0,0
Female,University,Other,41,160000,8554,1375,2310,0,0,351,1000,1000,0,0,351,375,1310,0,0,0,1
Female,High School,Single,36,210000,57605,58727,59854,61330,62394,63912,3000,3000,2804,3000,3000,55727,56854,58526,59394,60912,0
Female,Graduate,Married,35,160000,0,0,0,0,1240,0,0,0,0,1240,0,0,0,0,0,0,0
Female,Graduate,Married,40,350000,3286,-114,20482,0,0,0,0,20596,0,0,0,-114,-114,0,0,0,0
Female,University,Married,41,130000,104898,103920,102270,96440,85065,85105,4714,4553,4203,3000,3100,99206,97717,92237,82065,82005,0
Female,University,Married,49,240000,0,2353,2135,3305,0,5370,2421,0,3305,0,5370,-68,2135,0,0,0,0
Female,High School,Married,40,330000,81084,82838,84470,80923,82580,84330,3100,3026,3000,3000,3078,79738,81444,77923,79580,81252,0
Female,University,Married,45,500000,0,1376,3719,-200,-200,-200,1376,3723,1319,0,0,0,-4,-1519,-200,-200,1
Female,High School,Married,41,170000,1000,0,978,1009,1101,0,0,978,1009,1101,0,0,0,0,0,0,0
Female,Other,Married,43,240000,4522,1868,7182,6398,2498,3466,1868,7208,6450,2498,3466,0,-26,-52,0,0,0
Female,Other,Single,47,180000,167915,163279,166994,150812,123957,55778,6028,7758,5188,4570,1876,157251,159236,145624,119387,53902,1
Female,University,Single,36,260000,17631,13184,1700,5190,8455,1462,13184,1700,5190,8455,1462,0,0,0,0,0,0
Female,University,Married,43,130000,2292,6776,2811,3589,11151,1543,6776,2811,3589,11351,1543,0,0,0,-200,0,0
Female,University,Single,38,30000,497,1169,220,1705,0,0,1001,220,1705,0,0,168,0,0,0,0,0
Female,University,Single,42,440000,0,0,0,17297,0,13497,0,0,17297,0,13497,0,0,0,0,0,0
Female,University,Married,43,260000,684,1726,0,0,5055,5996,1742,0,0,5055,5996,-16,0,0,0,0,0
Female,Graduate,Married,38,30000,25080,26460,27042,27617,28546,13487,1800,2000,1400,1300,700,24660,25042,26217,27246,12787,0
Female,University,Married,37,390000,200927,200612,202794,191419,81360,66864,17843,8315,6839,3000,2348,182769,194479,184580,78360,64516,0
Female,University,Married,45,260000,113872,118281,119564,68707,39517,33842,6302,5300,2600,2500,5000,111979,114264,66107,37017,28842,0
Female,University,Married,46,70000,65906,67271,25323,25829,26589,16776,3500,2000,2000,1500,1000,63771,23323,23829,25089,15776,0
Female,High School,Married,30,200000,140327,143137,145374,147273,149244,151973,6600,6000,5860,6000,5000,136537,139374,141413,143244,146973,0
Female,University,Married,32,150000,21274,22704,0,0,0,0,11540,0,0,0,0,11164,0,0,0,0,0
Female,Graduate,Single,32,460000,13377,12776,8364,20465,13714,38090,12840,8403,20552,13778,38266,-64,-39,-87,-64,-176,0
Female,High School,Married,33,180000,478,478,2272,3970,330,0,478,2272,3970,420,0,0,0,0,-90,0,0
Female,Graduate,Single,37,70000,64860,64533,48493,48824,19000,39000,2200,3000,1400,500,20000,62333,45493,47424,18500,19000,0
Female,University,Married,40,250000,1385,4843,2942,1054,1708,3014,4843,2942,1057,1708,3014,0,0,-3,0,0,0
Female,University,Married,39,170000,22870,20653,21577,20334,19161,18613,2000,1685,1231,608,650,18653,19892,19103,18553,17963,0
Female,University,Single,34,160000,149,1100,240,236,4022,4245,1100,240,236,4026,1000,0,0,0,-4,3245,0
Female,Graduate,Single,36,80000,12639,13419,18171,17582,19281,19968,1300,5000,0,2000,1000,12119,13171,17582,17281,18968,1
Female,High School,Single,49,400000,0,877,33508,9506,8967,4326,877,33508,9506,8967,4326,0,0,0,0,0,0
Female,University,Married,43,20000,28447,27721,27009,27170,26295,34171,0,0,924,0,9648,27721,27009,26246,26295,24523,1
Female,University,Single,44,130000,128854,111896,116183,115034,88163,87388,4000,6097,4085,3007,3028,107896,110086,110949,85156,84360,0
Female,Graduate,Married,36,60000,4373,5428,9754,7795,8258,8370,1131,4457,37,500,300,4297,5297,7758,7758,8070,0
Female,High School,Married,41,90000,87240,88519,84573,78617,64344,63417,10000,3519,5014,2679,4600,78519,81054,73603,61665,58817,0
Female,University,Single,44,210000,84298,85379,87469,90380,91355,92565,3379,3469,4380,3355,3565,82000,84000,86000,88000,89000,0
Female,Graduate,Single,34,380000,315912,322199,331518,337703,343612,351089,13000,16001,13150,13000,13150,309199,315517,324553,330612,337939,0
Female,University,Married,35,200000,29327,30536,31740,32909,34058,35056,2000,2000,2000,2000,1700,28536,29740,30909,32058,33356,0
Female,Graduate,Married,37,180000,326,326,326,480,1011,2685,326,326,480,1011,2000,0,0,0,0,685,1
Female,University,Married,42,20000,21001,20372,19376,20295,19505,19964,0,0,1400,390,459,20372,19376,18895,19115,19505,0
Female,High School,Married,38,350000,1316,3033,2168,7951,4986,3641,3061,2181,8071,5002,3654,-28,-13,-120,-16,-13,0
Female,Other,Married,41,200000,0,0,650,0,0,89,0,650,0,0,89,0,0,0,0,0,0
Female,High School,Single,34,400000,10150,5869,5750,132866,21780,41050,5869,5750,132872,21780,20525,0,0,-6,0,20525,0
Female,Graduate,Married,38,230000,828,1533,7234,824,4690,1408,1547,7247,828,4713,1415,-14,-13,-4,-23,-7,0
Female,Graduate,Married,43,230000,390,390,0,780,0,0,390,0,780,0,0,0,0,0,0,0,1
Female,University,Married,38,50000,25184,26261,27334,28374,28804,29488,1800,1800,1800,1200,1300,24461,25534,26574,27604,28188,0
Female,University,Single,47,300000,225542,212958,195533,98158,66438,68863,7055,5536,5052,1794,5000,205903,189997,93106,64644,63863,0
Female,High School,Married,45,230000,15160,14513,15221,16501,10283,9086,1500,3000,3000,1000,1000,13013,12221,13501,9283,8086,0
Female,High School,Married,44,50000,47569,48768,49234,21067,15007,31043,1986,1452,1200,300,27000,46782,47782,19867,14707,4043,0
Female,Graduate,Single,34,150000,7249,4090,36897,35755,16251,7392,1070,35755,2000,0,2000,3020,1142,33755,16251,5392,0
Female,Graduate,Single,33,260000,2537,2587,3727,1885,2013,3001,2606,3749,1900,2025,3019,-19,-22,-15,-12,-18,0
Female,University,Married,33,320000,3077,1651,1060,4070,2695,7544,1661,1060,4070,2700,7544,-10,0,0,-5,0,1
Female,University,Married,49,100000,55084,49358,89406,77924,78683,77357,2500,43075,2750,2750,2800,46858,46331,75174,75933,74557,0
Female,High School,Married,37,60000,0,0,0,0,0,150,0,0,0,0,150,0,0,0,0,0,0
Female,High School,Married,42,420000,87263,20793,34676,48823,74475,47108,20803,34682,48919,74481,47108,-10,-6,-96,-6,0,0
Female,University,Married,38,500000,80460,79689,74664,70270,66053,63924,3527,3030,3028,2513,2100,76162,71634,67242,63540,61824,0
Female,University,Married,34,450000,372188,383052,74835,87584,95161,103398,20000,3703,15000,10000,10000,363052,71132,72584,85161,93398,0
Female,High School,Married,42,30000,75112,24530,13375,2592,30094,29147,1371,1210,1000,30000,1046,23159,12165,1592,94,28101,1
Female,University,Married,47,60000,26782,29104,30027,28928,29346,29717,3400,2000,0,1500,1300,25704,28027,28928,27846,28417,1
Female,University,Married,43,180000,316,316,316,396,396,3306,316,316,396,396,3306,0,0,0,0,0,0
Female,University,Single,35,320000,1302,3571,311,8088,10881,11600,3571,311,8088,5000,1600,0,0,0,5881,10000,0
Female,Graduate,Single,37,250000,116861,97569,90937,87445,84268,80762,3424,3317,3023,2937,2931,94145,87620,84422,81331,77831,0
Female,University,Single,34,30000,23336,24642,25382,26351,25165,25536,1700,1440,1409,1048,927,22942,23942,24942,24117,24609,0
Female,University,Married,34,360000,4874,9561,5866,1297,0,0,5000,1166,1297,0,0,4561,4700,0,0,0,0
Female,High School,Married,43,360000,4435,799,1071,15584,3195,4261,805,1071,15604,3195,4269,-6,0,-20,0,-8,0
Female,Graduate,Married,36,150000,32440,13447,17877,25172,4694,6292,13447,17914,25349,4694,6324,0,-37,-177,0,-32,0
Female,University,Married,39,400000,58126,10446,5299,8841,18612,6115,31,5316,8858,18769,6115,10415,-17,-17,-157,0,0
Female,Graduate,Single,44,350000,309250,314607,322032,327193,333278,340791,12000,14000,12000,13000,13000,302607,308032,315193,320278,327791,1
Female,High School,Married,45,80000,3473,3329,2939,3627,3868,2193,3329,2939,3627,3991,2299,0,0,0,-123,-106,0
Female,High School,Married,37,140000,1208,4411,3957,5241,3943,3933,4411,3957,5241,3943,3933,0,0,0,0,0,0
Female,High School,Single,48,150000,175095,175522,173918,174074,178671,178869,10011,6200,5874,10000,6054,165511,167718,168200,168671,172815,0
Female,High School,Married,40,480000,5664,12781,7169,6749,2436,14155,12871,7169,6749,2436,14155,-90,0,0,0,0,0
Female,High School,Married,41,200000,0,0,0,0,0,0,0,0,0,0,0,0,0,0,0,0,0
Female,Graduate,Single,29,180000,9862,2896,2458,305,0,0,2903,2458,305,0,0,-7,0,0,0,0,0
Female,Graduate,Single,30,260000,0,3459,0,0,200,0,3459,0,0,200,0,0,0,0,0,0,0
Female,Graduate,Married,33,450000,621,11368,2370,2823,2243,4322,11420,0,2243,0,4322,-52,2370,580,2243,0,0
Female,High School,Married,33,140000,136302,127178,78950,80457,41150,-10193,6000,5000,4000,2000,0,121178,73950,76457,39150,-10193,0
Female,High School,Married,43,220000,242526,228858,218878,193596,167149,157817,8100,8100,7000,5900,5600,220758,210778,186596,161249,152217,1
Female,High School,Married,39,100000,380,1357,1977,380,380,1253,1357,1000,380,380,1253,0,977,0,0,0,0
Female,University,Married,41,160000,550,550,550,550,550,550,550,550,550,550,550,0,0,0,0,0,0
Female,University,Married,36,140000,74500,64615,59862,42040,32591,21090,3508,10027,5008,5013,5008,61107,49835,37032,27578,16082,0
Female,University,Single,39,200000,1017,0,0,0,0,11700,0,0,0,0,11700,0,0,0,0,0,0
Female,Graduate,Single,30,460000,0,0,0,0,630,0,0,0,0,630,0,0,0,0,0,0,0
Female,High School,Single,31,50000,41124,38634,75580,17014,-1963,7671,1750,3016,1000,0,10400,36884,72564,16014,-1963,-2729,0
Female,Graduate,Married,31,100000,6033,19922,40000,1133,22579,2834,19922,21000,1133,22579,2834,0,19000,0,0,0,0
Female,University,Single,31,150000,138363,138979,37713,35592,35808,36730,6000,2000,2000,1300,1500,132979,35713,33592,34508,35230,0
Female,Graduate,Married,32,460000,5085,3883,5115,5714,1530,1868,3282,6000,5714,1530,1868,601,-885,0,0,0,0
Female,University,Single,32,360000,171,1058,3494,6339,2131,535,1058,3494,6339,2131,535,0,0,0,0,0,0
Female,Graduate,Single,33,180000,4019,1550,4278,331,3456,11964,1550,4278,334,3456,11964,0,0,-3,0,0,0
Female,Graduate,Married,42,470000,10360,7450,5719,1730,-7,24672,2474,1751,1012,0,24679,4976,3968,718,-7,-7,0
Female,High School,Married,44,320000,-1,507,507,-900,3750,3216,508,0,0,5330,3216,-1,507,-900,-1580,0,0
Female,University,Single,47,360000,3899,6571,7486,24472,5935,4999,7148,8063,25217,6487,5000,-577,-577,-745,-552,-1,0
Female,University,Married,36,60000,2079,6964,1013,5254,2932,2248,6964,1013,5254,2932,2248,0,0,0,0,0,0
Female,Graduate,Married,39,310000,4934,1275,1572,240,-1226,-2074,1275,1572,240,970,0,0,0,0,-2196,-2074,0
Female,University,Married,36,140000,50663,50847,50768,50629,49974,49897,1788,2182,2041,1715,1982,49059,48586,48588,48259,47915,0
Female,University,Married,43,450000,7361,8670,6982,15945,7841,7676,8692,7010,15998,7871,7696,-22,-28,-53,-30,-20,0
Female,University,Married,30,210000,857,1030,380,705,705,705,725,380,705,705,705,305,0,0,0,0,0
Female,Graduate,Single,33,180000,2196,1634,1586,1758,480,1918,1640,1586,1758,480,1918,-6,0,0,0,0,1
Female,University,Single,38,360000,1659,0,0,0,0,0,0,0,0,0,0,0,0,0,0,0,0
Female,Graduate,Married,33,50000,40669,43102,44313,45286,44256,47549,3424,2200,2000,0,4000,39678,42113,43286,44256,43549,1
Female,University,Single,34,340000,16462,12927,10814,7880,2338,0,1310,3011,5000,2338,0,11617,7803,2880,0,0,0
Female,High School,Married,38,140000,119715,122283,118913,120435,139795,142950,6000,0,5000,21500,5500,116283,118913,115435,118295,137450,0
Female,Graduate,Single,32,120000,32051,39861,42957,43876,27231,249,10000,5000,3132,0,0,29861,37957,40744,27231,249,0
Female,University,Married,32,180000,0,0,0,0,0,0,0,0,0,0,0,0,0,0,0,0,1
Female,Graduate,Single,32,360000,192160,197204,119028,103046,15863,10503,20104,4816,2061,15863,21,177100,114212,100985,0,10482,0
Female,Graduate,Married,34,340000,254219,252984,252180,250359,203580,192415,9500,9780,9425,7500,6800,243484,242400,240934,196080,185615,0
Female,University,Married,35,200000,136264,138994,142744,146363,149920,153107,5000,6000,6000,6000,6000,133994,136744,140363,143920,147107,0
Female,University,Single,36,80000,3966,0,0,0,0,0,0,0,0,0,0,0,0,0,0,0,0
Female,University,Married,35,500000,286595,292813,302966,300000,400000,0,11000,14846,6000,100000,0,281813,288120,294000,300000,0,0
Female,University,Married,31,150000,416,416,416,416,37911,38299,416,416,416,37911,1400,0,0,0,0,36899,0
Female,Graduate,Single,46,20000,14231,14893,16160,15603,15943,16286,1200,1800,0,600,600,13693,14360,15603,15343,15686,1
Female,University,Married,41,500000,275956,277193,284198,285419,261073,233343,15000,13000,10000,10000,10000,262193,271198,275419,251073,223343,0
Female,High School,Married,47,340000,169842,158469,154170,135951,123353,110723,7000,14000,0,4000,4000,151469,140170,135951,119353,106723,0
Female,University,Single,34,500000,2730,3926,17501,17194,9030,2180,5606,17501,2194,1030,2180,-1680,0,15000,8000,0,0
Female,University,Single,31,240000,173628,177556,179549,225556,219642,232652,8000,7000,50000,0,16302,169556,172549,175556,219642,216350,0
Female,University,Single,34,80000,7437,8906,7718,1388,0,6951,4000,1000,1388,0,6951,4906,6718,0,0,0,0
Female,Graduate,Married,37,200000,-58,-58,2786,0,116,0,0,2844,0,116,0,-58,-58,0,0,0,0
Female,University,Single,31,230000,-18,3919,6164,3612,7756,4906,3937,6164,3612,7761,4906,-18,0,0,-5,0,0
Female,High School,Married,36,300000,4035,0,0,0,379,0,0,0,0,379,0,0,0,0,0,0,0
Female,University,Married,36,140000,165,341,165,1031,487,863,341,165,1031,0,863,0,0,0,487,0,1
Female,Graduate,Single,33,300000,3854,142,0,0,0,0,142,0,0,0,0,0,0,0,0,0,0
Female,High School,Single,34,360000,0,0,0,0,0,0,0,0,0,0,0,0,0,0,0,0,1
Female,High School,Married,35,320000,157249,148123,142852,133583,129049,128325,6000,6048,6000,5000,5000,142123,136804,127583,124049,123325,1
Female,University,Married,30,380000,384846,359926,349753,296465,193342,311009,13291,15287,8532,4334,317077,346635,334466,287933,189008,-6068,0
Female,High School,Married,30,170000,136639,138223,140964,138064,131845,128827,7200,7405,6022,4606,5006,131023,133559,132042,127239,123821,0
Female,Graduate,Married,41,300000,66132,6917,3050,1760,0,0,6983,3331,1760,0,0,-66,-281,0,0,0,0
Female,High School,Single,44,60000,2802,0,0,0,0,0,0,0,0,0,0,0,0,0,0,0,0
Female,University,Married,36,240000,214122,217850,212593,180867,173780,168880,19000,10000,7000,10000,8000,198850,202593,173867,163780,160880,0
Female,High School,Single,44,500000,0,1275,0,0,1300,0,1275,0,0,1300,0,0,0,0,0,0,0
Female,University,Married,45,230000,12047,17091,8743,31886,14893,8343,17094,8786,32467,14893,0,-3,-43,-581,0,8343,0
Female,Other,Single,35,290000,33278,33694,32453,27981,14096,10240,1600,1700,2015,2000,1000,32094,30753,25966,12096,9240,0
Female,University,Married,35,60000,59449,58548,53054,47933,29254,29981,2300,2600,2000,1200,1200,56248,50454,45933,28054,28781,0
Female,University,Single,35,100000,98118,99577,95736,98679,67007,67485,3500,4000,5700,2507,2500,96077,91736,92979,64500,64985,0
Female,University,Single,36,270000,-33,-33,24646,1585,15376,497,0,24679,4893,15376,497,-33,-33,-3308,0,0,0
Female,University,Single,35,280000,259637,259593,261595,267359,236734,231064,10028,12500,13106,231064,15004,249565,249095,254253,5670,216060,0
Female,University,Married,38,100000,750,750,750,750,750,750,0,0,0,0,0,750,750,750,750,750,0
Female,Graduate,Single,32,100000,1876,9814,6690,1196,416,620,9814,443,1196,2080,620,0,6247,0,-1664,0,0
Female,Graduate,Single,31,90000,0,0,0,0,0,0,0,0,0,0,0,0,0,0,0,0,0
Female,Other,Married,44,280000,5374,12360,20721,0,0,17131,12360,20721,0,0,17131,0,0,0,0,0,1
Female,Other,Married,38,150000,0,0,1597,-3,1764,718,0,1597,0,1767,718,0,0,-3,-3,0,0
Female,University,Married,40,70000,390,780,390,390,780,0,780,0,390,780,0,0,390,0,0,0,0
Female,Graduate,Single,32,180000,1160,2884,1165,4685,1165,3472,2889,1165,4685,0,3472,-5,0,0,1165,0,0
Female,Graduate,Single,33,190000,153962,161376,162437,117364,100765,112095,10000,6000,30000,5000,13000,151376,156437,87364,95765,99095,0
Female,University,Married,38,500000,15050,20852,26741,27854,30961,54017,7000,7000,2000,5000,25002,13852,19741,25854,25961,29015,0
Female,High School,Married,47,190000,194487,189894,185512,169728,143260,136901,92,7791,4000,2865,40000,189802,177721,165728,140395,96901,0
Female,Graduate,Single,32,210000,524,4581,248,1448,398,150,4581,300,1448,398,150,0,-52,0,0,0,0
Female,Graduate,Married,38,60000,6842,15772,23011,9941,12688,8719,15772,23011,9941,12688,8958,0,0,0,0,-239,0
Female,High School,Married,34,200000,198482,182115,154994,153386,144067,110946,5014,4699,7543,3970,3146,177101,150295,145843,140097,107800,0
Female,Graduate,Single,32,470000,0,0,0,200,34325,37325,0,0,200,34325,3000,0,0,0,0,34325,0
Female,Graduate,Single,30,260000,235961,222409,215056,212791,177159,143920,7988,7979,6807,5247,5240,214421,207077,205984,171912,138680,0
Female,Graduate,Single,30,140000,13626,21399,27923,32330,33374,38588,8399,6923,5330,2074,5588,13000,21000,27000,31300,33000,0
Female,University,Married,33,190000,-2650,-2650,-2650,-5036,-5036,93493,0,1941,0,0,98529,-2650,-4591,-5036,-5036,-5036,1
Female,University,Married,36,80000,73873,61134,49746,49033,48553,48377,2006,8199,2000,1700,2000,59128,41547,47033,46853,46377,0
Female,University,Single,37,310000,68430,72280,77097,7636,0,0,5000,7097,7636,0,0,67280,70000,0,0,0,0
Female,Graduate,Single,40,150000,16986,18693,20885,21738,22080,23558,2000,2500,1500,1000,2000,16693,18385,20238,21080,21558,0
Female,University,Married,30,340000,338624,338272,339191,325675,285417,284834,15000,15000,15000,15000,12000,323272,324191,310675,270417,272834,1
Female,University,Single,31,360000,49011,62438,77461,79025,75556,63097,15000,20000,3500,2300,5000,47438,57461,75525,73256,58097,0
Female,University,Married,38,250000,236546,232795,189111,189558,185565,189003,8007,7000,8200,7000,7000,224788,182111,181358,178565,182003,0
Female,University,Married,34,220000,3410,1619,1756,1986,4772,1115,1623,1756,2075,4774,1115,-4,0,-89,-2,0,0
Female,High School,Married,46,30000,0,0,0,14071,14350,14650,0,0,14071,514,532,0,0,0,13836,14118,0
Female,High School,Married,41,210000,16486,15725,18210,10784,41477,6879,15728,18213,10784,41477,6879,-3,-3,0,0,0,0
Female,Graduate,Married,32,350000,30625,60003,7147,9950,22117,4874,60396,7147,9950,22117,4874,-393,0,0,0,0,1
Female,University,Married,33,270000,1481,3952,25237,44395,44741,45209,3952,22438,20000,1587,2000,0,2799,24395,43154,43209,0
Female,University,Single,34,200000,205362,177755,3455,1078,1598,171700,5504,1526,1078,1598,173026,172251,1929,0,0,-1326,0
Female,University,Single,40,70000,64744,66030,67450,68587,57710,58918,2361,2482,2293,2063,2135,63669,64968,66294,55647,56783,1
Female,High School,Married,45,220000,1196,8087,3606,4656,8960,13264,8087,13,4656,5000,5000,0,3593,0,3960,8264,0
Female,University,Married,39,230000,5650,3798,6701,10382,4842,5792,3798,3000,5000,4842,3000,0,3701,5382,0,2792,1
Female,University,Married,35,120000,22148,21120,4746,0,0,0,1550,1000,0,0,0,19570,3746,0,0,0,0
Female,University,Married,30,360000,17602,5986,-29,-1671,87329,89608,1030,37,1642,89000,3000,4956,-66,-3313,-1671,86608,0
Female,High School,Single,37,210000,13438,9241,7924,13416,2228,4490,9315,7924,13421,2240,4490,-74,0,-5,-12,0,0
Female,Graduate,Married,40,460000,2650,2650,2650,2650,2650,2650,0,0,0,0,0,2650,2650,2650,2650,2650,1
Female,Graduate,Married,34,500000,13000,13000,13000,13000,13000,13000,13000,13000,13000,13000,13000,0,0,0,0,0,0
Female,University,Single,35,180000,3010,1679,2027,1764,11383,330,1679,2027,1774,11383,330,0,0,-10,0,0,0
Female,High School,Married,36,180000,11540,633,606,20972,940,1383,633,606,20999,940,1383,0,0,-27,0,0,0
Female,University,Married,26,220000,68090,58218,47679,37788,23293,7288,4039,3021,1400,3000,2000,54179,44658,36388,20293,5288,0
Female,University,Single,30,600000,501499,510470,520492,525749,480722,460068,19500,20462,19445,17348,16536,490970,500030,506304,463374,443532,0
Female,University,Single,36,180000,360,2240,6071,1554,0,0,2240,6071,1554,0,0,0,0,0,0,0,1
Female,University,Married,39,360000,26680,22312,19181,16155,5936,15330,22434,19286,16243,5966,15407,-122,-105,-88,-30,-77,0
Female,Graduate,Single,38,620000,1966,35703,1241,-119,23969,5567,35703,1241,119,24088,0,0,0,-238,-119,5567,0
Female,High School,Married,44,60000,63236,64683,66510,58622,47317,48726,2500,3000,2292,1526,2000,62183,63510,56330,45791,46726,1
Female,Graduate,Single,32,100000,11273,694,1694,2096,2143,1723,694,1000,1000,47,0,0,694,1096,2096,1723,0
Female,Graduate,Single,31,200000,7773,3426,2000,1000,3000,2000,3643,2000,1000,2000,0,-217,0,0,1000,2000,0
Female,High School,Single,36,50000,49889,50326,50687,37200,29838,30062,1952,1703,1444,1027,1053,48374,48984,35756,28811,29009,0
Female,University,Single,29,200000,0,0,0,0,0,0,0,0,0,0,0,0,0,0,0,0,1
Female,University,Married,43,10000,4834,1803,2819,3828,3905,4023,1038,1054,1063,140,181,765,1765,2765,3765,3842,1
Female,University,Single,36,280000,93982,105695,77704,0,0,0,15000,40000,0,0,0,90695,37704,0,0,0,0
Female,University,Married,46,450000,30535,83371,17471,10342,51786,45747,84267,17566,10401,52045,45812,-896,-95,-59,-259,-65,0
Female,Graduate,Single,29,260000,267336,264929,234214,169096,117873,79782,11000,9800,6000,4088,3000,253929,224414,163096,113785,76782,1
Female,University,Other,30,140000,124288,123172,130095,122342,77536,80783,10000,18000,10000,10000,20000,113172,112095,112342,67536,60783,0
Female,Graduate,Single,33,390000,84100,85538,79875,82853,82747,44143,5000,3500,4502,3518,2003,80538,76375,78351,79229,42140,0
Female,Graduate,Married,41,350000,5037,14994,3101,17321,-22,4443,15069,3116,17414,0,4465,-75,-15,-93,-22,-22,0
Female,High School,Married,44,50000,47497,47122,46789,37465,27450,28025,2306,2400,2000,983,1018,44816,44389,35465,26467,27007,0
Female,University,Single,46,120000,68168,69187,68466,42941,40718,41613,2650,2884,2018,1411,1504,66537,65582,40923,39307,40109,0
Female,University,Married,45,80000,17613,19009,20361,18722,12514,8905,2000,2000,1009,0,2000,17009,18361,17713,12514,6905,0
Female,High School,Other,36,160000,9330,31745,22829,6000,6000,0,31745,1049,6000,6000,0,0,21780,0,0,0,0
Female,High School,Married,46,90000,316,10758,10613,316,316,316,10758,10613,316,316,316,0,0,0,0,0,0
Female,University,Married,39,190000,180201,181443,155045,95145,86025,87836,7000,7000,3100,92101,3200,174443,148045,92045,-6076,84636,1
Female,High School,Married,40,100000,13278,12773,16179,17597,18499,20531,0,3950,2000,1500,2500,12773,12229,15597,16999,18031,1
Female,University,Single,35,210000,147812,135624,125469,103409,75498,72020,5000,7000,5000,4000,2447,130624,118469,98409,71498,69573,0
Female,University,Single,33,160000,161771,172632,168541,164310,162681,163005,15000,0,0,6100,12300,157632,168541,164310,156581,150705,0
Female,High School,Married,35,240000,238166,236686,186613,189470,119525,121178,8522,9100,8244,5000,5000,228164,177513,181226,114525,116178,1
Female,Graduate,Single,36,20000,223,0,0,0,0,0,0,0,0,0,0,0,0,0,0,0,0
Female,University,Married,36,220000,192654,195725,197466,189149,187531,187856,8500,8200,0,7000,7000,187225,189266,189149,180531,180856,1
Female,Graduate,Single,44,260000,279670,286796,295631,299692,164332,183033,11778,15000,8526,20000,20000,275018,280631,291166,144332,163033,0
Female,Graduate,Married,34,500000,250263,247516,245012,243417,233968,209220,29000,29000,30000,30000,6110,218516,216012,213417,203968,203110,0
Female,University,Single,34,200000,0,0,0,445,2309,-10,0,0,445,2332,10,0,0,0,-23,-20,0
Female,University,Married,33,260000,151123,134736,135593,120909,102524,40157,4002,6067,10000,3000,40157,130734,129526,110909,99524,0,1
Female,Graduate,Single,30,170000,171992,168531,171440,174643,165584,169230,6027,6300,8451,6000,6320,162504,165140,166192,159584,162910,0
Female,University,Married,38,150000,5584,1106,2199,2997,735,1104,1106,1208,1006,50000,1104,0,991,1991,-49265,0,0
Female,University,Married,37,360000,-5,-5,-5,-5,-5,-5,0,0,0,0,0,-5,-5,-5,-5,-5,0
Female,Graduate,Married,44,260000,296349,300155,305798,306082,304048,14982,6891,8668,6907,6088,14982,293264,297130,299175,297960,0,0
Female,Graduate,Single,30,170000,15220,8404,16835,2200,7510,12510,8404,16835,2200,5510,5000,0,0,0,2000,7510,0
Female,Graduate,Single,33,230000,10765,11107,11748,12269,12102,12414,1300,1300,1200,500,500,9807,10448,11069,11602,11914,0
Female,Graduate,Single,38,620000,12136,7938,620,16022,2581,2867,8638,620,16032,2856,4197,-700,0,-10,-275,-1330,0
Female,Graduate,Married,35,180000,68488,47603,48705,50140,60607,67976,3603,5705,3003,10607,7976,44000,43000,47137,50000,60000,0
Female,Graduate,Married,33,180000,7017,14824,19692,13115,24623,485,14824,19713,13117,24630,485,0,-21,-2,-7,0,0
Female,University,Other,45,30000,5239,3434,4845,3048,8314,5080,0,3048,0,8314,0,3434,1797,3048,0,5080,1
Female,Graduate,Single,31,300000,31827,11158,1616,3658,658,662,1009,1000,2700,658,662,10149,616,958,0,0,0
Female,University,Married,35,370000,236242,240804,243293,226471,217901,195244,10301,11000,9004,6930,6000,230503,232293,217467,210971,189244,0
Female,University,Single,31,80000,28788,27620,26352,939,2202,1369,8000,1000,939,2202,1369,19620,25352,0,0,0,0
Female,Other,Single,40,200000,201598,198373,152601,105588,73886,198487,10100,6700,5500,4500,127600,188273,145901,100088,69386,70887,0
Female,High School,Married,42,150000,11070,5947,6152,7306,18726,13839,6151,6427,7306,18738,0,-204,-275,0,-12,13839,0
Female,University,Married,33,210000,159715,163060,168218,169726,173687,176510,6000,8000,6000,7000,6000,157060,160218,163726,166687,170510,0
Female,Graduate,Married,35,70000,41730,40764,46281,47026,45971,47573,0,6500,1800,0,2500,40764,39781,45226,45971,45073,0
Female,University,Married,38,80000,4404,5096,11473,21086,2034,17678,5096,11476,16037,0,17678,0,-3,5049,2034,0,0
Female,University,Other,44,50000,390,390,390,390,390,390,390,390,390,390,390,0,0,0,0,0,0
Female,Graduate,Single,33,210000,14682,1220,4048,1871,1320,257,1075,3923,1723,5,257,145,125,148,1315,0,1
Female,University,Married,33,260000,112501,110395,112288,113388,114128,117005,4000,5550,5600,4100,4700,106395,106738,107788,110028,112305,0
Female,Graduate,Married,36,170000,7346,26797,3824,22709,0,0,27183,3824,22865,0,0,-386,0,-156,0,0,0
Female,High School,Single,35,360000,2500,2500,0,0,0,0,0,0,0,0,0,2500,0,0,0,0,0
Female,Graduate,Single,37,500000,43643,46586,48832,49568,46939,49147,4000,3000,2000,2000,3000,42586,45832,47568,44939,46147,0
Female,Graduate,Single,46,290000,113618,289002,1332,21429,2228,156721,34507,1343,21542,2239,156733,254495,-11,-113,-11,-12,0
Female,High School,Married,35,200000,215090,208556,214321,134517,54711,23611,7700,9300,6500,3000,856,200856,205021,128017,51711,22755,0
Female,University,Married,47,90000,28240,28477,28718,28847,28747,29177,2000,2000,2000,2000,2000,26477,26718,26847,26747,27177,0
Female,University,Single,41,100000,1023,0,0,50063,22767,23399,0,0,50063,900,1000,0,0,0,21867,22399,0
Female,Graduate,Single,31,290000,82939,82814,71541,59493,67821,71546,5017,4033,2828,10000,5000,77797,67508,56665,57821,66546,0
Female,Graduate,Single,31,50000,0,0,0,0,0,0,0,0,0,0,0,0,0,0,0,0,1
Female,Graduate,Married,32,150000,75918,77025,0,0,0,0,3525,0,0,0,0,73500,0,0,0,0,0
Female,High School,Married,42,400000,44198,10132,16932,13088,28540,11860,10132,16932,13088,28540,11860,0,0,0,0,0,0
Female,High School,Married,37,50000,49080,49240,48751,30250,29570,26969,2228,2000,1370,949,922,47012,46751,28880,28621,26047,0
Female,Graduate,Married,42,400000,80,80,3710,33605,47029,39400,0,3828,33627,47029,40000,80,-118,-22,0,-600,0
Female,University,Married,37,50000,19068,19947,21124,21480,22822,22171,1500,1800,1000,2000,0,18447,19324,20480,20822,22171,1
Female,Graduate,Single,29,50000,49624,48530,50255,49104,51044,50933,0,2800,0,3000,800,48530,47455,49104,48044,50133,1
Female,Graduate,Single,34,100000,66193,63155,50385,31371,54713,28347,3413,5010,10005,30326,0,59742,45375,21366,24387,28347,0
Female,University,Married,39,170000,100849,100000,10274,16446,16578,20487,2000,10274,6446,332,10487,98000,0,10000,16246,10000,0
Female,Graduate,Single,30,150000,52806,12871,4876,9128,10460,5157,13497,4372,18853,10975,5157,-626,504,-9725,-515,0,0
Female,Graduate,Single,30,360000,37012,4810,3969,6657,642,6204,4924,3969,6657,642,6204,-114,0,0,0,0,0
Female,University,Married,31,50000,46993,48208,49598,46363,9283,9632,2000,2200,1150,500,500,46208,47398,45213,8783,9132,1
Female,Graduate,Married,35,180000,37701,32003,32254,47186,54286,112040,32005,32270,47186,44286,86000,-2,-16,0,10000,26040,0
Female,University,Single,35,350000,314309,313673,322806,328616,278858,281692,13000,15074,20353,10040,15000,300673,307732,308263,268818,266692,0
Female,High School,Married,38,120000,111098,114863,118038,118805,59210,61267,5600,6500,5000,3000,3000,109263,111538,113805,56210,58267,0
Female,University,Married,33,140000,1750,397,13126,3454,1747,1240,397,13126,3456,89,156,0,0,-2,1658,1084,0
Female,High School,Married,34,150000,28210,19130,10000,8000,0,10000,1130,1000,8000,2000,10000,18000,9000,0,-2000,0,0
Female,High School,Single,42,260000,6783,0,0,0,0,0,0,0,0,0,0,0,0,0,0,0,1
Female,University,Married,28,50000,45797,47226,48065,49158,50646,12927,2500,1900,1898,2386,629,44726,46165,47260,48260,12298,1
Female,University,Married,36,180000,1000,92,92,603,1760,826,92,92,603,1760,826,0,0,0,0,0,0
Female,High School,Married,44,290000,2615,0,679,3390,5784,5784,0,679,3390,5784,0,0,0,0,0,5784,0
Female,University,Married,49,40000,36159,38241,39121,40400,40000,40000,3000,1800,2000,0,0,35241,37321,38400,40000,40000,0
Female,Graduate,Single,36,310000,67940,45746,46979,42045,40334,49542,2000,2000,2000,2000,13000,43746,44979,40045,38334,36542,0
Female,University,Single,46,70000,86919,83200,80389,75854,33563,34563,3000,3815,3064,1000,1000,80200,76574,72790,32563,33563,1
Female,Graduate,Married,39,180000,0,0,0,0,0,0,0,0,0,0,0,0,0,0,0,0,0
Female,University,Married,46,570000,563892,569577,577957,563543,451401,108890,19534,25100,15159,11732,42880,550043,552857,548384,439669,66010,0
Female,High School,Single,41,150000,102629,85817,78898,70886,65869,67805,3100,3160,2505,2500,3000,82717,75738,68381,63369,64805,1
Female,University,Single,30,20000,16560,15997,17336,18345,18643,19094,0,1600,1602,900,900,15997,15736,16743,17743,18194,0
Female,High School,Married,32,180000,166,1484,2526,3452,3522,4909,1484,1074,1000,70,1387,0,1452,2452,3452,3522,0
Female,High School,Married,34,100000,9728,11099,8761,8289,6980,5571,5000,1333,3000,3000,5571,6099,7428,5289,3980,0,0
Female,Graduate,Single,31,90000,77278,83357,85229,85939,83680,89319,8000,4100,3000,0,7000,75357,81129,82939,83680,82319,1
Female,High School,Single,47,150000,153412,153720,150540,153103,152060,151470,7000,7000,7000,5200,5500,146720,143540,146103,146860,145970,0
Female,University,Married,31,490000,245566,238208,226020,212422,201680,164989,10095,9861,7055,6189,5046,228113,216159,205367,195491,159943,0
Female,High School,Married,33,30000,39577,39995,38049,35435,31976,29704,3800,1700,1100,0,1030,36195,36349,34335,31976,28674,1
Female,University,Married,33,300000,996,1496,1496,1496,2490,1996,1500,1500,1500,2494,1006,-4,-4,-4,-4,990,0
Female,University,Married,32,140000,739,739,-200,8700,1367,1367,0,0,8900,1367,0,739,-200,-200,0,1367,1
Female,University,Single,32,50000,12513,13595,14570,15523,15964,16554,1600,1500,1500,1000,1000,11995,13070,14023,14964,15554,0
Female,Graduate,Single,31,150000,17893,20669,20050,24701,24006,26599,3400,0,5000,0,3000,17269,20050,19701,24006,23599,1
Female,Graduate,Single,32,350000,87611,87325,90539,92941,99930,108411,3300,5116,5000,10000,10000,84025,85423,87941,89930,98411,0
Female,University,Single,32,140000,15497,15073,11755,7453,38415,31685,1231,1262,1000,38415,4000,13842,10493,6453,0,27685,0
Female,High School,Married,43,80000,1520,23190,0,19465,19454,19851,23190,0,19465,389,397,0,0,0,19065,19454,0
Female,University,Married,40,80000,390,390,390,390,390,540,390,390,390,390,540,0,0,0,0,0,0
Female,High School,Married,34,210000,11848,5677,8173,6855,2200,1500,5687,8177,6860,2200,1500,-10,-4,-5,0,0,0
Female,University,Married,34,110000,45302,44980,46987,45165,44636,45094,2100,4100,0,1800,2000,42880,42887,45165,42836,43094,0
Female,University,Single,29,120000,0,0,0,0,0,0,0,0,0,0,0,0,0,0,0,0,0
Female,University,Single,28,180000,3840,18588,1557,2540,3058,16030,18588,1562,2540,3058,16030,0,-5,0,0,0,0
Female,High School,Married,44,340000,160596,155508,149627,150733,140171,134203,6,8,5117,5008,5021,155502,149619,145616,135163,129182,1
Female,Graduate,Single,29,220000,-12,-12,88,2207,1577,-963,0,100,2300,3083,732,-12,-12,-93,-1506,-1695,0
Female,Other,Married,39,230000,7479,31280,120000,0,0,0,31280,90000,0,0,0,0,30000,0,0,0,0
Female,Graduate,Single,27,170000,10596,13410,15788,4853,5697,47830,3000,3000,1156,1000,46793,10410,12788,3697,4697,1037,0
Female,Graduate,Single,28,70000,44397,44923,46189,39327,38618,38404,3000,3000,3000,2000,2000,41923,43189,36327,36618,36404,0
Female,High School,Married,31,50000,10184,12204,13239,15254,16394,18124,2204,1239,2254,1394,2000,10000,12000,13000,15000,16124,0
Female,High School,Single,30,200000,192743,196031,196143,189524,167163,146975,9003,7300,7108,7680,6200,187028,188843,182416,159483,140775,0
Female,University,Single,34,290000,219757,214747,227698,232468,227226,241556,0,18000,10000,0,18000,214747,209698,222468,227226,223556,1
Female,Other,Single,30,80000,2994,16709,29459,30472,36317,21671,16709,29469,5000,10000,2000,0,-10,25472,26317,19671,0
Female,High School,Married,39,30000,25574,22897,25647,24937,26938,26374,0,3128,0,2419,0,22897,22519,24937,24519,26374,0
Female,Graduate,Single,37,280000,280323,284176,283680,273446,279458,269333,10505,10424,10047,10683,10073,273671,273256,263399,268775,259260,1
Female,Graduate,Single,29,100000,85268,65279,33077,43593,40782,37949,5000,5024,43593,1700,1500,60279,28053,0,39082,36449,0
Female,Graduate,Married,35,50000,50202,39765,14565,15421,16061,4344,1200,5000,1500,1000,500,38565,9565,13921,15061,3844,0
Female,University,Married,43,240000,2077,1588,41513,10657,7893,5347,0,41000,10657,0,5041,1588,513,0,7893,306,1
Female,Graduate,Married,31,240000,3371,2880,6809,29324,30924,35770,2000,4015,25000,2000,5000,880,2794,4324,28924,30770,0
Female,Graduate,Married,31,100000,0,0,0,0,0,6179,0,0,0,0,6179,0,0,0,0,0,0
Female,Graduate,Single,36,210000,14516,4895,5292,8866,16809,5794,4915,5292,8872,16876,5794,-20,0,-6,-67,0,0
Female,Graduate,Married,37,400000,49447,59781,86070,100620,133307,117194,30000,50000,50006,38000,10000,29781,36070,50614,95307,107194,0
Female,University,Married,42,280000,396,396,396,396,10948,61123,396,396,396,10948,61123,0,0,0,0,0,0
Female,University,Single,36,180000,802,2240,0,0,0,7322,2240,0,0,0,7322,0,0,0,0,0,0
Female,Graduate,Married,36,500000,238847,242326,248425,242854,226764,210947,10000,10146,10103,7108,7396,232326,238279,232751,219656,203551,0
Female,University,Married,45,200000,144314,147532,147911,57903,60117,61828,7008,8000,5000,3000,3000,140524,139911,52903,57117,58828,0
Female,Graduate,Single,27,500000,8328,24491,26085,27644,28884,32930,25450,2000,2000,2000,5000,-959,24085,25644,26884,27930,1
Female,University,Single,30,200000,389,5889,389,389,389,389,5890,390,390,390,390,-1,-1,-1,-1,-1,0
Female,University,Married,27,110000,110593,111679,108455,109392,78524,75745,4363,0,4012,3120,2800,107316,108455,105380,75404,72945,0
Female,University,Single,30,280000,21489,-86,4414,64183,61001,60601,5,4500,60000,1244,2000,-91,-86,4183,59757,58601,0
Female,University,Single,31,100000,41052,42081,41131,43637,42635,45440,2000,0,3500,0,3500,40081,41131,40137,42635,41940,1
Female,University,Married,33,70000,31130,16171,16373,16945,21462,11128,10171,3000,1260,6138,1128,6000,13373,15685,15324,10000,0
Female,High School,Married,47,130000,5027,4151,1622,5032,1749,3645,1622,16,5377,829,3645,2529,1606,-345,920,0,0
Female,University,Married,35,30000,17880,19288,20313,19696,20670,20200,2000,1626,0,1600,0,17288,18687,19696,19070,20200,1
Female,University,Married,43,30000,13135,14150,17210,16636,17908,17482,1240,3300,0,1548,0,12910,13910,16636,16360,17482,0
Female,Graduate,Single,27,180000,2381,28048,25900,22964,21878,13715,28100,1743,1200,2000,2000,-52,24157,21764,19878,11715,0
Female,University,Single,27,100000,48051,49247,48799,49508,50686,51815,2000,2200,1822,2000,2100,47247,46599,47686,48686,49715,0
Female,University,Single,30,150000,0,0,0,0,268,118,0,0,0,268,0,0,0,0,0,118,0
Female,University,Married,32,140000,142357,141236,133779,135943,111264,111785,5300,5300,5000,5000,4500,135936,128479,130943,106264,107285,0
Female,Graduate,Single,45,240000,103344,0,0,0,0,0,0,0,0,0,0,0,0,0,0,0,0
Female,Graduate,Married,48,180000,8308,437,21645,5800,24283,11545,440,21849,5829,24404,11602,-3,-204,-29,-121,-57,0
Female,University,Married,37,340000,7200,0,0,0,0,0,0,0,0,0,0,0,0,0,0,0,0
Female,University,Married,37,200000,114480,117791,123108,124327,127011,134519,5000,7000,4500,4500,9500,112791,116108,119827,122511,125019,0
Female,University,Married,39,360000,4201,0,0,0,0,0,0,0,0,0,0,0,0,0,0,0,1
Female,Graduate,Married,37,500000,0,17250,2287,96501,12143,50143,17250,3037,96501,12500,38000,0,-750,0,-357,12143,0
Female,Other,Married,33,270000,0,0,1205,0,0,0,0,1205,0,0,0,0,0,0,0,0,0
Female,High School,Married,33,140000,1247,1654,840,2153,827,-8808,1654,840,2153,827,827,0,0,0,0,-9635,0
Female,University,Single,33,120000,0,0,0,0,0,0,0,0,0,0,0,0,0,0,0,0,0
Female,University,Married,34,210000,205475,206616,212391,208931,146005,145343,9500,9207,8500,5200,5200,197116,203184,200431,140805,140143,0
Female,Graduate,Married,35,300000,5345,0,0,0,0,477,0,0,0,0,477,0,0,0,0,0,0
Female,University,Married,41,360000,4528,6365,2991,4919,12792,20981,2000,2000,2000,8000,10000,4365,991,2919,4792,10981,0
Female,University,Married,27,120000,1164,1844,-7809,120680,63530,63552,1671,380,131062,2000,3000,173,-8189,-10382,61530,60552,0
Female,Graduate,Single,29,430000,42130,34785,0,18518,16574,12215,1000,0,18518,5,244,33785,0,0,16569,11971,0
Female,University,Single,27,250000,4883,3090,1404,5208,59006,12072,2500,1000,5208,54000,5000,590,404,0,5006,7072,0
Female,Graduate,Single,29,180000,326,326,546,546,546,1225,326,546,546,546,1225,0,0,0,0,0,1
Female,University,Married,29,170000,56980,55889,51328,31541,47406,23062,3000,2236,2478,904,2546,52889,49092,29063,46502,20516,0
Female,Graduate,Married,36,500000,64266,47971,25581,15406,6196,45045,26000,11725,15406,6903,45045,21971,13856,0,-707,0,0
Female,University,Married,37,20000,425,1626,460,360,1520,1160,1629,460,360,1520,0,-3,0,0,0,1160,0
Female,Other,Married,43,200000,132823,132700,182868,166755,111450,53049,71998,116000,3771,2229,37609,60702,66868,162984,109221,15440,0
Female,University,Married,48,50000,46589,48009,48942,36545,5107,4640,2500,2174,2117,117,4853,45509,46768,34428,4990,-213,0
Female,Graduate,Single,34,120000,515,882,6531,6313,1100,1330,882,6900,5037,1100,1330,0,-369,1276,0,0,0
Female,University,Married,31,340000,192860,189272,137255,137180,135783,135201,7332,5008,6367,4800,4941,181940,132247,130813,130983,130260,0
Female,Graduate,Single,32,80000,5566,5783,6011,5783,2257,8257,6000,6011,5783,2257,6000,-217,0,0,0,2257,0
Female,University,Married,33,90000,3817,8545,8961,11676,1189,0,5000,1285,3000,1189,0,3545,7676,8676,0,0,0
Female,University,Married,32,90000,39664,24589,22677,20842,20545,20989,1657,1676,1554,805,846,22932,21001,19288,19740,20143,0
Female,Graduate,Married,32,80000,1784,871,3179,3344,3552,0,871,3381,3384,3958,0,0,-202,-40,-406,0,0
Female,University,Single,46,170000,162110,156444,151504,151377,148530,149628,6000,6000,7000,6000,7000,150444,145504,144377,142530,142628,0
Female,Graduate,Single,29,230000,33147,1672,3677,18346,3900,4167,1672,3677,18346,3900,4167,0,0,0,0,0,0
Female,University,Single,30,290000,4603,2698,6401,1864,5156,3277,2699,6491,1864,5157,3277,-1,-90,0,-1,0,0
Female,University,Married,44,360000,48114,47044,47887,49158,49834,46034,0,1900,2100,1707,2000,47044,45987,47058,48127,44034,0
Female,University,Married,43,270000,94125,1321,806,629,686,834,1326,920,629,686,834,-5,-114,0,0,0,0
Female,High School,Married,43,60000,49340,49116,48220,39595,29899,28722,4570,5348,4035,8804,3000,44546,42872,35560,21095,25722,0
Female,University,Single,33,360000,7157,8446,9034,8340,3144,0,2000,1501,1000,900,0,6446,7533,7340,2244,0,0
Female,Graduate,Single,28,100000,20068,21226,22573,23596,24068,24679,1800,2000,1400,863,1000,19426,20573,22196,23205,23679,0
Female,Other,Married,44,180000,20916,0,850,0,6881,10340,0,850,0,6881,10340,0,0,0,0,0,0
Female,University,Married,31,80000,3506,2372,2988,273,0,1542,2372,2988,273,0,1542,0,0,0,0,0,0
Female,University,Married,34,80000,0,0,0,0,0,0,0,0,0,0,0,0,0,0,0,0,0
Female,University,Married,35,220000,45739,46975,48211,47418,48657,48129,2000,2000,2000,2000,2000,44975,46211,45418,46657,46129,0
Female,University,Married,43,240000,0,0,0,12700,12500,26225,0,0,12700,0,13725,0,0,0,12500,12500,0
Female,University,Single,44,210000,308361,314507,320167,327871,34285,30900,9408,10300,11642,1602,1500,305099,309867,316229,32683,29400,1
Female,University,Married,34,270000,106600,109383,113480,114432,112124,114885,4500,5800,4300,5000,4500,104883,107680,110132,107124,110385,0
Female,University,Single,44,170000,2376,2870,390,590,30490,4300,2870,390,590,30490,4300,0,0,0,0,0,1
Female,High School,Single,29,190000,132669,134605,136202,9207,0,0,6000,6000,1000,0,0,128605,130202,8207,0,0,0
Female,Graduate,Single,31,200000,2500,2500,0,0,0,0,0,0,0,0,0,2500,0,0,0,0,1
Female,University,Married,32,240000,234774,231155,236914,241351,244202,115036,10000,11000,11000,10000,5000,221155,225914,230351,234202,110036,0
Female,University,Married,34,150000,23900,22164,3096,-1076,0,0,1329,3107,0,10382,0,20835,-11,-1076,-10382,0,0
Female,High School,Married,44,90000,421,9522,9223,8480,2181,2983,9422,0,79,2181,2991,100,9223,8401,0,-8,0
Female,High School,Married,44,400000,35504,36680,35670,30364,28085,28708,5025,5044,2514,988,2004,31655,30626,27850,27097,26704,0
Female,University,Married,46,420000,347531,345620,344364,202241,196082,189064,13503,15031,7011,7010,7013,332117,329333,195230,189072,182051,0
Female,Graduate,Single,25,140000,52196,16982,20199,20746,2260,4180,2000,5000,1000,1260,3000,14982,15199,19746,1000,1180,0
Female,High School,Married,48,50000,50411,48409,42248,33855,28064,29660,5000,2000,2500,2500,2000,43409,40248,31355,25564,27660,0
Female,University,Married,46,210000,134700,132799,111335,114037,67224,69177,6149,4100,4547,2500,3000,126650,107235,109490,64724,66177,0
Female,Graduate,Single,30,210000,87292,89534,89173,91489,93463,95021,4600,3789,3811,3465,3186,84934,85384,87678,89998,91835,0
Female,University,Married,41,180000,4351,11953,9380,3070,8263,12663,12069,9443,3262,8302,12668,-116,-63,-192,-39,-5,0
Female,Graduate,Single,30,100000,430,35993,2772,0,0,0,35993,2772,0,0,0,0,0,0,0,0,0
Female,Graduate,Married,34,300000,56,0,849,0,0,112,0,849,0,0,112,0,0,0,0,0,0
Female,University,Single,36,250000,396,396,396,3160,396,396,396,396,3160,396,396,0,0,0,0,0,0
Female,Graduate,Single,33,200000,19572,28858,52512,71923,19923,-77,10000,25000,20400,0,0,18858,27512,51523,19923,-77,0
Female,Graduate,Married,33,380000,372926,354068,327342,247528,128386,128820,13248,9543,6106,3013,3398,340820,317799,241422,125373,125422,0
Female,Graduate,Single,25,30000,26417,27421,28573,29222,28451,27270,1448,1600,1500,1000,1000,25973,26973,27722,27451,26270,0
Female,University,Married,31,80000,70492,68652,67881,38465,27773,29132,2806,4006,1804,2003,3004,65846,63875,36661,25770,26128,1
Female,University,Married,27,300000,311987,305417,296009,92553,94259,96868,0,12500,3200,3000,3000,305417,283509,89353,91259,93868,0
Female,Graduate,Married,38,240000,-25,4078,2223,31136,4367,3632,4103,2223,31136,100,0,-25,0,0,4267,3632,0
Female,Graduate,Single,23,80000,25084,20685,30688,23674,23636,22426,1500,12000,2000,1000,1000,19185,18688,21674,22636,21426,0
Female,University,Single,27,280000,272507,219510,217637,177535,178337,180885,8533,8888,8006,6406,6606,210977,208749,169529,171931,174279,0
Female,University,Single,36,50000,23368,27050,27086,28525,30895,33003,4400,761,2200,2862,2770,22650,26325,26325,28033,30233,1
Female,University,Married,36,200000,197810,201362,164183,136199,139209,135742,9051,7000,5000,5000,5000,192311,157183,131199,134209,130742,1
Female,University,Single,32,210000,355,975,410,0,0,0,979,412,0,0,0,-4,-2,0,0,0,0
Female,University,Single,31,160000,112878,118601,115874,111346,111553,108434,8000,5014,4500,11781,0,110601,110860,106846,99772,108434,0
Female,Graduate,Married,43,130000,2798,2732,8072,5723,6232,8873,3228,8141,5744,6232,8873,-496,-69,-21,0,0,0
Female,University,Married,39,300000,301945,307650,0,0,0,0,13700,0,0,0,0,293950,0,0,0,0,0
Female,University,Married,41,50000,21638,21008,20388,21092,21511,21964,0,0,1350,769,799,21008,20388,19742,20742,21165,1
Female,University,Married,40,150000,16019,0,7937,3307,2894,0,0,7937,3307,2894,0,0,0,0,0,0,0
Female,University,Married,43,500000,10330,12320,12209,16727,17738,14117,12320,12209,16727,17744,14117,0,0,0,-6,0,0
Female,University,Married,34,270000,203657,194792,181341,170107,158889,147344,10015,6538,7744,7068,5350,184777,174803,162363,151821,141994,0
Female,Graduate,Married,43,500000,270,9390,0,14153,5254,11676,9483,0,14153,5274,11676,-93,0,0,-20,0,0
Female,University,Married,40,200000,21464,22065,23382,21522,8815,4280,2000,2000,1128,4280,0,20065,21382,20394,4535,4280,0
Female,Graduate,Single,33,300000,13889,1465,2095,1215,340,1424,1465,2095,1215,340,1424,0,0,0,0,0,0
Female,University,Single,40,230000,164208,161207,1665,1228,8599,3890,7105,1762,1228,8599,3890,154102,-97,0,0,0,0
Female,Graduate,Single,37,500000,5946,132696,141204,160275,138067,117049,140000,25012,40022,3024,0,-7304,116192,120253,135043,117049,0
Female,Graduate,Single,38,80000,2431,29426,5288,1823,19879,1974,31386,5296,1823,19884,1974,-1960,-8,0,-5,0,0
Female,Graduate,Single,42,500000,237066,171440,177859,159518,186563,168083,20000,50000,10000,50000,20000,151440,127859,149518,136563,148083,0
Female,High School,Married,44,30000,29263,27516,28133,28780,28756,29566,1441,1597,1634,1000,1124,26075,26536,27146,27756,28442,0
Female,University,Married,41,170000,736,736,1156,316,316,316,736,1156,316,316,316,0,0,0,0,0,0
Female,University,Single,37,70000,69099,69684,64801,64863,123234,60733,3018,3400,2200,2500,2500,66666,61401,62663,120734,58233,0
Female,University,Married,46,310000,12479,423,430,843,857,-777,423,430,845,857,628,0,0,-2,0,-1405,0
Female,Graduate,Married,41,50000,45313,46262,49188,50084,48980,50050,2000,4000,2000,0,2000,44262,45188,48084,48980,48050,0
Female,University,Single,44,180000,25706,30251,30900,0,0,5386,5000,1900,0,0,5386,25251,29000,0,0,0,0
Female,Graduate,Single,35,310000,192454,196708,189210,181491,176661,173532,9088,7044,9072,11210,6116,187620,182166,172419,165451,167416,0
Female,Graduate,Married,39,500000,4419,2584,4524,3518,2208,2550,2584,4524,3518,2208,2550,0,0,0,0,0,0
Female,University,Single,41,330000,76279,79179,82293,86458,91512,100433,4179,5000,6458,6512,10433,75000,77293,80000,85000,90000,0
Female,Other,Other,49,150000,-260,-2835,3960,10410,2361,2868,4,7920,10426,0,2868,-2839,-3960,-16,2361,0,0
Female,University,Single,42,110000,106478,107517,103609,79421,78286,65875,3951,4276,2666,2811,2500,103566,99333,76755,75475,63375,0
Female,University,Married,46,230000,782,316,0,632,316,2398,316,0,632,316,2398,0,0,0,0,0,1
Female,Graduate,Married,46,50000,10372,-110,1684,3697,1397,0,110,1794,3697,1392,0,-220,-110,0,5,0,0
Female,High School,Single,40,60000,728,0,0,0,0,0,22,10785,0,0,0,-22,-10785,0,0,0,0
Female,Graduate,Married,32,250000,-154973,59514,220765,180488,173140,170233,225066,198031,6069,4310,5752,-165552,22734,174419,168830,164481,0
Female,Graduate,Single,46,450000,2656,1861,-30,3332,873,1110,1861,0,3362,873,1110,0,-30,-30,0,0,0
Female,University,Single,33,260000,258150,265961,258903,131150,214180,153755,20485,27,2914,159658,5592,245476,258876,128236,54522,148163,1
Female,University,Married,45,380000,220208,225537,230898,237118,240452,245499,9000,9000,10068,8768,9087,216537,221898,227050,231684,236412,0
Female,Graduate,Single,38,240000,3816,3816,3816,3816,816,3816,3816,3816,3816,816,3816,0,0,0,0,0,0
Female,High School,Married,34,30000,14840,8435,6991,17176,8053,10363,10483,6998,17186,8054,10375,-2048,-7,-10,-1,-12,1
Female,University,Married,43,90000,0,0,0,0,0,0,0,0,0,0,0,0,0,0,0,0,0
Female,University,Married,43,230000,226319,230825,234832,217987,169529,172143,9309,8795,8337,6015,6292,221516,226037,209650,163514,165851,1
Female,University,Married,45,60000,57966,3751,72334,73396,12271,24278,1900,72334,4000,2000,14000,1851,0,69396,10271,10278,0
Female,University,Married,38,170000,9550,5556,0,0,0,0,1055,0,0,0,0,4501,0,0,0,0,0
Female,Graduate,Married,41,440000,3982,12516,15869,20849,331985,185315,16282,16031,23613,320008,5721,-3766,-162,-2764,11977,179594,0
Female,University,Married,37,120000,15591,17156,17227,18560,10067,15594,7227,683,8560,10067,10000,9929,16544,10000,0,5594,0
Female,Graduate,Married,37,240000,180517,175125,176674,160551,150735,154200,8022,6161,5730,5486,5987,167103,170513,154821,145249,148213,0
Female,Graduate,Married,42,260000,2788,4046,2800,2800,2979,8247,4058,2800,2800,2979,8247,-12,0,0,0,0,0
Female,University,Single,43,300000,36062,37055,38354,39634,21597,481,1897,2196,2476,3439,0,35158,36158,37158,18158,481,0
Female,Other,Married,34,190000,7251,11990,39360,5090,2787,23405,11996,39382,5090,2787,23405,-6,-22,0,0,0,0
Female,Graduate,Married,43,110000,33794,10570,-28,-28,-28,-28,6725,0,0,0,0,3845,-28,-28,-28,-28,1
Female,University,Married,38,280000,242864,237821,223180,237301,201226,207802,11000,11000,20000,10000,10000,226821,212180,217301,191226,197802,0
Female,University,Married,40,220000,1129,227,0,13137,13637,9744,227,0,13137,1500,214,0,0,0,12137,9530,0
Female,Graduate,Single,36,280000,4126,7001,12984,-5,1411,5654,7065,13046,5,1416,5654,-64,-62,-10,-5,0,0
Female,University,Married,39,70000,20392,19772,22234,21579,22720,23704,0,3100,0,1500,1500,19772,19134,21579,21220,22204,1
Female,University,Married,36,500000,352986,352870,350017,347410,337015,332360,13016,13172,15200,12000,13617,339854,336845,332210,325015,318743,0
Female,University,Single,36,130000,118410,87199,90782,94261,96694,98982,5001,5001,5000,4000,4000,82198,85781,89261,92694,94982,0
Female,Graduate,Single,43,610000,403546,418882,413942,420120,427886,437131,25002,8000,16385,16000,16000,393880,405942,403735,411886,421131,0
Female,Graduate,Single,35,210000,6518,14265,9718,11285,8115,27977,14272,9890,11297,8115,27977,-7,-172,-12,0,0,0
Female,University,Married,45,210000,203273,188955,183774,152509,136376,131656,6515,7113,6011,4471,4513,182440,176661,146498,131905,127143,0
Female,High School,Other,37,80000,600,0,0,0,0,0,0,0,0,0,0,0,0,0,0,0,0
Female,Graduate,Married,33,150000,105610,106885,108706,105470,111687,113747,4500,5000,0,8000,4000,102385,103706,105470,103687,109747,1
Female,Graduate,Married,33,160000,0,0,0,0,0,0,0,0,0,0,0,0,0,0,0,0,0
Female,Other,Married,34,150000,14967,17705,19394,18956,20684,22237,3000,2000,2000,2000,2000,14705,17394,16956,18684,20237,0
Female,High School,Married,45,130000,780,0,780,390,540,11040,0,780,0,540,11040,0,0,390,0,0,0
Female,University,Married,40,210000,2245,1789,4292,2388,4090,2375,1794,4326,2395,4102,2382,-5,-34,-7,-12,-7,0
Female,University,Married,42,360000,64268,45659,18875,7742,5572,131869,2339,4564,2200,1000,131869,43320,14311,5542,4572,0,0
Female,University,Married,45,500000,443118,155322,67515,68639,70302,40721,155484,67533,72049,70430,40721,-162,-18,-3410,-128,0,0
Female,Graduate,Single,33,220000,652,326,1070,1163,2044,204,0,1070,1163,2049,204,326,0,0,-5,0,0
Female,University,Married,46,320000,15176,24845,12680,5522,44743,18931,24969,12743,5542,44956,19011,-124,-63,-20,-213,-80,0
Female,Graduate,Married,41,220000,246915,243234,238172,232446,227800,225044,0,0,0,0,0,243234,238172,232446,227800,225044,1
Female,University,Single,32,80000,50189,57701,66736,74626,74092,59274,10000,10000,10104,5000,5000,47701,56736,64522,69092,54274,0
Female,Other,Single,32,210000,0,0,0,0,0,0,0,0,0,0,0,0,0,0,0,0,0
Female,Graduate,Married,32,160000,111907,106109,89231,67134,55773,46485,3805,2993,2293,1838,1687,102304,86238,64841,53935,44798,0
Female,Graduate,Single,33,160000,699,0,26808,0,0,0,0,26808,0,0,0,0,0,0,0,0,1
Female,Graduate,Married,36,440000,14234,11061,19669,18613,13669,24849,11066,19669,33152,0,20000,-5,0,-14539,13669,4849,0
Female,University,Married,36,90000,0,950,628,284,1055,2607,950,628,284,1055,2607,0,0,0,0,0,0
Female,High School,Married,37,230000,225800,228342,189966,142377,143828,143698,8440,6100,7000,5356,5400,219902,183866,135377,138472,138298,0
Female,Graduate,Single,33,180000,0,4163,7683,0,0,9500,4163,7683,200,0,9500,0,0,-200,0,0,0
Female,University,Married,32,440000,339410,324469,324109,287932,287892,276902,11500,11129,10300,11098,11200,312969,312980,277632,276794,265702,0
Female,Graduate,Married,41,200000,2217,61328,2877,160944,156864,160066,61634,2877,160944,0,5900,-306,0,0,156864,154166,1
Female,University,Married,41,220000,24435,2131,36010,1050,9522,2340,2142,36204,1055,9569,6995,-11,-194,-5,-47,-4655,0
Female,University,Married,39,360000,1220,330,165,5773,3598,3598,170,0,5773,3598,3598,160,165,0,0,0,0
Female,Graduate,Single,27,120000,934,0,0,0,0,0,0,0,0,0,0,0,0,0,0,0,1
Female,Graduate,Single,27,20000,5635,5735,4941,4236,3200,1375,1186,1300,1246,264,375,4549,3641,2990,2936,1000,0
Female,Graduate,Single,28,230000,2376,2178,27460,22515,20109,13700,0,27446,1400,0,274,2178,14,21115,20109,13426,0
Female,University,Single,29,30000,647,1222,249,5051,1188,375,1222,249,5051,2202,375,0,0,0,-1014,0,0
Female,Graduate,Single,29,160000,157067,155760,153047,122831,124794,116746,5708,7424,4251,6010,5000,150052,145623,118580,118784,111746,1
Female,University,Single,29,170000,69314,65083,67062,68188,56454,58453,2330,3028,2847,2600,3400,62753,64034,65341,53854,55053,0
Female,Graduate,Single,29,140000,0,1216,2677,2985,3739,1242,1216,2698,6069,3889,1242,0,-21,-3084,-150,0,0
Female,Graduate,Married,33,160000,7845,2956,3161,600,65000,2206,0,3161,0,65000,2206,2956,0,600,0,0,1
Female,Graduate,Single,36,500000,13302,1040,3662,0,1770,3384,1051,3722,0,1770,3384,-11,-60,0,0,0,0
Female,High School,Married,31,80000,62636,61808,22227,48215,45618,37799,5000,4000,50012,10000,10000,56808,18227,-1797,35618,27799,1
Female,Graduate,Married,32,150000,23364,22846,25779,22303,16981,16837,1450,5779,1300,700,1000,21396,20000,21003,16281,15837,0
Female,Graduate,Single,46,30000,18910,20592,21949,24116,23430,25044,2000,2000,2535,0,2000,18592,19949,21581,23430,23044,0
Female,University,Married,47,180000,11900,4256,4000,4000,4000,4000,4256,4000,4000,4000,4000,0,0,0,0,0,0
Female,University,Married,41,150000,68571,69845,71434,72365,73377,75052,3000,3300,2700,2800,3000,66845,68134,69665,70577,72052,1
Female,Graduate,Single,32,320000,13122,6796,7788,6751,8354,12271,1500,8000,7000,8500,13000,5296,-212,-249,-146,-729,0
Female,Graduate,Single,33,440000,164269,160608,150150,139178,123627,48175,5666,5802,3577,2955,12000,154942,144348,135601,120672,36175,0
Female,University,Married,38,200000,1430,6002,2400,2185,6718,2298,6002,2400,2185,6718,2298,0,0,0,0,0,0
Female,University,Married,45,200000,8934,5264,6769,2487,1857,0,0,2491,0,0,0,5264,4278,2487,1857,0,0
Female,Graduate,Married,35,230000,6012,0,1897,0,89,2398,78,1897,0,89,2398,-78,0,0,0,0,1
Female,Graduate,Single,38,350000,10354,29812,15209,9260,2120,2459,29916,15217,9280,2128,2459,-104,-8,-20,-8,0,0
Female,Graduate,Single,31,100000,1500,3794,-1678,-1478,1058,5556,3794,0,200,4058,5738,0,-1678,-1678,-3000,-182,0
Female,High School,Single,45,360000,0,0,0,0,0,0,0,0,0,0,0,0,0,0,0,0,1
Female,Graduate,Single,31,210000,202064,206107,174581,176527,181127,172851,6000,6000,4000,5000,4000,200107,168581,172527,176127,168851,0
Female,Graduate,Married,32,360000,317024,313710,299059,281436,274358,270877,11200,12112,11500,9600,10005,302510,286947,269936,264758,260872,0
Female,Graduate,Single,32,200000,14279,3904,24274,5196,4996,16890,3904,24277,4996,0,16890,0,-3,200,4996,0,0
Female,Graduate,Married,34,230000,711,-1,-1,-1,-1,-1,0,0,0,0,0,-1,-1,-1,-1,-1,0
Female,Other,Married,41,180000,22777,20311,20726,22111,25560,2461,20328,20789,22169,25560,2461,-17,-63,-58,0,0,0
Female,University,Single,47,170000,34804,35525,36948,38031,38698,39524,1600,2000,2000,1600,1600,33925,34948,36031,37098,37924,0
Female,University,Married,40,50000,6732,9052,8763,9924,9967,10176,2441,0,1313,356,369,6611,8763,8611,9611,9807,0
Female,University,Single,37,180000,37095,32881,33627,128051,106834,105551,0,3042,109470,4000,4000,32881,30585,18581,102834,101551,0
Female,Graduate,Married,47,100000,-84,-474,800,410,20,-370,0,3000,0,0,0,-474,-2200,410,20,-370,1
Female,Graduate,Single,28,150000,82559,84681,87308,89316,91458,89063,3500,4000,3500,3500,3500,81181,83308,85816,87958,85563,0
Female,Graduate,Single,33,180000,8492,5199,9973,10069,13190,20127,5199,9973,10083,13279,20127,0,0,-14,-89,0,0
Female,University,Single,33,280000,55709,51834,41426,35212,40052,46510,9441,2691,3001,6010,10000,42393,38735,32211,34042,36510,0
Female,University,Single,40,150000,8482,3493,4724,5749,345,349,3514,4724,5749,345,349,-21,0,0,0,0,0
Female,University,Married,36,100000,78063,79346,77977,79071,76918,81713,3500,3300,3000,0,6500,75846,74677,76071,76918,75213,1
Female,University,Married,37,70000,66447,66759,68200,72972,71248,50610,2391,2518,5950,0,1782,64368,65682,67022,71248,48828,1
Female,University,Married,38,220000,166513,163731,167204,169009,169554,178683,7400,7600,6100,6205,12000,156331,159604,162909,163349,166683,0
Female,University,Married,41,240000,0,0,0,0,0,0,0,0,0,0,0,0,0,0,0,0,1
Female,Other,Single,32,710000,377249,382116,391305,195642,189101,182062,11000,12000,8000,7000,7000,371116,379305,187642,182101,175062,0
Female,University,Single,33,470000,0,0,0,0,779,0,0,0,0,779,0,0,0,0,0,0,1
Female,University,Married,46,80000,390,390,390,390,390,390,390,390,390,390,390,0,0,0,0,0,1
Female,High School,Married,49,180000,162567,163900,145992,124841,125596,113105,5821,5000,5935,4263,4200,158079,140992,118906,121333,108905,1
Female,University,Married,32,250000,195044,198294,202571,226423,221296,234762,8000,7478,27349,0,17000,190294,195093,199074,221296,217762,0
Female,High School,Single,34,690000,390757,397292,390166,360568,331674,160287,14724,19118,7415,20348,160671,382568,371048,353153,311326,-384,0
Female,Graduate,Single,45,340000,68288,70573,69808,66670,63277,62027,15000,13500,13000,13000,13000,55573,56308,53670,50277,49027,0
Female,University,Single,47,220000,103078,111729,115173,116513,119370,121516,10000,6500,5000,5000,5000,101729,108673,111513,114370,116516,0
Female,High School,Single,44,60000,11847,62478,55887,70562,71322,58821,55887,0,20783,2500,0,6591,55887,49779,68822,58821,1
Female,University,Single,30,80000,5919,5545,2154,583,11381,9508,5548,2154,583,11381,190,-3,0,0,0,9318,0
Female,Graduate,Married,36,290000,3602,6107,4536,6074,0,817,6107,4538,6074,0,817,0,-2,0,0,0,0
Female,High School,Single,41,170000,76704,50301,50896,52554,53084,54197,2405,2000,2500,2000,1968,47896,48896,50054,51084,52229,0
Female,High School,Other,42,90000,12174,15035,14509,15518,15563,18289,3072,0,1555,600,3000,11963,14509,13963,14963,15289,1
Female,Graduate,Single,31,130000,133845,126804,130264,133603,132215,131848,7000,7000,7000,5500,5100,119804,123264,126603,126715,126748,0
Female,High School,Married,32,200000,1380,3706,18145,14163,7909,1485,3706,18458,14170,7909,1485,0,-313,-7,0,0,0
Female,University,Single,35,360000,35327,42032,35665,37071,38680,42352,10000,2453,5000,5000,10000,32032,33212,32071,33680,32352,0
Female,Graduate,Married,37,240000,157668,165762,173429,176943,176843,177183,10762,10429,10423,6843,7183,155000,163000,166520,170000,170000,0
Female,Graduate,Married,28,60000,46233,47263,48696,50385,52045,52661,2100,2500,2500,2500,1600,45163,46196,47885,49545,51061,0
Female,University,Single,42,130000,117391,119378,121993,123503,124578,127434,5400,6000,5000,4600,5000,113978,115993,118503,119978,122434,0
Female,University,Single,32,310000,325056,327591,322273,272890,208257,206609,13294,12131,8543,10185,8290,314297,310142,264347,198072,198319,0
Female,University,Single,28,80000,260,130,130,130,130,130,0,130,130,130,130,130,0,0,0,0,1
Female,University,Single,30,70000,10705,58825,53080,49153,47139,37610,50071,0,2000,2000,2000,8754,53080,47153,45139,35610,0
Female,University,Married,31,180000,115400,26721,8581,2475,2654,2676,2006,1407,1000,1000,1000,24715,7174,1475,1654,1676,0
Female,University,Married,45,110000,36267,37234,37341,38208,39121,39785,1587,1694,1561,1474,1370,35647,35647,36647,37647,38415,0
Female,High School,Single,47,30000,29851,30451,28115,23092,24829,10400,1500,1695,2000,2000,2000,28951,26420,21092,22829,8400,0
Female,University,Single,27,200000,125854,127843,131352,130884,132142,118084,4775,6579,4734,4368,4183,123068,124773,126150,127774,113901,0
Female,Other,Married,33,30000,25083,25244,26286,26458,26668,28195,1406,1838,1400,1000,2342,23838,24448,25058,25668,25853,0
Female,Graduate,Single,27,210000,780,390,390,1554,5705,6386,0,390,1554,5705,2000,390,0,0,0,4386,1
Female,Other,Married,30,80000,0,0,0,0,0,0,0,0,0,0,0,0,0,0,0,0,0
Female,High School,Married,40,120000,97886,74638,70864,64193,61733,59717,3003,2823,2514,1732,1756,71635,68041,61679,60001,57961,0
Female,University,Married,43,30000,10443,4503,9000,0,0,5394,4503,9000,0,0,5394,0,0,0,0,0,0
Female,University,Single,33,490000,58308,64927,60011,49409,39945,49932,10000,8160,7000,2000,37000,54927,51851,42409,37945,12932,0
Female,Other,Married,41,260000,2398,2289,3593,5332,1994,5782,2294,3601,5348,2802,5801,-5,-8,-16,-808,-19,0
Female,University,Single,30,230000,3948,5899,4080,1935,1656,2351,5899,4080,0,1656,2351,0,0,1935,0,0,1
Female,University,Married,46,110000,2359,2410,2151,2161,1719,107591,2410,2151,2161,1719,107591,0,0,0,0,0,1
Female,University,Single,40,150000,76282,78800,67443,68720,70572,72275,3705,4000,3000,3000,3000,75095,63443,65720,67572,69275,0
Female,University,Married,29,170000,79091,62575,63317,63903,43505,43995,2235,2493,2585,1683,1901,60340,60824,61318,41822,42094,0
Female,University,Married,35,90000,35232,38329,37433,38507,39468,40183,4000,0,1700,1600,1500,34329,37433,36807,37868,38683,0
Female,High School,Married,40,70000,14896,0,0,0,0,0,0,0,0,0,0,0,0,0,0,0,0
Female,Graduate,Single,28,100000,102122,96193,82342,81967,82177,78840,322,3600,3800,3000,3000,95871,78742,78167,79177,75840,0
Female,High School,Married,34,50000,24203,23708,23609,22675,21628,20576,1367,1741,1280,706,700,22341,21868,21395,20922,19876,0
Female,University,Married,35,30000,30471,30578,29846,28631,27359,21750,1472,2000,1064,1000,1223,29106,27846,27567,26359,20527,0
Female,University,Married,37,280000,252814,255974,110389,114874,118273,114204,10610,10018,10000,5038,5039,245364,100371,104874,113235,109165,1
Female,High School,Married,41,210000,59071,58830,364,-649,-649,-649,2000,17864,569,0,0,56830,-17500,-1218,-649,-649,0
Female,High School,Other,35,20000,3975,362,2182,1500,500,0,362,2000,0,500,0,0,182,1500,0,0,0
Female,Other,Married,33,250000,211084,211577,202346,203132,201230,199820,6934,7000,8975,7043,8000,204643,195346,194157,194187,191820,0
Female,University,Married,34,70000,43662,44733,45775,46911,48128,51182,1800,1764,1900,2000,4000,42933,44011,45011,46128,47182,1
Female,Graduate,Single,34,120000,8113,8796,12210,3095,0,2873,2000,5312,3095,0,2873,6796,6898,0,0,0,0
Female,Graduate,Single,36,300000,230,469,899,0,0,0,469,899,0,0,0,0,0,0,0,0,0
Female,University,Married,39,310000,360,360,360,360,360,360,360,360,360,360,360,0,0,0,0,0,0
Female,High School,Single,34,20000,0,0,0,0,0,0,0,0,0,0,0,0,0,0,0,0,1
Female,University,Single,37,50000,16090,38710,43085,42093,44393,45682,38710,5000,0,3000,2000,0,38085,42093,41393,43682,0
Female,University,Married,32,100000,98908,60868,60652,58338,56849,45744,2749,4800,2000,2000,2000,58119,55852,56338,54849,43744,0
Female,University,Married,44,280000,9713,264,252,2632,5410,5834,264,252,2656,5410,5834,0,0,-24,0,0,0
Female,University,Married,37,210000,2978,1798,379,768,2308,1026,1798,379,768,2308,1026,0,0,0,0,0,0
Female,High School,Single,47,290000,1163,6619,0,28974,7524,0,6650,0,28974,0,0,-31,0,0,7524,0,0
Female,Graduate,Married,36,160000,25386,2542,2916,4257,629,6267,2549,2916,4321,700,6267,-7,0,-64,-71,0,0
Female,University,Married,41,100000,155351,159591,163665,170257,57747,16998,105200,6035,9410,1000,2000,54391,157630,160847,56747,14998,1
Female,University,Single,37,280000,1876,2716,1876,1876,1876,1870,2716,1876,1876,1876,1870,0,0,0,0,0,0
Female,University,Married,32,200000,899,-1,-1,228,1374,380,0,0,229,1380,381,-1,-1,-1,-6,-1,0
Female,University,Single,33,180000,3316,3385,6186,6695,7173,5094,3446,6186,6695,4000,955,-61,0,0,3173,4139,0
Female,Graduate,Single,34,240000,-25,-25,2062,-1,311,2005,0,2087,0,312,2015,-25,-25,-1,-1,-10,0
Female,University,Single,35,180000,174068,160979,165896,145300,152877,156074,10000,10092,10000,10000,10000,150979,155804,135300,142877,146074,0
Female,University,Married,36,180000,0,0,0,0,0,0,0,0,0,0,0,0,0,0,0,0,0
Female,University,Single,35,50000,18544,17954,21678,21032,21465,24103,0,4351,0,784,3000,17954,17327,21032,20681,21103,0
Female,High School,Single,38,30000,24524,25546,28820,28538,28208,29326,1426,3700,718,1500,1500,24120,25120,27820,26708,27826,1
Female,University,Married,40,180000,144481,1620,334,9379,1100,43505,1620,337,9379,1100,43505,0,-3,0,0,0,0
Female,Graduate,Married,38,50000,64760,60747,54902,54280,18595,18838,2000,0,1200,15000,2000,58747,54902,53080,3595,16838,0
Female,High School,Married,47,230000,182787,173108,163937,90980,91180,90260,7000,5665,4154,3300,3418,166108,158272,86826,87880,86842,0
Female,University,Married,31,60000,49581,35465,29732,29411,28859,28309,1500,1600,1394,1000,1000,33965,28132,28017,27859,27309,0
Female,High School,Single,32,50000,48237,49097,43763,37657,38530,39409,1755,1614,1627,1500,1500,47342,42149,36030,37030,37909,0
Female,Graduate,Married,32,280000,137630,116209,117118,116689,117757,118432,6000,6000,5000,5000,4012,110209,111118,111689,112757,114420,0
Female,University,Married,45,170000,12847,9807,8101,6208,10460,11143,9807,5000,3749,6711,4432,0,3101,2459,3749,6711,0
Female,University,Married,36,110000,2002,1056,4680,880,880,880,1056,4756,880,880,880,0,-76,0,0,0,1
Female,High School,Married,35,70000,1183,41263,40206,42184,43182,42674,41263,2500,2468,1466,1328,0,37706,39716,41716,41346,1
Female,High School,Married,47,90000,92454,94156,91710,79884,49810,51012,4100,0,3424,1790,2012,90056,91710,76460,48020,49000,1
Female,Graduate,Married,36,260000,10942,7045,246,7156,7164,3677,3000,246,7178,5164,1209,4045,0,-22,2000,2468,0
Female,University,Married,33,60000,57810,56189,58283,59385,57792,59010,2100,3000,2800,2000,2000,54089,55283,56585,55792,57010,0
Female,University,Married,37,320000,289260,297888,304025,308421,315291,310339,14500,12001,10500,13000,1,283388,292024,297921,302291,310338,0
Female,University,Single,39,160000,2828,1473,8404,8875,8509,4630,1473,8404,8875,8509,4630,0,0,0,0,0,0
Female,Graduate,Single,33,230000,-3,4532,0,6264,6392,2538,4535,0,6264,128,0,-3,0,0,6264,2538,0
Female,University,Single,48,50000,1309,2158,1787,860,896,1087,1000,1787,860,900,1087,1158,0,0,-4,0,0
Female,University,Single,36,180000,25359,28432,1535,14470,14270,4529,28703,1535,15000,0,5793,-271,0,-530,14270,-1264,0
Female,University,Single,45,390000,60082,58694,61735,63337,59693,62776,5000,5000,5000,4000,4000,53694,56735,58337,55693,58776,0
Female,University,Single,41,290000,286391,140960,112394,113459,123967,131735,10000,5620,10000,20000,10000,130960,106774,103459,103967,121735,0
Female,University,Married,35,290000,32485,21080,430,430,12715,16895,10000,430,430,12715,5000,11080,0,0,0,11895,0
Female,High School,Married,46,30000,29003,28544,27177,28630,25087,25342,1500,2000,2390,1000,1000,27044,25177,26240,24087,24342,0
Female,Graduate,Married,38,100000,0,0,0,53,4009,316,0,0,53,4328,0,0,0,0,-319,316,0
Female,University,Married,34,190000,-18,-18,-18,-18,-18,-18,0,0,0,0,0,-18,-18,-18,-18,-18,0
Female,Graduate,Single,35,200000,441,0,3514,4042,8606,1870,0,3514,4042,8606,1870,0,0,0,0,0,0
Female,High School,Single,32,180000,4480,7354,6930,6090,2435,2074,3000,3000,2018,1200,1500,4354,3930,4072,1235,574,0
Female,University,Married,45,250000,3233,13244,12462,8977,1503,96834,12716,12158,8777,1503,96834,528,304,200,0,0,0
Female,University,Married,39,80000,41753,42956,43850,38112,38876,39697,2200,2000,2000,1700,1600,40756,41850,36112,37176,38097,0
Female,University,Married,37,140000,137545,136820,128445,125049,119402,123055,6206,6100,6330,4400,8700,130614,122345,118719,115002,114355,0
Female,University,Married,40,260000,35211,43944,46957,45114,26114,46750,40000,48058,46000,26000,48000,3944,-1101,-886,114,-1250,0
Female,Graduate,Single,39,360000,1070,0,0,0,906,0,0,0,0,906,0,0,0,0,0,0,1
Female,University,Married,45,250000,2218,4912,412,6264,5880,0,4940,416,6303,5880,0,-28,-4,-39,0,0,0
Female,Graduate,Married,36,320000,7225,9336,945,-37,-37,-37,9386,13,0,0,0,-50,932,-37,-37,-37,0
Female,University,Married,42,100000,63984,65917,67673,66292,67793,67182,3000,4000,3000,2500,3000,62917,63673,63292,65293,64182,0
Female,Graduate,Married,36,340000,183898,185268,326074,276519,251815,218706,60075,160444,10143,7190,6283,125193,165630,266376,244625,212423,0
Female,University,Single,41,230000,24477,23722,4791,3516,7475,5352,23722,4791,3516,7475,5352,0,0,0,0,0,0
Female,High School,Married,43,150000,18308,19973,21000,22013,22449,22922,1973,1353,1366,802,833,18000,19647,20647,21647,22089,1
Female,High School,Married,48,60000,49890,51060,52236,54362,55458,56767,2000,2000,3000,2000,2200,49060,50236,51362,53458,54567,0
Female,High School,Single,48,500000,83948,25321,14364,123903,71463,54924,25325,14364,124081,71541,54924,-4,0,-178,-78,0,0
Female,University,Single,48,10000,3133,1473,9196,8518,8690,7472,0,9196,1106,278,258,1473,0,7412,8412,7214,0
Female,High School,Married,39,140000,73166,66565,76412,70091,63279,56854,3112,20000,3043,2359,2187,63453,56412,67048,60920,54667,0
Female,University,Single,33,90000,89129,89543,84447,78238,68234,69684,3308,3014,3203,3000,3000,86235,81433,75035,65234,66684,0
Female,University,Single,39,390000,53386,52746,55535,57154,58774,62372,2000,5000,3000,3000,5000,50746,50535,54154,55774,57372,0
Female,Graduate,Married,38,150000,9474,0,0,0,0,0,0,0,0,0,0,0,0,0,0,0,0
Female,University,Single,48,170000,24953,24334,25558,24580,24855,26123,2000,2000,1400,1000,2000,22334,23558,23180,23855,24123,0
Female,University,Married,34,400000,41305,206028,21153,15631,14417,12228,206032,21153,15948,10000,10000,-4,0,-317,4417,2228,0
Female,University,Married,38,180000,151031,152510,151651,159019,123022,126075,7011,5657,10372,5000,5000,145499,145994,148647,118022,121075,0
Female,University,Married,44,440000,70548,42651,0,27549,77349,10456,20000,0,27549,50000,18956,22651,0,0,27349,-8500,0
Female,Graduate,Single,36,340000,3474,1974,2774,43824,11308,3540,1974,2774,43831,11308,0,0,0,-7,0,3540,0
Female,University,Married,45,170000,110970,117076,113778,117989,118803,121434,9460,0,6100,4210,4500,107616,113778,111889,114593,116934,1
Female,Graduate,Single,46,280000,2475,1236,2726,10898,1050,812,1236,2726,10916,1056,812,0,0,-18,-6,0,0
Female,Other,Married,46,320000,17849,5149,16615,2914,696,740,5149,16654,2914,696,740,0,-39,0,0,0,0
Female,Other,Married,40,190000,58783,59881,136994,118268,110476,111802,3100,80000,5000,4000,4100,56781,56994,113268,106476,107702,0
Female,University,Married,42,210000,1708,2928,-2,-2,918,-164,2928,0,0,920,0,0,-2,-2,-2,-164,0
Female,University,Married,43,110000,100987,101941,98364,103189,99578,104412,4600,0,8500,0,7700,97341,98364,94689,99578,96712,0
Female,University,Single,34,90000,30026,29239,14027,13559,14331,14948,2000,1518,1500,1000,1000,27239,12509,12059,13331,13948,0
Female,Graduate,Married,44,500000,29178,26963,33166,48858,66050,43769,26963,33169,48858,66050,43769,0,-3,0,0,0,0
Female,University,Single,36,50000,29647,30845,32821,34855,11776,12088,2000,2800,3732,750,500,28845,30021,31123,11026,11588,1
Female,Graduate,Single,39,210000,5119,20927,3702,3673,1883,384,20965,3702,3673,0,384,-38,0,0,1883,0,0
Female,University,Married,37,80000,1662,3347,4140,3920,0,0,2427,1000,0,0,0,920,3140,3920,0,0,1
Female,University,Married,42,320000,2862,18729,23405,16662,38459,2836,18729,23421,16683,38459,2836,0,-16,-21,0,0,0
Female,High School,Married,45,50000,48169,48163,49302,16522,15175,16371,2400,2500,1318,700,1600,45763,46802,15204,14475,14771,0
Female,University,Single,34,270000,128620,2222,9076,5424,9577,8130,2222,9076,5424,9577,8130,0,0,0,0,0,0
Female,High School,Single,39,30000,28467,22308,48376,26013,27089,28161,2000,3000,3000,1500,1500,20308,45376,23013,25589,26661,0
Female,High School,Single,35,150000,1877,709,2264,1143,163,2036,0,2264,0,163,2036,709,0,1143,0,0,0
Female,University,Married,41,140000,56379,51993,52678,53753,54821,56145,1855,1913,1952,1963,2208,50138,50765,51801,52858,53937,0
Female,High School,Married,42,120000,2386,780,2158,6968,2552,626,1000,2826,7026,2620,1000,-220,-668,-58,-68,-374,0
Female,Graduate,Married,31,300000,147277,149893,152529,152882,113347,114554,7000,7000,6000,4084,4056,142893,145529,146882,109263,110498,0
Female,Graduate,Married,43,480000,276681,282328,288120,294000,300000,3493,5647,5792,5880,6000,3493,276681,282328,288120,294000,0,0
Female,Graduate,Married,37,460000,268775,262956,268463,273066,278594,284423,0,9737,9060,9200,9480,262956,258726,264006,269394,274943,1
Female,University,Married,39,280000,269472,253792,276979,238527,239280,238926,8229,150062,50000,4786,4779,245563,126917,188527,234494,234147,0
Female,High School,Married,31,50000,44115,44619,38604,33570,0,0,1652,1906,1000,0,0,42967,36698,32570,0,0,0
Female,Graduate,Single,32,350000,384,717,409,0,944,534,717,409,0,944,534,0,0,0,0,0,0
Female,University,Single,32,300000,114690,117682,120777,123835,127830,130931,4682,4777,4835,5830,4931,113000,116000,119000,122000,126000,0
Female,Graduate,Single,33,380000,11924,16615,3273,9833,6580,6080,16615,3273,9833,6580,6080,0,0,0,0,0,0
Female,Graduate,Single,33,190000,211,4031,6036,4238,2907,3122,4031,6045,4247,2907,3122,0,-9,-9,0,0,0
Female,University,Single,35,230000,0,0,0,0,0,0,0,0,0,0,0,0,0,0,0,0,1
Female,University,Married,35,390000,62474,62878,59601,60422,59094,59862,2757,0,2734,2254,2178,60121,59601,57688,56840,57684,0
Female,Other,Married,35,220000,0,319,10567,319,319,319,319,10567,319,319,319,0,0,0,0,0,0
Female,University,Married,41,120000,118131,116607,108720,92649,89533,89204,4211,3710,3184,3200,3200,112396,105010,89465,86333,86004,1
Female,University,Single,49,300000,0,0,0,0,0,0,0,0,0,0,0,0,0,0,0,0,0
Female,Graduate,Single,42,210000,4131,24255,7838,7139,-320,-320,24255,7862,7146,0,0,0,-24,-7,-320,-320,0
Female,University,Married,37,50000,50664,49163,49811,49978,20062,20259,3000,2500,2000,1102,2000,46163,47311,47978,18960,18259,0
Female,Graduate,Single,44,330000,238795,243621,259517,253863,257535,262753,10300,21400,0,9400,9542,233321,238117,253863,248135,253211,1
Female,High School,Married,42,110000,110191,110736,63652,62738,50687,49850,3200,2450,2027,1710,1800,107536,61202,60711,48977,48050,0
Female,Graduate,Single,37,20000,0,0,0,1004,0,0,0,0,1004,0,0,0,0,0,0,0,0
Female,University,Married,40,150000,6369,5215,4090,51893,52033,51188,5215,4090,51893,2000,3000,0,0,0,50033,48188,0
Female,High School,Married,39,140000,127896,131764,134654,138303,119845,122457,7500,6500,7500,5000,4700,124264,128154,130803,114845,117757,0
Female,Graduate,Married,40,160000,661,2881,362,20680,7429,527,2881,362,20680,7429,527,0,0,0,0,0,0
Female,High School,Married,38,260000,1973,1973,1973,6746,1973,1973,1973,1973,6746,1973,1973,0,0,0,0,0,0
Female,High School,Married,45,150000,0,0,0,0,0,10640,0,0,0,0,10640,0,0,0,0,0,0
Female,University,Married,33,50000,34065,35422,32612,31842,27438,26127,3000,2011,1402,3089,3482,32422,30601,30440,24349,22645,0
Female,High School,Married,36,80000,65205,72922,74943,75399,53373,55554,20000,5000,3000,5000,3000,52922,69943,72399,48373,52554,0
Female,University,Married,37,270000,304,-22,-348,326,326,304,0,0,1000,326,304,-22,-348,-674,0,0,0
Female,University,Married,40,60000,58127,59345,58196,47007,32834,29116,2800,2200,1500,1200,1100,56545,55996,45507,31634,28016,0
Female,University,Married,45,50000,15240,16252,17678,18658,18784,18779,1574,2000,1290,806,824,14678,15678,17368,17978,17955,0
Female,Graduate,Married,33,290000,88176,21956,24815,24120,25218,24855,1354,3213,0,1616,0,20602,21602,24120,23602,24855,1
Female,University,Single,39,180000,671,671,671,671,671,671,671,671,671,671,671,0,0,0,0,0,1
Female,Graduate,Married,43,360000,17412,18455,19245,18370,0,0,1328,1637,5000,0,0,17127,17608,13370,0,0,0
Female,High School,Single,40,260000,260,3000,0,0,0,0,3000,0,0,0,0,0,0,0,0,0,0
Female,University,Single,46,200000,430,430,430,5241,430,59415,430,430,5241,439,59415,0,0,0,-9,0,0
Female,University,Single,38,290000,0,130,0,24756,25147,25685,130,0,24756,899,942,0,0,0,24248,24743,0
Female,University,Married,36,50000,17292,18705,18125,17530,18251,19965,2000,0,0,1000,2002,16705,18125,17530,17251,17963,0
Female,University,Married,37,10000,5050,3704,6222,974,8834,6010,5011,6222,984,8834,0,-1307,0,-10,0,6010,0
Female,Graduate,Married,39,180000,1343,437,2297,4428,985,4028,438,2308,4446,987,4040,-1,-11,-18,-2,-12,1
Female,University,Single,39,150000,22724,21019,19890,19271,19037,20448,3221,1602,0,1000,1709,17798,18288,19271,18037,18739,0
Female,Graduate,Single,44,250000,891,-33,-33,-33,267,144,0,0,0,300,144,-33,-33,-33,-33,0,0
Female,University,Single,37,130000,82640,85505,87587,85428,86251,88094,5000,4200,0,3000,3100,80505,83387,85428,83251,84994,1
Female,Graduate,Single,37,540000,4696,6579,1464,-2800,13916,12517,2033,1485,16,20016,2016,4546,-21,-2816,-6100,10501,0
Female,Graduate,Married,42,320000,212883,197352,201913,103278,62891,64948,9000,9000,6000,3000,3000,188352,192913,97278,59891,61948,0
Female,University,Married,39,440000,58639,66698,43399,44534,25341,20000,30000,2000,24534,5000,20000,36698,41399,20000,20341,0,0
Female,University,Single,40,80000,79390,79835,81229,82456,82854,80868,3200,4300,3340,3500,2999,76635,76929,79116,79354,77869,0
Female,University,Married,36,120000,0,0,1100,0,0,0,0,1100,0,0,0,0,0,0,0,0,1
Female,University,Married,35,230000,68755,35137,34305,22752,5123,0,1607,4305,1000,5123,0,33530,30000,21752,0,0,0
Female,High School,Single,37,60000,53867,54971,57284,58562,29121,27003,2000,3200,3300,1000,1100,52971,54084,55262,28121,25903,0
Female,Other,Married,49,290000,3950,0,0,1085,445,145,0,0,1085,447,145,0,0,0,-2,0,0
Female,University,Married,49,130000,0,-390,390,0,-390,390,0,1560,0,0,1170,-390,-1170,0,-390,-780,0
Female,University,Single,46,180000,1905,2453,6997,3064,2158,9331,2453,6997,3064,2158,9331,0,0,0,0,0,0
Female,High School,Married,42,140000,138391,135476,135956,137143,137195,136300,6300,6500,6265,5000,5006,129176,129456,130878,132195,131294,1
Female,Graduate,Single,44,500000,120452,190135,212134,201014,222520,208271,100000,50000,10012,50000,10000,90135,162134,191002,172520,198271,0
Female,University,Married,42,300000,168796,165430,147077,127270,129397,132142,7010,6000,5006,5000,5000,158420,141077,122264,124397,127142,0
Female,University,Married,42,210000,0,0,0,0,0,0,0,0,0,0,0,0,0,0,0,0,0
Female,University,Married,49,150000,575,25622,4992,1578,1216,4475,25622,4992,1578,1216,4475,0,0,0,0,0,0
Female,University,Married,37,360000,10072,7728,2344,9536,9043,0,7728,2344,9536,9043,0,0,0,0,0,0,0
Female,University,Married,36,250000,107476,87000,48162,48803,41207,34792,5143,10025,10074,10049,10076,81857,38137,38729,31158,24716,0
Female,High School,Single,44,30000,21007,27506,26784,28123,27994,27029,7200,0,2100,1000,0,20306,26784,26023,26994,27029,0
Female,Graduate,Married,42,200000,796,770,770,5259,1329,3609,770,0,5269,1329,2280,0,770,-10,0,1329,0
Female,University,Married,35,130000,128649,100902,127102,65517,66925,68344,5500,7328,5000,2500,2500,95402,119774,60517,64425,65844,0
Female,High School,Married,49,290000,52894,0,0,44777,26201,2780,21560,0,44777,0,5560,-21560,0,0,26201,-2780,0
Female,High School,Married,35,100000,50327,51326,52403,53410,54030,55157,1835,1902,1878,1446,1500,49491,50501,51532,52584,53657,0
Female,High School,Married,43,40000,780,177,1583,1020,630,240,177,1583,0,0,0,0,0,1020,630,240,0
Female,High School,Married,39,130000,91982,99328,96898,97990,100160,102190,8900,0,3600,3800,3800,90428,96898,94390,96360,98390,1
Female,High School,Married,34,160000,717,594,1217,697,650,691,597,1223,700,653,691,-3,-6,-3,-3,0,0
Female,Graduate,Single,35,150000,0,26660,858,0,3600,0,26660,858,0,3600,0,0,0,0,0,0,0
Female,University,Single,45,130000,131221,128161,128884,124514,67739,69614,10006,5069,3634,2476,3019,118155,123815,120880,65263,66595,0
Female,University,Married,39,180000,0,0,0,0,0,0,0,0,0,0,0,0,0,0,0,0,1
Female,University,Single,30,150000,61785,63150,68125,66432,73312,72015,3000,6000,0,8023,0,60150,62125,66432,65289,72015,0
Female,University,Single,31,100000,4576,1872,2511,3333,2765,900,1872,2517,3339,2765,900,0,-6,-6,0,0,1
Female,University,Single,31,30000,26830,30900,0,0,0,0,5000,0,0,0,0,25900,0,0,0,0,0
Female,Graduate,Single,25,160000,6087,1934,11376,2199,10856,0,1000,11426,2199,10000,0,934,-50,0,856,0,0
Female,University,Single,28,50000,1876,1690,429,4836,1170,780,0,0,4836,0,0,1690,429,0,1170,780,1
Female,University,Married,29,130000,67260,69269,72276,74347,77259,78403,4000,5000,4347,5000,3038,65269,67276,70000,72259,75365,0
Female,High School,Single,31,140000,137254,92636,94641,96667,98883,79972,3320,3500,3600,3900,3000,89316,91141,93067,94983,76972,0
Female,High School,Married,32,340000,11049,57301,59375,60216,59842,46882,57301,3000,2600,1000,1817,0,56375,57616,58842,45065,0
Female,University,Married,33,340000,1632,3121,44092,31292,17391,21678,2027,39774,43325,5000,10000,1094,4318,-12033,12391,11678,0
Female,University,Single,35,90000,89282,91247,68552,67324,39573,28610,6201,0,25000,0,2235,85046,68552,42324,39573,26375,0
Female,University,Married,42,300000,281000,291482,297425,296884,241037,247383,15000,12039,13000,9000,10059,276482,285386,283884,232037,237324,0
Female,University,Single,25,50000,37034,37698,37252,38254,38445,39273,1586,1624,1626,1377,1448,36112,35628,36628,37068,37825,0
Female,University,Married,37,50000,48890,49083,48102,91452,9551,9746,1787,2247,1900,382,195,47296,45855,89552,9169,9551,0
Female,University,Married,42,100000,0,0,3168,0,0,550,0,3168,0,0,550,0,0,0,0,0,0
Female,High School,Single,40,20000,18244,17670,17105,18335,10415,8526,0,0,2001,3000,3000,17670,17105,16334,7415,5526,0
Female,Graduate,Single,30,160000,86454,61510,62921,64274,66198,68126,3000,3000,3000,3000,3000,58510,59921,61274,63198,65126,1
Female,University,Married,32,390000,2075,0,682,10943,9942,11168,0,682,11130,9942,6600,0,0,-187,0,4568,0
Female,High School,Married,39,30000,1937,640,1751,0,0,0,0,1751,0,0,0,640,0,0,0,0,1
Female,University,Married,46,20000,3098,2901,3800,0,0,0,0,1000,0,0,0,2901,2800,0,0,0,1
Female,University,Single,31,210000,168161,133113,130769,95962,49839,46824,5000,5032,3783,2021,3000,128113,125737,92179,47818,43824,0
Female,Other,Married,31,300000,0,0,0,0,0,0,0,0,0,0,0,0,0,0,0,0,0
Female,Graduate,Single,31,220000,232,0,0,0,0,500,0,0,0,0,500,0,0,0,0,0,0
Female,Graduate,Single,33,270000,68589,58751,53401,51401,36177,29209,6000,2028,5010,5000,5000,52751,51373,46391,31177,24209,0
Female,University,Married,40,90000,4918,4694,6547,7481,7212,7595,0,2100,1200,0,500,4694,4447,6281,7212,7095,1
Female,University,Single,27,360000,214711,179651,139310,143215,168839,171153,10440,13360,6123,28002,6116,169211,125950,137092,140837,165037,0
Female,Graduate,Single,29,300000,0,0,0,0,0,0,0,0,0,0,0,0,0,0,0,0,0
Female,University,Single,31,310000,313956,314859,307371,299501,217763,217659,11000,12500,11000,6600,7000,303859,294871,288501,211163,210659,1
Female,University,Single,31,130000,95292,97544,99208,102946,103750,105818,4600,4000,5300,3700,3600,92944,95208,97646,100050,102218,0
Female,Graduate,Married,29,80000,2175,358,1872,746,746,4424,358,1872,746,0,4424,0,0,0,746,0,0
Female,University,Married,34,280000,6398,8321,12798,3581,10310,11717,8331,12805,3587,10361,11734,-10,-7,-6,-51,-17,0
Female,High School,Single,44,80000,45412,32091,36633,35749,36353,37115,1900,5400,0,1500,1500,30191,31233,35749,34853,35615,1
Female,High School,Single,39,130000,4867,3189,4634,2946,1473,780,0,2946,0,0,780,3189,1688,2946,1473,0,0
Female,Graduate,Married,42,270000,1870,0,8091,8350,8350,0,0,8091,1000,0,0,0,0,7350,8350,0,0
Female,University,Married,41,20000,958,1546,1156,9646,6510,2514,1546,1156,9646,130,50,0,0,0,6380,2464,0
Female,Graduate,Married,36,260000,122825,88273,91908,90857,-81334,142645,5000,6000,5020,81569,331788,83273,85908,85837,-162903,-189143,0
Female,University,Single,47,170000,62927,36885,34289,31518,31338,31838,1566,1606,1325,1015,10000,35319,32683,30193,30323,21838,0
Female,Graduate,Single,35,160000,19082,2815,27380,10028,2824,9940,2815,27380,10050,3000,9940,0,0,-22,-176,0,0
Female,Graduate,Single,35,240000,5757,2904,24671,2249,4505,11859,3242,24685,3535,4505,11859,-338,-14,-1286,0,0,0
Female,University,Single,36,170000,2848,1941,0,0,0,0,1941,0,0,0,0,0,0,0,0,0,0
Female,University,Married,40,500000,215508,214460,220047,217920,159393,149626,10004,10025,10294,6046,5076,204456,210022,207626,153347,144550,0
Female,Graduate,Married,38,260000,629,622,3074,0,688,2605,625,3084,691,0,2613,-3,-10,-691,688,-8,1
Female,Graduate,Single,36,150000,43544,47751,49096,49848,52007,54161,5000,5000,3000,3000,3000,42751,44096,46848,49007,51161,0
Female,Graduate,Married,36,500000,8561,682,15714,5390,43386,0,1364,15714,5390,43386,0,-682,0,0,0,0,1
Female,University,Single,34,320000,1800,0,312,311,311,8571,0,312,311,311,8571,0,0,0,0,0,0
Female,University,Married,34,90000,18358,14764,8374,29525,28333,27879,1300,1300,22000,1000,1012,13464,7074,7525,27333,26867,0
Female,University,Single,43,300000,2936,1669,743,3040,1927,14713,1676,743,3047,1927,14713,-7,0,-7,0,0,0
Female,University,Single,36,200000,73459,76308,78669,75995,79781,81533,4500,4000,0,5500,3000,71808,74669,75995,74281,78533,0
Female,High School,Married,44,160000,1500,0,0,0,0,0,0,0,0,0,0,0,0,0,0,0,1
Female,Graduate,Single,29,120000,0,0,0,0,0,0,0,0,0,0,0,0,0,0,0,0,0
Female,Graduate,Single,30,120000,416,416,416,416,0,832,416,416,416,0,832,0,0,0,0,0,1
Female,University,Single,30,90000,88093,85730,54727,55506,58529,57157,0,1984,2004,4251,0,85730,52743,53502,54278,57157,1
Female,University,Married,31,170000,6015,7810,2760,3474,7680,7860,7820,26058,3474,7680,7860,-10,-23298,0,0,0,1
Female,Graduate,Single,33,170000,144031,147135,158528,138030,139444,148093,5500,14000,0,5200,11100,141635,144528,138030,134244,136993,0
Female,Graduate,Married,33,500000,10486,32539,10644,7780,19099,4281,32648,11000,7823,19215,4281,-109,-356,-43,-116,0,0
Female,Graduate,Single,33,240000,239278,237018,238641,230758,196830,201112,9582,9963,8013,6658,7059,227436,228678,222745,190172,194053,0
Female,University,Married,30,230000,4942,2554,1249,2959,7079,1880,2554,1000,2959,5000,1000,0,249,0,2079,880,0
Female,University,Married,32,210000,0,0,0,0,0,0,0,0,0,0,0,0,0,0,0,0,0
Female,Graduate,Married,33,400000,10858,15892,18182,12205,941,6346,16000,2600,24,1000,7053,-108,15582,12181,-59,-707,0
Female,High School,Married,41,150000,88818,90585,92485,94373,96245,98263,3241,3358,3427,3443,3567,87344,89127,90946,92802,94696,1
Female,Graduate,Single,27,50000,6018,0,0,6085,6085,5605,0,0,6085,0,0,0,0,0,6085,5605,0
Female,University,Married,28,150000,12780,850,850,430,840,430,850,850,430,840,430,0,0,0,0,0,1
Female,University,Single,28,230000,0,0,0,0,0,0,0,0,0,0,0,0,0,0,0,0,1
Female,Graduate,Married,28,470000,178262,177644,171997,165014,158839,148035,6100,6000,7100,5100,5200,171544,165997,157914,153739,142835,0
Female,University,Single,28,30000,1200,1200,1200,1200,1200,600,0,0,0,0,0,1200,1200,1200,1200,600,1
Female,High School,Married,29,100000,0,0,0,338,9448,1183,0,0,4838,9448,4183,0,0,-4500,0,-3000,0
Female,High School,Married,34,30000,8090,0,3398,2855,2115,521,0,6253,0,2115,0,0,-2855,2855,0,521,1
Female,University,Single,40,110000,96950,93571,86595,81077,77747,78913,3255,3056,2802,2813,4000,90316,83539,78275,74934,74913,0
Female,High School,Married,39,300000,36656,37672,40743,41226,40263,42788,1929,4000,1446,0,3179,35743,36743,39780,40263,39609,0
Female,High School,Other,37,240000,374,1823,1788,6229,15829,20785,1823,1788,6229,10000,10000,0,0,0,5829,10785,0
Female,University,Single,28,350000,358895,346575,345088,341811,265953,93300,0,14579,13557,12000,5000,346575,330509,328254,253953,88300,1
Female,Graduate,Single,28,220000,2956,2968,3054,4701,2869,3654,2968,3054,4701,2869,3654,0,0,0,0,0,0
Female,Graduate,Single,35,400000,26930,11187,16593,18569,16947,28590,11187,16596,18572,16947,28590,0,-3,-3,0,0,0
Female,University,Married,40,500000,26102,33012,56116,31924,33255,27668,33009,50018,30023,30013,18019,3,6098,1901,3242,9649,0
Female,High School,Single,48,280000,166473,167864,140466,142417,126321,117613,7750,5195,5098,4319,4209,160114,135271,137319,122002,113404,0
Female,University,Married,37,30000,108,709,11726,2628,2659,4483,709,11726,2713,2659,4483,0,0,-85,0,0,0
Female,Graduate,Single,49,20000,16715,16719,34196,18760,19132,19533,1271,1300,2612,684,709,15448,32896,16148,18448,18824,0
Female,Other,Single,29,270000,-9,3265,6125,0,0,29961,3274,6129,0,0,29961,-9,-4,0,0,0,0
Female,Graduate,Single,34,270000,126642,127741,132405,131241,127080,122213,4500,7028,4728,5037,4530,123241,125377,126513,122043,117683,0
Female,University,Married,34,400000,45514,42620,28584,40673,38068,24418,4854,5005,14218,1722,1438,37766,23579,26455,36346,22980,0
Female,Graduate,Single,39,320000,91224,93025,99433,107659,110567,99935,10000,10000,10000,10000,5000,83025,89433,97659,100567,94935,0
Female,Graduate,Single,30,430000,62774,68284,74806,82241,80298,53289,10284,10806,12241,1606,1119,58000,64000,70000,78692,52170,0
Female,University,Single,31,140000,0,0,0,76,76,76,0,0,76,0,0,0,0,0,76,76,1
Female,University,Married,31,70000,9319,3652,5284,5950,5296,5713,3652,2284,3000,5296,2000,0,3000,2950,0,3713,0
Female,University,Single,31,110000,7398,2009,1651,1823,1208,0,1500,1177,1000,550,0,509,474,823,658,0,0
Female,Other,Married,31,30000,28731,27927,27601,26921,15525,0,1656,1545,1300,825,0,26271,26056,25621,14700,0,0
Female,University,Married,32,550000,548551,546741,535509,548020,530672,155083,21094,22863,167622,14000,4300,525647,512646,380398,516672,150783,1
Female,Graduate,Married,47,310000,2257,5202,6495,5781,7754,12315,3000,3000,1000,4000,5000,2202,3495,4781,3754,7315,0
Female,Graduate,Single,32,130000,126164,126080,129104,130745,127344,127809,6500,7000,8000,5000,4500,119580,122104,122745,122344,123309,0
Female,University,Married,32,130000,119720,120066,121587,119784,117605,120307,6000,5000,4531,5000,4596,114066,116587,115253,112605,115711,0
Female,University,Married,34,220000,154029,153012,154508,152829,152842,152747,5700,6000,6814,5500,5800,147312,148508,146015,147342,146947,0
Female,Graduate,Married,35,300000,0,0,0,0,0,0,0,0,0,0,0,0,0,0,0,0,0
Female,University,Married,35,110000,1245,1245,1490,2490,1245,2675,1245,1490,2245,0,2675,0,0,245,1245,0,0
Female,University,Married,44,50000,24622,26999,28071,27326,28769,28170,3100,1800,0,2200,0,23899,26271,27326,26569,28170,1
Female,Graduate,Single,40,300000,5130,4903,4679,6596,6344,9067,0,0,2000,0,3000,4903,4679,4596,6344,6067,1
Female,University,Married,36,200000,3131,207,3578,0,0,0,207,3599,0,0,0,0,-21,0,0,0,0
Female,High School,Single,38,360000,6904,-507,751,15369,7845,6786,0,1502,15369,200,0,-507,-751,0,7645,6786,1
Female,Graduate,Single,34,500000,80630,80112,81726,74297,66132,67695,3000,3006,2600,3000,2600,77112,78720,71697,63132,65095,0
Female,University,Married,42,290000,19281,21654,20073,25966,22347,12572,6654,1476,10002,447,251,15000,18597,15964,21900,12321,0
Female,Graduate,Married,37,430000,1013,0,2320,0,4139,0,0,2320,0,4139,1015,0,0,0,0,-1015,1
Female,High School,Single,34,180000,3700,4696,3763,-3,3667,1598,4696,3763,3,3670,1799,0,0,-6,-3,-201,0
Female,High School,Married,35,90000,35872,35687,35538,34780,34468,30520,1578,1583,1773,1294,1248,34109,33955,33007,33174,29272,0
Female,University,Married,43,280000,14633,5600,13397,20004,10571,8430,5600,13397,20004,10571,8430,0,0,0,0,0,0
Female,University,Single,37,230000,29087,30589,20958,21637,19846,12770,2100,1000,1252,500,1000,28489,19958,20385,19346,11770,0
Female,University,Married,39,70000,54801,52714,18596,9760,0,0,5336,1268,1052,0,0,47378,17328,8708,0,0,0
Female,University,Married,38,110000,4976,2532,3102,1979,690,1042,2532,3102,1979,690,1042,0,0,0,0,0,0
Female,High School,Married,32,70000,70122,69080,68530,69753,70111,70212,2431,3112,3000,2438,2500,66649,65418,66753,67673,67712,0
Female,University,Married,32,180000,3305,1649,1473,1473,2705,1473,0,1473,1473,2705,1473,1649,0,0,0,0,0
Female,High School,Single,35,240000,0,0,0,0,0,0,0,0,0,0,0,0,0,0,0,0,1
Female,Graduate,Married,40,210000,0,0,0,0,0,0,0,0,0,0,0,0,0,0,0,0,0
Female,University,Single,46,20000,390,0,780,0,0,0,0,780,0,0,0,0,0,0,0,0,1
Female,High School,Married,48,80000,3188,6239,7304,5050,5357,5466,6239,1185,1000,307,109,0,6119,4050,5050,5357,0
Female,Graduate,Single,33,50000,13452,14524,15586,16622,17344,17864,1300,1300,1300,1000,800,13224,14286,15322,16344,17064,0
Female,High School,Single,33,80000,6607,6205,-1573,12481,4104,2052,6205,675,14956,0,0,0,-2248,-2475,4104,2052,0
Female,Graduate,Single,34,80000,34827,27881,16801,12532,12059,1242,27881,12532,1,0,0,0,4269,12531,12059,1242,0
Female,University,Other,34,60000,0,60559,56317,0,0,567,60559,1126,0,0,567,0,55191,0,0,0,0
Female,University,Single,35,360000,0,0,22190,21416,6854,357,0,22190,21416,1545,357,0,0,0,5309,0,0
Female,University,Single,48,50000,10024,9723,9427,9075,10037,12503,0,0,0,1000,0,9723,9427,9075,9037,12503,0
Female,Other,Married,43,200000,198595,194734,190447,187224,183641,178239,7003,7000,7000,6510,6550,187731,183447,180224,177131,171689,0
Female,University,Married,42,140000,0,0,1497,1039,1139,0,0,1497,1039,1139,0,0,0,0,0,0,0
Female,University,Single,30,180000,174104,171889,172288,175557,178010,178976,7000,8000,8000,7001,6600,164889,164288,167557,171009,172376,0
Female,University,Married,32,160000,18400,18699,26919,29801,40433,51329,10000,10018,15021,15000,20000,8699,16901,14780,25433,31329,0
Female,University,Married,34,200000,0,0,0,0,0,0,0,0,0,0,0,0,0,0,0,0,1
Female,University,Married,38,600000,51072,49889,39635,35130,33229,32171,0,4000,0,1500,2000,49889,35635,35130,31729,30171,0
Female,University,Married,46,20000,15833,15286,17021,16461,15901,16294,0,2277,0,0,800,15286,14744,16461,15901,15494,1
Female,Graduate,Married,44,220000,215191,215969,216849,214030,213678,190469,10000,10000,7000,6568,6000,205969,206849,207030,207110,184469,0
Female,Graduate,Married,40,140000,34359,33521,34685,35399,36616,36893,0,2000,1583,1800,1000,33521,32685,33816,34816,35893,1
Female,University,Single,38,240000,0,0,0,0,0,0,0,0,0,0,0,0,0,0,0,0,1
Female,University,Married,32,150000,-1474,137049,145900,146168,149712,-288,140916,10000,3119,3744,0,-3867,135900,143049,145968,-288,0
Female,Graduate,Single,32,20000,2095,7733,0,0,4076,1911,7733,0,0,4076,1911,0,0,0,0,0,1
Female,University,Married,32,310000,69886,70950,71403,69478,53786,52791,2177,2216,1879,1563,2000,68773,69187,67599,52223,50791,0
Female,High School,Married,39,230000,6499,4791,4858,316,316,316,0,4858,0,632,0,4791,0,316,-316,316,0
Female,Graduate,Single,34,130000,0,0,388,0,418,0,0,388,0,418,0,0,0,0,0,0,0
Female,Graduate,Single,31,300000,16612,19099,17865,9215,154926,126482,19099,17865,9243,154975,0,0,0,-28,-49,126482,0
Female,University,Married,34,300000,37505,57210,36667,34252,25583,28676,57210,36679,34263,25583,28676,0,-12,-11,0,0,0
Female,University,Married,29,20000,19098,19953,18756,19968,15333,10056,1474,0,2403,0,6000,18479,18756,17565,15333,4056,0
Female,High School,Single,33,200000,18021,17374,15463,17314,14245,0,0,3027,6223,0,0,17374,12436,11091,14245,0,0
Female,University,Married,40,200000,531,0,2358,2477,958,11312,0,2358,2477,958,11312,0,0,0,0,0,0
Female,Graduate,Single,28,500000,4428,-31,-31,3963,3418,858,0,0,3994,3435,860,-31,-31,-31,-17,-2,0
Female,University,Married,37,80000,10559,11991,14286,1554,6554,2615,1621,5000,1554,5000,2615,10370,9286,0,1554,0,0
Female,Graduate,Single,29,360000,0,0,0,0,0,0,0,0,0,0,0,0,0,0,0,0,1
Female,University,Married,33,30000,28938,30246,30485,30274,29967,23477,1800,1574,1300,886,1000,28446,28911,28974,29081,22477,0
Female,University,Single,44,190000,162051,168517,169675,171908,153857,153988,17917,7601,7602,6010,6010,150600,162074,164306,147847,147978,0
Female,Graduate,Married,36,350000,1133,0,1342,2195,0,37800,0,1342,2195,0,37800,0,0,0,0,0,0
Female,University,Married,31,260000,2224,1996,1497,-3,2138,900,2007,1501,0,2141,902,-11,-4,-3,-3,-2,0
Female,University,Married,37,190000,105679,115049,117856,119570,116284,123528,11000,6000,5000,0,9000,104049,111856,114570,116284,114528,0
Female,University,Married,34,230000,0,0,615,0,0,0,0,615,0,0,0,0,0,0,0,0,0
Female,High School,Single,39,650000,5865,0,1904,-61,-261,13050,0,1904,0,0,13311,0,0,-61,-261,-261,0
Female,Graduate,Single,32,250000,10495,2150,46975,10880,8974,36805,2150,46975,10890,8974,30000,0,0,-10,0,6805,0
Female,University,Single,34,700000,1878,4343,804,778,1913,200,4354,804,778,1916,200,-11,0,0,-3,0,0
Female,Graduate,Married,40,270000,9658,8714,6425,10116,15953,19556,8781,6425,6000,8000,6000,-67,0,4116,7953,13556,0
Female,University,Married,43,100000,94713,97503,100138,99000,0,0,4366,5100,2000,0,0,93137,95038,97000,0,0,0
Female,University,Married,38,260000,163550,166795,171803,175248,175157,178850,5966,7692,7788,6267,6513,160829,164111,167460,168890,172337,0
Female,University,Single,33,410000,4720,25488,7022,3321,2745,500,25488,7022,3326,2745,500,0,0,-5,0,0,0
Female,University,Married,47,520000,76762,107039,19046,7359,16336,20040,107124,19058,7387,16475,20040,-85,-12,-28,-139,0,0
Female,University,Married,39,80000,77020,76246,49428,34024,46073,47038,3179,1699,1712,22965,1706,73067,47729,32312,23108,45332,1
Female,High School,Married,36,450000,0,0,0,0,0,0,0,0,0,0,0,0,0,0,0,0,0
Female,Other,Single,45,30000,25298,26866,27662,28474,28494,0,2000,2000,1500,1000,0,24866,25662,26974,27494,0,0
Female,High School,Single,44,600000,140179,112498,82803,380337,368527,390197,5000,8340,380478,12625,60000,107498,74463,-141,355902,330197,0
Female,Graduate,Single,34,200000,692,-6,890,14137,18067,24306,0,896,14337,7022,12000,-6,-6,-200,11045,12306,0
Female,University,Single,34,60000,60707,59675,59690,59513,28494,29149,2102,2922,1586,570,31110,57573,56768,57927,27924,-1961,0
Female,University,Married,34,280000,9103,6419,11966,5844,8994,14631,6439,12042,5844,4672,14724,-20,-76,0,4322,-93,0
Female,Graduate,Married,36,230000,1240,2078,380,2100,530,2282,2078,380,2100,530,2282,0,0,0,0,0,0
Female,University,Single,31,210000,1154,1368,1080,1567,788,0,1368,1080,1567,788,0,0,0,0,0,0,1
Female,Graduate,Single,33,60000,1242,0,4028,59334,54526,58575,0,4028,56626,2100,5000,0,0,2708,52426,53575,0
Female,Graduate,Single,37,270000,7842,6380,16098,1350,558,0,6380,16098,1350,558,0,0,0,0,0,0,0
Female,High School,Married,41,80000,3526,10129,6100,6420,606,7228,10129,6100,6434,606,7228,0,0,-14,0,0,0
Female,University,Married,44,80000,0,0,0,600,600,300,0,0,600,0,0,0,0,0,600,300,0
Female,University,Married,40,360000,4343,725,4268,2085,26896,18455,725,4268,2085,13448,7455,0,0,0,13448,11000,0
Female,Graduate,Single,38,300000,15001,12751,2318,3792,11977,29127,2318,0,3792,11977,29127,10433,2318,0,0,0,1
Female,Graduate,Married,44,270000,-106,2894,25417,3839,1794,2459,3000,25500,4000,2000,2459,-106,-83,-161,-206,0,0
Female,Graduate,Single,46,200000,2263,3441,2124,6041,2975,3441,3448,2124,6063,2975,3441,-7,0,-22,0,0,0
Female,University,Single,46,20000,189,2249,3551,6180,0,0,2249,3551,5000,0,0,0,0,1180,0,0,1
Female,University,Married,32,20000,8217,9910,12146,11954,14750,14371,2000,2400,600,3000,0,7910,9746,11354,11750,14371,1
Female,University,Married,33,30000,29498,28718,29761,30203,29803,29803,1,2000,1400,0,0,28717,27761,28803,29803,29803,1
Female,Graduate,Married,35,50000,45822,47173,48592,-22108,45709,39188,2413,2832,39,91983,1570,44760,45760,-22147,-46274,37618,0
Female,Other,Single,30,230000,168708,161074,151884,146113,147650,43703,10699,5080,10000,3560,45000,150375,146804,136113,144090,-1297,0
Female,University,Married,39,50000,16983,16413,21128,20492,30079,29460,0,5000,0,10000,0,16413,16128,20492,20079,29460,1
Female,High School,Married,31,70000,9633,11462,14259,15525,14772,15380,2000,3000,2000,0,1000,9462,11259,13525,14772,14380,0
Female,Graduate,Single,31,100000,9311,5107,1647,3348,1458,1458,0,1647,3348,1458,1458,5107,0,0,0,0,0
Female,High School,Married,30,100000,46809,47121,45239,44712,43654,44678,2000,0,1900,1600,3200,45121,45239,42812,42054,41478,0
Female,Graduate,Single,31,210000,12618,6313,16488,12900,20108,18378,6344,16560,13024,12541,7091,-31,-72,-124,7567,11287,0
Female,Graduate,Single,31,450000,2609,0,0,0,17855,3430,0,0,0,17855,0,0,0,0,0,3430,0
Female,High School,Single,31,300000,92235,67283,65059,147613,236687,237105,4505,6039,100000,100000,8600,62778,59020,47613,136687,228505,0
Female,Graduate,Single,31,140000,1399,1519,1404,540,0,0,1519,1404,540,0,0,0,0,0,0,0,0
Female,Graduate,Single,32,480000,11872,38933,23479,52177,54005,53853,40000,23479,52209,54005,54500,-1067,0,-32,0,-647,0
Female,University,Single,30,100000,31708,30904,31953,34308,34951,34261,0,1850,3200,1500,0,30904,30103,31108,33451,34261,1
Female,Graduate,Single,32,110000,3610,15427,19563,21994,21994,8391,12000,5000,3000,3000,2000,3427,14563,18994,18994,6391,0
Female,University,Single,31,100000,91344,92309,94421,97486,97604,97241,3309,4421,5486,3400,3541,89000,90000,92000,94204,93700,1
Female,Graduate,Single,31,200000,0,950,0,1782,669,0,950,0,2422,669,0,0,0,-640,0,0,0
Female,Graduate,Single,30,100000,7384,10253,9945,14269,13743,16011,3000,0,4500,0,2500,7253,9945,9769,13743,13511,0
Female,University,Married,30,50000,1500,0,0,0,0,0,0,0,0,0,0,0,0,0,0,0,1
Female,University,Married,31,20000,13080,10911,18890,11026,5863,3273,1500,2000,2000,1000,1000,9411,16890,9026,4863,2273,0
Female,University,Married,31,490000,470579,482733,492718,282450,287363,272578,19469,20000,12000,11000,10000,463264,472718,270450,276363,262578,0
Female,Graduate,Single,32,90000,7563,-12,-12,3230,387,1642,0,0,3242,387,1642,-12,-12,-12,0,0,0
Female,Graduate,Married,32,310000,141203,84594,66624,48213,144758,601,7000,5500,4000,100000,601,77594,61124,44213,44758,0,0
Female,Graduate,Single,33,240000,5000,0,5000,0,254,9366,0,5000,0,254,9366,0,0,0,0,0,0
Female,Graduate,Single,32,390000,16566,20213,15204,13529,14139,14496,9076,8000,1500,1500,519,11137,7204,12029,12639,13977,0
Female,University,Single,33,140000,59097,59655,60992,62253,69594,68262,2137,2300,2278,9300,0,57518,58692,59975,60294,68262,0
Female,Graduate,Single,33,120000,332,332,538,3160,2928,2596,332,538,3160,100,0,0,0,0,2828,2596,1
Female,High School,Married,33,30000,29666,29033,29345,29125,29859,29016,1763,1676,1456,1190,1056,27270,27669,27669,28669,27960,0
Female,University,Married,32,230000,399,1560,1766,2720,3720,0,1560,1046,1000,1000,0,0,720,1720,2720,0,0
Female,Graduate,Single,32,320000,13720,20219,18087,5639,-41,5613,8015,1140,5639,0,5654,12204,16947,0,-41,-41,0
Female,Graduate,Single,32,110000,60558,30900,0,0,0,0,1900,0,0,0,0,29000,0,0,0,0,0
Female,University,Single,31,60000,36434,39925,43350,42057,26877,26493,4100,4073,0,1600,0,35825,39277,42057,25277,26493,1
Female,Graduate,Single,32,180000,-30,2200,5643,2285,1498,3092,2230,5643,2298,1502,3101,-30,0,-13,-4,-9,0
Female,Graduate,Single,33,430000,345053,336467,321019,272838,206081,163130,13206,36000,30000,30000,30000,323261,285019,242838,176081,133130,0
Female,Graduate,Single,33,230000,7990,13450,56729,-1310,6734,87161,13450,56729,0,8044,87161,0,0,-1310,-1310,0,0
Female,University,Married,33,140000,-23,5742,0,1920,1180,0,5765,0,1920,1180,0,-23,0,0,0,0,0
Female,Graduate,Single,31,180000,766,243,243,243,4889,243,243,243,243,4889,243,0,0,0,0,0,0
Female,University,Single,31,60000,20544,19921,20993,21736,23172,22661,0,1700,1400,1800,0,19921,19293,20336,21372,22661,0
Female,University,Single,31,310000,86082,78328,78380,77102,66828,58520,3550,6000,2559,45,3033,74778,72380,74543,66783,55487,0
Female,University,Married,33,320000,324160,295866,226752,222278,224190,226836,10067,11000,5000,4519,2646,285799,215752,217278,219671,224190,0
Female,Graduate,Single,33,100000,3417,7366,12146,752,5931,7855,7400,12146,752,5931,7855,-34,0,0,0,0,0
Female,University,Single,33,120000,68493,70275,68592,72525,73741,72440,3500,0,5700,3000,0,66775,68592,66825,70741,72440,1
Female,Graduate,Single,33,260000,18480,3958,-86,-86,17315,14961,3978,0,0,17401,15036,-20,-86,-86,-86,-75,1
Female,Graduate,Single,32,170000,13880,6367,9351,22222,20437,8744,6593,9361,22222,20437,8744,-226,-10,0,0,0,0
Female,Graduate,Single,31,200000,450,450,0,0,0,0,0,0,0,0,0,450,0,0,0,0,0
Female,Graduate,Married,31,110000,76817,89765,87486,90126,94687,97585,15200,0,5000,7000,5000,74565,87486,85126,87687,92585,0
Female,Graduate,Single,32,50000,5458,5175,12950,11188,12167,14873,1500,7956,3188,2200,7000,3675,4994,8000,9967,7873,0
Female,University,Single,32,350000,10362,42541,10723,1310,7796,5225,42541,10723,1310,7796,0,0,0,0,0,5225,0
Female,Graduate,Single,31,110000,14268,2491,0,0,0,0,2491,0,0,0,0,0,0,0,0,0,0
Female,Graduate,Married,30,240000,236823,241067,240998,244836,233036,237938,10279,10500,10581,8000,8500,230788,230498,234255,225036,229438,0
Female,University,Married,30,120000,1248,1701,1551,1410,479,3158,1701,0,9,0,3158,0,1551,1401,479,0,0
Female,Graduate,Single,32,150000,18519,19926,18600,13551,20759,21200,3000,4003,2551,15579,11200,16926,14597,11000,5180,10000,0
Female,University,Married,34,180000,10485,274,9333,26656,274,1624,274,9333,26656,274,1624,0,0,0,0,0,1
Female,University,Single,34,200000,13112,13011,12000,0,0,0,13011,12000,0,0,0,0,0,0,0,0,0
Female,Graduate,Single,33,250000,16317,0,0,188841,194321,198156,0,0,188841,8500,8000,0,0,0,185821,190156,0
Female,Graduate,Married,36,350000,326,326,652,326,3817,2802,326,652,0,3817,2802,0,0,326,0,0,0
Female,University,Married,36,200000,0,0,0,0,0,0,0,0,0,0,0,0,0,0,0,0,0
Female,University,Married,35,30000,25239,26847,26319,26868,25345,26781,3000,3000,2000,3304,2000,23847,23319,24868,22041,24781,0
Female,University,Married,45,150000,141292,131970,136267,138934,140315,139258,4719,6419,6436,5113,5210,127251,129848,132498,135202,134048,0
Female,High School,Married,46,380000,0,0,224,4034,0,2062,0,224,4034,0,2062,0,0,0,0,0,0
Female,University,Married,47,180000,176424,164745,168208,171667,175219,173597,5896,6117,6268,6445,6379,158849,162091,165399,168774,167218,0
Female,University,Married,35,20000,16335,15780,18411,17809,18009,16595,0,3200,0,765,700,15780,15211,17809,17244,15895,1
Female,Graduate,Married,49,100000,103307,97590,99560,95952,98744,97896,0,4700,4400,6000,2000,97590,94860,91552,92744,95896,1
Female,University,Single,36,300000,8310,2592,77000,78718,80908,90495,2592,77000,3000,3500,11100,0,0,75718,77408,79395,0
Female,Graduate,Single,36,450000,5909,964,613,1797,679,10643,968,615,1834,682,10697,-4,-2,-37,-3,-54,0
Female,University,Married,35,220000,29202,30420,32222,32983,34031,36321,2000,2600,1600,1600,3000,28420,29622,31383,32431,33321,1
Female,University,Married,37,500000,58448,60182,67153,64079,64120,61295,5000,10000,5169,2322,5174,55182,57153,58910,61798,56121,0
Female,High School,Single,45,200000,0,10221,1356,0,984,134,10221,1356,0,984,134,0,0,0,0,0,0
Female,University,Married,35,80000,78959,76699,81477,79035,28503,29711,0,6800,0,1000,2000,76699,74677,79035,27503,27711,1
Female,Graduate,Married,46,430000,9270,43717,4153,4196,447,0,43717,4153,4196,447,0,0,0,0,0,0,0
Female,University,Married,40,200000,1521,-5,-5,-5,-5,1028,0,0,0,0,1033,-5,-5,-5,-5,-5,0
Female,Graduate,Married,36,90000,3860,1770,2135,316,3491,1716,1826,2150,316,3491,1716,-56,-15,0,0,0,0
Female,Graduate,Married,38,200000,4891,28258,14712,5216,6317,6207,28258,14712,5229,6317,6207,0,0,-13,0,0,0
Female,University,Married,47,60000,9253,56120,57614,58699,57302,51812,50000,3000,2700,3000,3000,6120,54614,55999,54302,48812,0
Female,Graduate,Single,36,250000,2200,0,0,124832,7984,1500,0,0,124832,7984,1500,0,0,0,0,0,0
Female,Graduate,Married,40,200000,9141,9046,9635,10197,10118,10535,1138,1157,1149,500,1000,7908,8478,9048,9618,9535,0
Female,University,Single,45,360000,0,2500,2500,0,0,0,2500,0,0,0,0,0,2500,0,0,0,0
Female,Graduate,Single,33,200000,196304,195766,195191,182027,139901,135720,9000,8939,8099,5000,5000,186766,186252,173928,134901,130720,0
Female,University,Single,41,500000,6305,5692,1556,2080,4403,3405,6332,1742,2080,4409,3405,-640,-186,0,-6,0,0
Female,Graduate,Married,38,200000,185155,180069,179899,170716,164553,165326,6500,8000,7520,6000,6100,173569,171899,163196,158553,159226,0
Female,Graduate,Single,44,230000,230101,224517,223544,147971,61570,80279,10125,12966,5506,1623,80000,214392,210578,142465,59947,279,0
Female,High School,Married,37,50000,389,25352,25998,26579,26710,26871,25742,1435,1406,927,952,-390,24563,25173,25783,25919,0
Female,Graduate,Married,38,260000,16995,12947,31394,26254,6522,0,3087,33000,2000,6522,0,9860,-1606,24254,0,0,0
Female,Graduate,Married,39,140000,27942,29472,30579,31227,34898,35528,2000,1600,2000,5000,2000,27472,28979,29227,29898,33528,0
Female,University,Single,35,320000,125567,125782,118294,119014,120567,128642,6831,12000,6700,5000,10000,118951,106294,112314,115567,118642,0
Female,University,Married,39,50000,48651,48939,49204,46415,28453,29094,2200,1739,9500,1500,1210,46739,47465,36915,26953,27884,0
Female,University,Married,35,150000,-10,8846,6731,0,1800,0,8856,6731,0,1800,0,-10,0,0,0,0,1
Female,Graduate,Married,36,160000,1714,2845,3342,171,1770,837,2845,1000,171,1770,837,0,2342,0,0,0,0
Female,University,Married,43,500000,374802,355323,352868,353297,377371,365278,14000,14500,13000,13000,15000,341323,338368,340297,364371,350278,0
Female,Graduate,Married,44,350000,8544,0,0,0,8631,277,0,0,0,8631,277,0,0,0,0,0,0
Female,High School,Single,48,230000,3096,518,4988,3528,3642,14073,518,5003,3528,3642,14073,0,-15,0,0,0,1
Female,University,Married,39,200000,2485,3788,5512,1986,2504,13484,3798,5512,1996,2504,13484,-10,0,-10,0,0,0
Female,University,Single,39,500000,229332,161360,117606,18343,15737,203291,7400,6000,1889,3781,208122,153960,111606,16454,11956,-4831,0
Female,Graduate,Single,34,130000,76589,77387,78995,80190,79920,80972,3400,4200,4500,3000,3200,73987,74795,75690,76920,77772,0
Female,University,Single,34,290000,25530,37737,29636,24104,33814,32530,15035,1539,1290,10000,5000,22702,28097,22814,23814,27530,0
Female,University,Single,34,210000,73415,76188,78276,81246,78971,80359,4002,4000,4323,3501,3000,72186,74276,76923,75470,77359,0
Female,Graduate,Single,36,240000,330,3152,5400,3799,574,4899,3152,5416,3799,577,4899,0,-16,0,-3,0,0
Female,University,Married,36,80000,6746,556,556,2904,556,4226,556,556,2904,556,4226,0,0,0,0,0,0
Female,Graduate,Single,36,150000,127204,247984,125502,129589,133145,139322,5900,5000,6163,7200,10500,242084,120502,123426,125945,128822,1
Female,Other,Married,39,200000,500,0,0,0,0,0,0,0,0,0,0,0,0,0,0,0,0
Female,University,Single,36,110000,112900,0,0,0,0,0,0,0,0,0,0,0,0,0,0,0,1
Female,High School,Married,33,320000,71047,19161,19829,17692,15648,15255,2000,1300,1600,2500,0,17161,18529,16092,13148,15255,0
Female,Graduate,Single,37,340000,20624,20651,16308,21065,20581,15936,8641,16400,15000,15000,10000,12010,-92,6065,5581,5936,0
Female,University,Married,43,380000,0,0,0,2039,0,4481,0,0,2039,0,4481,0,0,0,0,0,0
Female,Graduate,Married,43,150000,6940,6200,6962,9301,9266,6441,6200,6962,9301,9266,6441,0,0,0,0,0,0
Female,Graduate,Single,37,500000,747,0,0,989,0,0,0,0,989,0,0,0,0,0,0,0,0
Female,University,Married,49,500000,12871,5177,4199,7507,4696,58292,5177,4199,7507,4696,58292,0,0,0,0,0,0
Female,University,Married,44,370000,0,1742,0,0,0,0,1742,0,0,0,0,0,0,0,0,0,0
Female,University,Married,40,360000,8736,969,6083,9852,27210,1765,974,6120,9901,27352,1768,-5,-37,-49,-142,-3,0
Female,University,Married,39,300000,2022,537,142,656,620,502,537,142,656,620,502,0,0,0,0,0,0
Female,University,Single,37,150000,0,0,596,22131,0,1596,0,596,22131,1980,1596,0,0,0,-1980,0,0
Female,Graduate,Married,38,210000,-81,-81,-81,-81,-81,-81,0,0,0,0,0,-81,-81,-81,-81,-81,0
Female,Graduate,Married,39,280000,1397,0,136,0,0,350,0,136,0,0,350,0,0,0,0,0,0
Female,University,Married,44,230000,14029,9035,11979,6667,11972,8654,9140,12039,6700,11988,22,-105,-60,-33,-16,8632,0
Female,University,Single,37,360000,292725,296679,301181,303398,289602,289457,10638,11115,10700,9820,9902,286041,290066,292698,279782,279555,0
Female,University,Married,40,230000,1215,225,5703,6560,11560,0,525,5703,1000,5000,0,-300,0,5560,6560,0,0
Female,University,Married,44,450000,8521,15934,7266,8331,8188,10455,16080,7299,8364,8266,10505,-146,-33,-33,-78,-50,0
Female,Graduate,Single,34,240000,5488,1788,2840,3750,4750,-10,1700,1090,1000,1000,0,88,1750,2750,3750,-10,1
Female,Graduate,Single,41,300000,5770,0,0,0,0,0,0,0,0,0,0,0,0,0,0,0,0
Female,University,Married,38,240000,197231,185901,189190,193018,188593,179309,6702,7000,7000,6500,6600,179199,182190,186018,182093,172709,0
Female,University,Married,37,230000,1054,2869,5567,2622,5550,7446,2000,3000,2000,3000,2000,869,2567,622,2550,5446,1
Female,Graduate,Single,41,230000,12731,6684,10834,28540,56660,46213,7000,15000,29000,30000,0,-316,-4166,-460,26660,46213,0
Female,University,Married,40,240000,3204,4888,0,1197,46834,0,4888,0,1197,46834,0,0,0,0,0,0,1
Female,Graduate,Single,39,160000,0,300,0,0,821,0,300,0,0,821,0,0,0,0,0,0,0
Female,Other,Married,39,360000,3102,552,31029,7731,1154,799,552,31051,7731,0,799,0,-22,0,1154,0,0
Female,Graduate,Married,41,160000,169867,126973,88072,88783,79684,78656,3360,92532,2859,2638,3000,123613,-4460,85924,77046,75656,0
Female,University,Married,42,10000,8710,9601,8810,7637,6307,4877,1200,1172,1000,500,400,8401,7638,6637,5807,4477,0
Female,Graduate,Single,38,430000,590,590,590,590,590,590,590,590,590,590,590,0,0,0,0,0,0
Female,Graduate,Married,39,80000,21340,22389,23017,22349,22791,23331,1700,1280,0,814,905,20689,21737,22349,21977,22426,0
Female,Graduate,Married,39,310000,3803,678,3050,9080,4990,4940,681,3072,9100,23,4964,-3,-22,-20,4967,-24,0
Female,High School,Married,41,150000,20934,21364,21196,21715,0,0,1500,1500,1000,0,0,19864,19696,20715,0,0,0
Female,University,Married,43,200000,2893,0,230,2059,0,0,0,230,2059,0,0,0,0,0,0,0,0
Female,Graduate,Married,44,210000,360,360,1234,722,1326,360,360,1234,722,1326,0,0,0,0,0,360,0
Female,University,Single,43,400000,15000,18400,15000,492,14926,7626,18400,15000,492,15000,7725,0,0,0,-74,-99,0
Female,University,Married,40,80000,2667,2035,32194,1729,590,9628,2035,32194,1729,590,9628,0,0,0,0,0,0
Female,University,Married,42,160000,34186,35186,36512,36382,37105,38034,1569,1895,1606,1329,1528,33617,34617,34776,35776,36506,0
Female,University,Married,40,170000,17914,1253,4427,1459,24511,1163,1253,4427,1459,24511,1163,0,0,0,0,0,0
Female,University,Married,41,240000,5366,-34,6911,611,2631,4583,0,6945,614,2634,4606,-34,-34,-3,-3,-23,0
Female,University,Married,33,300000,279065,273067,278910,283920,253113,246560,0,10638,10569,8809,8883,273067,268272,273351,244304,237677,1
Female,University,Married,44,90000,1654,827,827,2040,1279,1292,0,827,2040,1279,1292,827,0,0,0,0,0
Female,University,Married,35,180000,11285,11781,13613,8401,1859,429,11798,13694,8401,1859,429,-17,-81,0,0,0,0
Female,University,Married,48,210000,1417,-3,355,12816,0,102,0,358,12816,0,102,-3,-3,0,0,0,0
Female,Graduate,Married,42,300000,-694,-694,0,0,694,394,0,694,0,694,0,-694,-694,0,0,394,0
Female,Graduate,Single,37,240000,164691,167489,170329,173033,175678,179707,7000,7000,7000,7000,7000,160489,163329,166033,168678,172707,1
Female,Graduate,Married,44,170000,0,0,0,0,0,0,0,0,0,0,0,0,0,0,0,0,0
Female,Graduate,Single,37,50000,43886,50411,9688,857,3810,4741,2500,7026,1000,3000,1000,47911,2662,-143,810,3741,0
Female,University,Married,39,50000,45989,47302,48330,47763,48578,49015,2081,2109,2049,1864,1923,45221,46221,45714,46714,47092,0
Female,Graduate,Single,39,230000,900,1945,0,0,0,0,1945,0,0,0,0,0,0,0,0,0,0
Female,Graduate,Married,34,310000,270776,263983,215686,186680,82775,107595,11080,8054,7037,2010,50186,252903,207632,179643,80765,57409,0
Female,High School,Single,35,150000,0,200,708,1201,0,0,200,708,1201,0,0,0,0,0,0,0,0
Female,Graduate,Single,35,200000,0,185,1916,0,150,1348,185,1916,0,150,1348,0,0,0,0,0,0
Female,University,Single,39,80000,129966,123747,106582,94318,113474,57324,9685,0,3659,13500,2078,114062,106582,90659,99974,55246,1
Female,Graduate,Married,37,500000,6757,9505,12171,11345,28731,67206,9505,12176,11564,29321,67206,0,-5,-219,-590,0,0
Female,University,Married,42,20000,15379,17802,19212,18608,19604,19155,3000,2000,0,1600,0,14802,17212,18608,18004,19155,1
Female,High School,Married,46,20000,11691,14179,13662,15518,14972,16925,3000,0,2088,0,2200,11179,13662,13430,14972,14725,1
Female,Graduate,Single,34,150000,0,0,0,0,0,0,0,0,0,0,0,0,0,0,0,0,1
Female,Other,Single,34,100000,91674,91348,87244,23181,7721,3219,5004,3811,3002,4000,3219,86344,83433,20179,3721,0,0
Female,High School,Married,44,210000,11771,13462,17706,0,5646,14793,13462,17706,0,5646,14793,0,0,0,0,0,1
Female,University,Married,40,300000,0,0,0,0,0,0,0,0,0,0,0,0,0,0,0,0,0
Female,University,Single,32,80000,7604,7320,150,150,800,650,0,150,0,650,0,7320,0,150,150,650,1
Female,Graduate,Single,31,410000,134072,133604,133882,135954,134250,129971,15003,15877,30000,14250,9971,118601,118005,105954,120000,120000,0
Female,High School,Married,36,90000,79642,79001,18318,18982,19371,19608,1580,19789,1295,1000,849,77421,-1471,17687,18371,18759,0
Female,University,Married,43,270000,135068,102743,100360,97583,91849,94824,5000,7000,4049,1000,5003,97743,93360,93534,90849,89821,0
Female,University,Married,41,360000,270553,255348,262153,260025,169474,130705,10900,12500,12500,7000,5000,244448,249653,247525,162474,125705,0
Female,High School,Married,38,230000,67810,61602,48294,49242,48831,51125,1980,1823,1771,1896,3232,59622,46471,47471,46935,47893,0
Female,University,Single,42,150000,97066,95040,0,0,0,217,2000,0,0,0,217,93040,0,0,0,0,0
Female,University,Single,44,150000,168179,159008,157164,155109,153033,156636,0,5684,5538,5410,11000,159008,151480,149571,147623,145636,1
Female,University,Married,43,350000,2124,3027,2448,4590,0,430,3048,2460,4616,0,430,-21,-12,-26,0,0,0
Female,High School,Single,43,210000,7605,1170,0,0,0,0,1170,0,0,0,0,0,0,0,0,0,0
Female,High School,Married,44,130000,40331,43929,45816,47018,48550,49737,5000,3390,3000,3000,1955,38929,42426,44018,45550,47782,0
Female,Graduate,Married,49,500000,27936,2305,9073,5714,31868,3663,2305,9083,6105,31868,3663,0,-10,-391,0,0,0
Female,University,Married,48,280000,9511,35852,36875,75016,38304,27383,35852,1467,1200,1792,15137,0,35408,73816,36512,12246,1
Female,Graduate,Married,39,450000,8494,24178,5307,118852,11489,26518,25128,5318,118877,11489,26518,-950,-11,-25,0,0,0
Female,University,Single,46,200000,120343,121198,123834,136629,139504,142269,4342,4593,14955,5143,5166,116856,119241,121674,134361,137103,0
Female,University,Married,34,290000,53437,44037,5441,7371,38832,41955,1274,1200,2033,38832,3900,42763,4241,5338,0,38055,0
Female,University,Married,35,170000,0,0,0,0,0,0,0,0,0,0,0,0,0,0,0,0,0
Female,University,Married,39,380000,307388,280090,249018,252496,253331,238051,12936,9190,9000,8100,8100,267154,239828,243496,245231,229951,0
Female,Graduate,Single,35,180000,-18,-18,-18,-18,-18,-18,0,0,0,0,0,-18,-18,-18,-18,-18,1
Female,Graduate,Single,35,280000,6494,28723,9432,3472,3472,10237,28723,9432,3472,3472,10237,0,0,0,0,0,0
Female,University,Married,31,200000,2167,9003,1301,7066,3486,12191,9003,1301,7070,3688,12191,0,0,-4,-202,0,0
Female,University,Married,40,220000,8359,14447,6791,6495,5093,5503,14518,6835,6535,5118,5529,-71,-44,-40,-25,-26,0
Female,Graduate,Married,38,240000,107425,109678,111948,112626,113988,116315,5500,5500,4000,4700,4300,104178,106448,108626,109288,112015,1
Female,University,Single,43,470000,5631,404,-3,-3,352,0,404,0,0,355,0,0,-3,-3,-3,0,0
Female,Graduate,Single,35,280000,10089,38936,7444,4858,2309,8925,40000,8069,5005,2400,9000,-1064,-625,-147,-91,-75,0
Female,Graduate,Single,43,200000,-109,-109,-109,-109,-109,-109,0,0,0,0,0,-109,-109,-109,-109,-109,1
Female,High School,Married,46,20000,8131,9042,8753,9916,10793,10400,1200,0,1316,1193,0,7842,8753,8600,9600,10400,0
Female,University,Single,34,20000,18649,19727,20330,20199,19609,19957,1700,2000,1200,0,348,18027,18330,18999,19609,19609,0
Female,Graduate,Single,34,290000,1915,6136,0,28642,4098,19024,6151,0,28642,0,19426,-15,0,0,4098,-402,0
Female,Graduate,Married,37,20000,-113,-113,10887,10413,-245,-245,1575,11000,0,0,0,-1688,-113,10413,-245,-245,1
Female,Graduate,Married,38,150000,1544,463,1481,21640,2636,4346,463,1481,21643,2636,4346,0,0,-3,0,0,0
Female,University,Married,36,160000,-20,-20,3640,2935,1603,14129,0,3660,3135,1650,14200,-20,-20,-200,-47,-71,1
Female,Graduate,Married,36,360000,0,0,0,0,0,0,0,0,0,0,0,0,0,0,0,0,1
Female,University,Married,41,160000,99496,97013,98427,102250,102734,104901,0,3879,5459,3675,3821,97013,94548,96791,99059,101080,0
Female,Graduate,Married,37,400000,229714,222726,162828,131433,126929,122492,11477,8000,4553,3600,3546,211249,154828,126880,123329,118946,0
Female,University,Single,36,180000,14222,14701,17322,13137,0,2293,1300,2902,3047,0,2293,13401,14420,10090,0,0,0
Female,University,Married,32,120000,111441,113869,116110,111978,112822,114969,5596,5498,5500,4000,4300,108273,110612,106478,108822,110669,0
Female,University,Single,33,200000,1502,3806,0,4573,1242,0,3836,0,4573,1242,0,-30,0,0,0,0,0
Female,Graduate,Married,39,210000,5907,2615,1220,5357,4160,0,2637,1220,5357,4160,0,-22,0,0,0,0,0
Female,High School,Married,48,70000,62775,64139,65516,65945,66267,68549,3000,3000,2100,2000,3500,61139,62516,63845,64267,65049,1
Female,University,Married,38,110000,195437,176420,63142,39854,9293,-1288,5000,10000,5048,2000,39958,171420,53142,34806,7293,-41246,1
Female,High School,Single,47,30000,11652,12461,11970,12981,14077,14367,1300,0,1214,1310,660,11161,11970,11767,12767,13707,1
Female,High School,Married,46,40000,50,1850,1056,1875,299,0,1800,0,1000,299,0,50,1056,875,0,0,0
Female,Graduate,Married,41,310000,3640,1094,9445,5202,14589,11673,0,9453,5206,14589,0,1094,-8,-4,0,11673,0
Female,University,Married,41,200000,5592,0,1306,1623,620,849,0,1306,1679,620,849,0,0,-56,0,0,0
Female,University,Married,39,230000,24510,0,0,0,0,0,0,0,0,0,0,0,0,0,0,0,0
Female,Graduate,Married,33,450000,3485,2989,2278,4714,768,1069,3004,2289,4737,771,1074,-15,-11,-23,-3,-5,0
Female,University,Single,34,80000,40570,41873,88361,43671,44541,47421,1983,4100,0,1596,3600,39890,84261,43671,42945,43821,0
Female,University,Single,43,210000,209781,180962,181870,159975,138349,112371,6500,6601,5085,4087,4220,174462,175269,154890,134262,108151,0
Female,University,Other,48,130000,1778,0,109,109,109,0,0,109,0,0,0,0,0,109,109,0,0
Female,Graduate,Married,49,500000,1088,4007,9933,14557,53328,58052,4031,10021,14576,53850,58332,-24,-88,-19,-522,-280,0
Female,University,Married,38,180000,7098,4089,0,8941,5181,5181,0,0,8941,0,0,4089,0,0,5181,5181,1
Female,Graduate,Married,36,340000,0,544,4881,717,3785,10911,544,4881,717,3785,10911,0,0,0,0,0,0
Female,Graduate,Single,37,450000,37070,17596,24965,0,1649,5212,17596,24965,0,1649,5212,0,0,0,0,0,0
Female,High School,Married,49,80000,61267,61300,61001,58759,58212,56534,2179,2226,2004,2132,2030,59121,58775,56755,56080,54504,0
Female,High School,Single,47,150000,2934,2843,1445,2130,796,2470,2843,1445,2288,938,2470,0,0,-158,-142,0,0
Female,Graduate,Married,43,210000,0,0,0,0,0,0,0,0,0,0,0,0,0,0,0,0,0
Female,University,Single,38,380000,250755,212839,173199,165476,122496,117726,8339,7032,7986,4170,4205,204500,166167,157490,118326,113521,0
Female,University,Married,46,400000,43405,39802,37115,39907,35061,35969,15000,15000,10000,15000,20000,24802,22115,29907,20061,15969,0
Female,High School,Married,52,80000,210,-2,926,-1,401,0,0,928,0,402,0,-2,-2,-1,-1,0,0
Female,Graduate,Married,44,240000,2771,4756,3496,4708,1522,2407,4756,3496,4708,1522,2407,0,0,0,0,0,0
Female,University,Married,50,120000,118492,119637,102228,75558,47536,44749,6141,4474,2647,1367,1322,113496,97754,72911,46169,43427,0
Female,High School,Married,63,60000,59471,59021,49580,38140,29843,27719,2400,1940,1477,1025,1006,56621,47640,36663,28818,26713,0
Female,Graduate,Single,54,360000,132387,11590,70460,67357,71713,27399,11606,70579,10022,20000,27399,-16,-119,57335,51713,0,0
Female,University,Married,50,50000,27525,28669,28569,30097,29858,31229,1900,650,2300,550,2000,26769,27919,27797,29308,29229,1
Female,High School,Married,50,360000,846,1831,2776,0,44110,0,1831,2776,0,44110,0,0,0,0,0,0,1
Female,High School,Married,51,30000,22373,25363,23582,21422,18302,16527,3400,1400,1000,700,1000,21963,22182,20422,17602,15527,0
Female,Graduate,Married,53,500000,1200,0,3609,4053,0,4487,0,3609,4053,0,4487,0,0,0,0,0,0
Female,University,Married,54,20000,6329,8488,8212,7931,8797,8514,2415,0,0,1000,0,6073,8212,7931,7797,8514,1
Female,University,Married,56,90000,1160,4701,13878,6556,2947,4808,4701,13882,6556,2947,4808,0,-4,0,0,0,0
Female,High School,Married,55,80000,59838,63860,59515,48444,44372,45412,10000,5000,4000,4851,3000,53860,54515,44444,39521,42412,0
Female,High School,Single,54,100000,66212,64021,66362,61417,57893,58212,0,6700,60,2200,2500,64021,59662,61357,55693,55712,0
Female,Graduate,Married,51,120000,82865,82741,62914,60584,61412,55572,3652,1258,60584,1228,0,79089,61656,0,60184,55572,0
Female,High School,Other,51,100000,0,0,0,0,0,0,0,0,0,0,0,0,0,0,0,0,1
Female,University,Married,51,150000,146018,147598,148393,149709,107862,108623,7000,7600,6000,4000,4100,140598,140793,143709,103862,104523,0
Female,University,Married,51,10000,9151,8855,9828,8637,8808,8995,0,1133,1144,315,329,8855,8695,7493,8493,8666,0
Female,High School,Married,52,50000,0,0,0,831,138,658,0,0,831,138,658,0,0,0,0,0,0
Female,Graduate,Married,53,490000,1700,8913,0,400,4186,6205,8913,0,400,4186,6205,0,0,0,0,0,0
Female,High School,Single,52,50000,47670,48447,49493,48497,18930,19329,1954,2000,20567,1000,664,46493,47493,27930,17930,18665,0
Female,University,Married,57,340000,16729,8942,10301,20793,14817,4614,8942,10321,20793,14817,4614,0,-20,0,0,0,0
Female,High School,Married,51,240000,225614,232072,204121,171051,175416,179754,10473,8000,30000,6000,6000,221599,196121,141051,169416,173754,0
Female,High School,Married,53,50000,40926,43236,45250,46003,44193,44838,3000,3000,1800,0,1500,40236,42250,44203,44193,43338,1
Female,University,Married,50,500000,290301,296479,306661,306438,298068,293489,11000,15000,10000,10003,10000,285479,291661,296438,288065,283489,0
Female,University,Married,50,410000,249152,246659,248934,246011,240845,213767,9000,11000,10000,7500,8000,237659,237934,236011,233345,205767,0
Female,University,Married,64,280000,22715,37818,35497,30164,7164,7164,15506,17,3364,0,0,22312,35480,26800,7164,7164,0
Female,University,Single,59,240000,230026,239796,231230,196471,190004,161867,20000,12000,7000,8000,6000,219796,219230,189471,182004,155867,0
Female,Graduate,Single,54,20000,17016,17909,18298,18761,17781,10674,1568,1737,1200,0,0,16341,16561,17561,17781,10674,0
Female,University,Married,55,100000,44400,47439,48385,49285,50176,51228,4100,2000,2000,2000,2000,43339,46385,47285,48176,49228,1
Female,University,Married,52,290000,276377,282814,288983,203517,208435,212674,12880,13000,8000,8600,9000,269934,275983,195517,199835,203674,0
Female,High School,Single,50,100000,82397,84027,88734,86369,89994,89681,3004,7500,0,5001,3390,81023,81234,86369,84993,86291,0
Female,University,Married,65,270000,157,0,2521,5145,8422,6374,0,2521,5184,8422,6374,0,0,-39,0,0,0
Female,High School,Single,57,80000,78312,77359,76081,76526,27571,28783,3459,3500,1959,982,2000,73900,72581,74567,26589,26783,0
Female,Graduate,Married,47,280000,127928,127530,130168,131222,132758,135654,3000,6000,4500,5000,5000,124530,124168,126722,127758,130654,1
Female,High School,Married,52,30000,-190,-760,-760,-760,760,760,0,0,0,1520,0,-760,-760,-760,-760,760,0
Female,High School,Married,53,90000,88363,87235,88338,78994,50095,48987,3200,4000,2602,2000,3000,84035,84338,76392,48095,45987,1
Female,Graduate,Married,53,600000,84300,27446,0,0,6677,83034,27446,0,0,6677,83034,0,0,0,0,0,0
Female,High School,Married,54,70000,37717,38744,40538,39489,11590,11835,1655,2449,2400,414,431,37089,38089,37089,11176,11404,0
Female,High School,Married,58,270000,936,1188,2078,795,828,1251,1188,2078,795,828,1251,0,0,0,0,0,0
Female,High School,Married,59,260000,258885,261183,262546,238614,195149,195771,10000,11000,13067,10003,8000,251183,251546,225547,185146,187771,0
Female,High School,Married,59,50000,25775,0,0,0,0,0,0,0,0,0,0,0,0,0,0,0,0
Female,High School,Married,53,50000,48549,49180,48521,8731,8777,9261,2277,2290,1500,1000,1000,46903,46231,7231,7777,8261,1
Female,High School,Single,52,70000,103570,105991,67243,67533,28653,29253,3500,2777,1751,969,1004,102491,64466,65782,27684,28249,0
Female,High School,Married,55,210000,3857,0,0,95438,96317,98400,0,0,95438,3393,3580,0,0,0,92924,94820,0
Female,High School,Married,50,330000,2064,0,0,0,0,324,0,0,0,0,324,0,0,0,0,0,0
Female,University,Married,51,200000,288015,148160,98651,251331,255017,54705,4470,9746,155858,5869,1964,143690,88905,95473,249148,52741,0
Female,Graduate,Married,51,220000,3315,2625,4863,1917,809,709,2625,4863,1917,809,709,0,0,0,0,0,0
Female,High School,Married,52,50000,11463,12763,14149,15162,15463,15788,1500,1600,1252,553,574,11263,12549,13910,14910,15214,0
Female,University,Married,53,20000,19594,19502,19431,20290,20293,19665,2000,1700,1500,700,750,17502,17731,18790,19593,18915,0
Female,University,Single,53,30000,356,15666,16863,7380,8580,10000,15700,2000,2000,1200,2200,-34,14863,5380,7380,7800,1
Female,University,Married,56,280000,284128,284204,284041,283396,213294,213384,9970,10261,17003,7657,7750,274234,273780,266393,205637,205634,1
Female,High School,Married,60,60000,57974,57637,56594,57097,56854,58325,2810,2648,2050,2084,2437,54827,53946,55047,54770,55888,0
Female,High School,Married,50,200000,8413,8611,15818,21813,20890,29890,5000,8000,10000,10000,10000,3611,7818,11813,10890,19890,0
Female,University,Single,51,230000,213457,226037,213682,219016,172407,163690,17000,10000,10000,10000,10000,209037,203682,209016,162407,153690,0
Female,Graduate,Married,51,230000,0,0,0,0,0,496,0,0,0,0,496,0,0,0,0,0,1
Female,High School,Married,49,100000,62049,58158,57952,58627,46055,43176,2247,2900,2408,1689,1820,55911,55052,56219,44366,41356,0
Female,University,Married,49,80000,83888,83503,82265,81974,81253,78343,3900,3000,3500,3200,3800,79603,79265,78474,78053,74543,0
Female,University,Single,51,80000,80106,43289,21017,12883,-217,45966,1400,1500,1000,0,46700,41889,19517,11883,-217,-734,1
Female,University,Married,57,70000,18379,19571,22729,24346,24940,25539,1500,3500,2000,1000,1000,18071,19229,22346,23940,24539,0
Female,Graduate,Married,54,200000,0,0,0,0,0,0,0,0,0,0,0,0,0,0,0,0,1
Female,University,Married,51,20000,17612,18820,19717,18701,18726,18501,1800,1500,0,1000,1000,17020,18217,18701,17726,17501,0
Female,University,Married,50,200000,3414,6640,7428,10234,5380,7532,6640,1025,10249,5380,5000,0,6403,-15,0,2532,0
Female,University,Married,55,50000,23605,27856,16386,15511,15664,19761,5856,3386,5411,5664,5761,22000,13000,10100,10000,14000,0
Female,University,Married,52,360000,0,0,0,0,0,0,0,0,0,0,0,0,0,0,0,0,0
Female,High School,Single,49,200000,1801,181,4095,5711,21420,6719,181,4126,5711,21520,6719,0,-31,0,-100,0,0
Female,University,Married,55,90000,83040,81998,83674,80890,31565,33049,900,4003,3000,3000,3000,81098,79671,77890,28565,30049,1
Female,High School,Single,59,50000,50761,50185,59509,31495,30552,29556,2500,2600,6000,1300,0,47685,56909,25495,29252,29556,0
Female,University,Married,48,400000,352730,335226,317661,319004,316611,314106,12370,15012,13000,12055,13368,322856,302649,306004,304556,300738,0
Female,High School,Married,51,110000,105476,109153,109501,105290,78812,78503,5436,5007,5290,8812,8503,103717,104494,100000,70000,70000,0
Female,High School,Married,58,50000,24135,23454,26755,26026,27310,29729,0,4000,0,2000,3000,23454,22755,26026,25310,26729,1
Female,Graduate,Married,58,500000,-1,33982,37844,9441,12700,19267,35436,37311,9442,5001,10001,-1454,533,-1,7699,9266,1
Female,High School,Married,65,150000,0,0,500,0,0,0,0,500,0,0,0,0,0,0,0,0,0
Female,Other,Married,54,300000,0,0,1702,0,0,0,0,1702,0,0,0,0,0,0,0,0,0
Female,University,Married,56,50000,48703,48836,48049,47060,19171,18624,2000,2000,2000,1000,1000,46836,46049,45060,18171,17624,0
Female,Graduate,Married,59,300000,12982,10114,10195,34010,20854,64741,11138,10217,34039,20854,64741,-1024,-22,-29,0,0,0
Female,University,Married,49,290000,282538,281749,238490,86202,83155,84927,10711,12915,2962,2863,2996,271038,225575,83240,80292,81931,1
Female,University,Married,52,500000,588000,277559,288835,281810,273700,269552,17559,36500,20000,36000,20000,260000,252335,261810,237700,249552,0
Female,High School,Married,50,140000,845,845,1690,0,1690,0,0,1690,0,1690,0,845,0,0,0,0,1
Female,Other,Married,49,350000,0,36011,8978,11925,8574,5417,36011,8978,11975,8574,5417,0,0,-50,0,0,0
Female,University,Single,49,180000,56677,35062,32721,32627,28272,26984,1600,1600,1500,1000,968,33462,31121,31127,27272,26016,0
Female,Graduate,Married,48,390000,0,5660,3730,9526,0,2680,5660,3730,9526,0,2680,0,0,0,0,0,0
Female,Graduate,Single,52,50000,28594,33080,29233,23340,-300,31031,5000,3000,1000,0,31331,28080,26233,22340,-300,-300,0
Female,Graduate,Single,51,50000,43273,44652,46331,47896,47266,48002,2800,2795,2750,1130,1314,41852,43536,45146,46136,46688,0
Female,Graduate,Single,52,150000,126810,58955,29332,36796,19912,23126,5000,13003,15000,11000,10000,53955,16329,21796,8912,13126,0
Female,Graduate,Married,49,200000,413,0,103,0,0,0,0,103,0,0,0,0,0,0,0,0,0
Female,Graduate,Single,53,180000,-1580,-1580,-1580,-1580,-1580,-1580,0,0,0,0,0,-1580,-1580,-1580,-1580,-1580,0
Female,University,Married,50,50000,12699,13734,17634,17053,17394,18563,1247,4147,0,624,1451,12487,13487,17053,16770,17112,0
Female,Graduate,Married,51,110000,103701,102318,92724,94573,65034,66241,3771,3656,3687,2476,2406,98547,89068,90886,62558,63835,0
Female,University,Married,62,310000,113529,116101,119953,119583,120837,99114,5000,6000,5005,5000,4000,111101,113953,114578,115837,95114,0
Female,High School,Single,60,80000,37298,19025,12720,14169,13828,1664,3000,3000,2030,3000,1000,16025,9720,12139,10828,664,0
Female,High School,Married,54,80000,55498,56368,42486,24500,28900,29400,2000,2000,1600,5000,1000,54368,40486,22900,23900,28400,0
Female,Graduate,Married,53,240000,0,0,2007,-40,-40,8091,0,2007,40,0,8131,0,0,-80,-40,-40,0
Female,University,Married,54,210000,0,0,0,225,760,0,0,0,225,760,0,0,0,0,0,0,0
Female,University,Single,50,30000,25416,26260,24084,23631,29863,29369,1389,1602,1563,8500,1100,24871,22482,22068,21363,28269,0
Female,Graduate,Married,52,80000,34243,35240,36275,37290,38030,38838,1570,1605,1620,1360,1420,33670,34670,35670,36670,37418,0
Female,High School,Married,49,70000,19954,21024,21790,21142,23772,24930,1700,1400,0,3000,1700,19324,20390,21142,20772,23230,1
Female,High School,Single,50,50000,0,0,0,0,0,0,0,0,0,0,0,0,0,0,0,0,1
Female,High School,Married,64,180000,18084,1703,3681,21325,2228,856,1703,3697,21330,2228,1531,0,-16,-5,0,-675,0
Female,University,Married,60,160000,16060,1605,4200,2461,0,0,1605,4200,2461,0,0,0,0,0,0,0,0
Female,High School,Married,50,20000,15887,16895,18379,19020,18620,19000,1275,1759,1400,0,380,15620,16620,17620,18620,18620,1
Female,Graduate,Married,53,180000,0,0,0,0,0,0,0,0,0,0,0,0,0,0,0,0,0
Female,University,Other,54,30000,26302,26873,28138,27074,13275,12500,2000,1719,1613,271,2250,24873,26419,25461,13004,10250,0
Female,University,Married,56,210000,25487,6655,6355,18543,6022,1334,6655,6359,18543,6022,1334,0,-4,0,0,0,0
Female,High School,Married,55,120000,-150,-150,7342,7029,7172,7338,0,7492,0,143,166,-150,-150,7029,7029,7172,0
Female,High School,Married,51,20000,15399,14859,15913,17033,17466,19635,0,1600,1700,1000,2600,14859,14313,15333,16466,17035,1
Female,University,Married,49,30000,10440,9972,16073,6342,8073,1731,0,16101,6342,1731,0,9972,-28,0,6342,1731,0
Female,High School,Married,53,50000,51254,49852,28379,15988,16718,17446,0,6200,2000,1000,1000,49852,22179,13988,15718,16446,0
Female,High School,Married,51,20000,0,780,340,-50,-830,-1660,780,340,0,0,0,0,0,-50,-830,-1660,0
Female,University,Married,57,120000,0,644,377,0,0,0,644,377,0,0,0,0,0,0,0,0,0
Female,University,Married,62,70000,70457,73562,71818,70579,33946,34701,6454,0,3075,1214,1301,67108,71818,67504,32732,33400,1
Female,University,Married,58,50000,50182,41207,19129,18538,17494,17833,1500,1700,1500,700,1000,39707,17429,17038,16794,16833,0
Female,University,Married,49,20000,19127,16943,18359,19000,19600,19600,0,2000,1400,1000,0,16943,16359,17600,18600,19600,0
Female,High School,Married,53,310000,1126,2603,-6,1184,7883,193,2635,0,1190,7909,193,-32,-6,-6,-26,0,0
Female,University,Married,40,120000,123270,122736,123394,123123,121499,121296,6000,6500,6500,5000,5000,116736,116894,116623,116499,116296,0
Female,High School,Married,47,360000,366484,365469,364081,365927,363629,303097,14463,15861,13600,12057,9340,351006,348220,352327,351572,293757,0
Female,High School,Single,49,240000,1271,4241,7164,10041,9731,13540,3000,3000,3000,0,4000,1241,4164,7041,9731,9540,0
Female,High School,Single,53,500000,0,0,0,0,0,1150,0,0,0,0,1150,0,0,0,0,0,1
Female,University,Married,53,500000,10789,7855,17481,12021,132906,122256,7919,17512,12021,132906,0,-64,-31,0,0,122256,0
Female,Graduate,Married,55,240000,80199,82300,0,0,0,21585,3900,0,0,0,21585,78400,0,0,0,0,0
Female,University,Married,56,200000,2155,0,1750,4990,1200,676,0,1750,4990,1369,676,0,0,0,-169,0,0
Female,High School,Married,67,30000,26590,25869,26947,27529,24909,24576,0,1800,1370,1264,2078,25869,25147,26159,23645,22498,1
Female,High School,Married,49,130000,108711,107996,87817,47175,48126,49234,6000,4542,2200,2000,2000,101996,83275,44975,46126,47234,0
Female,High School,Married,50,80000,55070,57863,54382,773,-5857,57071,5012,7450,5000,1630,69794,52851,46932,-4227,-7487,-12723,0
Female,University,Married,51,150000,71776,72909,74722,77865,78819,80607,2046,2413,3776,2224,2448,70863,72309,74089,76595,78159,0
Female,Graduate,Married,54,530000,6458,5598,36532,3288,1415,448,5600,36532,3293,1415,448,-2,0,-5,0,0,0
Female,Graduate,Married,53,210000,180227,186423,169614,172297,177427,182399,11000,8000,7000,8000,8000,175423,161614,165297,169427,174399,0
Female,University,Other,54,30000,0,0,0,0,20363,20819,0,0,0,20363,784,0,0,0,0,20035,0
Female,University,Married,50,410000,358896,361330,360396,367893,375268,383121,13000,13100,13500,13500,13900,348330,347296,354393,361768,369221,0
Female,University,Married,50,240000,664,1086,7041,12208,790,2009,1086,7041,12208,1109,2009,0,0,0,-319,0,0
Female,Graduate,Single,61,50000,60458,54438,53605,0,0,0,0,1100,0,0,0,54438,52505,0,0,0,1
Female,High School,Married,67,200000,187610,188072,166668,159513,150852,151996,10000,17014,15019,15000,15000,178072,149654,144494,135852,136996,0
Female,University,Single,55,70000,57867,53214,54571,42413,42946,43843,1920,2230,2004,1537,1589,51294,52341,40409,41409,42254,0
Female,High School,Single,53,140000,68889,68662,65581,56271,54586,54247,3075,3014,2606,2005,2404,65587,62567,53665,52581,51843,0
Female,High School,Single,54,320000,54661,183429,303849,299996,307016,308110,183429,203849,22080,10000,10000,0,100000,277916,297016,298110,0
Female,High School,Married,53,50000,46138,47164,47602,37280,18678,18602,2182,2400,1000,18678,600,44982,45202,36280,0,18002,0
Female,University,Single,50,500000,588,2393,5306,5453,3221,1269,2393,5308,1000,0,0,0,-2,4453,3221,1269,1
Female,University,Married,51,300000,0,0,0,0,0,0,0,0,0,0,0,0,0,0,0,0,1
Female,Graduate,Married,51,400000,-9,1084,3884,0,27703,0,1093,3884,0,27703,0,-9,0,0,0,0,0
Female,University,Single,51,170000,1606,1420,1420,1420,1420,3464,1420,1420,1420,1420,3464,0,0,0,0,0,0
Female,High School,Married,50,60000,61349,61600,61952,60661,29095,17636,2900,3300,2000,900,889,58700,58652,58661,28195,16747,1
Female,Graduate,Married,47,120000,632,948,948,632,632,316,948,0,0,316,0,0,948,632,316,316,1
Female,Graduate,Single,50,210000,1561,0,0,806,1945,0,0,0,806,1945,0,0,0,0,0,0,0
Female,High School,Married,51,50000,45096,28907,29691,29104,28968,29440,1500,1508,1502,1100,1032,27407,28183,27602,27868,28408,0
Female,University,Single,51,30000,22473,25293,24602,27964,27232,29800,3200,1,3801,0,3001,22093,24601,24163,27232,26799,0
Female,University,Married,51,130000,124619,128845,131045,94390,91111,93112,6301,6000,5000,4000,3500,122544,125045,89390,87111,89612,0
Female,University,Married,50,280000,106341,108711,111510,108253,109065,111447,5600,6000,0,4100,4300,103111,105510,108253,104965,107147,1
Female,Graduate,Married,51,240000,4302,542,3934,6630,6817,7658,546,3953,6646,6865,7673,-4,-19,-16,-48,-15,0
Female,High School,Married,50,240000,242152,237635,242191,212879,185490,188850,8000,8000,7000,6000,6000,229635,234191,205879,179490,182850,0
Female,University,Married,51,270000,7582,10392,11088,6045,750,4003,10392,11586,6013,750,4003,0,-498,32,0,0,0
Female,Graduate,Married,52,500000,9534,9164,9285,20348,10893,9697,9267,9961,20390,10925,9718,-103,-676,-42,-32,-21,0
Female,High School,Single,53,170000,161858,162402,159863,159700,77043,77047,5800,6500,5000,3000,3000,156602,153363,154700,74043,74047,0
Female,High School,Married,50,80000,2684,2502,2321,4247,3914,3242,0,0,2001,4,1073,2502,2321,2246,3910,2169,0
Female,High School,Married,53,280000,4866,4405,7322,7043,8932,9654,1200,3000,0,2000,1000,3205,4322,7043,6932,8654,0
Female,Graduate,Married,52,110000,1865,0,0,1930,-170,-170,0,0,1930,0,0,0,0,0,-170,-170,0
Female,Graduate,Married,54,250000,390,1090,390,2855,390,2950,1090,390,2855,0,2950,0,0,0,390,0,0
Female,University,Single,54,360000,217936,202845,177252,165622,167824,156851,8880,7992,5627,5554,5456,193965,169260,159995,162270,151395,0
Female,High School,Other,53,50000,49326,50302,50036,48816,19587,18406,1803,2100,1500,1000,700,48499,47936,47316,18587,17706,1
Female,University,Married,57,280000,7640,9369,12261,12610,3160,9380,9369,12277,12610,0,9380,0,-16,0,3160,0,0
Female,University,Married,54,500000,455977,397418,392278,375931,364134,354019,13455,13691,12692,11883,11922,383963,378587,363239,352251,342097,0
Female,High School,Married,65,260000,225028,188891,174617,178214,182251,186144,8165,6500,6500,7000,7000,180726,168117,171714,175251,179144,0
Female,University,Married,52,250000,1376,4038,313,316,657,993,4038,313,316,657,993,0,0,0,0,0,1
Female,High School,Married,56,140000,141342,137996,139888,126590,111187,111414,5025,5962,4878,4100,4200,132971,133926,121712,107087,107214,0
Female,Graduate,Married,55,180000,0,0,0,0,0,0,0,0,0,0,0,0,0,0,0,0,0
Female,University,Married,52,190000,175,1547,6101,4803,5039,0,1547,6101,4803,5039,0,0,0,0,0,0,0
Female,Graduate,Married,52,290000,85532,69025,85735,79698,71981,63168,12000,20000,0,5500,0,57025,65735,79698,66481,63168,0
Female,Graduate,Single,53,230000,0,742,0,0,596,4870,742,0,0,596,4870,0,0,0,0,0,0
Female,University,Married,54,220000,265,4786,2367,2873,11768,7484,4786,2367,2888,11768,7484,0,0,-15,0,0,0
Female,University,Married,60,30000,0,0,0,0,0,0,0,0,0,0,0,0,0,0,0,0,0
Female,University,Single,57,300000,2890,390,1380,390,1170,390,390,1380,0,1170,0,0,0,390,0,390,0
Female,High School,Married,57,260000,1148,123,1668,446,123,35722,0,1668,0,490,35722,123,0,446,-367,0,0
Female,University,Married,58,140000,68859,70428,71902,72924,72335,75508,3300,3200,2800,1200,4500,67128,68702,70124,71135,71008,1
Female,Graduate,Married,57,350000,7617,2554,44293,66525,7502,15268,2558,44538,67211,7502,15268,-4,-245,-686,0,0,0
Male,University,Married,40,70000,30346,27040,23756,18897,10873,10707,1681,1635,1463,525,535,25359,22121,17434,10348,10172,0
Male,University,Single,30,200000,183464,184391,169311,165686,162639,165627,7197,7035,7032,6008,7002,177194,162276,158654,156631,158625,0
Male,Graduate,Single,31,90000,90226,90378,27831,28790,29087,28941,2500,1500,1443,1100,1042,87878,26331,27347,27987,27899,1
Male,University,Single,49,30000,24597,26852,23117,24800,29410,23905,3000,0,3000,5000,23905,23852,23117,21800,24410,0,0
Male,Graduate,Single,25,80000,67751,68484,54926,55241,56560,57881,2500,3000,2000,2000,2000,65984,51926,53241,54560,55881,0
Male,Graduate,Single,26,150000,29997,31171,30356,30545,31257,33762,2000,2000,2000,1200,3000,29171,28356,28545,30057,30762,0
Male,Graduate,Single,29,360000,-4316,60054,187734,17328,10658,77898,65000,188000,17384,20000,78000,-4946,-266,-56,-9342,-102,0
Male,University,Married,30,400000,11633,12294,13038,13751,5765,21784,1200,1287,1000,5819,26957,11094,11751,12751,-54,-5173,0
Male,Graduate,Single,30,300000,121,2175,774,2774,2774,14190,3204,0,2000,0,15000,-1029,774,774,2774,-810,0
Male,University,Single,30,50000,21839,22771,23700,24016,23332,24849,1600,1600,1000,0,1896,21171,22100,23016,23332,22953,1
Male,Graduate,Single,27,20000,15678,15129,17973,31269,11401,8311,0,3100,0,2000,1000,15129,14873,31269,9401,7311,0
Male,University,Single,28,90000,82671,78750,66605,63795,61061,54646,0,3324,5380,0,2000,78750,63281,58415,61061,52646,1
Male,University,Married,28,180000,148735,150771,156334,165696,165582,168952,6000,8000,13500,4110,6200,144771,148334,152196,161472,162752,0
Male,University,Single,29,230000,566,5477,7996,6406,6040,6446,5480,4001,3000,3000,2000,-3,3995,3406,3040,4446,0
Male,University,Married,28,160000,0,0,0,0,0,1300,0,0,0,0,1300,0,0,0,0,0,0
Male,University,Single,25,200000,124652,109401,63518,14607,16399,18026,6,5000,2000,2000,2000,109395,58518,12607,14399,16026,0
Male,University,Single,27,300000,1726,-9,1974,17648,36732,1000,2800,1983,17652,36183,1002,-2809,-9,-4,549,-2,0
Male,Graduate,Single,29,360000,0,0,0,0,0,0,0,0,0,0,0,0,0,0,0,0,0
Male,University,Single,30,230000,9125,7795,191795,192255,187755,187740,4000,191795,10000,8000,8000,3795,0,182255,179755,179740,0
Male,Graduate,Single,27,80000,74413,76817,74554,43727,16307,1755,7000,3000,1400,326,1755,69817,71554,42327,15981,0,0
Male,University,Single,27,90000,2542,3556,4490,0,0,0,1066,1000,0,0,0,2490,3490,0,0,0,1
Male,Graduate,Single,25,80000,37325,38503,39429,24600,10000,0,2100,2000,1000,700,0,36403,37429,23600,9300,0,0
Male,Graduate,Single,29,160000,0,6285,0,0,0,0,6285,0,0,0,0,0,0,0,0,0,0
Male,Graduate,Single,30,200000,0,0,0,0,0,0,0,0,0,0,0,0,0,0,0,0,0
Male,University,Single,25,60000,15614,16231,17074,17684,20003,21040,1267,1500,1291,3000,2000,14964,15574,16393,17003,19040,0
Male,Graduate,Single,27,360000,2807,894,5939,1390,-5,-5,898,5970,1396,0,0,-4,-31,-6,-5,-5,0
Male,High School,Single,30,360000,0,0,0,0,0,0,0,0,0,0,0,0,0,0,0,0,0
Male,Graduate,Single,28,220000,184,1709,919,47545,2398,3338,1709,919,47545,2398,5178,0,0,0,0,-1840,0
Male,Graduate,Single,27,120000,21812,20874,21930,22165,20502,19030,1700,1700,1500,700,1000,19174,20230,20665,19802,18030,0
Male,University,Single,23,50000,45708,48316,44070,45021,45145,46470,6000,0,2000,2000,3000,42316,44070,43021,43145,43470,0
Male,University,Single,29,300000,0,0,0,0,0,0,0,0,0,0,0,0,0,0,0,0,1
Male,Graduate,Single,36,400000,0,0,0,0,0,0,0,0,0,0,0,0,0,0,0,0,1
Male,High School,Single,35,260000,33078,42056,43986,45879,54264,59872,10000,10000,10390,10009,10000,32056,33986,35489,44255,49872,0
Male,University,Married,27,80000,58777,60201,61633,69160,26000,25000,3000,3000,9160,0,0,57201,58633,60000,26000,25000,0
Male,Graduate,Single,30,50000,50457,51400,0,3794,0,0,2400,0,3794,0,0,49000,0,0,0,0,0
Male,University,Single,27,20000,1200,0,0,0,0,0,0,0,0,0,0,0,0,0,0,0,0
Male,University,Married,29,50000,47555,47531,46604,47982,29667,30449,1932,2005,2383,1068,1266,45599,44599,45599,28599,29183,0
Male,High School,Single,23,20000,19901,19105,572,19206,18595,19135,0,572,20502,1000,840,19105,0,-1296,17595,18295,0
Male,Graduate,Single,30,150000,84777,81530,78940,73785,70787,59526,2881,3073,2584,1260,1357,78649,75867,71201,69527,58169,0
Male,University,Single,29,620000,524191,524555,445543,443199,451040,431316,19306,15669,16011,16000,15500,505249,429874,427188,435040,415816,0
Male,High School,Single,36,270000,276192,271773,262623,268735,273709,273139,11000,11100,12000,11000,10200,260773,251523,256735,262709,262939,0
Male,University,Single,29,130000,88766,91466,93182,90851,96576,98452,5000,4000,0,7200,3500,86466,89182,90851,89376,94952,1
Male,University,Single,22,150000,82791,82533,77002,45340,36352,36499,3187,2381,1579,1265,1584,79346,74621,43761,35087,34915,0
Male,University,Married,26,50000,38189,28440,23228,21482,18029,18705,3000,1436,1162,2184,871,25440,21792,20320,15845,17834,0
Male,University,Married,26,50000,13294,12799,12311,11816,14014,13506,0,0,0,2394,0,12799,12311,11816,11620,13506,1
Male,University,Single,23,20000,15021,17452,19853,19437,0,0,6000,3000,295,0,0,11452,16853,19142,0,0,1
Male,University,Single,22,50000,2454,0,0,0,0,0,0,0,0,0,0,0,0,0,0,0,0
Male,Graduate,Single,25,170000,112367,106345,91409,90720,83208,83956,5451,4456,2992,3000,3200,100894,86953,87728,80208,80756,0
Male,University,Single,29,50000,51232,50732,50962,49908,32361,21138,1900,2300,1500,1500,900,48832,48662,48408,30861,20238,0
Male,High School,Single,22,20000,18306,18977,19328,19035,19262,12308,1287,1462,1522,1165,0,17690,17866,17513,18097,12308,0
Male,University,Single,22,20000,14542,14011,16899,16335,16509,17590,0,3132,0,742,1501,14011,13767,16335,15767,16089,1
Male,University,Single,21,20000,23675,20297,17054,2333,1300,0,1800,1240,2333,0,0,18497,15814,0,1300,0,0
Male,University,Single,21,20000,18671,18497,19633,18347,9347,0,1614,1750,1000,1000,0,16883,17883,17347,8347,0,0
Male,Graduate,Single,22,20000,19231,20235,21579,22231,22301,21687,1331,1675,1327,800,783,18904,19904,20904,21501,20904,1
Male,University,Single,25,90000,79938,67857,66929,67797,47739,48163,3000,3000,3000,3000,2000,64857,63929,64797,44739,46163,0
Male,University,Married,26,80000,495,330,165,481,316,151,0,0,481,0,0,330,165,0,316,151,0
Male,Graduate,Single,22,50000,28725,28424,30965,28612,25498,24866,2000,5000,1500,1000,2000,26424,25965,27112,24498,22866,1
Male,Graduate,Single,23,60000,31348,50778,53407,19443,16597,18423,20109,5000,2000,1000,2000,30669,48407,17443,15597,16423,0
Male,University,Single,22,50000,49718,50362,49904,50405,29795,28383,1786,2000,1500,2200,0,48576,47904,48905,27595,28383,0
Male,Graduate,Single,22,20000,17875,20524,17478,18224,18926,19627,3300,0,1500,1000,1000,17224,17478,16724,17926,18627,0
Male,High School,Single,23,20000,19812,20388,19145,20124,20127,20150,1300,1330,1309,702,719,19088,17815,18815,19425,19431,0
Male,University,Single,24,50000,90,6560,7029,1734,916,18864,7396,1459,1000,18,18784,-836,5570,734,898,80,0
Male,Graduate,Single,24,80000,50781,29297,78589,78806,50663,50214,4400,50000,3034,1800,1817,24897,28589,75772,48863,48397,0
Male,Graduate,Single,22,50000,38251,34489,32252,6182,17118,8922,4000,1500,1500,2500,500,30489,30752,4682,14618,8422,0
Male,University,Single,22,20000,17456,16896,16345,15785,17018,18736,0,0,0,1500,2000,16896,16345,15785,15518,16736,1
Male,University,Single,22,20000,15662,16004,17046,16676,16704,16984,900,1600,200,600,700,15104,15446,16476,16104,16284,0
Male,High School,Married,22,50000,45458,46450,47599,48456,44546,43256,2051,2200,2016,2009,2092,44399,45399,46440,42537,41164,1
Male,High School,Single,23,50000,4332,0,0,0,0,0,0,0,0,0,0,0,0,0,0,0,0
Male,University,Single,23,50000,35176,30250,12625,0,0,0,2007,5000,0,0,0,28243,7625,0,0,0,0
Male,University,Single,23,20000,16830,14566,10100,9238,6902,5813,50,5000,1200,500,500,14516,5100,8038,6402,5313,0
Male,University,Married,24,420000,392639,397332,376317,214062,164003,162836,16117,20516,7092,6019,4636,381215,355801,206970,157984,158200,0
Male,University,Single,25,50000,17826,18620,19722,19305,19409,20221,1400,2200,806,1000,2000,17220,17522,18499,18409,18221,0
Male,University,Single,26,110000,83796,86713,93436,91075,88714,94316,5200,9000,0,0,7062,81513,84436,91075,88714,87254,0
Male,Other,Single,21,20000,13203,4443,3259,2969,0,0,1036,1132,2000,0,0,3407,2127,969,0,0,0
Male,University,Single,22,20000,16439,17140,18269,38082,19923,6825,1279,1408,1180,1000,500,15861,16861,36902,18923,6325,0
Male,High School,Single,23,50000,9168,10178,11200,12214,12608,12718,1166,1188,1202,596,461,9012,10012,11012,12012,12257,0
Male,University,Single,23,180000,96709,99673,100951,104625,106498,115632,4485,3682,5253,5000,11000,95188,97269,99372,101498,104632,0
Male,University,Single,22,20000,18690,12289,5560,6310,7204,6943,3500,1000,1000,1000,0,8789,4560,5310,6204,6943,0
Male,University,Single,21,20000,22291,15999,12874,8350,7500,8500,1700,1174,4000,150,1000,14299,11700,4350,7350,7500,0
Male,University,Single,21,20000,20070,19278,3346,-780,780,2130,1072,1000,0,1560,2130,18206,2346,-780,-780,0,0
Male,University,Single,22,20000,18292,17710,17137,19830,19240,18419,0,0,3000,0,0,17710,17137,16830,19240,18419,1
Male,University,Single,22,50000,38311,52702,50639,53052,47335,32489,20052,16216,8734,1018,9421,32650,34423,44318,46317,23068,0
Male,High School,Single,26,50000,31708,32439,28302,13881,14376,15261,1700,2000,1500,1100,1500,30739,26302,12381,13276,13761,0
Male,Other,Other,27,150000,3462,1147,7002,0,0,0,1147,6000,0,0,0,0,1002,0,0,0,0
Male,University,Single,27,70000,29193,30214,31130,31622,32102,32742,1800,1700,1300,1300,1300,28414,29430,30322,30802,31442,1
Male,University,Single,27,50000,47568,46482,44546,40745,19910,17786,0,2000,1241,633,616,46482,42546,39504,19277,17170,1
Male,Graduate,Married,32,150000,15000,0,0,1662,0,0,0,0,1662,0,0,0,0,0,0,0,0
Male,University,Single,26,100000,44053,2206,1953,3053,853,48280,2206,1953,3100,0,48280,0,0,-47,853,0,0
Male,University,Single,24,20000,15730,16776,35036,14694,16914,14074,1313,2110,4000,6000,4000,15463,32926,10694,10914,10074,0
Male,University,Single,24,20000,14068,16706,18342,17755,17967,17538,3200,2200,0,800,0,13506,16142,17755,17167,17538,0
Male,High School,Single,24,20000,3724,5646,6808,14046,13924,16924,2000,1262,7500,278,3000,3646,5546,6546,13646,13924,0
Male,University,Single,22,20000,20813,19666,20076,19875,19659,19310,1000,20700,2000,800,465,18666,-624,17875,18859,18845,0
Male,High School,Single,25,100000,76068,69334,54883,55383,36095,31322,2895,2088,1511,1124,1053,66439,52795,53872,34971,30269,0
Male,University,Single,29,190000,185222,163336,157158,149423,115038,97756,5836,6358,5487,4038,3803,157500,150800,143936,111000,93953,0
Male,University,Single,22,50000,47871,44546,28628,19502,1971,7538,1546,1519,1035,296,20300,43000,27109,18467,1675,-12762,0
Male,High School,Single,24,20000,14665,14146,13634,14401,16257,15713,0,0,1300,2101,0,14146,13634,13101,14156,15713,1
Male,University,Married,26,70000,8587,9386,9456,9528,7481,7794,1100,1178,1250,300,400,8286,8278,8278,7181,7394,0
Male,University,Single,24,50000,52359,51158,3957,52522,31921,29265,2064,1053,53874,1009,934,49094,2904,-1352,30912,28331,0
Male,University,Single,25,20000,20873,20240,20365,19565,9928,12758,4,1378,1203,15460,3000,20236,18987,18362,-5532,9758,1
Male,Graduate,Single,24,20000,720,100,1192,7804,6200,3982,100,1192,7807,124,3982,0,0,-3,6076,0,1
Male,University,Single,24,20000,10768,12087,13115,14190,14328,14629,1502,1530,1600,670,680,10585,11585,12590,13658,13949,0
Male,University,Single,24,50000,48846,48136,72898,36103,29384,29356,1904,3700,5396,6,1003,46232,69198,30707,29378,28353,0
Male,Graduate,Single,23,20000,10242,18778,19065,18025,17414,17068,10000,1300,1300,609,700,8778,17765,16725,16805,16368,0
Male,University,Single,23,50000,0,0,0,1000,0,0,0,0,1000,0,0,0,0,0,0,0,0
Male,University,Single,24,50000,5784,3392,2182,0,2092,-2272,0,1000,0,2092,0,3392,1182,0,0,-2272,0
Male,Graduate,Single,24,20000,255,541,275,329,544,190,541,275,329,544,190,0,0,0,0,0,0
Male,University,Single,25,20000,12589,716,243,19853,20157,20182,0,1000,20000,1000,720,716,-757,-147,19157,19462,0
Male,University,Single,25,50000,46980,47809,49040,29662,28360,28831,1910,2141,1763,1161,1077,45899,46899,27899,27199,27754,1
Male,Graduate,Single,25,70000,23799,9000,11818,12889,9043,26713,9000,7000,5000,4043,5000,0,4818,7889,5000,21713,0
Male,University,Single,27,20000,12546,13830,14599,15650,15964,17204,1500,1300,1300,574,1500,12330,13299,14350,15390,15704,1
Male,University,Married,24,20000,17611,18038,17473,16900,17690,18255,1000,0,0,1376,1000,17038,17473,16900,16314,17255,0
Male,University,Single,23,20000,20432,16941,18066,19259,20071,19800,1280,1405,1598,1410,1021,15661,16661,17661,18661,18779,0
Male,University,Single,25,20000,17286,18199,18559,19068,19053,16500,1594,1344,1243,618,579,16605,17215,17825,18435,15921,1
Male,Graduate,Single,26,220000,44432,128967,96750,71616,65415,57914,100000,18720,37800,7096,12000,28967,78030,33816,58319,45914,0
Male,University,Single,25,120000,63119,61304,54675,52206,10325,8992,2200,1828,500,0,500,59104,52847,51706,10325,8492,1
Male,Graduate,Single,26,140000,17376,4879,6266,4379,420,0,4907,6284,4392,420,0,-28,-18,-13,0,0,0
Male,Graduate,Single,27,50000,48215,44175,83132,42079,44781,45619,4007,0,1706,3408,1700,40168,83132,40373,41373,43919,0
Male,University,Single,25,50000,47034,48442,49173,49290,48910,48910,2500,2200,1700,1000,0,45942,46973,47590,47910,48910,0
Male,University,Single,26,10000,7140,8489,9488,9129,9479,9523,11153,1152,1150,500,345,-2664,8336,7979,8979,9178,0
Male,Graduate,Single,25,50000,18164,19456,20486,21241,21788,23281,1900,1645,1400,900,2000,17556,18841,19841,20888,21281,0
Male,University,Single,26,50000,25126,26697,28222,27180,27979,28926,2000,2000,2000,1500,1500,24697,26222,25180,26479,27426,0
Male,Graduate,Single,25,20000,26694,10298,9768,8798,9404,6864,1200,2000,2000,1000,1000,9098,7768,6798,8404,5864,0
Male,Graduate,Single,26,200000,-4,909,6737,6012,5167,3132,913,6737,6031,5167,3132,-4,0,-19,0,0,0
Male,Graduate,Single,26,40000,21651,19279,19076,15838,17616,11081,5009,5000,1560,7000,497,14270,14076,14278,10616,10584,0
Male,University,Single,23,30000,14404,32852,17113,4818,4818,0,3196,2000,0,0,0,29656,15113,4818,4818,0,0
Male,University,Single,23,20000,15789,16831,20404,19621,14051,0,1610,4183,0,281,0,15221,16221,19621,13770,0,1
Male,University,Single,23,50000,51274,50474,49724,48437,18712,19129,4175,41000,51705,700,718,46299,8724,-3268,18012,18411,0
Male,High School,Single,24,20000,546,48,498,449,1651,1114,0,948,449,1700,1114,48,-450,0,-49,0,0
Male,University,Single,25,130000,72850,74937,75900,74982,79701,81282,3300,2800,3000,6000,3000,71637,73100,71982,73701,78282,0
Male,University,Single,25,160000,4071,4554,4770,5494,4586,4686,1060,1276,1000,92,100,3494,3494,4494,4494,4586,0
Male,University,Single,25,110000,54165,88490,99595,99055,30328,24564,88490,30000,40000,30328,24564,0,69595,59055,0,0,0
Male,University,Single,37,50000,16029,17039,18064,19076,19453,19862,1281,1306,1318,695,721,15758,16758,17758,18758,19141,1
Male,University,Single,25,50000,29206,53086,51981,50805,51518,50713,25000,0,0,1800,108,28086,51981,50805,49718,50605,0
Male,University,Single,26,240000,27967,28707,27970,187880,169261,148519,10016,2081,169267,5062,4608,18691,25889,18613,164199,143911,0
Male,University,Single,27,20000,2003,2948,3372,0,0,0,1086,1000,0,0,0,1862,2372,0,0,0,0
Male,High School,Single,30,500000,1092,5227,5453,5540,6263,1831,4303,1096,1020,6315,1833,924,4357,4520,-52,-2,0
Male,University,Single,26,60000,59487,59199,59326,58938,30101,29735,2113,2500,3000,2500,1500,57086,56826,55938,27601,28235,0
Male,High School,Single,25,50000,47727,45926,47095,49485,49083,45187,2100,2200,3500,2000,0,43826,44895,45985,47083,45187,0
Male,University,Single,24,50000,46521,47597,48799,41286,16764,16960,2150,2352,1239,717,585,45447,46447,40047,16047,16375,0
Male,University,Single,25,20000,390,390,390,390,390,780,390,390,390,390,390,0,0,0,0,390,0
Male,University,Single,25,30000,30274,30517,30485,30533,29148,29782,1932,3900,1700,1200,1180,28585,26585,28833,27948,28602,0
Male,University,Married,25,80000,80906,82789,80903,80215,63296,49854,3800,6,3636,2646,2000,78989,80897,76579,60650,47854,0
Male,University,Married,25,20000,14447,15455,17562,17322,17119,17350,1552,2659,1419,606,500,13903,14903,15903,16513,16850,0
Male,University,Single,26,10000,8882,9933,9825,17506,16608,9176,1300,2200,1300,320,1820,8633,7625,16206,16288,7356,0
Male,Other,Single,26,20000,20564,20284,19394,39950,0,0,3055,1467,1096,1000,0,17229,17927,38854,-1000,0,0
Male,Graduate,Single,26,100000,1544,1049,2067,1944,389,1221,1100,1200,1000,500,1000,-51,867,944,-111,221,1
Male,University,Single,23,50000,51246,49758,48456,44116,21247,20066,8,2401,2254,2004,704,49750,46055,41862,19243,19362,0
Male,University,Single,26,60000,58072,59040,57416,55736,26958,28847,2282,2324,2049,2000,3000,56758,55092,53687,24958,25847,1
Male,University,Single,27,400000,15330,8626,11470,10745,20737,9545,2501,10009,1437,1105,510,6125,1461,9308,19632,9035,0
Male,Other,Single,27,20000,21673,21051,20440,19709,20113,19840,0,0,0,900,0,21051,20440,19709,19213,19840,0
Male,High School,Single,27,50000,32590,-100,0,0,70,120,0,100,0,70,200,-100,-100,0,0,-80,0
Male,University,Single,27,110000,102551,103550,105089,107164,105988,108617,5500,6000,6000,4000,5000,98050,99089,101164,101988,103617,0
Male,High School,Single,23,30000,4443,370,380,590,7704,20204,430,400,601,7504,15005,-60,-20,-11,200,5199,0
Male,University,Single,27,230000,34592,23689,27652,8430,9811,9865,1816,5105,1293,2000,528,21873,22547,7137,7811,9337,0
Male,High School,Other,23,20000,18455,19990,20215,19298,19807,12294,2000,20000,1612,1121,702,17990,215,17686,18686,11592,0
Male,Graduate,Single,24,30000,6003,4912,6214,3311,4430,906,1440,2259,0,1500,425,3472,3955,3311,2930,481,0
Male,University,Single,25,90000,91151,88937,91097,52285,46430,47404,3453,3868,1960,1658,1718,85484,87229,50325,44772,45686,0
Male,University,Single,25,30000,24279,25281,26568,29872,23504,25724,1713,2000,4000,0,3000,23568,24568,25872,23504,22724,1
Male,High School,Single,24,20000,20569,19927,16371,17291,18001,18706,0,0,1500,1000,1000,19927,16371,15791,17001,17706,1
Male,University,Single,24,20000,17996,19102,19117,19664,10000,4060,2100,1000,1000,1100,4060,17002,18117,18664,8900,0,1
Male,University,Single,24,50000,12236,13324,14403,15460,15804,16549,1300,1300,1300,600,1000,12024,13103,14160,15204,15549,0
Male,University,Single,25,80000,416,416,416,416,416,416,416,416,416,416,416,0,0,0,0,0,0
Male,Graduate,Single,28,120000,231,6665,880,0,4440,4440,6673,880,0,4440,4440,-8,0,0,0,0,0
Male,University,Single,25,50000,5814,-73,11427,191,7391,6554,0,11500,191,7200,2000,-73,-73,0,191,4554,0
Male,Graduate,Single,26,200000,50124,51122,52533,52772,53441,22246,1830,2235,1447,1069,445,49292,50298,51325,52372,21801,0
Male,University,Single,25,150000,140662,144334,148016,150128,94834,97487,6000,6000,5176,5000,4002,138334,142016,144952,89834,93485,0
Male,Graduate,Single,24,360000,1188,1803,777,-3,-3,-3,1003,783,0,0,0,800,-6,-3,-3,-3,1
Male,Graduate,Single,25,60000,56918,61210,52757,29209,26403,26969,5914,17,3106,0,1104,55296,52740,26103,26403,25865,0
Male,University,Single,25,80000,79977,78091,80288,82150,319,85,0,3456,3750,319,85,78091,76832,78400,0,0,0
Male,Graduate,Single,25,320000,146183,148703,169920,174315,173032,176016,6206,25006,10025,6506,7006,142497,144914,164290,166526,169010,0
Male,University,Single,25,140000,142697,137269,133767,120287,117183,119575,5010,6377,5604,4160,8239,132259,127390,114683,113023,111336,1
Male,University,Married,26,20000,1050,1050,1050,1050,1050,1050,0,0,0,0,0,1050,1050,1050,1050,1050,1
Male,University,Single,26,110000,60808,196,3290,3089,3601,3396,196,3290,0,563,296,0,0,3089,3038,3100,0
Male,University,Single,26,190000,45694,52361,43563,40909,50758,36922,9000,8000,0,12000,3000,43361,35563,40909,38758,33922,0
Male,University,Single,25,130000,113290,112561,119435,105382,49643,46812,5650,12421,0,7000,0,106911,107014,105382,42643,46812,0
Male,Graduate,Single,26,160000,138825,135233,130038,79027,6666,6666,6800,5600,3715,6666,6666,128433,124438,75312,0,0,1
Male,Graduate,Single,26,260000,250303,198350,189510,178738,182973,187233,7065,7054,6500,7000,7001,191285,182456,172238,175973,180232,0
Male,Graduate,Single,26,80000,7412,945,1096,162,6600,1780,945,1096,163,6600,1780,0,0,-1,0,0,0
Male,University,Single,25,50000,28651,41897,43032,47242,46212,45205,14200,2100,5215,0,0,27697,40932,42027,46212,45205,1
Male,Graduate,Single,26,100000,91189,93383,96301,90858,92724,96030,3500,4300,4400,4000,4700,89883,92001,86458,88724,91330,0
Male,University,Single,27,20000,7326,7060,8240,9582,9279,9971,0,1296,1638,0,844,7060,6944,7944,9279,9127,1
Male,University,Single,27,210000,0,628,232,1067,-27,-27,628,0,1000,0,0,0,232,67,-27,-27,0
Male,University,Single,28,160000,84879,59607,38512,19129,15525,11146,2593,2000,1604,2000,11146,57014,36512,17525,13525,0,0
Male,Graduate,Single,26,340000,241720,221836,206485,196137,196447,195114,8000,10000,10000,8032,8000,213836,196485,186137,188415,187114,0
Male,High School,Single,27,70000,58009,56479,63633,64500,62867,64210,0,8100,2500,0,2500,56479,55533,62000,62867,61710,1
Male,Graduate,Single,27,50000,51042,48878,47884,29506,3672,8346,0,2354,1410,1500,4900,48878,45530,28096,2172,3446,1
Male,Graduate,Single,26,60000,1870,32603,32432,27976,25862,24571,32607,2119,3008,1006,1042,-4,30313,24968,24856,23529,0
Male,High School,Single,27,20000,1200,1200,1200,1200,1200,600,0,0,0,0,0,1200,1200,1200,1200,600,1
Male,Graduate,Single,27,50000,35215,36227,37876,39984,39041,40110,1600,2234,3042,0,1700,34627,35642,36942,39041,38410,0
Male,Graduate,Single,26,240000,5010,1188,3513,11380,1777,190,1188,3513,11794,1785,190,0,0,-414,-8,0,0
Male,University,Single,23,20000,9550,10867,11585,12899,13087,13327,1480,1198,1512,700,600,9387,10387,11387,12387,12727,0
Male,University,Single,25,50000,29827,30863,31897,29652,20483,19909,1536,1570,1316,1680,722,29327,30327,28336,18803,19187,0
Male,University,Single,25,130000,39074,39767,38680,5654,1938,522,1766,1521,3100,0,10,38001,37159,2554,1938,512,0
Male,University,Single,25,50000,49899,35200,29447,19980,10400,0,1679,2438,1700,1000,0,33521,27009,18280,9400,0,0
Male,University,Single,27,130000,6136,9258,3397,2435,1570,1467,9272,3397,2435,1570,1467,-14,0,0,0,0,0
Male,Graduate,Single,27,20000,19483,18956,18742,19738,15627,15753,1258,1404,1400,399,604,17698,17338,18338,15228,15149,0
Male,Other,Married,28,370000,64268,2868,3788,9424,2468,2468,2868,100332,9456,2468,2468,0,-96544,-32,0,0,0
Male,High School,Married,27,110000,108435,109572,45907,5130,2889,78834,3509,1102,1014,2889,82718,106063,44805,4116,0,-3884,0
Male,High School,Single,28,200000,203357,201115,192220,180090,184603,189340,7064,7048,6000,6500,7430,194051,185172,174090,178103,181910,0
Male,High School,Single,26,160000,58929,60950,61292,16623,33393,34220,3000,2000,15000,33000,3000,57950,59292,1623,393,31220,0
Male,University,Single,26,310000,304091,309627,315544,309272,240119,235799,12805,13567,13203,8765,9643,296822,301977,296069,231354,226156,0
Male,Graduate,Single,27,90000,0,0,0,0,0,0,0,0,0,0,0,0,0,0,0,0,0
Male,University,Single,22,20000,16226,15682,15146,15856,17090,16677,0,0,1266,1500,0,15682,15146,14590,15590,16677,1
Male,Other,Single,23,30000,30830,0,0,0,0,0,0,0,0,0,0,0,0,0,0,0,0
Male,Other,Single,24,90000,35865,32764,25348,9580,0,0,1546,1176,1000,0,0,31218,24172,8580,0,0,0
Male,University,Single,28,240000,44996,-4,-4,-4,801,192850,0,0,0,805,192869,-4,-4,-4,-4,-19,0
Male,University,Single,32,260000,60587,-83,-83,458,-7941,156600,0,0,541,4538,166000,-83,-83,-83,-12479,-9400,0
Male,University,Single,27,120000,29344,33474,29029,26523,20554,19348,5053,1789,2037,659,802,28421,27240,24486,19895,18546,0
Male,University,Single,27,80000,83062,81150,82150,0,0,0,0,3800,0,0,0,81150,78350,0,0,0,0
Male,Graduate,Single,27,160000,5574,3327,5958,55914,23285,29170,3353,7916,56116,23302,11580,-26,-1958,-202,-17,17590,0
Male,University,Single,27,130000,7100,4007,4900,1235,3946,2817,1100,1000,1235,3011,1008,2907,3900,0,935,1809,0
Male,Graduate,Single,23,20000,14697,11983,4098,14899,10170,7151,12483,4098,14899,10170,427,-500,0,0,0,6724,0
Male,University,Married,26,170000,30779,30751,23602,16633,0,51269,1675,1500,1007,0,51269,29076,22102,15626,0,0,0
Male,High School,Single,27,110000,45443,55567,65753,65379,65467,64596,15567,15753,5379,5467,4596,40000,50000,60000,60000,60000,0
Male,University,Married,25,50000,26339,27699,28513,29341,29928,29533,1800,1565,1393,980,994,25899,26948,27948,28948,28539,0
Male,University,Single,26,70000,65329,64584,63600,60540,26890,18923,3000,4000,2000,4030,0,61584,59600,58540,22860,18923,0
Male,University,Single,25,80000,77901,79605,79207,0,0,0,3600,2407,0,0,0,76005,76800,0,0,0,0
Male,Graduate,Single,25,50000,13886,14958,15726,1148,0,0,3000,5000,1148,0,0,11958,10726,0,0,0,0
Male,Graduate,Single,27,60000,20567,11937,1536,59038,54586,56375,4000,1536,59038,1300,3000,7937,0,0,53286,53375,0
Male,University,Married,28,100000,74269,59948,56323,48985,23894,23402,2812,2081,2077,1003,1015,57136,54242,46908,22891,22387,0
Male,Graduate,Single,27,50000,17468,48675,36287,30691,29901,49293,32400,4000,1200,0,20000,16275,32287,29491,29901,29293,0
Male,Graduate,Married,28,180000,187205,182435,131327,131288,100116,86644,5,0,7326,4124,8693,182430,131327,123962,95992,77951,0
Male,Graduate,Single,27,250000,73,2244,3119,1860,10094,4896,2265,3119,1943,10094,2896,-21,0,-83,0,2000,0
Male,University,Single,27,140000,24048,1999,109104,110336,67197,67910,2014,110330,5012,5000,3000,-15,-1226,105324,62197,64910,0
Male,Graduate,Single,28,200000,6905,8674,6449,14392,14792,8016,4628,6454,14392,600,164,4046,-5,0,14192,7852,0
Male,Graduate,Single,29,70000,32938,33635,35287,36002,37096,37999,1548,2200,1600,2000,1500,32087,33087,34402,35096,36499,0
Male,University,Single,28,160000,7169,581,0,972,-1,-1,581,0,972,1,0,0,0,0,-2,-1,0
Male,Graduate,Single,28,50000,0,0,16248,17105,16842,21842,0,16248,1600,337,5000,0,0,15505,16505,16842,0
Male,University,Single,28,30000,26026,27300,26577,28120,29659,30394,2000,0,2000,2000,1200,25300,26577,26120,27659,29194,0
Male,Graduate,Single,28,110000,102282,104196,105922,108820,66883,68083,5200,5000,5000,2100,2000,98996,100922,103820,64783,66083,0
Male,Graduate,Single,27,180000,20793,18795,23194,44070,39003,26424,10053,12057,30035,863,72,8742,11137,14035,38140,26352,0
Male,Graduate,Single,28,150000,24942,83333,75249,61949,67280,64374,80284,6254,6119,33333,4374,3049,68995,55830,33947,60000,0
Male,University,Single,28,110000,111425,95724,97712,99687,100937,103138,4300,4422,4493,3800,3975,91424,93290,95194,97137,99163,0
Male,Graduate,Single,27,90000,84404,86109,92140,88296,88357,85506,3100,8100,0,3200,3000,83009,84040,88296,85157,82506,0
Male,Graduate,Single,28,110000,107800,105820,104780,98139,72176,74011,4000,4000,4100,3000,3000,101820,100780,94039,69176,71011,0
Male,University,Single,28,40000,3333,-167,-5187,-187,-187,113,167,4982,5000,0,3335,-334,-10169,-5187,-187,-3222,0
Male,Other,Married,37,130000,1390,2196,7533,4656,840,390,2196,7533,4689,840,390,0,0,-33,0,0,0
Male,Graduate,Single,28,40000,38941,39039,24501,15143,15731,9728,2002,1607,1580,2500,1500,37037,22894,13563,13231,8228,0
Male,Graduate,Single,27,180000,10070,11392,14688,14040,13440,13440,1500,3500,0,0,0,9892,11188,14040,13440,13440,0
Male,University,Single,28,210000,209479,211302,-4244,205759,151849,150221,10000,2572,213509,6022,5817,201302,-6816,-7750,145827,144404,1
Male,Other,Single,28,200000,1707,1106,2628,7502,38584,16990,1109,2807,26316,50108,85,-3,-179,-18814,-11524,16905,0
Male,University,Single,28,260000,251829,234867,237497,215343,205576,207688,10000,10500,9150,7500,8000,224867,226997,206193,198076,199688,0
Male,University,Single,25,20000,769,1011,628,2198,365,-34,1500,700,2500,0,0,-489,-72,-302,365,-34,0
Male,University,Married,29,150000,14075,0,0,0,0,0,0,0,0,0,0,0,0,0,0,0,0
Male,University,Single,26,250000,123148,135439,42090,61558,80894,93938,15447,12004,21558,20894,15000,119992,30086,40000,60000,78938,0
Male,Graduate,Single,27,80000,74640,72565,63342,51529,41484,34097,20024,10000,4000,2000,3000,52541,53342,47529,39484,31097,0
Male,University,Single,24,30000,14597,15614,18246,17660,17768,18151,1568,3200,0,700,670,14046,15046,17660,17068,17481,1
Male,High School,Married,27,20000,-2000,780,0,-1000,0,1222,2780,2000,1000,1000,1222,-2000,-2000,-2000,-1000,0,0
Male,University,Married,29,50000,23451,22781,24108,25203,26681,26117,0,2000,1800,2200,0,22781,22108,23403,24481,26117,1
Male,Graduate,Single,29,460000,428369,436349,449078,457587,240651,245605,16833,21000,20000,8000,8000,419516,428078,437587,232651,237605,0
Male,University,Married,30,340000,326,7132,16684,25749,30085,30406,7132,10000,10000,5000,1007,0,6684,15749,25085,29399,0
Male,University,Single,23,10000,4304,5324,6509,7313,6469,6988,1100,1279,1083,500,1000,4224,5230,6230,5969,5988,0
Male,University,Single,24,50000,11772,13014,11199,12693,10764,10031,1469,1600,2000,0,350,11545,9599,10693,10764,9681,0
Male,University,Single,24,110000,74349,70338,71796,73253,74138,75691,3101,3187,3244,2700,2748,67237,68609,70009,71438,72943,0
Male,University,Single,22,50000,45614,50781,45429,28927,19896,19475,5991,41,1617,816,1003,44790,45388,27310,19080,18472,0
Male,Graduate,Single,27,100000,194,678,1032,516,998,482,1000,1032,0,998,0,-322,0,516,0,482,1
Male,Graduate,Single,27,80000,400,600,600,100,900,2934,600,600,100,900,2934,0,0,0,0,0,0
Male,University,Single,28,500000,33758,33048,45422,46483,39598,40622,1626,13000,2100,37000,1234,31422,32422,44383,2598,39388,0
Male,Graduate,Single,28,360000,0,0,0,0,0,0,0,0,0,0,0,0,0,0,0,0,0
Male,University,Married,29,280000,-650,-650,2057,650,3072,3330,0,2707,3,3072,3330,-650,-650,647,0,0,0
Male,University,Married,29,300000,8857,8102,12214,27299,0,0,3000,5000,21312,0,0,5102,7214,5987,0,0,0
Male,High School,Single,27,20000,390,0,780,0,0,0,0,780,0,0,0,0,0,0,0,0,0
Male,Other,Single,28,460000,1358,55022,50394,3917,1695,22231,55071,1263,3934,1702,22238,-49,49131,-17,-7,-7,0
Male,Graduate,Single,28,500000,92442,96905,111219,251573,300336,269964,7036,20042,150122,75182,11486,89869,91177,101451,225154,258478,0
Male,Graduate,Single,27,500000,252881,224633,486367,616836,250600,296217,30032,271636,30876,60044,50539,194601,214731,585960,190556,245678,0
Male,Graduate,Single,28,360000,9179,10977,14190,16328,17383,17194,10977,8500,4000,1700,371,0,5690,12328,15683,16823,0
Male,University,Single,27,50000,3043,2432,3754,11985,19332,0,2446,3754,12053,19332,0,-14,0,-68,0,0,0
Male,Graduate,Single,29,30000,27720,0,0,22015,22649,24583,0,0,22015,1000,2300,0,0,0,21649,22283,0
Male,Graduate,Single,29,140000,0,0,0,0,0,0,0,0,0,0,0,0,0,0,0,0,0
Male,Graduate,Single,29,50000,759,360,360,360,360,360,360,360,360,360,360,0,0,0,0,0,0
Male,Graduate,Single,29,20000,22819,19296,20183,20036,19965,20061,1700,2000,1600,1000,1500,17596,18183,18436,18965,18561,0
Male,High School,Married,29,20000,14171,11136,20649,-1001,-1,-1,2000,10000,0,1000,0,9136,10649,-1001,-1001,-1,0
Male,University,Single,27,80000,58324,56789,58276,60102,61423,72197,0,2400,3000,2500,11576,56789,55876,57102,58923,60621,1
Male,University,Married,28,230000,231357,233543,99033,237008,184695,185116,10000,7000,237008,6488,6605,223543,92033,0,178207,178511,0
Male,University,Single,27,110000,107339,109029,106974,97327,60454,59062,3873,5051,3645,1984,3000,105156,101923,93682,58470,56062,0
Male,University,Single,27,90000,64497,49929,41498,36492,24636,5298,2297,2406,1400,493,106,47632,39092,35092,24143,5192,0
Male,Graduate,Single,28,200000,833,932,662,311,355,1266,932,0,0,355,1200,0,662,311,0,66,0
Male,Graduate,Single,25,60000,55656,58740,59257,56229,46624,36594,4041,2227,14682,1634,2024,54699,57030,41547,44990,34570,0
Male,University,Single,29,50000,38916,37990,42382,43190,42198,46572,0,5000,1800,0,5232,37990,37382,41390,42198,41340,1
Male,Graduate,Single,29,130000,78337,81029,83032,83362,84592,86027,4000,4200,2912,2500,2300,77029,78832,80450,82092,83727,0
Male,University,Married,29,260000,30903,1520,1593,149,1959,1255,1200,1758,152,1960,1255,320,-165,-3,-1,0,0
Female,Other,Single,29,180000,0,0,0,0,0,2150,0,0,0,0,2150,0,0,0,0,0,1
Male,University,Single,29,240000,90440,92433,94548,96375,98453,100549,3500,3600,3500,3500,3500,88933,90948,92875,94953,97049,0
Male,Other,Single,28,150000,15855,27241,20818,9864,3957,2205,18056,4065,1058,3976,2216,9185,16753,8806,-19,-11,0
Male,Graduate,Single,28,260000,825,650,825,644,819,1294,650,1000,644,1000,1300,0,-175,0,-181,-6,0
Male,Graduate,Single,29,100000,711,1141,210,780,390,930,1000,780,1930,0,930,141,-570,-1150,390,0,1
Male,University,Single,29,50000,13778,15837,16285,17009,18223,18778,2600,1000,1300,1500,1000,13237,15285,15709,16723,17778,0
Male,Graduate,Single,27,150000,149340,152460,141196,105802,106478,107096,10000,6040,5750,3000,5000,142460,135156,100052,103478,102096,0
Male,Graduate,Single,27,40000,33077,34055,32644,29645,22930,0,1554,3071,1384,1047,0,32501,29573,28261,21883,0,0
Male,University,Single,24,20000,17172,18179,19061,20182,19982,19482,1597,1479,1600,400,0,16582,17582,18582,19582,19482,0
Male,Graduate,Single,28,30000,29234,29383,29851,29978,29378,29230,2000,2000,2000,1200,1500,27383,27851,27978,28178,27730,0
Male,Graduate,Single,28,280000,10296,1820,0,5970,8628,2036,3543,1195,5970,8628,2306,-1723,-1195,0,0,-270,0
Male,Graduate,Single,29,430000,402396,384100,375827,330644,353036,355121,14000,13400,30696,53036,12752,370100,362427,299948,300000,342369,0
Male,University,Single,29,70000,17103,18312,19516,20685,22142,23340,1500,1500,1500,1800,1700,16812,18016,19185,20342,21640,1
Male,High School,Single,29,30000,27904,28547,29398,29864,30115,15818,1500,1700,1500,1010,1000,27047,27698,28364,29105,14818,0
Male,University,Single,27,30000,7956,10529,28870,29391,29724,30400,5000,28872,1500,1000,1078,5529,-2,27891,28724,29322,0
Male,Graduate,Single,29,80000,2170,17562,17709,15631,13402,13197,17568,3015,2008,1009,2005,-6,14694,13623,12393,11192,0
Male,Graduate,Single,27,50000,47189,48182,49479,49704,19380,18653,1778,2075,1300,700,677,46404,47404,48404,18680,17976,0
Male,Graduate,Single,27,230000,24874,19500,11717,7540,9941,6113,2000,2000,3540,5000,3113,17500,9717,4000,4941,3000,0
Male,Graduate,Single,29,230000,41154,44121,43286,39215,39814,40437,4000,2500,0,3000,3000,40121,40786,39215,36814,37437,0
Male,University,Single,29,110000,55700,58362,56598,51908,48647,47862,5000,2500,0,2000,2000,53362,54098,51908,46647,45862,1
Male,University,Single,29,200000,2500,2500,2500,2500,2500,2500,0,0,0,0,0,2500,2500,2500,2500,2500,1
Male,Graduate,Single,28,50000,44619,44645,44841,44950,44577,44816,2150,2300,2250,1700,2000,42495,42541,42700,42877,42816,0
Male,Graduate,Single,28,60000,30567,31274,34455,35094,34233,36521,1519,3700,1500,0,3000,29755,30755,33594,34233,33521,0
Male,Other,Single,28,20000,780,1180,0,410,0,-2000,1180,0,410,1000,2000,0,0,0,-1000,-4000,0
Male,University,Single,29,320000,172655,168256,165530,161152,158468,145399,10000,10000,10000,10000,20000,158256,155530,151152,148468,125399,0
Male,Graduate,Single,28,220000,150544,155328,156136,158416,161212,156790,12000,6000,6000,6000,6000,143328,150136,152416,155212,150790,0
Male,Graduate,Single,29,470000,215666,209106,207970,212373,193628,184908,7395,8037,9048,10000,6115,201711,199933,203325,183628,178793,0
Male,Graduate,Single,29,60000,11976,13462,15231,16966,17878,19085,2000,2000,2000,1500,1500,11462,13231,14966,16378,17585,0
Male,University,Married,29,330000,25131,16610,17586,12580,16254,8213,1200,1157,1331,4005,299,15410,16429,11249,12249,7914,0
Male,University,Single,28,110000,109241,111541,113676,114223,110876,107710,5600,5400,4000,0,4000,105941,108276,110223,110876,103710,1
Male,University,Married,29,80000,12237,11756,11281,12785,12283,13184,0,0,2000,0,1100,11756,11281,10785,12283,12084,1
Male,Graduate,Single,30,290000,243992,241283,243722,235297,243312,242827,11091,12000,9000,12000,11000,230192,231722,226297,231312,231827,0
Male,University,Single,22,20000,2400,2400,2400,2400,2400,2400,0,0,0,0,0,2400,2400,2400,2400,2400,1
Male,Graduate,Single,28,30000,9799,10056,9815,7576,5746,3900,2350,2000,0,144,128,7706,7815,7576,5602,3772,0
Male,High School,Single,27,80000,58323,60741,62813,65151,66568,70168,4000,3662,4000,2500,4509,56741,59151,61151,64068,65659,0
Male,University,Married,28,50000,28249,19304,5742,0,-30481,58,1196,2000,8,0,40058,18108,3742,-8,-30481,-40000,1
Male,University,Single,28,150000,88609,4635,2160,-2,-2,-2,4660,2166,0,0,0,-25,-6,-2,-2,-2,0
Male,High School,Single,28,20000,18534,17944,20199,19492,19888,14087,0,2860,0,549,441,17944,17339,19492,19339,13646,0
Male,University,Single,24,140000,103884,105697,101636,97298,77081,72592,4000,4000,3800,3000,3300,101697,97636,93498,74081,69292,0
Male,Graduate,Single,30,260000,182329,181133,177351,175130,182154,188264,10000,10000,10000,10000,10000,171133,167351,165130,172154,178264,0
Male,University,Single,30,120000,2494,1991,1497,998,697,-103,1997,1506,1001,699,0,-6,-9,-3,-2,-103,0
Male,University,Married,30,110000,35283,26000,9000,63853,59308,60576,1500,1500,63853,1500,2062,24500,7500,0,57808,58514,0
Male,Graduate,Single,30,140000,132970,136435,138696,139673,141573,140474,6334,6600,5500,4821,5188,130101,132096,134173,136752,135286,0
Male,Graduate,Single,27,100000,108762,101941,99264,90972,100306,100536,25,4902,4118,30018,5060,101916,94362,86854,70288,95476,0
Male,Graduate,Single,30,360000,9939,14212,44803,118712,34244,21269,14226,46012,129567,685,425,-14,-1209,-10855,33559,20844,0
Male,University,Married,30,70000,68671,60808,62648,46342,46904,48558,2500,3182,1800,1300,2000,58308,59466,44542,45604,46558,0
Male,Graduate,Married,30,210000,129890,135229,106382,79423,78981,81884,12112,4513,3400,5000,5000,123117,101869,76023,73981,76884,0
Male,University,Single,30,200000,15140,18028,16456,15370,14966,16230,18044,16474,15392,14972,16240,-16,-18,-22,-6,-10,0
Male,University,Single,28,200000,162439,92626,73816,79033,79539,80584,4000,3000,6500,3013,5000,88626,70816,72533,76526,75584,0
Male,Graduate,Single,28,160000,157921,144659,154012,151403,115731,113635,6000,25409,30000,5000,5000,138659,128603,121403,110731,108635,0
Male,Graduate,Single,31,120000,-190,-620,-1050,-1910,240,1010,0,0,0,2150,1200,-620,-1050,-1910,-1910,-190,1
Male,University,Single,32,180000,173179,168499,170856,177544,172432,173940,0,7326,10000,7000,8000,168499,163530,167544,165432,165940,0
Male,University,Single,29,240000,210522,224877,208870,107964,227939,232618,20000,8403,4978,220000,8638,204877,200467,102986,7939,223980,0
Male,University,Single,27,120000,113556,114844,117777,119086,70013,102991,4200,4773,3776,3200,1882,110644,113004,115310,66813,101109,1
Male,University,Single,28,200000,99216,100142,34162,712,712,862,5300,3000,8712,712,862,94842,31162,-8000,0,0,0
Male,Graduate,Married,30,280000,166037,166291,162992,134154,161057,167490,12126,39102,5000,30000,10000,154165,123890,129154,131057,157490,0
Male,High School,Married,30,20000,16925,12216,1179,1536,-301,-301,1000,1179,1536,0,0,11216,0,0,-301,-301,1
Male,University,Married,30,20000,17005,15451,18067,17469,19905,19763,0,2874,0,2712,1566,15451,15193,17469,17193,18197,1
Male,University,Single,29,260000,8832,1528,0,0,5987,5837,15,0,0,5987,0,1513,0,0,0,5837,1
Male,University,Single,29,220000,326,326,326,326,326,322,326,326,326,326,322,0,0,0,0,0,0
Male,University,Married,30,30000,5678,20762,2462,13019,4679,0,20774,2476,13263,4793,0,-12,-14,-244,-114,0,0
Male,University,Married,29,80000,80832,40283,317,401,34985,37004,2000,450,500,35000,3000,38283,-133,-99,-15,34004,0
Male,University,Single,30,80000,66995,67794,69607,70864,71902,73407,2500,3500,3000,2800,2800,65294,66107,67864,69102,70607,1
Male,Graduate,Single,30,140000,1800,1885,4158,2021,-372,628,1885,4158,0,0,2000,0,0,2021,-372,-1372,0
Male,High School,Married,30,220000,780,390,0,780,0,780,390,0,780,0,780,0,0,0,0,0,1
Male,Graduate,Single,30,110000,57040,51123,47251,46630,52889,53907,5000,4000,4000,10000,5000,46123,43251,42630,42889,48907,0
Male,University,Married,31,240000,168376,172809,176012,179175,180809,184383,7648,7900,8000,6500,6900,165161,168112,171175,174309,177483,0
Male,Graduate,Single,28,170000,145584,125746,127407,146833,64268,58970,6500,5609,70000,2700,2200,119246,121798,76833,61568,56770,0
Male,Graduate,Married,31,210000,140994,140224,141553,143811,144587,146802,5100,5201,5160,5200,5300,135124,136352,138651,139387,141502,0
Male,Graduate,Single,29,300000,1898,2570,4576,3567,2180,644,2572,4599,3585,2180,644,-2,-23,-18,0,0,1
Male,High School,Single,26,190000,124896,100078,102801,98753,98727,99484,4633,8858,12,3588,3543,95445,93943,98741,95139,95941,0
Male,High School,Single,27,200000,4484,192047,191248,191678,182676,181568,195316,7019,7493,5275,5786,-3269,184229,184185,177401,175782,0
Male,University,Single,25,150000,141242,71740,146608,148658,135768,138681,4000,77000,6000,5000,5100,67740,69608,142658,130768,133581,0
Male,University,Single,23,50000,16252,17275,18392,19170,20555,20102,1600,1700,1400,1689,0,15675,16692,17770,18866,20102,0
Male,Graduate,Single,24,10000,-2,-391,-781,9211,9422,8853,0,0,10500,500,500,-391,-781,-1289,8922,8353,0
Male,Graduate,Single,31,70000,25856,13737,7716,25732,46671,26516,13737,7716,25740,46684,26516,0,0,-8,-13,0,0
Male,Graduate,Single,30,470000,9884,3285,5103,9258,4305,10001,3301,5127,9304,4326,10051,-16,-24,-46,-21,-50,0
Male,Graduate,Single,28,250000,4003,2527,1652,7734,3337,7866,2549,1715,8042,4023,9167,-22,-63,-308,-686,-1301,0
Male,High School,Single,28,70000,71199,49042,47087,28596,4465,3204,2507,3024,2122,0,0,46535,44063,26474,4465,3204,0
Male,Graduate,Single,28,80000,0,47,207,0,0,0,47,207,0,0,0,0,0,0,0,0,0
Male,Graduate,Single,29,270000,1576,199973,192008,166364,141918,141984,199973,8000,7800,5000,5500,0,184008,158564,136918,136484,0
Male,High School,Other,27,180000,349,1257,1097,243,323,155,1260,1104,243,323,155,-3,-7,0,0,0,1
Male,Graduate,Single,29,230000,481,12381,0,0,0,376,12381,0,0,0,376,0,0,0,0,0,0
Male,High School,Single,30,80000,79629,78010,5976,5812,4788,3758,1691,1106,1060,154,147,76319,4870,4752,4634,3611,1
Male,University,Single,30,290000,792,264,264,264,260,4738,264,0,0,260,4746,0,264,264,0,-8,0
Male,Graduate,Single,30,230000,33400,36348,36163,32653,30821,29827,36348,3010,20000,1200,2000,0,33153,12653,29621,27827,0
Male,University,Married,31,130000,132242,117873,120889,118293,121312,121162,5000,5000,5000,5000,5000,112873,115889,113293,116312,116162,0
Male,University,Single,32,500000,331751,254846,162969,142735,76989,106476,10558,7410,3068,94,106476,244288,155559,139667,76895,0,0
Male,Graduate,Single,32,580000,49193,46367,38111,33497,26800,22202,11686,8348,6593,7197,10097,34681,29763,26904,19603,12105,0
Male,University,Single,30,180000,42198,43192,47493,48401,50096,51238,2000,5000,2000,2500,2100,41192,42493,46401,47596,49138,0
Male,Graduate,Single,31,460000,4533,9023,8317,12338,12744,12397,5002,1,5002,1001,3,4021,8316,7336,11743,12394,0
Male,University,Married,30,70000,72576,70775,68184,67172,50596,48876,0,3047,2849,1800,2000,70775,65137,64323,48796,46876,1
Male,Graduate,Single,32,310000,217464,217951,222465,142935,147857,150442,8500,9100,5200,7300,7000,209451,213365,137735,140557,143442,0
Male,Graduate,Single,30,50000,49233,48146,50029,50921,48809,49639,0,3000,5000,0,1815,48146,47029,45921,48809,47824,1
Male,University,Single,32,200000,88808,86484,92504,90120,93629,96980,0,7421,0,5000,5000,86484,85083,90120,88629,91980,1
Male,Graduate,Single,31,300000,4370,0,0,0,0,0,0,0,0,0,0,0,0,0,0,0,0
Male,Graduate,Single,31,110000,7300,593,11801,11312,11312,11312,593,11801,11312,0,0,0,0,0,11312,11312,0
Male,Graduate,Single,27,50000,-45,559,163,267,-129,325,1000,0,500,0,1000,-441,163,-233,-129,-675,1
Male,High School,Married,31,360000,0,392,827,136198,138722,141629,392,827,137101,5000,5119,0,0,-903,133722,136510,0
Male,University,Single,31,220000,38386,40726,38597,0,0,0,3000,1000,0,0,0,37726,37597,0,0,0,0
Male,Graduate,Single,31,190000,104503,106773,114791,106414,96980,90700,4000,9844,3283,24,3297,102773,104947,103131,96956,87403,0
Male,High School,Single,23,20000,18337,19317,19645,19935,0,0,1602,1710,1000,0,0,17715,17935,18935,0,0,1
Male,Graduate,Single,31,80000,6887,171,1125,1613,0,4811,171,1125,1613,0,4811,0,0,0,0,0,0
Male,Graduate,Single,29,50000,51234,51227,50936,49823,50990,50998,2300,2100,2000,2000,2100,48927,48836,47823,48990,48898,0
Male,University,Single,30,50000,13745,-4338,46881,47832,46783,47890,125,52000,2000,0,2000,-4463,-5119,45832,46783,45890,0
Male,University,Single,31,360000,34831,29791,19013,17929,20759,3436,5059,1383,2000,3030,2009,24732,17630,15929,17729,1427,0
Male,Graduate,Single,30,90000,40768,41789,42913,44388,45348,48454,2000,2100,2500,2000,4000,39789,40813,41888,43348,44454,0
Male,High School,Single,30,200000,0,680,1100,1500,1402,0,680,1100,1500,1402,0,0,0,0,0,0,0
Male,University,Single,30,410000,7011,9173,7259,8430,5130,5064,9222,8036,8542,5155,5089,-49,-777,-112,-25,-25,0
Male,Graduate,Single,31,330000,165042,163406,137664,3381,40635,40490,9000,7558,5000,42054,3000,154406,130106,-1619,-1419,37490,0
Male,Graduate,Single,30,100000,96846,98364,21255,0,0,0,5055,1049,0,0,0,93309,20206,0,0,0,0
Male,University,Married,31,200000,6961,3848,4581,610,0,0,3853,4581,612,0,0,-5,0,-2,0,0,0
Male,University,Married,30,110000,47755,15484,-41,0,67942,53947,1525,0,41,109332,2400,13959,-41,-41,-41390,51547,0
Male,Graduate,Single,31,90000,33868,34614,33776,34767,35504,36249,1600,0,1563,1300,1300,33014,33776,33204,34204,34949,1
Male,University,Single,30,320000,26310,28236,29368,160578,129187,124967,2728,2240,160578,4600,5000,25508,27128,0,124587,119967,0
Male,Graduate,Single,30,70000,832,416,832,416,416,1132,0,832,0,416,1132,416,0,416,0,0,0
Male,University,Single,30,220000,91210,91093,76832,66879,55495,43369,4000,3000,2271,2009,1469,87093,73832,64608,53486,41900,0
Male,Graduate,Single,32,180000,220901,207382,201883,196524,192243,186537,0,7820,7000,7000,5000,207382,194063,189524,185243,181537,1
Male,Graduate,Single,31,180000,12805,11784,13589,15301,3169,5106,2000,2000,2000,1000,2000,9784,11589,13301,2169,3106,0
Male,University,Single,31,240000,231467,231619,234261,231597,42209,26348,8500,9358,5104,864,527,223119,224903,226493,41345,25821,1
Male,University,Single,30,140000,70568,58294,59571,60793,62797,64298,2100,2200,2200,3000,2500,56194,57371,58593,59797,61798,1
Male,University,Single,30,280000,106907,110550,113877,115223,116930,112607,6900,6600,4700,5100,0,103650,107277,110523,111830,112607,0
Male,Graduate,Married,31,30000,14107,14779,14252,16205,15647,17091,1200,0,2200,0,1700,13579,14252,14005,15647,15391,1
Male,University,Single,31,20000,5380,0,184,184,5932,7725,0,184,0,5924,2000,0,0,184,8,5725,0
Male,Graduate,Single,29,80000,58246,61650,0,0,0,0,5000,0,0,0,0,56650,0,0,0,0,0
Male,University,Single,30,230000,171861,157389,161622,162501,163329,161560,10000,10000,8000,10000,7000,147389,151622,154501,153329,154560,0
Male,University,Married,30,200000,143266,113676,116355,117802,116296,60792,6000,6000,5000,6000,3000,107676,110355,112802,110296,57792,1
Male,Graduate,Single,29,520000,464541,388685,280101,184081,108330,89199,15521,10423,7215,4012,3017,373164,269678,176866,104318,86182,0
Male,University,Single,29,400000,237425,242225,246475,252429,257510,262931,8600,8000,9000,8200,8500,233625,238475,243429,249310,254431,1
Male,University,Single,25,30000,836,836,836,390,390,390,836,836,390,390,390,0,0,0,0,0,0
Male,Graduate,Single,31,370000,35605,39837,41576,44178,47838,54341,5000,3000,5000,5000,8000,34837,38576,39178,42838,46341,0
Male,University,Married,31,150000,500,15338,0,0,650,1430,15338,0,0,650,1430,0,0,0,0,0,0
Male,University,Single,26,80000,27897,24833,23331,21964,19664,2544,0,1527,1500,540,2544,24833,21804,20464,19124,0,1
Male,High School,Single,26,430000,438795,438691,437284,435832,345499,228818,18000,18000,16570,11803,10563,420691,419284,419262,333696,218255,0
Male,University,Single,24,20000,19498,13056,14092,10474,11198,12198,2000,1254,1000,724,1000,11056,12838,9474,10474,11198,1
Male,University,Single,27,50000,49321,47912,39421,40165,41198,43766,1700,2000,1700,1700,3400,46212,37421,38465,39498,40366,0
Male,University,Single,24,60000,48945,52362,51255,52119,52866,53969,4549,0,2313,2044,2110,47813,51255,49806,50822,51859,1
Male,Graduate,Single,28,360000,2988,2766,2766,2766,3373,5042,2766,2766,2766,3373,5042,0,0,0,0,0,0
Male,Graduate,Single,31,280000,-1,-1,-1,-1,-1,219,0,0,82150,0,220,-1,-1,-82151,-1,-1,0
Male,University,Married,29,360000,18454,16419,12932,91329,82929,70047,6028,6032,99578,2507,5376,10391,6900,-8249,80422,64671,0
Male,Graduate,Married,32,420000,60825,45060,25056,24751,24984,24983,1407,1407,1332,963,877,43653,23649,23419,24021,24106,0
Male,Graduate,Single,31,320000,4445,4959,4000,3992,1590,-10,4984,4121,4012,1598,0,-25,-121,-20,-8,-10,0
Male,University,Married,31,90000,5287,7525,10360,0,0,0,2500,3000,0,0,0,5025,7360,0,0,0,0
Male,Graduate,Single,33,360000,5484,4307,12004,21810,13807,2960,4317,12006,21810,0,2960,-10,-2,0,13807,0,1
Male,University,Single,30,70000,68668,65750,67879,69161,68264,61757,2347,3182,3144,2600,2360,63403,64697,66017,65664,59397,0
Male,University,Single,26,50000,46008,3756,195,4226,8956,9361,1007,1000,4226,5000,700,2749,-805,0,3956,8661,0
Male,High School,Married,30,200000,141785,144933,148103,148137,151505,154728,7000,7000,4000,4000,4000,137933,141103,144137,147505,150728,0
Male,Graduate,Single,31,250000,0,0,7066,0,0,0,0,7066,145,0,0,0,0,-145,0,0,0
Male,Graduate,Single,33,150000,1340,1805,4290,-10,1999,10559,1815,4354,0,2009,10610,-10,-64,-10,-10,-51,0
Male,University,Married,33,350000,694,10436,10857,12688,6344,5376,10524,10916,12745,6344,22,-88,-59,-57,0,5354,0
Male,University,Married,32,30000,28729,28305,16084,4432,24621,25073,2000,2000,2000,26100,1000,26305,14084,2432,-1479,24073,0
Male,Graduate,Single,30,200000,173639,176605,179754,182763,184570,184091,7310,7459,7468,6275,3000,169295,172295,175295,178295,181091,0
Male,Graduate,Single,32,200000,78284,10532,0,0,0,0,5005,0,0,0,0,5527,0,0,0,0,0
Male,University,Single,29,150000,102802,112174,6263,6824,10824,14631,12186,6263,6824,10000,10000,99988,0,0,824,4631,0
Male,Graduate,Single,30,190000,138429,141192,144484,148760,48776,49853,4555,5058,6489,1602,1716,136637,139426,142271,47174,48137,0
Male,University,Single,30,340000,20865,2611,3255,57920,23207,22659,2000,3255,57920,22659,2000,611,0,0,548,20659,0
Male,Graduate,Single,31,360000,0,951,3760,752,0,0,951,3760,752,0,0,0,0,0,0,0,0
Male,Graduate,Single,30,280000,17913,380,5118,380,380,380,380,5118,380,380,380,0,0,0,0,0,0
Male,University,Single,47,30000,29119,29827,29583,29166,29066,29008,1500,2019,1400,600,580,28327,27564,27766,28466,28428,0
Male,High School,Married,35,300000,0,0,0,0,0,0,0,0,0,0,0,0,0,0,0,0,0
Male,Other,Single,37,220000,217638,213843,211233,194579,96213,27540,7506,23007,7991,4191,719,206337,188226,186588,92022,26821,0
Male,High School,Married,41,80000,81070,63610,58099,52599,52519,46945,2385,5028,21595,5541,1507,61225,53071,31004,46978,45438,0
Male,University,Married,40,30000,20801,23534,22875,24155,23739,22124,3400,0,2000,1500,900,20134,22875,22155,22239,21224,1
Male,University,Married,37,40000,9608,12127,11647,13138,14903,17664,3000,0,2000,2000,3000,9127,11647,11138,12903,14664,0
Male,University,Single,29,200000,145090,151564,115836,122359,122588,119266,12000,0,10000,5000,0,139564,115836,112359,117588,119266,0
Male,University,Single,30,200000,83149,94976,106808,115702,122236,134013,13550,13590,12356,12500,14013,81426,93218,103346,109736,120000,0
Male,Graduate,Single,29,110000,750,71015,72517,72537,55600,72442,71022,5000,5000,5000,22000,-7,67517,67537,50600,50442,0
Male,Graduate,Single,31,100000,93975,95030,96611,97947,95602,77323,3500,4000,4005,600,2400,91530,92611,93942,95002,74923,1
Male,University,Married,34,20000,390,18864,19499,19780,780,0,18864,1329,1000,0,0,0,18170,18780,780,0,1
Male,High School,Married,46,120000,104153,98955,96298,90570,89442,92756,4500,4400,4040,3100,6600,94455,91898,86530,86342,86156,0
Male,University,Married,37,280000,85029,71353,67680,65173,62564,59638,2625,2497,2914,1921,2001,68728,65183,62259,60643,57637,0
Male,University,Single,30,280000,29161,14908,237367,233819,198890,189064,1282,233836,6935,5931,19157,13626,3531,226884,192959,169907,0
Male,University,Single,42,300000,0,159,803,486,-712,-1037,159,803,8,387,0,0,0,478,-1099,-1037,0
Male,Graduate,Married,43,420000,3542,2967,2977,2987,3624,3165,3010,3035,3029,3637,3222,-43,-58,-42,-13,-57,0
Male,Graduate,Married,41,80000,11688,8739,10926,3355,6127,25675,8739,10926,3362,6127,25675,0,0,-7,0,0,0
Male,Graduate,Married,49,360000,1050,390,390,750,930,540,390,390,750,930,150,0,0,0,0,390,1
Male,Other,Married,37,260000,9801,11115,11930,12954,14246,15733,1485,1300,1229,1521,1728,9630,10630,11725,12725,14005,0
Male,University,Married,32,260000,5227,10100,14909,19623,20012,20466,5000,5000,5000,716,776,5100,9909,14623,19296,19690,0
Male,University,Single,32,110000,64651,65920,67290,68652,69552,71008,2941,3026,3076,2638,2728,62979,64264,65576,66914,68280,0
Male,University,Married,32,400000,271974,337765,138235,136102,33340,63684,100000,10007,3601,22000,35802,237765,128228,132501,11340,27882,0
Male,High School,Married,32,20000,15598,15055,16511,15953,16190,16777,0,2000,0,800,1000,15055,14511,15953,15390,15777,1
Male,Graduate,Married,35,170000,136460,139216,143695,145550,154113,151786,4800,6500,5500,10774,0,134416,137195,140050,143339,151786,0
Male,High School,Married,35,70000,27915,31009,31914,32394,31574,34053,3577,1700,1300,0,3000,27432,30214,31094,31574,31053,0
Male,Graduate,Married,39,210000,840,1665,610,0,0,0,1665,610,0,0,0,0,0,0,0,0,0
Male,University,Married,38,10000,6798,8055,7803,8623,9527,9780,1500,0,1100,1000,504,6555,7803,7523,8527,9276,1
Male,Graduate,Married,48,780000,171459,178587,190663,195124,184872,191090,10000,15004,10000,8000,10028,168587,175659,185124,176872,181062,0
Male,Graduate,Single,35,420000,413076,414013,417086,348345,287150,261219,15048,16078,12638,50700,20014,398965,401008,335707,236450,241205,0
Male,High School,Married,44,280000,295786,305529,311081,313242,151292,152318,15000,10472,11334,10010,6000,290529,300609,301908,141282,146318,0
Male,High School,Single,46,50000,390,170,780,390,780,40418,170,1000,0,780,40418,0,-220,390,0,0,0
Male,High School,Married,49,50000,49206,51097,50011,53469,50337,46903,3000,0,5000,2005,0,48097,50011,48469,48332,46903,1
Male,University,Single,33,60000,32961,31379,31328,30905,30237,28461,1799,3000,1420,2000,1164,29580,28328,29485,28237,27297,0
Male,University,Single,33,20000,18330,17797,18731,19610,18980,38766,1291,1324,1302,672,701,16506,17407,18308,18308,38065,0
Male,University,Married,35,170000,148655,150727,154850,150893,165924,163176,6000,8000,0,19172,0,144727,146850,150893,146752,163176,1
Male,University,Married,48,330000,6051,8346,8952,2732,2732,2732,8387,8996,2745,2745,2745,-41,-44,-13,-13,-13,0
Male,Graduate,Married,37,30000,20829,22689,22043,23367,24983,25437,2500,0,2000,2000,1000,20189,22043,21367,22983,24437,1
Male,Graduate,Married,42,350000,671,671,671,671,671,30727,671,671,671,671,30727,0,0,0,0,0,1
Male,University,Married,49,290000,193650,127336,125088,123694,123518,124246,4126,4304,4000,5000,4100,123210,120784,119694,118518,120146,0
Male,University,Married,49,50000,49943,47585,47582,21391,21867,19774,0,2500,1300,2000,700,47585,45082,20091,19867,19074,1
Male,High School,Single,45,20000,0,390,0,780,0,0,780,0,780,0,0,-390,0,0,0,0,0
Male,University,Married,38,30000,18526,12529,5937,5880,1680,0,1500,5937,5888,1680,0,11029,0,-8,0,0,1
Male,University,Other,37,50000,50239,49642,48381,44113,8522,17948,1799,2060,1014,170,17948,47843,46321,43099,8352,0,0
Male,High School,Single,39,70000,63330,62711,57774,47326,50910,55059,5024,5043,5000,5000,5000,57687,52731,42326,45910,50059,0
Male,Graduate,Married,33,310000,232244,157098,84865,70995,45838,36252,40,3959,2807,2000,3000,157058,80906,68188,43838,33252,0
Male,University,Married,48,220000,2858,1929,10417,9363,7898,5758,1000,10417,1061,525,0,929,0,8302,7373,5758,0
Male,High School,Single,34,360000,686,3821,1937,944,1219,2216,3821,1937,944,1219,2216,0,0,0,0,0,0
Male,Graduate,Married,38,140000,1110,24629,22984,4456,3351,9038,24633,10066,4457,3353,9038,-4,12918,-1,-2,0,0
Male,University,Married,38,200000,102272,104978,105924,102663,97090,98045,5000,4500,0,3500,3500,99978,101424,102663,93590,94545,1
Male,University,Married,42,20000,14310,15665,16706,18214,18626,18196,1600,1600,2100,1000,0,14065,15106,16114,17626,18196,1
Male,University,Married,36,290000,154923,159186,323836,112929,62375,63637,6507,6400,4490,2000,2306,152679,317436,108439,60375,61331,0
Male,University,Married,36,300000,76382,166051,167541,167905,167974,170428,115718,7905,6509,5874,6116,50333,159636,161396,162100,164312,0
Male,University,Married,45,200000,2500,2500,2500,2500,2500,2500,0,0,0,0,0,2500,2500,2500,2500,2500,1
Male,Graduate,Single,32,150000,76215,72149,58228,38495,35807,24871,22365,10000,3993,15838,10000,49784,48228,34502,19969,14871,0
Male,University,Single,39,240000,177795,167091,161691,165177,132478,138979,8576,8200,9009,5000,10500,158515,153491,156168,127478,128479,0
Male,University,Single,32,450000,166295,147549,234421,240020,240016,223545,5771,90000,10517,8801,8265,141778,144421,229503,231215,215280,0
Male,University,Single,32,20000,15121,15424,15468,11082,11303,10768,1700,1488,1172,393,415,13724,13980,9910,10910,10353,0
Male,High School,Married,45,50000,50419,49331,48268,49075,49475,48575,0,0,2000,1000,1000,49331,48268,47075,48475,47575,1
Male,University,Married,33,190000,98814,102174,105230,17907,-93,-483,5000,5361,1000,0,0,97174,99869,16907,-93,-483,1
Male,Graduate,Married,41,390000,250490,248886,204333,201825,199355,197036,9506,8000,7500,7500,7500,239380,196333,194325,191855,189536,0
Male,Graduate,Single,36,90000,91111,81784,97541,90102,78285,70224,9400,27000,3000,2680,52930,72384,70541,87102,75605,17294,0
Male,University,Married,39,120000,93673,95590,101562,94307,89867,81617,4375,8485,524,6004,5,91215,93077,93783,83863,81612,0
Male,Graduate,Single,33,210000,396,396,396,396,1911,396,396,396,396,1911,396,0,0,0,0,0,0
Male,University,Married,41,500000,478623,466444,239921,184874,47774,34617,14000,12800,4300,3063,3600,452444,227121,180574,44711,31017,0
Male,Graduate,Married,40,320000,22155,10853,33968,86024,232017,15622,10908,34151,86466,232242,3199,-55,-183,-442,-225,12423,0
Male,Graduate,Single,39,210000,22861,6437,61813,59024,63483,58991,6536,72037,5015,12000,5000,-99,-10224,54009,51483,53991,0
Male,University,Single,38,90000,89094,83036,86181,86311,66572,68119,3000,4500,3500,2500,3500,80036,81681,82811,64072,64619,1
Male,University,Single,34,100000,-342,-342,-342,-342,1158,2485,0,0,0,1500,1500,-342,-342,-342,-342,985,0
Male,University,Married,37,360000,0,0,0,0,0,0,0,0,0,0,0,0,0,0,0,0,0
Male,University,Other,37,40000,20774,21778,22807,24993,24292,24800,1355,1384,2570,0,899,20423,21423,22423,24292,23901,0
Male,Graduate,Married,41,80000,0,0,0,0,0,0,0,0,0,0,0,0,0,0,0,0,0
Male,Graduate,Single,34,300000,2915,1813,3397,4024,5363,3572,1813,3555,4024,5363,0,0,-158,0,0,3572,0
Male,High School,Married,43,130000,1261,1705,0,1261,13161,390,1705,817,1261,13161,390,0,-817,0,0,0,0
Male,Graduate,Married,41,480000,0,0,0,0,0,0,0,0,0,0,0,0,0,0,0,0,0
Male,University,Married,39,320000,310243,0,189018,131916,258800,96900,0,189018,132846,130400,193800,0,0,-930,128400,-96900,0
Male,High School,Married,37,330000,0,0,0,0,0,0,0,0,0,0,0,0,0,0,0,0,0
Female,Graduate,Single,38,70000,63455,54722,56062,82305,42308,40507,2057,2322,1631,2942,1783,52665,53740,80674,39366,38724,0
Male,University,Single,46,240000,262206,257969,256740,246364,127177,33622,9200,12000,5700,3200,1200,248769,244740,240664,123977,32422,1
Male,High School,Single,32,210000,204157,211065,206043,181945,52712,3574,10059,10120,8256,5000,4036,201006,195923,173689,47712,-462,0
Male,University,Married,47,50000,390,390,780,780,390,390,390,780,390,0,390,0,0,390,390,0,0
Male,Graduate,Married,39,50000,8086,20993,16653,9346,3424,13176,21012,16653,9354,3424,13176,-19,0,-8,0,0,0
Male,University,Married,38,30000,17085,19702,22978,23078,24994,25330,5000,5200,3078,5000,3000,14702,17778,20000,19994,22330,0
Male,University,Married,38,310000,23285,1058,0,1312,4836,11795,1058,142,1312,4836,11795,0,-142,0,0,0,0
Male,Other,Single,40,230000,119730,120912,111819,93007,92122,61583,5000,0,3700,3986,2900,115912,111819,89307,88136,58683,0
Male,University,Married,39,170000,91289,74457,64374,63936,60750,54248,2486,2430,2224,1957,1917,71971,61944,61712,58793,52331,0
Male,University,Married,39,180000,0,0,0,0,0,0,0,0,0,0,0,0,0,0,0,0,0
Male,Graduate,Married,49,330000,5813,65,3775,1590,0,2130,65,3775,1590,0,2130,0,0,0,0,0,0
Male,Graduate,Married,34,170000,53145,52131,45987,35377,29141,21955,2005,2000,1514,1006,1000,50126,43987,33863,28135,20955,0
Male,Graduate,Single,33,160000,101430,103870,106719,107485,108326,110635,5000,6000,4000,4100,4200,98870,100719,103485,104226,106435,0
Male,University,Single,32,50000,15276,19797,19205,18600,19697,20243,4800,0,0,1700,1000,14997,19205,18600,17997,19243,1
Male,University,Single,33,60000,56221,58271,58446,53368,-632,15368,3000,3000,3000,0,16000,55271,55446,50368,-632,-632,0
Male,High School,Married,49,500000,12536,27882,35031,42145,7347,152769,28023,35477,42360,7387,153532,-141,-446,-215,-40,-763,0
Male,Graduate,Married,44,230000,-213,2302,22049,20756,8035,10766,5000,22068,2014,9000,10766,-2698,-19,18742,-965,0,0
Male,Graduate,Married,38,180000,-47,-47,470,0,0,800,0,517,0,0,800,-47,-47,0,0,0,0
Male,Graduate,Married,40,320000,8240,8240,8240,8240,15273,16106,8240,8240,8240,15273,16106,0,0,0,0,0,0
Male,Graduate,Married,39,490000,189460,16769,2310,48409,296319,181627,16405,2324,25053,280695,17398,364,-14,23356,15624,164229,0
Male,Other,Married,43,210000,197743,201949,208690,211925,48724,49743,7500,10000,9085,1744,1804,194449,198690,202840,46980,47939,0
Male,University,Married,33,50000,22384,13538,9199,6879,6753,5440,1320,2000,1284,264,109,12218,7199,5595,6489,5331,1
Male,High School,Married,33,160000,25058,20624,16280,0,0,0,1344,1000,0,0,0,19280,15280,0,0,0,0
Male,Other,Married,41,80000,165578,153033,133017,19164,3272,11766,4351,3520,1000,3272,11766,148682,129497,18164,0,0,1
Male,Graduate,Married,49,220000,1410,580,1386,-14,6160,1307,580,1386,0,6174,1307,0,0,-14,-14,0,0
Male,University,Married,46,20000,7544,7277,8215,9200,10280,16130,0,1215,1200,1280,6000,7277,7000,8000,9000,10130,1
Male,Graduate,Married,49,200000,416,416,416,0,832,416,416,416,0,1248,0,0,0,0,-416,416,0
Male,High School,Married,31,300000,0,0,0,0,0,0,0,0,0,0,0,0,0,0,0,0,1
Male,High School,Married,36,20000,1050,1050,1050,1050,1050,1050,0,0,0,0,0,1050,1050,1050,1050,1050,1
Male,Graduate,Single,32,180000,0,144,-35,-35,-335,-335,144,0,0,0,0,0,-35,-35,-335,-335,0
Male,High School,Single,33,200000,2810,7114,1981,3959,5382,0,7149,2059,3978,5403,0,-35,-78,-19,-21,0,0
Male,University,Married,38,140000,53797,55007,56128,56713,55796,56251,2700,2600,2100,600,1500,52307,53528,54613,55196,54751,1
Male,Graduate,Single,36,150000,5856,2629,99,45,2928,519,4914,99,45,2982,0,-2285,0,0,-54,519,0
Male,Other,Married,40,160000,19978,27563,28350,25186,36100,21707,10000,5002,5000,14400,10000,17563,23348,20186,21700,11707,0
Male,University,Single,32,160000,163695,153009,115096,76037,152837,156042,7000,5400,4082,163107,5668,146009,109696,71955,-10270,150374,0
Male,Graduate,Married,34,200000,466,1242,4006,941,2357,2945,1242,4034,945,2366,2947,0,-28,-4,-9,-2,0
Male,High School,Single,49,20000,19481,18756,-3744,17105,17250,0,0,0,21200,345,0,18756,-3744,-4095,16905,0,1
Male,University,Single,32,260000,3581,-9,-9,1935,999,0,0,0,1944,999,0,-9,-9,-9,0,0,0
Male,University,Single,32,260000,1198,1198,1198,1198,1198,1198,1198,1198,1198,1198,1198,0,0,0,0,0,1
Male,University,Married,42,620000,75509,65572,59306,60479,61467,63159,3500,2500,2500,2300,3000,62072,56806,57979,59167,60159,0
Male,Graduate,Married,37,50000,37603,38672,39949,40225,25517,20655,2000,2200,1400,1000,1000,36672,37749,38825,24517,19655,1
Male,University,Married,32,20000,390,390,390,0,780,0,390,390,0,780,0,0,0,0,0,0,0
Male,University,Single,32,190000,6415,8169,10060,10633,11197,11907,2000,2000,1000,1000,1000,6169,8060,9633,10197,10907,0
Male,University,Married,38,30000,24305,23621,24346,25359,26987,26416,0,1410,1423,2051,0,23621,22936,23936,24936,26416,1
Male,High School,Married,38,160000,6763,1651,3107,4187,2474,192,1651,3107,4187,0,192,0,0,0,2474,0,0
Male,University,Married,40,360000,12663,0,0,2455,6447,0,0,0,2455,6447,0,0,0,0,0,0,0
Male,University,Single,44,20000,19157,20011,18768,1261,390,390,1500,1768,1261,390,390,18511,17000,0,0,0,0
Male,High School,Single,42,150000,49728,47784,47449,47987,48051,48410,5000,6000,3000,1700,2000,42784,41449,44987,46351,46410,0
Male,Graduate,Married,38,400000,1751,7046,2026,8686,8526,4041,7046,2026,8686,8526,4041,0,0,0,0,0,0
Male,High School,Married,43,80000,0,0,0,0,0,2060,0,0,0,0,2060,0,0,0,0,0,0
Male,Graduate,Married,34,260000,-40,-40,-40,8117,-8,-8,0,0,8157,0,0,-40,-40,-40,-8,-8,0
Male,University,Married,38,500000,6178,825,2122,34159,3340,24752,829,2133,34313,17,24875,-4,-11,-154,3323,-123,0
Male,University,Married,34,240000,242805,237854,240535,242770,191520,173461,10000,11000,9248,8005,8000,227854,229535,233522,183515,165461,0
Male,University,Married,37,50000,49444,50621,49326,29584,19665,19799,2306,2155,1086,19001,906,48315,47171,28498,664,18893,0
Male,University,Married,36,10000,9075,8593,9582,8986,9691,9889,2000,1300,1200,1000,1000,6593,8282,7786,8691,8889,0
Male,Graduate,Married,47,50000,0,0,1708,0,0,0,0,1708,0,0,0,0,0,0,0,0,0
Male,University,Married,41,150000,140172,141528,141411,143748,147159,151185,5507,4007,5001,5003,6001,136021,137404,138747,142156,145184,0
Male,Graduate,Married,40,150000,0,1003,1003,35206,36003,16854,1003,1003,35206,2000,18158,0,0,0,34003,-1304,0
Male,High School,Single,30,130000,29344,3268,6186,700,1680,0,1107,3025,707,1680,0,2161,3161,-7,0,0,0
Male,University,Single,37,120000,21786,22126,23763,25059,25641,26228,1000,2000,2000,1000,1000,21126,21763,23059,24641,25228,0
Male,High School,Single,39,50000,39753,40701,41342,41424,41182,41187,2000,2000,2000,1600,2000,38701,39342,39424,39582,39187,1
Male,Graduate,Married,41,160000,63446,63501,65439,66761,67628,68983,1699,2960,3007,2573,2600,61802,62479,63754,65055,66383,0
Male,University,Single,39,70000,120766,55164,41549,31966,31071,30476,4000,2000,1500,1200,1500,51164,39549,30466,29871,28976,1
Male,Graduate,Single,40,380000,245069,251731,257028,266487,269786,265312,12000,10600,15000,9800,10000,239731,246428,251487,259986,255312,0
Male,Graduate,Single,47,280000,2180,251,4250,1000,5507,5348,251,4250,1000,5507,5348,0,0,0,0,0,0
Male,High School,Married,39,50000,51400,0,0,0,0,0,0,0,0,0,0,0,0,0,0,0,1
Male,University,Married,35,30000,8348,9678,12702,12206,12701,13839,1476,3500,0,1000,1500,8202,9202,12206,11701,12339,1
Male,Graduate,Single,37,260000,256,188,188,198,217,1825,188,188,198,217,1825,0,0,0,0,0,0
Male,University,Single,35,210000,131956,134755,139089,140488,143649,146834,5000,6507,5200,5500,5500,129755,132582,135288,138149,141334,0
Male,Graduate,Single,32,320000,1043,0,20012,34438,1082,8807,0,20012,15000,1082,8807,0,0,19438,0,0,0
Male,Graduate,Married,41,480000,76750,103618,127402,7302,5155,10492,30000,30000,9398,5155,4101,73618,97402,-2096,0,6391,0
Male,Graduate,Married,42,80000,45619,46567,47522,48373,47442,50501,2000,2000,2000,0,4000,44567,45522,46373,47442,46501,0
Male,University,Single,43,100000,42529,43526,46628,45578,46486,47457,1703,3805,0,1663,1719,41823,42823,45578,44823,45738,0
Male,Graduate,Single,31,70000,47873,52440,55961,63341,64694,67905,6000,5000,10000,3000,5000,46440,50961,53341,61694,62905,0
Male,Graduate,Other,37,300000,298,750,179,1576,497,-3,752,179,1579,1,0,-2,0,-3,496,-3,0
Male,Graduate,Single,48,150000,104320,82478,73465,10000,10000,10000,2433,1786,10000,10000,10000,80045,71679,0,0,0,0
Male,Graduate,Other,41,140000,130138,132726,135494,136679,130812,67349,4756,4912,3781,2500,3000,127970,130582,132898,128312,64349,1
Male,Graduate,Married,39,360000,30956,30814,42791,31830,30693,596,30818,42887,31839,30693,3,-4,-96,-9,0,593,0
Male,High School,Married,47,500000,18033,8783,13202,16546,12585,14287,8783,13357,16600,12585,14287,0,-155,-54,0,0,0
Male,University,Single,36,320000,283743,289508,302561,283356,275361,268871,12013,21041,1514,9122,9518,277495,281520,281842,266239,259353,1
Male,Graduate,Married,44,190000,231,3421,3190,0,0,0,3190,0,0,0,0,231,3190,0,0,0,0
Male,High School,Married,49,50000,18139,9198,10000,0,0,0,1198,1000,0,0,0,8000,9000,0,0,0,1
Male,University,Single,38,50000,52711,47302,48540,48355,18184,18591,1769,2007,1822,651,700,45533,46533,46533,17533,17891,1
Male,Graduate,Single,31,290000,124626,115239,113494,100847,80295,82085,3900,4864,5000,2792,3000,111339,108630,95847,77503,79085,0
Male,Other,Married,36,110000,58949,60131,61329,62402,63112,64325,3000,3000,3000,2500,3000,57131,58329,59402,60612,61325,0
Male,University,Single,31,210000,189650,127111,93208,88223,84175,80305,5000,4200,3100,3000,3100,122111,89008,85123,81175,77205,0
Male,High School,Single,32,20000,20450,17861,18967,19633,18187,18568,0,1700,1300,651,674,17861,17267,18333,17536,17894,1
Male,High School,Married,35,90000,86821,71263,73515,74100,23500,23500,4000,4000,3000,0,0,67263,69515,71100,23500,23500,0
Male,University,Single,36,120000,66,584,259,-66,-391,-716,843,0,66,325,325,-259,259,-132,-716,-1041,0
Male,University,Married,46,20000,7283,7021,11208,8818,6704,7364,0,4500,0,1000,2000,7021,6708,8818,5704,5364,1
Male,University,Single,31,270000,21129,16616,16911,14692,13907,10660,1697,2500,0,1000,0,14919,14411,14692,12907,10660,0
Male,University,Single,41,190000,33798,34931,36064,37160,38237,39464,2000,2000,2000,2000,2000,32931,34064,35160,36237,37464,0
Male,High School,Single,33,200000,655,270,880,0,0,0,270,880,0,0,0,0,0,0,0,0,0
Male,University,Married,35,340000,38214,39229,40747,41930,43397,44710,1500,2000,2000,2000,2000,37729,38747,39930,41397,42710,0
Male,Graduate,Single,33,310000,10878,12910,990,0,1715,11936,12910,990,0,1715,11936,0,0,0,0,0,0
Male,High School,Married,30,180000,56951,57941,58994,60047,61389,63048,2100,2150,2200,2500,3000,55841,56844,57847,58889,60048,0
Male,University,Single,32,80000,78239,80426,81767,78340,36895,39079,4500,5009,5000,2000,4000,75926,76758,73340,34895,35079,1
Male,High School,Single,31,510000,0,14370,17023,9706,7271,9551,14370,3500,2500,1380,2380,0,13523,7206,5891,7171,1
Male,Graduate,Married,44,200000,75811,77554,79418,80608,81297,83602,4001,3501,3501,3001,4001,73553,75917,77107,78296,79601,0
Male,Graduate,Single,36,100000,15585,12430,8186,1127,10880,10143,5000,5000,1127,10143,0,7430,3186,0,737,10143,0
Male,University,Single,35,150000,4301,8246,12865,817,1095,1393,4000,5064,821,1100,1393,4246,7801,-4,-5,0,1
Male,University,Married,35,400000,212647,148816,129580,50790,49106,40591,6000,9353,10000,49106,2000,142816,120227,40790,0,38591,0
Male,University,Married,44,130000,5230,4998,7898,7021,46431,45891,0,3000,0,40200,0,4998,4898,7021,6231,45891,1
Male,University,Married,35,420000,9288,16880,28690,13310,3539,2926,17095,28824,13367,3547,2936,-215,-134,-57,-8,-10,0
Male,Graduate,Single,49,340000,1190,2988,390,1489,2140,1190,2988,390,1489,2140,1190,0,0,0,0,0,0
Male,Graduate,Married,36,200000,1990,1186,4078,3000,3849,4479,1186,4092,3000,3849,4479,0,-14,0,0,0,0
Male,University,Married,32,420000,203843,21400,800,0,0,0,3200,0,0,0,0,18200,800,0,0,0,0
Male,Graduate,Single,34,50000,27465,24125,47444,43028,43719,0,24125,60003,5000,30000,34000,0,-12559,38028,13719,-34000,0
Male,Graduate,Single,31,280000,148186,150724,153762,155242,143679,145615,5000,5006,4408,4117,4600,145724,148756,150834,139562,141015,0
Male,Graduate,Single,31,280000,278510,279845,0,189841,193313,192742,6996,0,189841,6022,6078,272849,0,0,187291,186664,1
Male,High School,Married,46,60000,56869,57976,54398,46937,19085,19506,2110,2131,2010,1000,1000,55866,52267,44927,18085,18506,0
Male,Graduate,Married,33,360000,2040,894,1228,746,2153,307,897,1234,749,2163,308,-3,-6,-3,-10,-1,0
Male,University,Single,31,220000,224244,210290,179645,166753,82058,20650,0,6800,6640,4100,1100,210290,172845,160113,77958,19550,1
Male,University,Single,38,20000,16465,18470,18877,19604,19800,0,3000,1473,1200,396,0,15470,17404,18404,19404,0,0
Male,Graduate,Married,41,160000,0,0,0,0,0,0,0,0,0,0,0,0,0,0,0,0,1
Male,High School,Single,48,20000,170,-220,-610,390,0,19993,0,0,1390,0,20773,-220,-610,-1000,0,-780,0
Male,University,Married,33,180000,3187,3198,264,7352,1385,7880,3198,264,7373,1385,7880,0,0,-21,0,0,0
Male,Graduate,Single,33,500000,28498,26117,29717,36485,6174,7148,5000,5000,8006,2,2021,21117,24717,28479,6172,5127,0
Male,University,Married,34,20000,9662,10673,11998,13010,13750,13389,1180,1505,1517,1257,0,9493,10493,11493,12493,13389,1
Male,University,Single,34,20000,2216,2199,1530,750,2280,1500,2199,1530,750,1140,3000,0,0,0,1140,-1500,0
Male,High School,Single,45,250000,98015,100706,35960,26244,26690,31222,4541,1820,1500,1000,5000,96165,34140,24744,25690,26222,0
Male,University,Married,38,320000,208207,9222,10244,11255,11478,11720,1154,1176,1187,410,426,8068,9068,10068,11068,11294,0
Male,University,Single,32,470000,19419,11006,15171,27319,31029,19211,11070,15202,27329,30203,33,-64,-31,-10,826,19178,0
Male,High School,Single,39,180000,51496,51588,51869,52999,52096,52704,1838,2000,2468,1850,1909,49750,49869,50531,50246,50795,0
Male,University,Single,32,170000,-1000,-1000,1000,1000,0,0,0,2000,0,0,0,-1000,-1000,1000,0,0,0
Male,High School,Married,45,20000,8541,5577,5346,9984,19089,18356,5577,0,5000,10089,0,0,5346,4984,9000,18356,0
Male,University,Married,48,280000,127636,128334,116879,117912,118998,116067,4300,5000,4300,3729,3800,124034,111879,113612,115269,112267,0
Male,University,Married,36,290000,42512,23991,22416,17016,12567,17199,3000,2010,3000,3000,5000,20991,20406,14016,9567,12199,0
Male,Graduate,Single,36,60000,780,390,-2750,360,-30,-420,0,0,5500,0,0,390,-2750,-5140,-30,-420,1
Male,Graduate,Single,27,130000,2881,670,1919,3671,13861,21782,670,1919,3671,13861,10000,0,0,0,0,11782,0
Male,High School,Married,42,100000,33816,33024,32308,31399,30448,29933,0,60,0,0,0,33024,32248,31399,30448,29933,0
Male,Graduate,Single,36,60000,104492,53348,52817,57954,56556,55220,5200,3000,8500,0,4000,48148,49817,49454,56556,51220,0
Male,University,Single,32,100000,4080,2271,4100,7980,0,9487,0,4107,7980,0,9487,2271,-7,0,0,0,0
Male,Graduate,Single,34,50000,48212,49207,49914,48382,50693,50364,2500,2200,0,3800,1000,46707,47714,48382,46893,49364,0
Male,Graduate,Married,44,550000,21788,0,1091,2291,1000,150,0,1091,2309,1000,150,0,0,-18,0,0,0
Male,University,Married,46,100000,22648,23978,23312,24617,25109,25654,2000,0,2000,1200,1100,21978,23312,22617,23909,24554,1
Male,University,Married,38,280000,3300,0,0,0,0,0,0,0,0,0,0,0,0,0,0,0,0
Male,University,Single,32,30000,17578,17988,20374,20738,22253,24748,1000,3000,1000,2170,3000,16988,17374,19738,20083,21748,0
Male,Graduate,Single,45,230000,50500,22771,2652,12097,30096,8961,22771,2652,12097,30096,8961,0,0,0,0,0,0
Male,University,Married,44,80000,1798,2302,1604,3612,2608,1604,2310,1100,3612,600,600,-8,504,0,2008,1004,0
Male,Graduate,Single,33,80000,59991,63371,65616,36159,36712,38194,5000,4000,2500,2500,2000,58371,61616,33659,34212,36194,0
Male,University,Single,31,50000,50275,45673,48833,31769,9713,9521,2000,5000,2500,500,317,43673,43833,29269,9213,9204,0
Male,University,Married,46,50000,1853,3656,4400,0,1704,3715,2000,1000,0,1704,2011,1656,3400,0,0,1704,0
Male,Graduate,Single,36,280000,198,1979,500,55176,5950,289,1979,500,55176,5950,289,0,0,0,0,0,0
Male,Graduate,Married,40,290000,97193,98441,95169,93718,89712,82809,6000,4000,4250,5000,3241,92441,91169,89468,84712,79568,0
Male,High School,Single,47,50000,44681,45736,46658,44441,18559,17781,2100,2009,2013,700,1000,43636,44649,42428,17859,16781,0
Male,University,Single,41,140000,-10,-10,1066,0,0,0,0,1076,0,0,0,-10,-10,0,0,0,0
Male,University,Married,43,80000,435,4495,5333,7136,7599,7554,4495,1500,2500,1000,500,0,3833,4636,6599,7054,0
Male,Graduate,Single,32,280000,4524,2625,4401,5039,6913,7350,2000,3000,3000,3000,3000,625,1401,2039,3913,4350,0
Male,High School,Single,46,20000,7790,9985,12001,13978,15932,17572,2500,2500,2500,2500,2500,7485,9501,11478,13432,15072,0
Male,University,Married,40,470000,20614,37791,29581,25482,-2764,-11049,37978,29734,25630,297,28,-187,-153,-148,-3061,-11077,0
Male,University,Single,33,350000,25507,26580,31802,30895,27158,27927,1800,6000,0,1000,1000,24780,25802,30895,26158,26927,0
Male,University,Married,34,170000,35923,37323,38420,40468,41793,43952,2000,2000,3000,2000,3000,35323,36420,37468,39793,40952,0
Male,Graduate,Married,31,200000,990,1000,6855,1500,9181,7443,1010,6855,1500,9181,7443,-10,0,0,0,0,0
Male,High School,Married,35,360000,0,4359,328,3721,3150,150,4359,328,3721,3150,150,0,0,0,0,0,0
Male,University,Single,41,140000,144904,143827,141805,26141,7373,81185,10000,10000,5000,6000,76000,133827,131805,21141,1373,5185,1
Male,University,Married,41,240000,238902,241717,240041,231036,194520,195392,8135,8685,10252,7016,7033,233582,231356,220784,187504,188359,1
Male,Graduate,Married,32,500000,305575,231984,228765,185694,179853,178763,9824,10910,7239,5576,6717,222160,217855,178455,174277,172046,0
Male,Graduate,Single,34,190000,154258,166118,170001,165797,167654,178044,14500,8000,0,6100,13100,151618,162001,165797,161554,164944,1
Male,University,Married,32,200000,74150,66378,60722,53769,45928,38238,3000,5000,3000,2000,2000,63378,55722,50769,43928,36238,0
Male,Graduate,Single,41,210000,326,326,326,326,326,326,326,326,326,326,326,0,0,0,0,0,1
Male,Graduate,Single,36,30000,1772,9619,-6,-6,-6,-6,9647,0,0,0,0,-28,-6,-6,-6,-6,0
Male,University,Married,36,50000,47599,48542,49691,49172,9957,10044,2000,2200,1148,500,500,46542,47491,48024,9457,9544,1
Male,Graduate,Married,47,360000,229,4240,2500,0,0,0,4261,2500,0,0,0,-21,0,0,0,0,0
Male,University,Married,43,280000,149803,131171,132165,133948,133070,135089,6150,6256,6275,5012,5363,125021,125909,127673,128058,129726,0
Male,Graduate,Married,38,360000,0,0,0,0,0,0,0,0,0,0,0,0,0,0,0,0,1
Male,University,Single,39,50000,47990,43288,44569,47291,50398,23675,1997,2278,4000,4000,0,41291,42291,43291,46398,23675,0
Male,High School,Married,47,270000,161999,165303,168837,172281,175705,179582,6000,6200,6254,6290,6710,159303,162637,166027,169415,172872,0
Male,University,Married,37,20000,17622,19996,15467,15863,0,0,3000,2000,1000,0,0,16996,13467,14863,0,0,0
Male,University,Married,37,200000,4757,6170,7408,8250,9250,9750,1500,1500,1000,1000,500,4670,5908,7250,8250,9250,0
Male,University,Married,39,320000,103918,93768,91523,91579,91193,92837,9203,3317,3506,4218,5000,84565,88206,88073,86975,87837,0
Male,University,Married,37,230000,21374,23695,25996,28240,30450,31798,3000,3000,3000,3000,2000,20695,22996,25240,27450,29798,0
Male,High School,Married,35,350000,218605,166310,166106,100151,50340,51400,6222,7174,4200,2400,2400,160088,158932,95951,47940,49000,0
Male,Graduate,Single,33,220000,1172,2917,170,5758,792,2538,2917,170,5789,792,2538,0,0,-31,0,0,1
Male,University,Married,35,50000,22188,20501,22161,24784,26750,29632,2000,2000,3000,2700,3500,18501,20161,21784,24050,26132,0
Male,High School,Single,48,20000,13543,16434,17452,16879,17059,17263,3132,1577,0,757,628,13302,15875,16879,16302,16635,1
Male,Graduate,Single,32,390000,35745,12935,20868,14411,18969,8637,13000,20971,14487,19020,43,-65,-103,-76,-51,8594,0
Male,University,Married,39,120000,30000,0,10780,0,12000,0,0,10780,0,12000,0,0,0,0,0,0,0
Male,Graduate,Married,41,490000,79712,81707,85703,87725,88727,91483,3000,5000,4000,3000,4000,78707,80703,83725,85727,87483,0
Male,University,Single,37,190000,79838,81523,83530,87126,84165,89017,4000,5000,6000,0,6500,77523,78530,81126,84165,82517,0
Male,Other,Married,40,150000,291,291,291,432,441,882,291,291,432,300,882,0,0,0,141,0,0
Male,Other,Married,42,150000,143947,147394,142991,146745,149526,147034,4742,4847,4997,4120,4133,142652,138144,141748,145406,142901,0
Male,Graduate,Married,37,270000,174532,167536,171865,176167,105523,45258,6900,7900,8800,4700,2100,160636,163965,167367,100823,43158,1
Male,University,Married,34,150000,122375,132631,129099,136717,133030,141193,12300,0,11300,0,10500,120331,129099,125417,133030,130693,0
Male,Graduate,Married,36,600000,372396,416438,459749,455910,463611,466570,50000,50000,15000,20000,15000,366438,409749,440910,443611,451570,0
Male,Graduate,Single,30,240000,213483,216856,220514,217068,5886,11841,8008,10038,10029,1038,7000,208848,210476,207039,4848,4841,0
Male,Graduate,Married,31,100000,91176,95664,99226,99838,21435,0,6000,6000,4000,5000,0,89664,93226,95838,16435,0,0
Male,Graduate,Single,31,260000,500,0,832,0,284,463,0,832,0,284,463,0,0,0,0,0,1
Male,High School,Married,42,80000,6959,3959,-41,-41,1759,4703,3000,0,0,1800,3000,959,-41,-41,-41,1703,0
Male,High School,Single,46,20000,9417,9119,10015,9705,10540,10825,0,1200,0,1000,600,9119,8815,9705,9540,10225,1
Male,University,Married,42,260000,225844,219261,206742,255079,208755,196701,10030,10000,65500,10000,8000,209231,196742,189579,198755,188701,0
Male,Graduate,Married,41,370000,0,0,0,0,0,0,0,0,0,0,0,0,0,0,0,0,0
Male,University,Single,31,70000,101284,71451,66937,38521,34149,38819,2864,2501,1417,1500,5050,68587,64436,37104,32649,33769,0
Male,High School,Single,31,270000,188929,191179,171057,163865,167289,167928,10089,7009,7506,10007,6007,181090,164048,156359,157282,161921,0
Male,University,Single,44,250000,175070,175494,175711,153130,153859,103593,8000,6018,6887,6000,4001,167494,169693,146243,147859,99592,0
Male,High School,Single,39,70000,18219,19606,20980,22320,22650,23136,2000,2000,2000,1000,1000,17606,18980,20320,21650,22136,0
Male,University,Married,42,160000,0,0,0,0,0,0,0,0,0,0,0,0,0,0,0,0,0
Male,Graduate,Single,35,300000,17975,14032,13145,11890,12695,13763,1510,1519,2000,1005,2068,12522,11626,9890,11690,11695,0
Male,High School,Married,39,280000,1466,1466,25482,24942,23944,23068,1473,25489,1348,816,934,-7,-7,23594,23128,22134,0
Male,Graduate,Married,34,210000,330,330,660,330,660,330,330,660,0,660,0,0,0,330,0,330,0
Male,Graduate,Single,33,200000,234069,8206,1892,8484,4602,67037,16412,1892,8484,4602,67037,-8206,0,0,0,0,0
Male,Graduate,Single,31,50000,1050,1050,1050,1050,1050,1050,0,0,0,0,0,1050,1050,1050,1050,1050,1
Male,University,Married,45,60000,6471,7487,9356,10392,11214,12028,1131,2000,1200,1000,1000,6356,7356,9192,10214,11028,0
Male,University,Single,36,50000,52045,49714,50908,49756,27702,27429,2000,2005,1432,1008,3007,47714,48903,48324,26694,24422,0
Male,University,Married,35,50000,48047,46593,46945,21260,70,29575,0,2052,1800,0,29935,46593,44893,19460,70,-360,1
Male,University,Married,39,140000,92861,87249,87188,86973,85854,85839,3992,4100,4000,3162,3500,83257,83088,82973,82692,82339,0
Male,Graduate,Married,31,150000,15000,0,0,0,0,11694,0,0,0,0,11694,0,0,0,0,0,0
Male,Graduate,Single,33,230000,56754,57171,56150,57074,50670,50652,3000,2100,2300,2000,2000,54171,54050,54774,48670,48652,0
Male,Graduate,Married,40,310000,-150,-150,-150,-150,-150,-150,0,0,0,0,0,-150,-150,-150,-150,-150,0
Male,Graduate,Married,47,500000,0,1200,163,1131,150,165,1200,163,1142,150,165,0,0,-11,0,0,0
Male,Graduate,Single,36,170000,5470,1701,18406,-979,-1304,2371,2000,19000,0,0,4000,-299,-594,-979,-1304,-1629,0
Male,Graduate,Married,41,230000,0,1482,2140,2360,2620,0,1482,2140,2560,2620,0,0,0,-200,0,0,1
Male,University,Single,47,50000,19949,19356,19849,20301,17951,17254,2000,2000,2000,1000,1000,17356,17849,18301,16951,16254,0
Male,University,Married,33,170000,917,917,0,2038,0,0,0,0,2038,0,0,917,0,0,0,0,0
Male,University,Married,34,340000,335002,319219,271435,267100,263741,267488,12510,12101,10045,10010,10000,306709,259334,257055,253731,257488,1
Male,University,Single,35,220000,237976,232993,229896,226036,222487,210628,8300,8500,8000,7900,7800,224693,221396,218036,214587,202828,0
Male,University,Married,45,60000,25513,13941,13265,13645,14538,14923,1300,1600,1300,1500,1000,12641,11665,12345,13038,13923,0
Male,Graduate,Single,33,200000,1201,0,973,0,161,1174,0,973,0,161,1174,0,0,0,0,0,0
Male,University,Single,34,350000,38021,29493,31838,32369,33478,83304,3000,3000,3000,1500,52000,26493,28838,29369,31978,31304,0
Male,University,Single,42,60000,99114,97895,94204,95986,13529,16099,3700,3000,4000,1500,3250,94195,91204,91986,12029,12849,0
Male,University,Single,28,100000,0,0,0,0,60,210,0,0,0,60,300,0,0,0,0,-90,0
Male,Graduate,Single,32,70000,67065,68358,69670,70918,72165,70755,3000,3000,3000,3000,0,65358,66670,67918,69165,70755,1
Male,Graduate,Married,35,360000,3738,2019,4979,0,4974,4974,2019,4979,0,4974,0,0,0,0,0,4974,0
Male,University,Married,29,100000,1200,2100,0,0,0,0,2100,0,0,0,0,0,0,0,0,0,1
Male,Graduate,Single,47,290000,822,836,12,-824,-3830,-4220,850,12,0,2170,0,-14,0,-824,-6000,-4220,0
Male,University,Married,47,380000,0,0,0,0,0,0,0,0,0,0,0,0,0,0,0,0,1
Male,Graduate,Single,33,380000,77994,79099,80828,82583,84687,84832,3000,3000,3100,3500,3500,76099,77828,79483,81187,81332,0
Male,University,Married,45,60000,60035,60776,49802,50965,19275,17976,2380,2262,3000,1500,1000,58396,47540,47965,17775,16976,1
Male,High School,Single,28,320000,67264,67207,0,2615,221073,225361,3231,0,2615,228975,8176,63976,0,0,-7902,217185,0
Male,University,Married,45,80000,35169,39069,38166,40642,39689,41043,4500,0,3427,0,2000,34569,38166,37215,39689,39043,1
Male,Graduate,Married,37,280000,33687,21575,23926,23102,22734,29434,5000,3000,10000,10000,16934,16575,20926,13102,12734,12500,0
Male,University,Married,38,110000,103202,69917,68917,69141,135478,71875,2500,2494,2477,2500,3003,67417,66423,66664,132978,68872,1
Male,University,Single,46,310000,102064,104072,105063,107113,109263,120347,5030,4000,3633,3671,12600,99042,101063,103480,105592,107747,1
Male,Graduate,Single,28,230000,28534,27104,24415,29002,12415,10607,15222,10016,10083,5030,5003,11882,14399,18919,7385,5604,0
Male,High School,Single,28,200000,0,1500,0,0,1000,1000,1500,0,0,1000,1000,0,0,0,0,0,1
Male,University,Single,29,70000,58305,61710,64114,66775,161,5746,5000,4000,5000,161,5800,56710,60114,61775,0,-54,0
Male,University,Married,35,210000,62809,64781,65847,46992,47073,47283,3018,2824,1757,1674,1717,61763,63023,45235,45399,45566,0
Male,High School,Married,41,290000,7488,5795,9562,21312,16875,13881,5807,9569,21336,5020,3013,-12,-7,-24,11855,10868,0
Male,Graduate,Married,37,460000,7121,7953,8642,9151,9702,9752,1273,1288,1123,1000,502,6680,7354,8028,8702,9250,0
Male,Graduate,Married,39,360000,264,1139,264,2193,528,264,1139,0,2193,528,0,0,264,0,0,264,0
Male,Graduate,Single,32,200000,1100,740,4908,740,5221,740,740,4908,740,5221,740,0,0,0,0,0,0
Male,Graduate,Married,37,230000,30769,30792,30140,31067,31091,28223,1500,1600,1500,1000,1000,29292,28540,29567,30091,27223,0
Male,University,Single,32,80000,2976,13384,2255,1830,2647,11083,13424,2267,1835,2655,11116,-40,-12,-5,-8,-33,0
Male,High School,Married,36,80000,81066,80873,81244,80391,75589,77373,3000,2929,3000,5522,3000,77873,78315,77391,70067,74373,0
Male,Graduate,Single,33,150000,27221,27897,25304,21894,18452,28191,5000,1715,1200,625,10000,22897,23589,20694,17827,18191,0
Male,University,Married,36,290000,72774,67311,66183,61332,62445,59213,3500,3000,3000,3000,3000,63811,63183,58332,59445,56213,0
Male,High School,Married,31,90000,67776,68476,68485,67000,45837,49959,4023,4017,4000,4000,5000,64453,64468,63000,41837,44959,0
Male,University,Married,40,360000,250,1088,3189,3093,4019,2407,1088,3215,3104,2026,2414,0,-26,-11,1993,-7,1
Male,Graduate,Single,36,190000,105418,107689,109678,110887,111871,114223,5500,5200,4500,4300,4300,102189,104478,106387,107571,109923,1
Male,University,Married,41,20000,7472,9304,9369,5873,5990,6231,2000,2002,3098,215,338,7304,7367,2775,5775,5893,0
Male,High School,Married,47,150000,250475,123543,52598,3218,0,0,5772,2424,3218,0,0,117771,50174,0,0,0,0
Male,University,Married,32,50000,11030,12048,13145,14160,14441,14743,1203,1300,1235,516,534,10845,11845,12925,13925,14209,0
Male,Graduate,Single,38,310000,995,988,993,993,1495,995,993,1005,1000,1502,1000,-5,-12,-7,-7,-5,0
Male,Graduate,Married,38,260000,94152,91774,89485,85906,83619,81260,4150,4153,2913,3012,3088,87624,85332,82993,80607,78172,0
Male,University,Married,42,190000,31323,28890,26793,27304,25845,22796,1500,1500,2000,1500,898,27390,25293,25304,24345,21898,0
Male,Graduate,Single,31,30000,6456,4390,3016,4504,5755,3560,4398,3000,3009,5767,3566,-8,16,1495,-12,-6,1
Male,Graduate,Single,32,280000,19668,1000,3186,44932,2100,0,1000,3186,45028,2100,0,0,0,-96,0,0,0
Male,University,Single,40,60000,58123,53604,54851,55742,27333,27615,2000,2500,2500,1000,1100,51604,52351,53242,26333,26515,1
Male,University,Single,32,20000,18996,19316,20330,20515,20424,19996,1325,1339,1609,823,723,17991,18991,18906,19601,19273,0
Male,University,Single,29,140000,132629,55185,56000,0,0,0,5000,2000,0,0,0,50185,54000,0,0,0,0
Male,Graduate,Married,47,80000,2001,2338,5655,1670,3096,4590,2338,5655,1676,3096,4590,0,0,-6,0,0,1
Male,High School,Married,43,200000,1243,1435,1270,3783,2522,1261,1453,1270,4000,0,0,-18,0,-217,2522,1261,0
Male,Graduate,Married,42,170000,610,995,2429,2202,598,1801,995,2429,2202,598,1801,0,0,0,0,0,0
Male,University,Single,48,210000,2776,2776,2776,526,4880,1315,2776,2776,526,4880,0,0,0,0,0,1315,0
Male,University,Married,46,500000,157046,82603,37528,83629,20894,27217,1652,37550,83642,20894,24038,80951,-22,-13,0,3179,0
Male,University,Single,36,60000,39212,45987,42778,25163,7784,12332,45994,20052,20007,7,12332,-7,22726,5156,7777,0,0
Male,Graduate,Single,32,410000,35868,18762,18557,31003,30065,52726,3762,1557,13000,0,24897,15000,17000,18003,30065,27829,1
Male,University,Married,35,220000,210200,213208,219611,204740,97722,89971,8000,10098,5828,3000,3000,205208,209513,198912,94722,86971,1
Male,University,Single,30,420000,122418,113122,89586,83713,55375,54291,4816,4128,3147,2018,3130,108306,85458,80566,53357,51161,0
Male,University,Single,28,250000,149678,152704,163101,164953,160805,164411,7000,14400,6000,0,6200,145704,148701,158953,160805,158211,0
Male,Graduate,Single,26,80000,84488,83593,72883,67337,60807,59088,2871,2727,3170,1940,2200,80722,70156,64167,58867,56888,0
Male,University,Single,27,80000,40612,41934,43261,44537,45794,47893,2000,2000,2000,2000,3000,39934,41261,42537,43794,44893,0
Male,Graduate,Single,28,20000,3608,7032,14244,14065,16161,11106,5000,12500,3000,4000,2000,2032,1744,11065,12161,9106,0
Male,University,Single,30,300000,18468,60489,63982,124493,16367,41338,61200,45153,102749,186,45079,-711,18829,21744,16181,-3741,0
Male,Graduate,Single,44,50000,54332,51671,50272,49293,47154,50069,3000,1928,1595,1526,13000,48671,48344,47698,45628,37069,1
Male,High School,Married,46,360000,0,0,0,0,0,0,0,0,0,0,0,0,0,0,0,0,0
Male,Graduate,Married,36,140000,127496,128675,131640,134183,91772,94290,5000,5041,5000,4000,4000,123675,126599,129183,87772,90290,0
Male,University,Married,31,70000,61177,62076,63806,126005,66451,20200,5300,3500,2154,7800,555,56776,60306,123851,58651,19645,1
Male,University,Single,34,70000,69368,69259,71488,64601,32099,26626,4000,4000,2013,1500,1000,65259,67488,62588,30599,25626,0
Male,Graduate,Married,39,430000,41428,32303,20739,12925,17566,14067,17800,15023,12925,17566,11000,14503,5716,0,0,3067,0
Male,University,Married,39,170000,0,582,0,582,291,90,582,0,582,291,90,0,0,0,0,0,0
Male,University,Married,44,210000,0,0,0,0,0,0,0,0,0,0,0,0,0,0,0,0,0
Male,Graduate,Married,36,150000,2750,2424,27498,1213,26636,2547,2424,27498,1213,26636,2704,0,0,0,0,-157,0
Male,University,Married,42,260000,252107,222195,209496,215317,220727,218750,12004,15000,15000,12000,10000,210191,194496,200317,208727,208750,0
Male,University,Married,40,500000,22520,1110,79243,0,4580,0,1110,79243,0,4580,0,0,0,0,0,0,0
Male,Graduate,Married,39,160000,4138,0,0,0,2920,0,35,0,0,2920,0,-35,0,0,0,0,0
Male,University,Married,45,210000,56024,57148,58338,59529,60720,61980,1836,1897,1936,1952,2013,55312,56441,57593,58768,59967,1
Male,University,Married,33,230000,203218,208414,203466,150365,119512,87434,10000,0,8000,5000,5000,198414,203466,142365,114512,82434,0
Male,University,Married,43,180000,2745,3873,3275,2347,3020,2193,3884,3284,2354,3029,2199,-11,-9,-7,-9,-6,0
Male,University,Single,37,20000,7440,15960,0,-1953,5985,6893,10050,0,18047,7985,1000,5910,0,-20000,-2000,5893,0
Male,Graduate,Married,41,310000,247202,233712,197450,194834,185943,183624,8213,8668,8247,6729,6639,225499,188782,186587,179214,176985,0
Male,Graduate,Single,39,180000,0,444,182,0,0,0,444,182,0,0,0,0,0,0,0,0,0
Male,Graduate,Married,46,80000,48967,49850,50767,45721,49006,56275,2000,1771,1715,4000,8697,47850,48996,44006,45006,47578,0
Male,Graduate,Married,47,230000,143083,130011,83545,82638,26332,25425,6500,4579,4500,3000,1000,123511,78966,78138,23332,24425,0
Male,University,Single,41,210000,114953,88428,96993,94537,97968,100387,5000,10000,0,5000,4000,83428,86993,94537,92968,96387,1
Male,University,Married,37,90000,61584,62983,61107,61976,326,476,3000,0,3000,326,476,59983,61107,58976,0,0,1
Male,Graduate,Married,45,30000,25829,25121,27988,30515,29738,29126,0,3600,3300,0,0,25121,24388,27215,29738,29126,0
Male,Graduate,Married,34,430000,435,-183,-525,-868,-1211,-1840,183,0,0,0,290,-366,-525,-868,-1211,-2130,0
Male,Graduate,Married,41,200000,10799,1208,1585,1470,1273,1000,1213,1585,1470,1273,1000,-5,0,0,0,0,0
Male,Graduate,Single,34,220000,416,416,416,416,416,416,416,832,416,416,416,0,-416,0,0,0,1
Male,Graduate,Married,37,480000,6071,7994,8313,25714,25710,20110,8023,8351,25753,14012,10021,-29,-38,-39,11698,10089,0
Male,University,Married,36,360000,33051,13614,-5386,250214,255296,261401,1000,2544,261000,9000,10000,12614,-7930,-10786,246296,251401,0
Male,University,Married,34,390000,-702,-808,-1141,-1247,-1353,-1459,0,0,0,0,0,-808,-1141,-1247,-1353,-1459,0
Male,University,Single,43,20000,13817,15398,15852,16862,17197,17558,1815,1000,1279,614,637,13583,14852,15583,16583,16921,1
Male,High School,Married,37,200000,65927,59688,53084,46363,39843,33004,2700,2200,1700,1489,1200,56988,50884,44663,38354,31804,0
Male,University,Single,35,30000,3462,-334,-1170,-1560,-1950,-1620,0,0,0,0,1620,-334,-1170,-1560,-1950,-3240,1
Male,Graduate,Married,40,410000,34405,18612,19975,8906,10491,9347,18612,8944,7,10491,9347,0,11031,8899,0,0,0
Male,Graduate,Married,47,40000,38741,36840,37868,36139,39114,38429,2000,1942,1600,3500,0,34840,35926,34539,35614,38429,0
Female,High School,Married,47,50000,50574,48968,50151,50496,2759,-442,0,2463,2300,55,0,48968,47688,48196,2704,-442,1
Female,Graduate,Single,28,230000,48144,51966,44477,39998,23278,27775,12000,2353,5000,0,8000,39966,42124,34998,23278,19775,0
Female,Graduate,Single,33,130000,1022,0,0,0,0,0,0,0,0,0,0,0,0,0,0,0,1
Female,University,Married,33,100000,7067,-418,7064,15229,9689,2669,0,7482,15315,9705,0,-418,-418,-86,-16,2669,0
Male,Graduate,Single,34,400000,26912,24967,13810,18230,25050,10209,10016,6000,10000,10000,5000,14951,7810,8230,15050,5209,0
Male,Graduate,Single,42,330000,73214,76599,78274,80102,60729,56411,10000,4000,8000,10000,15000,66599,74274,72102,50729,41411,0
Male,Graduate,Married,41,590000,617,1304,35498,0,0,0,1304,35552,0,0,0,0,-54,0,0,0,0
Male,Graduate,Single,34,50000,13731,13974,7891,4600,5554,5481,1530,2004,1000,1008,1400,12444,5887,3600,4546,4081,1
Male,University,Single,36,140000,58165,59693,61732,62411,64372,70015,2500,3000,2300,3000,6700,57193,58732,60111,61372,63315,1
Male,University,Married,37,730000,70309,61991,49082,26873,514114,499100,20000,14023,9035,528897,22005,41991,35059,17838,-14783,477095,0
Male,University,Single,34,110000,107430,109660,111387,111631,111657,109756,5500,5000,4300,12700,0,104160,106387,107331,98957,109756,1
Male,High School,Married,46,500000,4031,3684,7544,14459,9736,9123,3709,7594,14484,9762,9142,-25,-50,-25,-26,-19,0
Male,High School,Single,40,200000,6154,6000,5762,0,0,3117,6000,5762,0,0,3117,0,0,0,0,0,0
Male,High School,Single,41,180000,183047,182506,183363,183013,142048,142570,6704,6973,7023,7000,6000,175802,176390,175990,135048,136570,0
Male,University,Married,45,70000,67062,68622,28236,30750,35205,37466,3000,1500,3000,5000,3000,65622,26736,27750,30205,34466,0
Male,Graduate,Married,45,170000,2610,0,1565,965,6265,2445,0,1565,0,6500,0,0,0,965,-235,2445,0
Male,University,Single,44,420000,13620,13002,9180,13965,10245,20199,2000,5000,5000,5000,10000,11002,4180,8965,5245,10199,0
Male,University,Married,29,60000,58634,59541,58604,59427,38472,39528,3000,31404,3000,2000,2000,56541,27200,56427,36472,37528,0
Male,University,Married,31,280000,266511,269245,268332,271904,157565,150665,9557,10001,8585,4761,5082,259688,258331,263319,152804,145583,0
Male,University,Single,40,30000,21617,24133,25239,26314,27074,28723,3200,1800,1800,1500,2250,20933,23439,24514,25574,26473,0
Male,Graduate,Married,38,90000,88937,87866,87343,89786,67803,69324,3103,3500,4200,2426,2613,84763,83843,85586,65377,66711,1
Male,Graduate,Married,36,200000,239,2925,3421,301,9585,8374,2925,3421,301,10217,0,0,0,0,-632,8374,0
Male,High School,Single,33,220000,62770,86968,57675,75892,49548,35530,40000,25000,25000,10000,10000,46968,32675,50892,39548,25530,0
Male,University,Single,47,280000,92288,77428,78544,63106,63465,64031,4004,3504,3204,2304,2504,73424,75040,59902,61161,61527,0
Male,Graduate,Single,38,280000,138984,140300,145127,145571,115765,118190,4900,6918,7100,4388,4500,135400,138209,138471,111377,113690,0
Male,Graduate,Single,40,430000,2099,8256,4353,471,5779,4468,8297,4391,473,5808,4489,-41,-38,-2,-29,-21,0
Male,Graduate,Married,37,180000,0,0,0,0,2201,2201,0,0,0,2201,0,0,0,0,0,2201,0
Male,Graduate,Married,49,50000,27231,26500,27533,28569,28901,31095,0,1764,3400,1100,2660,26500,25769,25169,27801,28435,1
Male,Graduate,Married,46,500000,18664,67646,-214,-214,42772,45282,68013,0,0,42986,45508,-367,-214,-214,-214,-226,0
Male,High School,Single,35,50000,38536,39891,41945,44064,45182,47408,2000,2381,2500,1500,3000,37891,39564,41564,43682,44408,0
Male,Graduate,Married,43,200000,3005,4709,7544,9409,57023,2770,4709,7574,9497,57023,2770,0,-30,-88,0,0,0
Male,Graduate,Married,42,100000,95926,98437,98480,63372,39138,39857,5000,3100,2000,1600,1500,93437,95380,61372,37538,38357,0
Male,University,Married,31,60000,55831,60430,58906,59210,44521,31497,8660,0,2150,800,1000,51770,58906,57060,43721,30497,0
Male,High School,Single,33,30000,30384,30134,30646,29657,30232,28415,3010,3000,3000,3000,1083,27124,27646,26657,27232,27332,1
Male,High School,Married,41,180000,111786,115921,117428,104153,100148,98165,6000,5000,9000,0,5000,109921,112428,95153,100148,93165,0
Male,University,Married,40,20000,8201,8912,10110,10817,11637,11307,1000,1500,1180,1000,0,7912,8610,9637,10637,11307,1
Male,University,Married,39,350000,179189,173622,171127,173283,169815,163058,6695,6958,6669,5596,5676,166927,164169,166614,164219,157382,0
Male,University,Single,43,20000,5909,8134,7859,9518,9216,10067,2500,0,1800,0,1000,5634,7859,7718,9216,9067,0
Male,University,Married,38,100000,100600,94367,96504,22850,91081,92986,4090,4385,1850,103300,3370,90277,92119,21000,-12219,89616,0
Male,University,Married,43,20000,11573,12372,14946,14409,16659,17887,1300,2787,0,2500,1500,11072,12159,14409,14159,16387,1
Male,High School,Single,29,30000,10305,11327,12354,13840,13320,14501,1500,1514,2000,0,1400,9827,10840,11840,13320,13101,0
Male,University,Single,31,30000,7130,2639,1429,2652,12235,8184,2654,1437,2853,12247,119,-15,-8,-201,-12,8065,0
Male,Other,Married,40,180000,78170,80559,82947,84379,85789,94088,4000,4000,3100,3100,10000,76559,78947,81279,82689,84088,0
Male,University,Single,29,300000,49917,49833,49831,51818,50244,49484,5000,5000,5000,5000,5000,44833,44831,46818,45244,44484,0
Male,University,Other,38,360000,176,252,0,0,0,0,252,0,0,0,0,0,0,0,0,0,0
Male,Graduate,Single,36,210000,931,2562,736,270,-466,1798,2570,0,270,0,3000,-8,736,0,-466,-1202,0
Male,Graduate,Married,35,30000,18829,19223,20599,15642,23789,20562,1000,2014,6,25700,800,18223,18585,15636,-1911,19762,1
Male,University,Married,31,150000,146805,148293,146245,141593,133721,138524,5300,7000,6600,4700,13500,142993,139245,134993,129021,125024,0
Male,University,Single,31,150000,0,648,0,1448,0,0,648,0,1448,0,0,0,0,0,0,0,0
Male,High School,Single,42,150000,0,0,0,0,0,0,0,0,0,0,0,0,0,0,0,0,1
Male,Graduate,Married,40,470000,276880,241153,204223,151253,138087,109094,5014,10000,5214,4500,5000,236139,194223,146039,133587,104094,0
Male,University,Married,38,200000,105729,106296,110031,112410,128894,131588,3806,5449,5694,20000,4774,102490,104582,106716,108894,126814,0
Male,High School,Married,49,80000,77985,80886,82150,0,0,0,4200,3800,0,0,0,76686,78350,0,0,0,0
Male,Graduate,Married,37,250000,206430,210029,214868,218593,159789,163454,8300,9500,9000,5500,6000,201729,205368,209593,154289,157454,0
Male,Graduate,Single,30,500000,24349,9543,53947,84388,26154,175790,9605,54218,84839,26283,175857,-62,-271,-451,-129,-67,0
Male,Graduate,Married,36,200000,14460,12825,13810,14815,16347,17531,0,1502,2000,2000,1513,12825,12308,12815,14347,16018,0
Male,Graduate,Married,34,90000,106339,90500,0,0,0,0,20585,0,0,0,0,69915,0,0,0,0,0
Male,Graduate,Married,47,400000,105610,107495,111150,112444,97523,84858,3904,5646,5000,3000,5000,103591,105504,107444,94523,79858,0
Male,University,Single,38,180000,9409,10395,5382,3155,1877,4673,10423,5393,3159,1881,4678,-28,-11,-4,-4,-5,0
Male,University,Married,47,160000,988,779,637,2667,16746,23591,779,638,2670,16746,7069,0,-1,-3,0,16522,0
Male,University,Married,38,130000,123044,122981,102151,90917,92729,93359,4949,4000,3250,3231,3324,118032,98151,87667,89498,90035,0
Male,University,Married,45,60000,67719,69501,58536,56705,18352,18195,3000,12423,2000,2000,1000,66501,46113,54705,16352,17195,0
Male,University,Married,39,240000,215013,220938,213460,217816,222214,227174,9600,7800,7907,8021,8610,211338,205660,209909,214193,218564,0
Male,University,Married,33,160000,82535,84300,86091,83839,85552,88028,4000,4000,0,4000,4000,80300,82091,83839,81552,84028,1
Male,University,Married,43,50000,48919,48775,48731,48934,29116,28999,1800,2200,1400,582,580,46975,46531,47534,28534,28419,0
Male,Graduate,Single,34,280000,251267,258944,262562,164059,131807,180524,15000,10565,20253,20518,155067,243944,251997,143806,111289,25457,0
Male,University,Married,40,30000,25328,22520,21554,22280,18330,780,2000,2000,2000,1000,0,20520,19554,20280,17330,780,0
Male,University,Married,46,130000,46849,44861,46405,44342,45641,40945,1802,3005,1603,3022,1005,43059,43400,42739,42619,39940,0
Male,Graduate,Married,43,160000,238,0,237,-300,300,150,0,237,0,600,0,0,0,-300,-300,150,0
Male,Other,Single,36,420000,944,1819,1133,10415,7792,-3,1819,1143,10429,194,556,0,-10,-14,7598,-559,0
Male,University,Married,37,210000,0,650,325,325,325,325,650,325,325,325,325,0,0,0,0,0,1
Male,Graduate,Married,39,70000,60412,67474,68750,59186,48178,46197,8137,3100,7172,10000,1662,59337,65650,52014,38178,44535,0
Male,University,Single,44,50000,47674,45472,51447,49895,20317,19460,1764,6739,29,700,704,43708,44708,49866,19617,18756,0
Male,High School,Married,38,50000,37501,34942,37502,34653,31352,29605,2000,3455,1007,8,2002,32942,34047,33646,31344,27603,1
Male,Graduate,Married,38,330000,1051,671,291,1051,1011,1051,671,291,1051,1011,1051,0,0,0,0,0,0
Male,University,Single,40,70000,69164,70938,69248,69366,48998,27863,3500,0,2109,1500,3769,67438,69248,67257,47498,24094,1
Male,University,Single,36,170000,600,1598,0,1340,0,0,1598,0,1340,0,0,0,0,0,0,0,0
Male,University,Other,41,50000,51449,52260,40893,81308,41463,40045,1700,1679,1640,1449,1454,50560,39214,79668,40014,38591,1
Male,Graduate,Married,39,250000,1852,0,0,2576,20552,0,0,0,2576,20739,0,0,0,0,-187,0,0
Male,High School,Married,49,200000,51437,52580,53732,54837,56025,59511,2000,2000,2000,2100,4400,50580,51732,52837,53925,55111,0
Male,University,Married,37,460000,66935,76719,74537,70481,85204,93194,13039,5036,5015,20005,10007,63680,69501,65466,65199,83187,0
Male,High School,Married,40,100000,77617,80324,86016,87715,85411,87870,4000,7000,4000,0,4000,76324,79016,83715,85411,83870,0
Male,Graduate,Single,35,220000,190105,185836,187220,199542,202036,200956,0,6600,15200,7000,2000,185836,180620,184342,195036,198956,1
Male,University,Single,35,30000,780,390,0,780,0,0,0,0,780,0,0,390,0,0,0,0,1
Male,University,Single,34,80000,73414,66122,92131,47655,43182,44332,3558,2600,4300,2000,2000,62564,89531,43355,41182,42332,0
Male,University,Married,34,320000,117983,111695,112030,152291,138731,132197,10009,15000,50551,10000,10000,101686,97030,101740,128731,122197,0
Male,Other,Married,36,110000,3385,31169,50526,51816,34262,23366,28000,20000,3000,3000,3000,3169,30526,48816,31262,20366,0
Male,University,Single,35,20000,17809,18325,-1675,-1675,16554,17359,1000,0,0,18359,1000,17325,-1675,-1675,-1805,16359,0
Male,University,Married,44,50000,127510,123969,128267,139912,136604,134705,0,6300,15300,0,0,123969,121967,124612,136604,134705,1
Male,University,Married,38,430000,18517,23565,34028,28407,33608,52015,23565,34028,28418,33651,52015,0,0,-11,-43,0,0
Male,University,Married,39,80000,59999,61205,62620,63870,64114,65932,2800,3000,2901,2500,3000,58405,59620,60969,61614,62932,1
Male,Graduate,Single,35,40000,11074,10600,20406,20774,22132,21497,0,10000,1000,2000,0,10600,10406,19774,20132,21497,1
Male,University,Married,42,150000,98965,100714,100645,103006,52251,46581,3360,3630,4337,1894,1522,97354,97015,98669,50357,45059,0
Male,Other,Married,33,330000,26586,23818,24164,25042,25665,24059,1700,1522,1400,1000,820,22118,22642,23642,24665,23239,0
Male,University,Single,40,20000,29035,16391,18920,18180,19000,20000,4000,3500,0,2000,1000,12391,15420,18180,17000,19000,0
Male,University,Single,45,20000,17369,28513,27836,23480,19469,16310,15000,3273,0,389,326,13513,24563,23480,19080,15984,0
Male,Graduate,Married,40,500000,18110,0,0,0,0,0,0,0,0,0,0,0,0,0,0,0,0
Male,Graduate,Single,42,200000,161514,163340,168701,172074,173907,184067,6000,8000,8000,6500,13500,157340,160701,164074,167407,170567,1
Male,University,Single,46,20000,11027,12038,13064,14888,14352,14652,1199,1225,2049,0,531,10839,11839,12839,14352,14121,0
Male,Graduate,Married,44,210000,126113,107216,88039,83304,77605,70260,5002,5030,10008,10017,10000,102214,83009,73296,67588,60260,0
Male,University,Married,41,500000,169117,163094,161768,164438,162050,163456,0,7400,10000,6000,5907,163094,154368,154438,156050,157549,0
Male,Graduate,Single,42,300000,161772,111664,123854,0,0,0,114402,127180,0,0,0,-2738,-3326,0,0,0,0
Male,University,Married,35,110000,103750,102437,97005,83998,79376,79816,3759,3409,2905,2778,2862,98678,93596,81093,76598,76954,0
Male,Graduate,Married,39,500000,74213,74890,74767,74383,74251,61124,4006,4002,3002,3018,3352,70884,70765,71381,71233,57772,0
Male,Graduate,Married,44,120000,75294,76465,74675,79629,77748,82497,3000,0,6200,0,6000,73465,74675,73429,77748,76497,1
Male,University,Married,44,360000,1824,1740,0,0,1499,4001,1740,0,0,1499,4001,0,0,0,0,0,0
Male,High School,Single,36,350000,9189,6080,12622,18103,13547,38868,6088,12635,18119,13547,38868,-8,-13,-16,0,0,0
Male,Graduate,Single,35,80000,0,4117,3370,5018,950,-3827,4117,0,5018,0,0,0,3370,0,950,-3827,1
Male,Graduate,Married,46,320000,2790,3266,12186,1403,24305,7463,3349,12253,3290,11465,7537,-83,-67,-1887,12840,-74,0
Male,Graduate,Married,38,230000,1088,2444,2905,4868,2870,3085,2451,2911,4882,2878,3085,-7,-6,-14,-8,0,0
Male,University,Married,44,110000,82503,84214,90877,92986,49901,49649,3083,9563,4000,1800,2000,81131,81314,88986,48101,47649,0
Male,University,Married,32,60000,22357,23663,24779,25322,19248,18061,1684,1800,1287,813,700,21979,22979,24035,18435,17361,0
Male,Graduate,Single,34,20000,15415,16423,17594,18552,18522,18900,1271,1442,1400,370,378,15152,16152,17152,18152,18522,0
Male,University,Married,35,320000,10125,11475,12549,10853,11755,7559,1526,1600,1098,1000,272,9949,10949,9755,10755,7287,0
Male,Graduate,Married,41,90000,88805,86939,86360,67145,30834,50585,3500,4000,3000,2500,42200,83439,82360,64145,28334,8385,0
Male,University,Married,49,200000,390,390,390,390,386,1376,390,390,390,386,1380,0,0,0,0,-4,0
Male,Graduate,Single,46,240000,102318,94453,5411,8513,4626,5329,468,5784,8548,4630,5334,93985,-373,-35,-4,-5,1
Male,Graduate,Married,43,240000,223151,226688,230690,213633,176135,179027,7766,8300,7200,6200,6550,218922,222390,206433,169935,172477,1
Male,University,Married,48,120000,13544,2671,14940,41990,1493,36186,3000,15928,43000,1493,36200,-329,-988,-1010,0,-14,0
Male,High School,Married,46,70000,24345,25349,26694,28935,28174,30061,1414,1759,3000,0,2500,23935,24935,25935,28174,27561,0
Male,University,Married,33,20000,4481,4261,5272,6685,6429,7225,0,1087,1500,0,900,4261,4185,5185,6429,6325,0
Male,University,Married,35,140000,147946,150934,136222,124871,118141,111716,7000,10,6015,4000,4000,143934,136212,118856,114141,107716,0
Male,High School,Married,41,240000,101060,104498,106628,102650,0,0,6000,4650,0,0,0,98498,101978,102650,0,0,0
Male,High School,Single,44,50000,48322,49057,48059,48097,8107,6934,3000,3000,3000,3000,3600,46057,45059,45097,5107,3334,0
Male,University,Single,26,100000,89799,87459,94009,95577,93145,95489,0,8000,4000,0,4000,87459,86009,91577,93145,91489,0
Male,University,Single,26,140000,21513,23147,24766,25782,27348,30820,2000,2000,1434,2000,4100,21147,22766,24348,25348,26720,0
Male,University,Married,31,260000,7559,4860,1350,4645,4625,12209,0,1350,4645,4625,12209,4860,0,0,0,0,0
Male,Graduate,Single,35,230000,0,13371,9420,16639,600,0,13371,9420,16688,606,0,0,0,-49,-6,0,0
Male,High School,Single,36,20000,416,0,832,0,832,1486,0,832,0,832,1486,0,0,0,0,0,0
Male,University,Single,38,110000,106113,57228,10018,0,0,0,1635,1000,0,0,0,55593,9018,0,0,0,0
Male,Graduate,Married,40,460000,235388,213905,217909,195811,199712,203895,8000,7500,7100,7100,7342,205905,210409,188711,192612,196553,0
Male,University,Single,36,120000,26490,23333,16721,17400,26087,19577,3246,0,7313,15000,0,20087,16721,10087,11087,19577,0
Male,University,Married,31,60000,22219,140,0,0,0,0,140,0,0,0,0,0,0,0,0,0,1
Male,High School,Married,31,50000,1473,390,390,390,0,780,390,390,390,0,780,0,0,0,0,0,1
Male,High School,Single,41,50000,48619,48647,49859,50700,46174,47430,2100,2300,2025,1800,2000,46547,47559,48675,44374,45430,0
Male,High School,Married,42,30000,1946,1473,390,390,390,0,1000,390,390,390,0,473,0,0,0,0,0
Male,High School,Single,45,20000,18011,18083,18500,19014,19019,17484,1500,1400,1243,638,2000,16583,17100,17771,18381,15484,0
Male,University,Single,47,20000,17059,36219,15431,16260,15770,15880,1500,4000,1600,500,500,34719,11431,14660,15270,15380,0
Male,University,Single,32,350000,262576,237656,222586,205845,174438,157061,10013,10029,10009,5609,6000,227643,212557,195836,168829,151061,0
Male,University,Married,36,240000,239003,227962,231284,239410,184094,101776,9700,8500,12036,8300,5000,218262,222784,227374,175794,96776,0
Male,University,Married,37,120000,45902,44868,45943,46976,47891,51036,0,2100,2100,2000,4100,44868,43843,44876,45891,46936,1
Male,High School,Married,47,200000,0,9661,0,23648,575,847,9661,218,23648,575,847,0,-218,0,0,0,0
Male,Graduate,Single,31,150000,3056,834,5487,2003,-222,-222,834,5487,2020,51,0,0,0,-17,-273,-222,0
Male,University,Married,37,180000,0,0,621,3762,0,0,0,621,3762,0,0,0,0,0,0,0,0
Male,Graduate,Married,30,260000,232,91,85,105,80,95,91,85,105,80,95,0,0,0,0,0,0
Male,Graduate,Single,31,180000,3580,0,0,0,7108,1300,0,0,0,7108,1300,0,0,0,0,0,0
Male,Graduate,Married,31,130000,26528,22567,23167,0,0,0,1400,1000,0,0,0,21167,22167,0,0,0,0
Male,Graduate,Single,34,250000,119310,132243,140069,292404,175050,181766,15000,10000,10000,60000,15000,117243,130069,282404,115050,166766,0
Male,Other,Married,35,460000,0,737,4856,6696,1327,0,737,4872,6696,1327,0,0,-16,0,0,0,0
Male,Graduate,Married,35,40000,30927,18228,19256,20429,32279,32940,1300,1327,1500,12279,1350,16928,17929,18929,20000,31590,0
Male,University,Married,36,20000,9735,12564,12077,12779,13033,13308,3000,0,1212,466,485,9564,12077,11567,12567,12823,1
Male,University,Married,41,310000,34682,23594,-26,5333,-56,-56,23712,0,5359,0,0,-118,-26,-26,-56,-56,0
Male,University,Married,40,90000,87190,86135,87247,88943,90961,44522,3068,3335,3319,3590,1368,83067,83912,85624,87371,43154,0
Male,High School,Single,43,20000,12648,14126,15162,17891,18590,19286,2000,1271,3000,1000,1000,12126,13891,14891,17590,18286,0
Male,University,Married,39,270000,18205,15984,17723,18634,19997,18948,1500,2000,1145,1508,900,14484,15723,17489,18489,18048,0
Male,High School,Married,45,170000,114625,117364,119552,111404,113635,98411,6305,6000,6000,3854,5000,111059,113552,105404,109781,93411,0
Male,University,Married,41,300000,66132,67445,68856,69392,70798,72252,2412,2496,1678,1702,1746,65033,66360,67714,69096,70506,0
Male,Graduate,Single,30,350000,832,0,1844,1248,832,416,0,1844,0,0,0,0,0,1248,832,416,1
Male,Graduate,Married,39,360000,396,396,396,396,396,846,396,396,396,396,846,0,0,0,0,0,0
Male,University,Married,37,260000,131472,134283,130398,134075,130448,134477,5036,5000,5035,5000,5097,129247,125398,129040,125448,129380,0
Male,Graduate,Single,28,100000,12332,12832,8564,7241,7364,7542,1296,1123,1000,223,1500,11536,7441,6241,7141,6042,0
Male,Graduate,Single,28,200000,42215,44597,51023,56627,60693,59596,3092,7518,7122,5627,0,41505,43505,49505,55066,59596,0
Male,University,Single,38,30000,21697,22834,24459,25361,27011,27655,1500,2000,1350,2000,1000,21334,22459,24011,25011,26655,0
Male,Graduate,Single,46,160000,1338,711,1941,1052,2004,931,711,1945,1052,2004,931,0,-4,0,0,0,0
Male,University,Single,36,370000,47269,43531,59801,53925,30534,23618,2000,20000,8000,0,1000,41531,39801,45925,30534,22618,0
Male,University,Married,43,380000,112118,96297,243301,259176,47494,129274,96778,243301,21066,2137,110000,-481,0,238110,45357,19274,0
Male,High School,Single,37,210000,53748,98002,10347,20198,2960,976,99737,11188,20564,3486,976,-1735,-841,-366,-526,0,0
Male,University,Single,44,90000,36835,35949,40567,41604,40637,41824,0,5539,2000,0,2000,35949,35028,39604,40637,39824,0
Male,University,Married,42,210000,3096,5260,3298,2972,975,3441,5260,3298,2972,975,3441,0,0,0,0,0,0
Male,Graduate,Single,30,120000,0,0,0,0,0,0,0,0,0,0,0,0,0,0,0,0,1
Male,Graduate,Married,46,500000,46178,56570,117102,159284,112078,136341,57498,120899,101500,30418,80668,-928,-3797,57784,81660,55673,0
Male,University,Married,48,390000,32708,34849,34370,4968,5595,5318,3000,1500,1000,1004,2003,31849,32870,3968,4591,3315,0
Male,Graduate,Single,32,310000,8242,32447,17314,8639,12862,4553,32617,17417,8702,12926,4575,-170,-103,-63,-64,-22,0
Male,Graduate,Married,32,280000,284556,265099,270705,278771,283434,259699,9500,10750,12500,11000,9600,255599,259955,266271,272434,250099,0
Male,Graduate,Married,41,200000,1980,1802,5647,3604,1802,1802,1802,5647,0,0,1802,0,0,3604,1802,0,0
Male,University,Married,38,50000,32669,35917,35063,36176,38269,37521,3800,0,2000,3000,0,32117,35063,34176,35269,37521,0
Male,University,Married,42,500000,17360,13170,10697,19757,5158,43859,13222,10758,19883,5180,44064,-52,-61,-126,-22,-205,0
Male,University,Single,49,30000,29893,28289,24572,23448,21919,20756,1697,1505,1305,1000,1000,26592,23067,22143,20919,19756,0
Male,University,Single,35,50000,49986,46720,48166,49167,26032,26235,23800,2200,2150,1000,1000,22920,45966,47017,25032,25235,1
Male,University,Single,47,210000,-163,-163,-163,-65167,-168,2999,0,0,5530,84332,21500,-163,-163,-70697,-84500,-18501,1
Male,Graduate,Married,41,150000,0,0,6785,6572,1800,0,0,6785,0,1808,0,0,0,6572,-8,0,0
Male,University,Married,36,230000,218205,217665,201440,192978,110055,100857,7859,7750,6246,2500,2600,209806,193690,186732,107555,98257,0
Male,Graduate,Single,38,200000,1488,4242,8235,0,0,0,4246,8511,0,0,0,-4,-276,0,0,0,0
Male,Graduate,Single,38,200000,3810,3056,8519,776,5335,4536,3063,8568,776,5335,0,-7,-49,0,0,4536,0
Male,University,Married,38,330000,179935,177959,175259,153562,157072,158516,8000,6000,5600,6000,6000,169959,169259,147962,151072,152516,1
Male,University,Married,37,70000,68144,69548,70985,64905,48542,48525,2538,2607,2137,1714,1751,67010,68378,62768,46828,46774,0
Male,University,Married,41,100000,91,949,3079,6427,6558,0,957,3079,6427,131,0,-8,0,0,6427,0,1
Male,University,Married,34,130000,129998,132880,128615,130553,100976,96560,6543,6700,6050,4040,3700,126337,121915,124503,96936,92860,0
Male,University,Single,35,90000,941,3008,1882,941,266,-675,3008,200,0,266,0,0,1682,941,0,-675,1
Male,Graduate,Married,36,150000,0,-316,-632,-1264,316,782,0,0,0,1580,782,-316,-632,-1264,-1264,0,0
Male,University,Married,35,230000,22472,20911,24408,8747,-1231,4771,1330,5000,3060,91,6002,19581,19408,5687,-1322,-1231,0
Male,Graduate,Single,38,80000,21788,32562,23346,18361,10434,7387,16445,1482,1011,8,111,16117,21864,17350,10426,7276,0
Male,University,Married,36,100000,66470,36825,76561,39434,48351,20800,2000,3000,4200,22000,1200,34825,73561,35234,26351,19600,0
Male,Graduate,Married,37,170000,187146,175347,181490,169608,163255,168395,6500,9000,7000,3500,7000,168847,172490,162608,159755,161395,1
Male,Graduate,Married,43,310000,2432,261,2745,-626,110,-154,0,4000,0,1000,0,261,-1255,-626,-890,-154,0
Male,University,Single,36,160000,735,735,735,735,735,735,735,735,735,735,735,0,0,0,0,0,0
Male,University,Married,36,70000,30809,30015,32928,32100,34557,35357,0,3400,0,3000,1500,30015,29528,32100,31557,33857,1
Male,Graduate,Married,37,500000,62053,46888,50783,53204,56946,58394,75840,5000,5012,10000,5000,-28952,45783,48192,46946,53394,0
Male,University,Married,46,50000,51400,0,0,0,50108,50765,0,0,0,50108,2363,0,0,0,0,48402,0
Male,University,Married,46,410000,71532,73643,72083,76603,74964,76370,3700,0,6147,0,2577,69943,72083,70456,74964,73793,1
Male,Graduate,Single,32,120000,120792,87675,122177,120667,47880,49629,20137,50053,29377,0,30000,67538,72124,91290,47880,19629,0
Male,Graduate,Single,30,20000,323,24910,22469,21780,20363,20199,26703,0,0,1000,800,-1793,22469,21780,19363,19399,1
Male,University,Married,40,310000,12295,13440,30944,31594,30454,29246,2000,20000,2000,2000,2000,11440,10944,29594,28454,27246,0
Male,University,Married,36,90000,24489,23303,12957,4755,9176,10376,1527,12957,4755,9296,1200,21776,0,0,-120,9176,0
Male,Graduate,Married,43,200000,145901,144678,140804,136437,135253,134629,5216,5090,5014,5009,4844,139462,135714,131423,130244,129785,0
Male,Graduate,Single,30,360000,10821,5559,3272,13756,12852,20893,5586,3364,13132,10034,16104,-27,-92,624,2818,4789,0
Male,Graduate,Single,29,350000,16476,21256,25750,0,0,0,5000,5000,0,0,0,16256,20750,0,0,0,0
Male,University,Married,34,20000,14950,16446,19844,19162,18704,19226,2065,3398,0,0,780,14381,16446,19162,18704,18446,0
Male,Graduate,Married,37,260000,5275,-200,-200,2515,0,20532,0,0,2715,0,20532,-200,-200,-200,0,0,0
Male,University,Married,42,110000,108227,107529,108483,73177,51043,60581,4200,4306,1662,1170,60604,103329,104177,71515,49873,-23,1
Male,Graduate,Single,32,140000,90590,97047,102468,114718,111387,116399,8000,7000,15500,0,7000,89047,95468,99218,111387,109399,0
Male,High School,Single,34,310000,263685,190484,178753,166942,140659,145379,8000,6650,6000,6000,7000,182484,172103,160942,134659,138379,0
Male,University,Married,40,170000,148211,149659,155442,162471,158294,166836,5400,8200,11400,0,10800,144259,147242,151071,158294,156036,0
Male,Graduate,Single,30,80000,76539,21644,17427,67659,63815,48670,3510,41,65007,53,3228,18134,17386,2652,63762,45442,0
Male,University,Married,46,410000,5135,2916,13379,5165,5034,3089,2916,13379,5180,5851,3089,0,0,-15,-817,0,0
Male,University,Single,38,130000,16657,17874,18776,20858,20225,21396,1500,1500,2400,0,1500,16374,17276,18458,20225,19896,0
Male,Graduate,Married,39,260000,5992,7000,8024,9185,9384,9426,1116,1140,1301,500,341,5884,6884,7884,8884,9085,0
Male,Graduate,Single,40,500000,2594,1184,17740,36657,2631,26231,1190,17840,36639,2644,26363,-6,-100,18,-13,-132,0
Male,University,Married,43,160000,390,780,0,780,390,930,780,0,780,390,930,0,0,0,0,0,0
Male,University,Married,33,180000,37565,36877,36862,34337,33524,35223,3006,3007,3002,3000,3000,33871,33855,31335,30524,32223,0
Male,High School,Single,34,70000,53972,23149,23968,25559,26134,26715,1700,1500,2000,1000,1000,21449,22468,23559,25134,25715,0
Male,University,Single,35,50000,1000,14300,17820,3800,2241,12241,14300,17820,3800,2241,12500,0,0,0,0,-259,0
Male,Graduate,Single,32,90000,63632,131132,66940,68332,70169,66709,3000,2431,2506,3000,2950,128132,64509,65826,67169,63759,1
Male,University,Single,32,210000,137264,102545,94692,70484,36308,33201,3664,3900,2868,3000,2000,98881,90792,67616,33308,31201,1
Male,Other,Married,31,210000,195615,199825,124788,126946,93925,-285,9234,5185,4900,4526,21787,190591,119603,122046,89399,-22072,0
Male,University,Married,32,360000,942,3670,33148,33829,16555,7090,3678,33148,1287,413,7127,-8,0,32542,16142,-37,0
Male,Graduate,Single,30,280000,100740,104055,106380,112596,114235,117232,5000,4000,8000,5000,5000,99055,102380,104596,109235,112232,0
Male,Graduate,Single,31,160000,108179,110217,107420,111123,111795,114136,3866,3899,5489,4005,4145,106351,103521,105634,107790,109991,0
Male,University,Married,32,200000,3254,1988,2780,3107,6687,24524,1998,2795,3117,6700,24538,-10,-15,-10,-13,-14,0
Male,University,Single,32,50000,46750,45734,44741,43562,44039,45008,0,0,0,1262,1358,45734,44741,43562,42777,43650,0
Male,High School,Married,33,400000,2487,4708,2192,11111,5675,5071,4009,6,10248,4721,4114,699,2186,863,954,957,1
Male,Graduate,Single,32,210000,918,1144,3977,5365,789,1086,1146,3988,5381,791,1088,-2,-11,-16,-2,-2,0
Male,Graduate,Single,33,440000,2380,1750,4697,7502,2249,4532,1750,4697,7502,2249,4532,0,0,0,0,0,0
Male,High School,Married,34,380000,4539,4119,4686,2363,2416,4718,4131,4700,2382,2423,4732,-12,-14,-19,-7,-14,0
Male,Graduate,Single,33,120000,8578,6492,8268,6672,11724,4642,5502,7921,5700,10834,4000,990,347,972,890,642,0
Male,Graduate,Married,33,110000,47460,51200,-200,-200,-200,-200,5000,0,0,0,0,46200,-200,-200,-200,-200,1
Male,University,Married,34,110000,53524,58646,57156,54984,57437,59204,6600,0,0,4000,3500,52046,57156,54984,53437,55704,1
Male,Graduate,Married,34,360000,6878,49190,38497,14342,17098,4546,49190,38610,14350,17098,4546,0,-113,-8,0,0,0
Male,Graduate,Other,47,200000,202967,203188,198576,186981,137486,140473,7208,7282,5835,5000,5500,195980,191294,181146,132486,134973,1
Male,University,Single,36,200000,175353,150969,153856,156401,159300,160571,25001,5701,5576,6009,5811,125968,148155,150825,153291,154760,1
Male,University,Single,35,50000,50471,48538,49484,46077,23536,24045,3000,1755,1500,842,888,45538,47729,44577,22694,23157,0
Male,Graduate,Married,38,400000,23052,7754,13052,12639,12315,7831,8025,13972,13046,13040,7923,-271,-920,-407,-725,-92,0
Male,Graduate,Single,41,150000,1980,990,990,990,990,1980,0,990,990,990,1980,990,0,0,0,0,0
Male,Graduate,Married,39,430000,43970,46127,336073,325463,38290,21800,50942,325470,20003,39068,21800,-4815,10603,305460,-778,0,0
Male,Graduate,Married,35,170000,-21,-21,-21,-21,-21,-21,0,0,0,0,0,-21,-21,-21,-21,-21,0
Male,Graduate,Married,42,300000,23742,29184,27048,24113,21683,12680,10000,1976,1200,12689,0,19184,25072,22913,8994,12680,0
Male,Graduate,Single,36,500000,34639,41481,25747,5749,10370,14161,10010,8078,2000,5000,6000,31471,17669,3749,5370,8161,0
Male,University,Married,34,230000,165090,135706,122232,82007,80811,81914,6500,6000,3400,2500,2000,129206,116232,78607,78311,79914,0
Male,University,Married,47,50000,50593,50420,49695,47862,18371,18601,1798,2198,1296,805,676,48622,47497,46566,17566,17925,0
Male,University,Single,44,50000,15323,14780,15889,16650,18535,18924,0,1354,1115,2000,520,14780,14535,15535,16535,18404,1
Male,Graduate,Single,35,220000,0,0,0,0,0,0,0,0,0,0,0,0,0,0,0,0,0
Male,University,Married,39,500000,2082,800,1440,600,8170,600,803,1440,600,8170,600,-3,0,0,0,0,0
Male,University,Married,38,350000,70845,69318,71301,75129,71313,68046,0,3500,5500,0,2500,69318,67801,69629,71313,65546,0
Male,Graduate,Married,44,200000,3983,4884,3165,0,0,0,4884,3165,0,0,0,0,0,0,0,0,0
Male,High School,Single,35,30000,27224,28359,27458,26539,28556,28621,2001,5101,2002,3031,3095,26358,22357,24537,25525,25526,0
Male,High School,Married,36,180000,1321,590,584,1196,3040,8009,590,584,1202,3049,8009,0,0,-6,-9,0,0
Male,University,Married,42,50000,8971,9287,9600,10537,11008,11472,1000,1000,1500,1000,1000,8287,8600,9037,10008,10472,0
Male,Graduate,Married,44,80000,1049,0,152,9587,692,706,0,152,9587,6,706,0,0,0,686,0,0
Male,Graduate,Married,39,270000,18221,5973,6511,49873,44658,40703,3005,3027,49935,5021,2004,2968,3484,-62,39637,38699,0
Male,Graduate,Married,39,310000,16577,1361,2716,824,757,842,1361,3146,824,757,842,0,-430,0,0,0,0
Male,Graduate,Married,37,450000,387192,379442,387398,395655,403568,418182,0,14062,14700,14500,21077,379442,373336,380955,389068,397105,1
Male,Graduate,Married,40,210000,151258,141669,134301,124218,110114,101559,5000,7000,4200,0,4000,136669,127301,120018,110114,97559,1
Male,University,Married,39,300000,127237,114506,115420,118149,110223,110449,4100,4600,7384,3500,3900,110406,110820,110765,106723,106549,0
Male,University,Married,38,60000,72930,71123,67405,63559,60048,56458,5000,3000,3000,3000,2000,66123,64405,60559,57048,54458,0
Male,Graduate,Single,36,360000,415,-350,325,765,24851,414,0,1000,765,24851,414,-350,-675,0,0,0,0
Male,Graduate,Married,34,280000,0,0,0,17535,9119,18960,0,0,17535,9119,18960,0,0,0,0,0,0
Male,Graduate,Married,40,150000,133013,123548,94995,52874,64269,73351,4159,4221,3094,30454,100049,119389,90774,49780,33815,-26698,1
Male,University,Married,42,260000,246,246,246,246,246,246,246,246,246,246,246,0,0,0,0,0,0
Male,Graduate,Single,39,150000,8766,5890,1000,0,0,0,5950,1010,0,0,0,-60,-10,0,0,0,0
Male,University,Single,37,180000,62140,65729,68709,70465,72335,74807,5311,4657,3500,3650,3800,60418,64052,66965,68685,71007,0
Male,Graduate,Married,43,120000,165,0,788,0,0,495,0,788,0,0,495,0,0,0,0,0,0
Male,Graduate,Married,42,200000,125722,134514,130952,132290,159160,162928,12400,0,5000,29160,6500,122114,130952,127290,130000,156428,0
Male,Graduate,Single,43,130000,121816,124223,62318,64214,44840,45969,6000,6000,3000,2000,2000,118223,56318,61214,42840,43969,0
Male,University,Married,35,50000,45442,44411,45596,48089,46790,46982,0,1900,3300,0,1558,44411,43696,44789,46790,45424,0
Male,Graduate,Married,35,430000,0,0,0,0,0,2178,0,0,0,0,2178,0,0,0,0,0,0
Male,University,Single,30,30000,30210,27826,28672,29622,30271,24536,28000,1600,1500,1000,1000,-174,27072,28122,29271,23536,1
Male,University,Single,30,60000,4419,5683,6733,7662,8529,9884,1500,1300,1200,1000,1500,4183,5433,6462,7529,8384,1
Male,Graduate,Single,29,180000,1430,1785,435,2145,3090,4165,1785,435,2145,3090,4165,0,0,0,0,0,0
Male,High School,Single,31,360000,0,238,238,3730,3930,3930,238,0,3730,200,0,0,238,0,3730,3930,0
Male,University,Single,31,60000,53954,57469,37861,60993,2343,6707,5000,5000,25500,3000,6000,52469,32861,35493,-657,707,0
Male,Graduate,Single,31,100000,3746,11973,13139,7170,386,1617,12077,13210,7192,386,1621,-104,-71,-22,0,-4,0
Male,University,Single,48,80000,74349,75524,77448,48108,39104,39526,3400,4000,2000,2000,1423,72124,73448,46108,37104,38103,0
Male,Graduate,Single,34,240000,30851,40286,38008,9497,9124,7128,10000,14,9497,9124,2000,30286,37994,0,0,5128,0
Male,Graduate,Single,35,40000,0,2277,1521,0,2483,1396,2277,1521,0,2483,1396,0,0,0,0,0,0
Male,University,Single,35,80000,77298,71051,71239,75710,63977,43385,2515,3000,6000,3008,2000,68536,68239,69710,60969,41385,0
Male,Graduate,Married,48,120000,360,360,360,360,150,870,360,360,360,150,870,0,0,0,0,0,1
Male,Other,Married,42,280000,11847,10232,13454,5549,1260,26271,10252,13488,5572,1263,26398,-20,-34,-23,-3,-127,0
Male,Graduate,Married,41,210000,2361,652,401,63,684,0,652,401,63,684,0,0,0,0,0,0,0
Male,University,Single,38,70000,48421,49620,49976,20882,16401,16903,2006,1362,1268,587,766,47614,48614,19614,15814,16137,0
Male,Graduate,Single,37,160000,63043,67460,68554,66841,74763,87692,6079,3064,0,10000,15000,61381,65490,66841,64763,72692,1
Male,Other,Married,47,260000,3469,1579,879,697,396,3635,1579,879,697,396,3635,0,0,0,0,0,0
Male,Graduate,Single,37,100000,38604,37688,38780,43592,44117,45165,0,2000,5800,1540,1900,37688,36780,37792,42577,43265,1
Male,University,Single,36,80000,48751,49853,48781,50170,51237,52360,2200,0,2500,2500,2100,47653,48781,47670,48737,50260,1
Male,University,Married,44,140000,0,1384,-12,1900,664,1085,1384,0,1912,0,1085,0,-12,-12,664,0,0
Male,University,Single,40,100000,8853,-1000,389,10049,1049,1049,0,10389,10051,1051,1051,-1000,-10000,-2,-2,-2,0
Male,Graduate,Married,37,50000,29294,30400,0,0,0,0,2000,500,0,0,0,28400,-500,0,0,0,0
Male,University,Single,35,20000,15087,16133,17174,16605,17029,17305,1600,1600,0,1000,700,14533,15574,16605,16029,16605,0
Male,Graduate,Married,35,240000,188964,183744,168683,155064,148969,148619,8000,6017,6900,5250,5400,175744,162666,148164,143719,143219,0
Male,University,Married,44,90000,16420,17441,18467,19554,20028,20704,1300,1313,1400,800,1000,16141,17154,18154,19228,19704,0
Male,University,Married,38,420000,293402,297672,304702,311889,182087,185152,10433,12000,13302,7002,6500,287239,292702,298587,175085,178652,0
Male,University,Single,33,500000,134558,134503,114682,124240,131006,137911,5185,20031,20029,20058,20127,129318,94651,104211,110948,117784,0
Male,Graduate,Single,33,350000,6015,8751,686,430667,161089,119339,8797,691,238241,1009,596,-46,-5,192426,160080,118743,0
Male,University,Married,43,50000,39722,40759,43096,44151,3361,3593,1700,3000,2350,1000,286,39059,40096,41801,2361,3307,0
Male,Graduate,Single,40,80000,1068,37102,38112,40079,41040,42994,37200,2000,3000,2000,3000,-98,36112,37079,39040,39994,0
Male,Graduate,Married,42,200000,0,0,0,0,0,0,0,0,0,0,0,0,0,0,0,0,0
Male,Graduate,Married,43,240000,67120,68473,69899,71946,75425,74377,2200,2263,2930,5000,0,66273,67636,69016,70425,74377,0
Male,University,Single,44,30000,0,0,0,0,0,0,0,0,0,0,0,0,0,0,0,0,0
Male,High School,Other,39,50000,31514,32346,26223,25791,19476,19066,1710,1787,1295,825,684,30636,24436,24496,18651,18382,0
Male,University,Married,46,290000,31824,20578,13505,13386,12536,5850,1529,13505,6000,5000,6000,19049,0,7386,7536,-150,0
Male,High School,Married,38,20000,17860,11627,19648,18459,18824,19220,1400,19648,1307,672,698,10227,0,17152,18152,18522,0
Male,University,Married,45,330000,86916,87548,89421,91115,92935,91584,3135,3285,3221,3247,3317,84413,86136,87894,89688,88267,0
Male,Graduate,Single,36,10000,8803,10926,10425,9919,9825,10581,2620,0,0,400,1100,8306,10425,9919,9425,9481,1
Male,Graduate,Married,45,370000,123485,129885,134782,141002,145637,149281,10000,7000,10000,7000,6000,119885,127782,131002,138637,143281,0
Male,Graduate,Single,43,80000,84437,85065,77727,73713,74328,75649,3093,8000,3000,3000,3000,81972,69727,70713,71328,72649,0
Male,University,Married,40,340000,147943,144543,146603,149519,151697,154499,5169,5333,5366,5550,7000,139374,141270,144153,146147,147499,0
Male,Graduate,Married,31,500000,0,0,0,0,881,881,0,0,0,881,0,0,0,0,0,881,1
Male,Graduate,Married,49,460000,293429,295998,295807,291616,289529,289449,13200,14000,11500,10500,10500,282798,281807,280116,279029,278949,0
Male,University,Single,43,50000,46594,47585,48887,49097,17203,17562,1768,2070,1280,616,636,45817,46817,47817,16587,16926,1
Male,Other,Married,44,160000,151394,153702,156778,148292,115841,116972,5500,7054,6511,4500,4500,148202,149724,141781,111341,112472,0
Male,University,Married,47,80000,68250,73424,71691,72507,76841,74336,6325,0,2612,5520,0,67099,71691,69895,71321,74336,1
Male,High School,Single,48,210000,200822,206893,94347,-342,658,1758,11477,3658,0,1000,1800,195416,90689,-342,-342,-42,0
Male,High School,Married,35,30000,28486,28182,26168,23119,23268,29327,2000,3000,5000,3000,7000,26182,23168,18119,20268,22327,0
Male,University,Single,37,30000,31404,32302,27951,28475,29085,26810,1500,1476,1000,31000,1000,30802,26475,27475,-1915,25810,1
Male,Graduate,Married,38,410000,499,0,35509,0,0,0,0,35509,0,0,0,0,0,0,0,0,0
Male,University,Single,35,260000,493411,400108,297313,276948,2378,-2709,12325,6633,6889,1025,2047,387783,290680,270059,1353,-4756,1
Male,University,Married,40,50000,50536,9853,11353,12143,11753,11922,1200,4000,2000,2000,1000,8653,7353,10143,9753,10922,0
Male,High School,Married,37,360000,1090,303,0,0,0,0,303,0,0,0,0,0,0,0,0,0,0
Male,High School,Married,49,50000,48584,49070,50076,48995,19780,15102,2000,5000,2305,3000,559,47070,45076,46690,16780,14543,0
Male,Graduate,Married,40,220000,1208,534,212,2886,3794,4673,0,538,3089,1630,2000,534,-326,-203,2164,2673,0
Male,High School,Single,50,30000,53237,46868,42397,38569,33570,19895,0,1800,2200,1400,2000,46868,40597,36369,32170,17895,1
Male,University,Single,50,230000,23674,23027,24185,25238,29803,34312,0,2000,1435,5000,5000,23027,22185,23803,24803,29312,1
Male,High School,Married,50,20000,18378,17797,19225,18644,18063,17491,0,2000,0,0,0,17797,17225,18644,18063,17491,0
Male,University,Married,45,500000,102690,15518,18909,31449,8253,25707,15599,19001,31603,8289,25832,-81,-92,-154,-36,-125,0
Male,Graduate,Single,34,50000,33499,36742,35875,36501,21764,1723,3800,0,1500,300,0,32942,35875,35001,21464,1723,0
Male,University,Married,49,440000,942,2002,2942,2948,0,942,2002,2942,2948,0,942,0,0,0,0,0,0
Male,Graduate,Married,50,140000,83957,87160,89365,91005,94651,97132,5000,4000,3618,5481,5000,82160,85365,87387,89170,92132,0
Male,Graduate,Married,49,480000,63701,-220,38929,339176,33146,37337,0,39149,344261,33312,37511,-220,-220,-5085,-166,-174,0
Male,University,Single,53,20000,17053,18952,15732,17330,17150,18150,2219,2000,2000,1000,1000,16733,13732,15330,16150,17150,1
Male,University,Married,52,170000,2184,1990,0,0,3955,1278,0,0,0,3955,1278,1990,0,0,0,0,0
Male,University,Married,54,260000,212197,212185,212584,213851,215362,214879,7534,8201,7633,7436,7879,204651,204383,206218,207926,207000,0
Male,Graduate,Single,50,140000,780,780,390,0,780,390,0,390,0,780,390,780,0,0,0,0,1
Male,High School,Married,49,100000,33333,0,0,0,0,0,0,0,0,0,0,0,0,0,0,0,0
Male,High School,Married,65,220000,1193,1525,3067,1771,2326,390,1525,3470,1771,2333,390,0,-403,0,-7,0,0
Male,High School,Married,61,160000,390,390,390,780,390,390,390,390,780,0,390,0,0,0,390,0,0
Male,University,Married,50,20000,17020,13161,3851,6061,7058,5680,1000,3851,6061,7058,2840,12161,0,0,0,2840,0
Male,High School,Married,50,210000,4137,390,390,4962,0,780,390,390,4962,0,780,0,0,0,0,0,1
Male,High School,Married,50,60000,1400,373,1299,1170,600,510,373,1299,1172,600,510,0,0,-2,0,0,0
Male,Graduate,Married,50,190000,36137,37143,38051,38827,39488,40208,1900,1800,1700,1600,1500,35243,36251,37127,37888,38708,1
Male,Graduate,Single,51,500000,79461,75952,77726,79494,83150,85805,3000,3000,4000,5000,4000,72952,74726,75494,78150,81805,0
Male,University,Single,50,20000,8639,10483,11016,12027,12030,12535,2000,1000,1500,500,700,8483,10016,10527,11530,11835,0
Male,Graduate,Married,51,460000,179442,158458,145081,130967,118659,15322,4,7506,5024,2572,2005,158454,137575,125943,116087,13317,0
Male,High School,Married,61,460000,10643,1547,1670,6425,4897,8401,1600,1800,6500,5000,5000,-53,-130,-75,-103,3401,0
Male,High School,Married,56,300000,282506,281606,261216,156521,120769,110093,20024,20035,6610,20000,4000,261582,241181,149911,100769,106093,0
Male,University,Married,57,490000,59056,60236,62268,63264,62928,66334,2153,3000,2112,2124,6004,58083,59268,61152,60804,60330,0
Male,University,Married,58,90000,93737,85818,88988,50780,50929,48735,3600,5100,2200,2200,1944,82218,83888,48580,48729,46791,0
Male,High School,Married,55,70000,20205,22856,22202,24326,23636,25350,3000,0,2500,0,2100,19856,22202,21826,23636,23250,1
Male,University,Married,55,20000,16734,17748,18384,18976,18955,18983,1300,1314,1296,665,710,16448,17070,17680,18290,18273,1
Male,University,Married,61,20000,1480,390,780,0,390,390,0,780,0,2000,1170,390,0,0,-1610,-780,0
Male,High School,Single,61,10000,7700,8595,9273,9774,9973,9638,1293,1235,1000,199,193,7302,8038,8774,9774,9445,1
Male,Graduate,Married,53,420000,1936,3473,12230,13682,1695,712,3489,12290,13749,1706,714,-16,-60,-67,-11,-2,0
Male,University,Married,54,200000,10755,9981,7843,6335,4616,7956,10120,7852,6336,4622,7956,-139,-9,-1,-6,0,0
Male,Graduate,Single,58,500000,201013,197982,137786,129575,135483,118851,8366,12063,8031,16114,10091,189616,125723,121544,119369,108760,0
Male,Graduate,Married,55,150000,142904,144527,149386,149031,78284,76500,5200,7200,4800,2730,2750,139327,142186,144231,75554,73750,0
Male,High School,Single,58,50000,46190,44450,50266,19729,20149,19593,2000,20266,1300,700,700,42450,30000,18429,19449,18893,0
Male,University,Married,63,180000,47932,48922,50035,50749,51903,52991,2087,2200,1846,2000,1923,46835,47835,48903,49903,51068,0
Male,University,Single,52,20000,13874,14488,16029,15470,0,0,1238,2559,0,0,0,13250,13470,15470,0,0,0
Male,University,Married,52,150000,131953,136386,140830,146050,142241,145559,8100,8100,9000,0,5578,128286,132730,137050,142241,139981,1
Male,High School,Married,60,50000,52198,50062,50284,50740,30175,30407,0,2310,1766,1201,1232,50062,47974,48974,28974,29175,0
Male,University,Married,54,130000,129049,63099,57700,53308,48722,48831,3000,2100,2500,2100,2100,60099,55600,50808,46622,46731,0
Male,Graduate,Single,52,370000,242132,130404,65225,41922,37565,28830,5600,3000,2000,3000,500,124804,62225,39922,34565,28330,0
Male,University,Married,58,360000,30155,10508,7575,3026,1133,3408,10541,7600,3049,1138,3414,-33,-25,-23,-5,-6,1
Male,High School,Married,54,100000,37082,46041,59526,72823,71105,69424,10000,15000,15000,0,0,36041,44526,57823,71105,69424,1
Male,High School,Single,54,50000,75804,76799,78692,79543,19738,19759,2785,3068,2309,694,716,74014,75624,77234,19044,19043,0
Male,High School,Single,61,200000,3030,7277,6655,3455,0,1930,7007,6655,3455,0,1930,270,0,0,0,0,1
Male,High School,Married,53,400000,15090,17934,21264,29811,58472,101092,4004,5002,10004,70001,84003,13930,16262,19807,-11529,17089,0
Male,University,Married,56,20000,17768,18378,19077,19467,19155,19098,1600,1689,1469,547,500,16778,17388,17998,18608,18598,0
Male,Graduate,Married,55,500000,4957,4957,4957,4957,4957,4957,0,0,0,0,0,4957,4957,4957,4957,4957,1
Male,University,Single,49,20000,18260,19080,18871,17700,390,1320,1621,1292,1166,390,1320,17459,17579,16534,0,0,1
Male,Other,Married,50,240000,236470,242059,235353,240001,190904,193710,9560,9000,8790,8013,8125,232499,226353,231211,182891,185585,0
Male,University,Single,52,210000,5649,5398,435,18950,6804,59999,5425,437,19053,6838,59999,-27,-2,-103,-34,0,0
Male,University,Single,54,130000,89913,90555,93576,95121,64712,66016,3300,5000,4500,2400,2600,87255,88576,90621,62312,63416,0
Male,High School,Single,49,130000,20678,18956,16172,16898,11236,6944,1610,1808,7014,27,7011,17346,14364,9884,11209,-67,0
Male,Graduate,Married,49,360000,4698,-200,-200,0,5084,2500,0,0,200,5084,0,-200,-200,-200,0,2500,1
Male,Graduate,Single,55,50000,11045,3115,7161,5351,791,47774,3115,7161,5351,791,46983,0,0,0,0,791,0
Male,Graduate,Married,54,500000,10287,15123,9957,2253,4402,10340,5084,49,2270,4422,10360,10039,9908,-17,-20,-20,0
Male,High School,Single,54,130000,98285,94075,92857,95351,95525,96980,4300,4300,7400,3600,4000,89775,88557,87951,91925,92980,0
Male,High School,Single,55,20000,19978,18910,18962,19886,18978,17124,1594,1476,1400,380,342,17316,17486,18486,18598,16782,1
Male,Graduate,Married,50,480000,0,8389,6375,1114,0,0,8389,6375,1114,0,0,0,0,0,0,0,0
Male,High School,Married,50,240000,140233,134223,130372,128921,120048,121292,4754,4873,5033,4204,4509,129469,125499,123888,115844,116783,0
Male,University,Married,51,60000,60114,54902,46956,40671,38188,38652,1902,1650,3200,1500,1500,53000,45306,37471,36688,37152,0
Male,Graduate,Married,61,450000,156875,154853,152936,150996,149094,147297,11000,11000,11000,11000,11000,143853,141936,139996,138094,136297,1
Male,High School,Married,65,350000,188,188,187,698,188,183,188,187,700,188,183,0,0,-2,0,0,0
Male,University,Married,48,130000,121409,123106,125614,125451,84103,84436,6000,6592,4000,3000,3062,117106,119022,121451,81103,81374,1
Male,Graduate,Married,48,240000,234984,234559,240896,135900,135853,127777,9500,11217,4855,4000,3200,225059,229679,131045,131853,124577,0
Male,University,Single,54,50000,46431,47028,48063,48667,17875,17699,1756,2181,2175,773,638,45272,45882,46492,17102,17061,0
Male,University,Single,53,60000,62038,34845,33598,20904,18705,19345,1579,1998,1304,771,1045,33266,31600,19600,17934,18300,0
Male,Graduate,Single,50,20000,17820,18626,18980,7674,5708,4899,1435,1179,1000,114,98,17191,17801,6674,5594,4801,0
Male,University,Married,48,30000,26846,27879,28870,27806,25142,25667,1783,1774,1710,1046,1079,26096,27096,26096,24096,24588,0
Male,Graduate,Married,48,400000,3173,4265,8403,9096,28896,52196,4265,8427,9096,28896,52196,0,-24,0,0,0,0
Male,Graduate,Married,50,400000,16241,14697,12762,13043,10137,8249,1217,1302,1052,510,305,13480,11460,11991,9627,7944,0
Male,Graduate,Married,48,200000,419,419,392,423,404,415,419,392,450,400,430,0,0,-27,4,-15,0
Male,University,Married,50,260000,133208,122199,113462,98146,86452,58846,6400,5744,3756,2600,2500,115799,107718,94390,83852,56346,0
Male,Graduate,Married,59,30000,390,390,390,1389,3684,2744,390,390,1389,3684,0,0,0,0,0,2744,0
Male,Graduate,Married,52,30000,14476,15297,8531,8020,-620,-620,1129,1152,1081,0,0,14168,7379,6939,-620,-620,1
Male,Graduate,Married,54,270000,931,31838,11013,1188,14989,2609,31838,11013,1196,14989,2609,0,0,-8,0,0,0
Male,High School,Married,48,260000,154927,158848,160654,155059,141570,134143,8000,6000,7100,5300,5000,150848,154654,147959,136270,129143,0
Male,University,Married,47,210000,0,296,-204,-204,-204,-204,296,0,0,0,0,0,-204,-204,-204,-204,0
Male,Graduate,Married,51,500000,231300,235865,230713,235401,238828,243477,9838,0,10018,8845,8800,226027,230713,225383,229983,234677,0
Male,University,Married,49,50000,48321,48890,30272,31080,15315,15238,1839,1640,1901,526,537,47051,28632,29179,14789,14701,1
Male,Graduate,Married,53,160000,205134,46181,47242,48355,49552,50655,1800,1800,1900,2000,1900,44381,45442,46455,47552,48755,0
Male,Graduate,Married,53,550000,201417,205430,209720,214030,218096,210264,7110,7353,7534,7385,7253,198320,202367,206496,210711,203011,0
Male,Graduate,Married,54,330000,0,41219,374,0,15900,8601,41219,374,0,15900,8601,0,0,0,0,0,0
Male,Graduate,Married,60,280000,495,109,-780,-1170,1473,558,4,390,0,3033,558,105,-1170,-1170,-1560,0,1
Male,Graduate,Married,66,400000,279579,258070,77910,61440,44590,12270,10700,47000,1500,0,0,247370,30910,59940,44590,12270,0
Male,Graduate,Married,55,300000,127480,130168,134080,126996,127820,130325,4810,6164,6069,4425,4412,125358,127916,120927,123395,125913,0
Male,University,Married,56,20000,20180,19798,53069,17025,18372,19696,1500,1300,2513,2000,2000,18298,51769,14512,16372,17696,0
Male,Graduate,Married,39,280000,1585,6416,16387,2967,1087,2644,6416,16387,2981,2644,2644,0,0,-14,-1557,0,0
Male,High School,Single,63,400000,52332,42898,26096,396988,348029,173170,42898,26099,397092,7864,3785,0,-3,-104,340165,169385,0
Male,High School,Married,58,230000,-11,-11,2163,-40,-40,8083,0,2174,0,0,8123,-11,-11,-40,-40,-40,0
Male,High School,Single,53,20000,13561,13050,390,18280,2880,1600,1105,390,18280,2880,1600,11945,0,0,0,0,1
Male,High School,Married,55,50000,30900,0,0,0,0,0,0,0,0,0,0,0,0,0,0,0,1
Male,Graduate,Married,66,480000,3820,4665,5367,21222,9083,84804,4665,5473,21284,9088,84804,0,-106,-62,-5,0,0
Male,Other,Married,50,360000,4767,-233,-233,-233,-233,-233,0,0,0,0,0,-233,-233,-233,-233,-233,0
Male,High School,Married,51,110000,2132,1946,27162,26693,25243,23783,1946,27162,2000,812,799,0,0,24693,24431,22984,0
Male,Graduate,Married,51,150000,149640,146178,133811,122606,107726,1200,6000,3857,12000,20000,0,140178,129954,110606,87726,1200,0
Male,University,Married,54,50000,49264,50310,50782,49335,50133,51071,2500,1900,0,1937,2224,47810,48882,49335,48196,48847,1
Male,Graduate,Married,54,200000,205150,0,0,0,0,0,0,0,0,0,0,0,0,0,0,0,0
Male,University,Married,49,110000,106264,107417,108803,82231,25687,27266,4400,3600,4138,1000,2000,103017,105203,78093,24687,25266,0
Male,Graduate,Married,55,100000,10712,18135,31498,17158,18758,17168,8000,2000,4000,2000,3000,10135,29498,13158,16758,14168,0
Male,Graduate,Single,50,20000,11462,9804,1436,363,363,-417,1212,1000,400,0,0,8592,436,-37,363,-417,0
Male,University,Married,50,30000,28796,25881,28654,29049,27256,27864,1609,5000,3000,3000,3198,24272,23654,26049,24256,24666,0
Male,University,Married,60,230000,131550,132114,133281,123958,124474,120570,6057,4845,4291,4115,4274,126057,128436,119667,120359,116296,0
Male,High School,Married,50,50000,8917,10080,11106,12109,12206,13915,1468,1494,1497,594,2066,8612,9612,10612,11612,11849,1
Male,High School,Single,53,30000,24181,16829,0,0,0,0,3000,0,0,0,0,13829,0,0,0,0,0
Male,High School,Married,55,50000,1344,780,13032,14292,16698,15436,1200,13032,1500,3000,554,-420,0,12792,13698,14882,0
Male,High School,Married,51,130000,124626,121645,125789,128159,123121,123323,4500,6100,6000,5000,4600,117145,119689,122159,118121,118723,0
Male,University,Married,57,50000,46540,48520,47875,48110,18576,15339,2770,2100,1300,700,1000,45750,45775,46810,17876,14339,0
Male,Graduate,Married,58,360000,1,612,223,-166,-555,-944,1001,1,1,1,1,-389,222,-167,-556,-945,1
Male,University,Married,56,50000,28358,25278,24713,22379,18943,15464,1416,1471,1147,531,464,23862,23242,21232,18412,15000,0
Male,Graduate,Married,54,150000,4015,499,-948,-1580,316,316,501,632,0,1896,316,-2,-1580,-1580,-1580,0,1
Male,University,Married,56,240000,390,390,390,390,390,390,390,780,390,390,390,0,-390,0,0,0,0
Male,Graduate,Married,51,500000,8030,13156,12724,12873,24010,27089,13156,12724,12873,24010,15000,0,0,0,0,12089,0
Male,High School,Married,61,170000,167535,166521,168824,164597,94094,92177,6000,7000,5000,4000,3500,160521,161824,159597,90094,88677,0
Male,Graduate,Married,50,350000,93676,91832,88719,87968,84596,82785,3240,5006,4014,3010,3043,88592,83713,83954,81586,79742,0
Male,Graduate,Married,51,160000,150,1380,1481,2623,2457,4912,1230,1331,2473,0,2500,150,150,150,2457,2412,1
Male,University,Married,50,220000,0,200,200,200,11326,43100,200,0,0,11326,43100,0,200,200,0,0,0
Male,Other,Married,53,500000,431243,415022,421996,426103,125218,126650,11000,12602,11000,4711,6000,404022,409394,415103,120507,120650,0
Male,Graduate,Married,51,460000,1637,-196,4594,1517,1517,1306,0,4790,1517,0,1306,-196,-196,0,1517,0,0
Male,Graduate,Married,50,50000,780,390,390,390,390,780,0,390,390,390,780,390,0,0,0,0,0
Male,Graduate,Married,50,740000,321279,316083,317219,296560,285912,268257,13000,13200,11000,10000,10000,303083,304019,285560,275912,258257,0
Male,High School,Married,50,50000,7056,2840,1413,2890,4715,1262,2840,1413,2890,4715,1262,0,0,0,0,0,0
Male,Graduate,Married,51,290000,225478,225603,216488,152892,150051,146287,10026,10006,7000,5000,5200,215577,206482,145892,145051,141087,0
Male,Graduate,Single,57,320000,234704,242324,241384,156047,153955,133407,11000,12000,7500,6200,4600,231324,229384,148547,147755,128807,0
Male,Graduate,Married,52,420000,11097,16106,10703,14534,20631,17641,16106,10703,14540,20631,17641,0,0,-6,0,0,0
Male,High School,Married,50,500000,339,2744,4402,339,339,339,2744,4402,339,339,339,0,0,0,0,0,0
Male,Graduate,Married,52,450000,388009,393535,403891,415193,145198,138389,15000,16701,20101,7000,5750,378535,387190,395092,138198,132639,0
Male,Graduate,Married,54,120000,0,0,0,7000,0,0,0,0,7000,0,0,0,0,0,0,0,0
Male,University,Married,56,80000,65186,62938,54748,49857,46429,46247,2800,2340,2009,1793,1700,60138,52408,47848,44636,44547,0
Male,High School,Married,56,250000,6297,8636,17038,5169,12818,2328,8657,23744,5169,14008,2328,-21,-6706,0,-1190,0,0
Male,Graduate,Married,75,180000,0,0,0,0,0,0,0,0,0,0,0,0,0,0,0,0,1
Male,High School,Single,52,260000,0,0,0,0,0,0,0,0,0,0,0,0,0,0,0,0,0
Male,University,Married,52,20000,1912,2760,2430,850,2430,2530,2768,2430,850,2430,2530,-8,0,0,0,0,0
Male,High School,Married,63,220000,1293,494,1379,-1,272,1628,496,1385,0,273,1636,-2,-6,-1,-1,-8,0
Male,Graduate,Married,61,90000,46441,46896,47463,45812,41367,40278,1762,1875,1500,1400,1500,45134,45588,44312,39967,38778,0
Male,University,Married,75,210000,205601,203957,199882,203776,205901,210006,9700,8810,9000,7300,7500,194257,191072,194776,198601,202506,0
Male,High School,Married,72,300000,4984,752,3737,1433,5522,3233,756,3753,1433,5522,0,-4,-16,0,0,3233,0
Male,High School,Married,56,30000,30826,30384,29656,28914,28172,27444,0,0,0,0,0,30384,29656,28914,28172,27444,1
Male,University,Married,55,90000,15019,19740,25382,27132,31675,37900,5000,6000,5000,5000,8000,14740,19382,22132,26675,29900,0
Male,High School,Married,56,300000,0,0,0,0,0,0,0,0,0,0,0,0,0,0,0,0,1
Male,Graduate,Married,54,500000,518950,539418,519267,518741,516139,514975,39000,0,19000,19000,18000,500418,519267,499741,497139,496975,1
Female,University,Single,37,170000,1499,53705,110465,110503,110776,111080,53705,60000,3908,4000,4010,0,50465,106595,106776,107070,0
Female,High School,Single,28,150000,100623,101593,101886,101441,100829,101913,4700,4000,4032,3410,4000,96893,97886,97409,97419,97913,0
Female,University,Single,25,360000,20952,12590,3479,3435,8870,2020,12590,3479,3446,8870,2020,0,0,-11,0,0,0
Female,University,Married,46,70000,70349,70068,71318,59665,29510,26738,2600,3700,2600,1200,1200,67468,67618,57065,28310,25538,0
Female,Graduate,Married,33,350000,6016,4322,5568,9571,6370,9674,4348,5596,9632,6402,9722,-26,-28,-61,-32,-48,0
Female,High School,Married,27,50000,29875,30336,26635,20367,15640,12269,4506,2000,2066,611,500,25830,24635,18301,15029,11769,0
Female,University,Married,27,50000,20293,21657,23012,23338,23658,23139,2000,2000,1000,1000,0,19657,21012,22338,22658,23139,1
Female,University,Single,26,70000,71862,73594,71851,68539,49027,48969,3500,0,3100,1900,2000,70094,71851,65439,47127,46969,1
Female,University,Married,24,30000,29654,28570,31085,29945,30373,29476,0,3300,0,2158,0,28570,27785,29945,28215,29476,0
Female,High School,Married,23,30000,26117,27028,27510,27817,28130,27141,1737,1609,1306,1455,857,25291,25901,26511,26675,26284,0
Female,University,Married,37,260000,0,312,920,37686,36523,574,312,920,37686,0,574,0,0,0,36523,0,0
Female,University,Single,22,30000,22623,3019,-341,1129,1470,339,10,0,1470,341,0,3009,-341,-341,1129,339,1
Female,University,Married,34,240000,0,2712,92496,95057,96974,98977,2712,90000,3346,2717,2796,0,2496,91711,94257,96181,0
Female,Graduate,Single,29,80000,41355,40395,43231,42236,44924,44072,0,3800,0,3400,0,40395,39431,42236,41524,44072,1
Female,Graduate,Single,27,40000,9663,10696,11855,13424,14018,14493,1200,1337,1906,1500,475,9496,10518,11518,12518,14018,0
Female,Graduate,Single,30,130000,9123,8830,9533,10220,10353,10636,0,1000,1000,600,600,8830,8533,9220,9753,10036,1
Female,High School,Single,41,60000,56309,58369,59237,59851,32002,32388,3000,2400,1812,3200,2000,55369,56837,58039,28802,30388,0
Female,University,Single,28,250000,500,3344,2255,3183,2324,1657,3344,2255,1000,2324,1657,0,0,2183,0,0,0
Female,University,Single,25,60000,50791,49748,49735,36840,30119,32446,1832,2500,2000,3000,3000,47916,47235,34840,27119,29446,0
Female,Graduate,Single,27,390000,0,0,6757,0,3339,3339,0,6757,0,3339,0,0,0,0,0,3339,0
Female,High School,Single,29,110000,23258,22591,23920,25217,25600,26036,0,2000,2000,1100,1000,22591,21920,23217,24500,25036,0
Female,University,Single,22,30000,27219,28987,27849,27451,24358,21192,3600,0,1400,487,424,25387,27849,26051,23871,20768,0
Female,High School,Single,23,50000,44027,52067,50977,49839,50546,49628,8800,0,0,1800,0,43267,50977,49839,48746,49628,0
Female,University,Single,21,10000,8126,8830,8898,9517,8505,4557,1668,1000,1000,170,0,7162,7898,8517,8335,4557,0
Female,Graduate,Single,22,50000,8000,6881,8127,8763,8956,4224,1118,1364,1000,193,89,5763,6763,7763,8763,4135,0
Female,University,Single,22,80000,0,2388,164,1369,830,132,2388,164,1369,830,132,0,0,0,0,0,0
Female,University,Married,21,30000,28640,29133,30022,30068,28829,24935,1400,1819,1328,709,1101,27733,28203,28740,28120,23834,0
Female,Graduate,Single,21,30000,33300,30920,31889,30278,26220,29968,0,2326,11406,524,6284,30920,29563,18872,25696,23684,1
Female,University,Married,22,50000,44531,50863,49555,34644,28867,28983,7178,0,1656,944,967,43685,49555,32988,27923,28016,0
Female,University,Single,22,50000,50583,50974,51688,50024,29381,28957,2300,3000,0,800,808,48674,48688,50024,28581,28149,0
Female,High School,Married,22,50000,20065,21044,20433,19799,19262,19124,1600,0,0,900,700,19444,20433,19799,18362,18424,0
Female,Graduate,Single,22,10000,7302,7857,8827,5622,5877,7036,1330,1300,1250,500,1255,6527,7527,4372,5377,5781,0
Female,High School,Single,23,50000,32789,7006,8880,15088,-574,27529,1500,2000,6700,5000,28103,5506,6880,8388,-5574,-574,0
Female,University,Single,23,50000,7181,6908,5187,4643,3385,1839,0,0,1022,237,100,6908,5187,3621,3148,1739,0
Female,University,Single,22,10000,7828,8507,511,7696,8696,7660,1009,511,7696,1000,0,7498,0,0,7696,7660,0
Female,University,Single,21,10000,9917,8660,9756,8560,780,0,1400,1800,1300,800,0,7260,7956,7260,-20,0,1
Female,University,Single,22,70000,66007,57354,58204,58171,47135,44585,2057,2168,2000,2007,2000,55297,56036,56171,45128,42585,0
Female,University,Single,22,20000,17377,18439,19117,11983,11626,1970,1360,1286,1000,987,39,17079,17831,10983,10639,1931,0
Female,University,Single,22,30000,26243,25523,28609,28945,28181,29329,0,3500,1100,0,1600,25523,25109,27845,28181,27729,0
Female,Graduate,Single,22,30000,22271,23273,23268,23100,23286,24804,1379,1454,1276,1286,1804,21894,21814,21824,22000,23000,0
Female,High School,Single,23,50000,29496,30504,30785,29405,26594,26732,1503,1493,1393,912,940,29001,29292,28012,25682,25792,0
Female,University,Married,22,100000,100192,93394,43004,50196,79217,78771,3000,3000,8000,30000,3000,90394,40004,42196,49217,75771,0
Female,University,Single,23,30000,22756,27348,28285,14729,12935,13333,5000,2000,2000,500,500,22348,26285,12729,12435,12833,0
Female,University,Single,22,20000,4400,4883,2829,3920,1997,1317,4500,0,1700,0,100,383,2829,2220,1997,1217,1
Female,Graduate,Single,23,50000,44609,44579,46573,47510,48425,49502,1000,3000,2000,2000,2000,43579,43573,45510,46425,47502,1
Female,University,Married,25,30000,37695,35146,34637,34127,31641,31344,0,2000,2000,0,2000,35146,32637,32127,31641,29344,0
Female,University,Single,23,30000,27216,28420,27929,28920,27997,28378,3003,1482,1703,1001,1500,25417,26447,27217,26996,26878,1
Female,University,Single,23,30000,23237,23874,26985,29497,29290,28693,10000,5000,3000,2000,3150,13874,21985,26497,27290,25543,0
Female,University,Single,23,20000,16674,19162,18534,18304,18473,0,22362,0,8200,369,0,-3200,18534,10104,18104,0,0
Female,University,Single,23,30000,12376,13475,12973,15144,14603,15767,1600,0,2700,0,1400,11875,12973,12444,14603,14367,1
Female,Graduate,Single,23,50000,39787,28570,7545,8560,8730,8791,1600,1300,1300,460,350,26970,6245,7260,8270,8441,0
Female,University,Married,23,80000,54600,56379,55875,7552,0,0,3300,2640,1056,0,0,53079,53235,6496,0,0,0
Female,University,Single,24,30000,-5,565,-25,-25,4897,6685,570,25,0,4922,6788,-5,-50,-25,-25,-103,0
Female,University,Single,22,10000,7568,8580,8944,8985,9301,9365,1300,1300,1300,602,350,7280,7644,7685,8699,9015,0
Female,University,Single,23,30000,20059,21061,22092,23104,23420,24045,1641,1672,1684,1000,1000,19420,20420,21420,22420,23045,1
Female,Graduate,Single,24,20000,1908,1278,0,0,0,0,1405,0,0,0,0,-127,0,0,0,0,0
Female,University,Married,22,30000,3118,2411,1260,1179,-101,890,2414,1260,1181,101,991,-3,0,-2,-202,-101,0
Female,Graduate,Single,23,120000,117035,115624,117204,116835,77926,76993,6000,6000,4000,4000,3000,109624,111204,112835,73926,73993,0
Female,Graduate,Married,23,30000,20340,21400,22428,23747,24154,25808,1400,1374,1693,1100,2200,20000,21054,22054,23054,23608,0
Female,University,Single,23,110000,541,541,541,941,6993,37264,541,541,941,6993,31229,0,0,0,0,6035,0
Female,University,Single,23,30000,11284,12294,13320,14031,15593,15201,1503,1529,1240,1802,0,10791,11791,12791,13791,15201,0
Female,University,Single,23,80000,51980,36668,39291,43476,46115,42129,6670,5000,5002,4003,3000,29998,34291,38474,42112,39129,0
Female,Graduate,Single,23,20000,17849,15356,17146,16319,15687,16948,2000,2080,2000,600,1500,13356,15066,14319,15087,15448,0
Female,High School,Married,23,170000,28615,26410,27654,25211,22682,21787,1446,1690,1208,462,1787,24964,25964,24003,22220,20000,0
Female,Graduate,Single,24,120000,11245,12554,13325,14185,13329,10237,1500,1265,1125,1329,500,11054,12060,13060,12000,9737,0
Female,University,Single,23,30000,1434,4925,390,15736,15525,0,6021,0,15736,1000,0,-1096,390,0,14525,0,0
Female,Graduate,Single,23,50000,49711,50820,41981,2888,2640,2140,2019,2564,1000,0,500,48801,39417,1888,2640,1640,0
Female,University,Married,29,200000,0,0,900,900,900,900,0,900,900,900,900,0,0,0,0,0,0
Female,Graduate,Single,23,30000,14544,15597,16641,17659,18066,18775,1300,1300,1300,700,1000,14297,15341,16359,17366,17775,1
Female,University,Single,23,90000,11333,11944,7832,7204,6724,7965,4234,6000,3000,3010,5000,7710,1832,4204,3714,2965,0
Female,University,Single,24,50000,53159,50465,50744,41232,14459,17225,2000,2097,2224,1000,3000,48465,48647,39008,13459,14225,0
Female,Graduate,Single,23,50000,40111,41380,25865,26568,27249,27665,2252,1737,1440,1121,1004,39128,24128,25128,26128,26661,0
Female,University,Single,24,150000,65542,28311,23978,17853,34527,28277,0,2145,10000,22000,3000,28311,21833,7853,12527,25277,0
Female,Graduate,Single,24,10000,6779,6524,7559,9564,9264,9862,0,1300,2300,0,900,6524,6259,7264,9264,8962,0
Female,High School,Single,24,130000,114466,106911,106971,57434,58593,60504,4600,4500,2802,2050,2800,102311,102471,54632,56543,57704,1
Female,University,Single,23,70000,312,1823,326,6598,6405,7248,1837,326,6598,227,1270,-14,0,0,6178,5978,0
Female,Graduate,Single,23,40000,14310,13788,16345,16531,16467,16061,0,3100,750,500,0,13788,13245,15781,15967,16061,0
Female,University,Single,24,200000,52143,53186,55929,194441,146190,141550,1910,3600,141000,5100,5200,51276,52329,53441,141090,136350,0
Female,University,Single,25,110000,113385,109924,111805,108207,75808,78490,3900,6000,4380,3000,5000,106024,105805,103827,72808,73490,0
Female,University,Single,25,80000,26855,28789,31026,31401,31986,32468,2386,2998,1183,1400,1139,26403,28028,30218,30586,31329,0
Female,Graduate,Single,24,90000,53173,19825,20840,21023,20776,21055,1324,1339,1638,890,763,18501,19501,19385,19886,20292,0
Female,University,Single,24,30000,27170,27448,27238,27012,26762,25900,2500,2000,2000,1916,1000,24948,25238,25012,24846,24900,0
Female,High School,Single,22,20000,16063,14928,14012,11965,11867,12850,1565,2006,2011,7000,2000,13363,12006,9954,4867,10850,0
Female,Graduate,Single,24,30000,21540,22236,23574,24583,24915,25280,1358,1696,1705,1037,915,20878,21878,22878,23878,24365,0
Female,University,Single,24,230000,1993,2360,0,0,4135,814,2360,0,0,4135,0,0,0,0,0,814,1
Female,University,Single,24,50000,1572,1572,1572,6561,5091,353,1572,1572,6561,102,353,0,0,0,4989,0,0
Female,University,Single,25,80000,36841,39645,40713,41153,40036,40778,3900,2000,1575,0,1700,35745,38713,39578,40036,39078,1
Female,University,Single,25,130000,128976,131763,128300,89007,90126,98665,7100,6000,4200,3500,10000,124663,122300,84807,86626,88665,0
Female,Graduate,Single,25,150000,2784,0,594,594,0,0,0,594,0,0,0,0,0,594,0,0,1
Female,High School,Married,25,80000,3377,3377,3476,3377,3377,5062,3377,3476,3377,3377,5062,0,0,0,0,0,0
Female,University,Single,26,140000,131335,128760,118310,120719,126470,124342,5864,5756,5868,9275,0,122896,112554,114851,117195,124342,0
Female,Graduate,Single,26,150000,38580,38168,37775,36390,390,390,2000,3473,1000,390,390,36168,34302,35390,0,0,0
Female,University,Single,24,50000,50870,49831,47162,47696,36476,32654,1985,2316,1850,1500,1200,47846,44846,45846,34976,31454,0
Female,Graduate,Single,26,80000,62536,61478,55760,15029,13809,13597,3000,2000,5000,3000,1000,58478,53760,10029,10809,12597,0
Female,University,Single,25,130000,45134,52180,49874,52000,53590,54606,9000,0,5000,4000,3000,43180,49874,47000,49590,51606,0
Female,Graduate,Single,26,40000,1216,776,4059,13522,16416,807,776,4385,10000,5000,807,0,-326,3522,11416,0,0
Female,University,Single,24,140000,38661,42699,41739,43730,45687,46796,5000,0,3000,3000,2000,37699,41739,40730,42687,44796,1
Female,Graduate,Single,25,30000,640,29013,27731,28177,20722,0,30013,2000,1232,1000,0,-1000,25731,26945,19722,0,0
Female,University,Single,25,500000,37797,35510,26463,23503,23918,23937,3050,1543,1215,3717,14014,32460,24920,22288,20201,9923,0
Female,University,Single,25,270000,38525,39492,33898,35272,37201,31447,2000,2000,2000,2408,1500,37492,31898,33272,34793,29947,0
Female,University,Single,23,60000,59866,58114,25127,21111,15892,16762,0,3761,1600,881,900,58114,21366,19511,15011,15862,0
Female,University,Single,23,120000,1250,1250,1250,1250,1250,650,0,0,0,0,0,1250,1250,1250,1250,650,0
Female,University,Single,24,130000,35871,36873,37927,38993,39628,42136,1900,1950,2000,1580,3310,34973,35977,36993,38048,38826,0
Female,University,Single,25,30000,30937,32627,31827,32080,30890,990,2500,0,1200,0,990,30127,31827,30880,30890,0,0
Female,University,Single,25,290000,57445,57025,46484,36232,32149,24004,2000,1800,1400,1000,1000,55025,44684,34832,31149,23004,0
Female,Graduate,Single,24,30000,23905,23244,23578,25871,26143,26724,0,2000,3000,1000,1000,23244,21578,22871,25143,25724,1
Female,University,Single,26,50000,50952,50836,50055,50641,40672,39960,2700,2000,2700,1700,1600,48136,48055,47941,38972,38360,0
Female,High School,Single,25,210000,118408,120176,118191,104908,95946,118796,8600,5000,4000,3000,29066,111576,113191,100908,92946,89730,1
Female,Graduate,Single,23,30000,25366,26554,27435,28270,28632,30193,2000,2000,2000,1500,2400,24554,25435,26270,27132,27793,1
Female,University,Single,23,60000,22241,22719,25585,24053,17154,19316,2000,4000,0,2000,3000,20719,21585,24053,15154,16316,0
Female,High School,Married,23,50000,32847,29705,15445,16782,16960,17208,1941,1263,1600,754,671,27764,14182,15182,16206,16537,1
Female,Graduate,Single,23,80000,740,8956,836,836,836,836,9052,836,836,836,836,-96,0,0,0,0,0
Female,University,Single,24,50000,41500,39938,41688,45625,45907,44662,0,2700,4960,1700,0,39938,38988,40665,44207,44662,1
Female,University,Single,23,90000,39772,38836,36654,32747,33091,33291,0,15,1831,1175,1338,38836,36639,30916,31916,31953,0
Female,Graduate,Single,23,50000,-69,7721,3079,7095,7237,6446,7790,0,4095,245,234,-69,3079,3000,6992,6212,1
Female,Graduate,Single,23,50000,49316,49061,47209,47471,21571,19005,4044,2138,1400,431,380,45017,45071,46071,21140,18625,1
Female,University,Single,23,20000,13291,14366,15430,16367,16794,17323,1600,1600,1500,700,800,12766,13830,14867,16094,16523,0
Female,University,Single,23,150000,167317,166596,165990,161285,156749,151863,10000,10000,6000,6000,5500,156596,155990,155285,150749,146363,0
Female,University,Single,24,110000,98843,92820,78232,69426,70987,75835,3200,3500,3000,3500,7000,89620,74732,66426,67487,68835,0
Female,University,Single,24,140000,22732,6624,-514,-1334,2125,1606,6624,0,0,3731,0,0,-514,-1334,-1606,1606,0
Female,University,Single,25,30000,30523,30554,30593,30619,29146,29823,2000,2000,1700,1200,1300,28554,28593,28919,27946,28523,0
Female,University,Married,25,120000,52109,43007,33481,28563,24065,2802,1565,3194,1200,6206,0,41442,30287,27363,17859,2802,0
Female,University,Single,25,80000,77440,78418,78015,79571,80121,77304,3500,3000,3500,3000,3000,74918,75015,76071,77121,74304,0
Female,University,Single,26,80000,42933,34555,35476,24657,12139,9038,1000,35476,1000,243,9038,33555,0,23657,11896,0,0
Female,University,Single,25,80000,80115,77427,77657,70105,39751,14765,75004,3096,1887,1081,2044,2423,74561,68218,38670,12721,0
Female,University,Married,25,50000,7444,326,326,15493,8210,8133,326,326,15493,284,371,0,0,0,7926,7762,0
Female,University,Single,22,30000,29449,30308,26186,27698,28987,29568,1402,2000,2000,2000,2500,28906,24186,25698,26987,27068,0
Female,High School,Single,22,80000,23023,23480,0,780,23818,23917,2100,0,780,23818,1011,21380,0,0,0,22906,0
Female,University,Single,23,30000,28767,27567,28638,28818,29439,17685,1749,1820,1000,621,354,25818,26818,27818,28818,17331,1
Female,High School,Single,23,50000,13385,11493,10236,7896,6211,23315,1200,1800,1000,1211,20000,10293,8436,6896,5000,3315,0
Female,Graduate,Single,27,170000,41977,38895,39698,38330,39602,39922,1650,4500,4000,4000,3000,37245,35198,34330,35602,36922,0
Female,High School,Single,27,80000,54184,24393,25924,16558,17280,17652,1500,2000,1300,1000,650,22893,23924,15258,16280,17002,1
Female,University,Single,26,210000,15599,11684,2821,2935,1895,1078,1059,1069,1000,38,1078,10625,1752,1935,1857,0,0
Female,Graduate,Single,26,160000,100364,97863,100535,104382,100535,101621,0,6497,8001,0,4000,97863,94038,96381,100535,97621,0
Female,University,Single,26,150000,242,3180,4900,5207,5313,6340,3180,1747,1000,9119,1027,0,3153,4207,-3806,5313,0
Female,High School,Single,24,70000,69039,68609,69217,69327,68582,68677,3000,4000,3200,3000,3000,65609,65217,66127,65582,65677,0
Female,High School,Married,23,60000,60406,57491,59137,59345,29399,29339,2055,2570,1620,1020,1050,55436,56567,57725,28379,28289,0
Female,University,Single,22,50000,45417,45009,44639,52198,43181,31473,2000,2000,10052,2000,1136,43009,42639,42146,41181,30337,0
Female,University,Single,26,140000,118425,120970,123141,124622,125865,128479,6000,5600,5000,4800,4800,114970,117541,119622,121065,123679,1
Female,University,Married,26,80000,78768,79611,80770,53142,55064,28750,3500,4450,2249,1200,2400,76111,76320,50893,53864,26350,0
Female,University,Married,26,80000,40216,10400,10935,2318,-711,-708,1400,10935,2324,707,3,9000,0,-6,-1418,-711,0
Female,Graduate,Single,26,60000,36604,35777,29836,30818,31314,30852,1765,1812,1794,1290,1268,34012,28024,29024,30024,29584,0
Female,Graduate,Single,27,200000,86192,67483,58112,23949,9270,4496,15186,10188,1074,209,112,52297,47924,22875,9061,4384,0
Female,Graduate,Single,27,100000,19164,23828,25138,26499,26799,1150,5000,2000,2000,500,1150,18828,23138,24499,26299,0,0
Female,Graduate,Single,26,100000,81463,83098,63848,64692,66114,67396,4000,3000,2500,2500,2500,79098,60848,62192,63614,64896,0
Female,University,Single,26,80000,77760,79248,120697,60989,41023,42663,3100,4700,4800,1200,3260,76148,115997,56189,39823,39403,1
Female,University,Single,22,70000,72473,72189,71867,64534,33683,32857,3500,3427,3100,1200,1700,68689,68440,61434,32483,31157,0
Female,University,Single,24,80000,19167,10192,7241,3261,6264,891,3000,2005,3261,3003,891,7192,5236,0,3261,0,0
Female,University,Single,24,60000,50840,49592,44412,45402,35704,36524,2100,1847,1837,1139,1254,47492,42565,43565,34565,35270,0
Female,University,Single,24,80000,72383,73620,53728,31989,20058,196,3500,2354,2027,800,196,70120,51374,29962,19258,0,0
Female,University,Married,24,50000,48700,47544,47612,48713,49295,49916,2401,2440,2396,1368,1401,45143,45172,46317,47927,48515,0
Female,Graduate,Single,24,80000,79434,80246,80167,60201,47850,48698,3100,2650,2065,1850,1756,77146,77517,58136,46000,46942,1
Female,University,Single,23,30000,24607,24430,23881,24234,24853,7814,1700,1600,1287,1296,500,22730,22281,22947,23557,7314,0
Female,Graduate,Single,25,50000,9162,9818,7161,8377,8789,8813,1500,2000,1500,1000,500,8318,5161,6877,7789,8313,0
Female,High School,Single,25,80000,88786,86391,84871,81813,45094,38121,3200,4000,3000,1500,1500,83191,80871,78813,43594,36621,0
Female,University,Married,21,20000,14326,15334,18206,17482,34862,14860,1252,3124,0,349,297,14082,15082,17482,34513,14563,0
Female,University,Married,25,80000,79029,76009,74908,41646,29297,30057,4000,3200,2230,1300,1410,72009,71708,39416,27997,28647,0
Female,Graduate,Single,25,100000,90976,93443,94192,95535,97945,93412,4000,3503,4000,4003,3500,89443,90689,91535,93942,89912,0
Female,Graduate,Single,25,30000,14717,14190,12900,11006,5584,5268,0,0,2046,0,0,14190,12900,8960,5584,5268,1
Female,Graduate,Single,25,200000,183516,179534,134572,61450,-200,-200,6700,7000,3000,0,0,172834,127572,58450,-200,-200,0
Female,University,Single,25,60000,34992,36106,37220,38253,39369,36592,2000,2000,2000,2000,1400,34106,35220,36253,37369,35192,1
Female,University,Other,24,170000,44544,37432,38658,35458,30143,42215,2000,2165,2285,500,28500,35432,36493,33173,29643,13715,0
Female,Graduate,Single,24,20000,15451,16789,18203,19602,16121,15321,1600,2000,4000,0,1500,15189,16203,15602,16121,13821,1
Female,Graduate,Single,25,230000,35101,35695,11657,13258,12459,6886,5000,5000,3000,669,5000,30695,6657,10258,11790,1886,0
Female,University,Single,25,50000,66881,65115,51010,50342,36025,36778,0,2092,1460,1167,1209,65115,48918,48882,34858,35569,0
Female,University,Single,25,90000,103541,100190,99522,89674,10874,0,5000,8500,0,217,0,95190,91022,89674,10657,0,1
Female,Graduate,Single,25,70000,5328,212,41069,-367,-367,-367,212,42000,0,0,0,0,-931,-367,-367,-367,0
Female,Graduate,Single,25,50000,44984,47217,47748,46987,47462,48104,3000,3000,2000,2000,1859,44217,44748,44987,45462,46245,0
Female,University,Single,26,120000,34183,22431,12399,4199,3059,674,1700,1500,1000,682,0,20731,10899,3199,2377,674,0
Female,High School,Single,26,50000,33457,34504,35447,36061,36571,35850,1900,1800,1500,1400,0,32604,33647,34561,35171,35850,1
Female,Graduate,Single,27,380000,0,292,7352,3401,1042,4000,292,7352,3401,1042,4000,0,0,0,0,0,0
Female,Graduate,Single,27,140000,0,2051,446,0,0,0,2051,446,0,0,0,0,0,0,0,0,1
Female,University,Single,27,200000,157768,108932,110405,90226,88789,92188,6000,5000,10000,5000,5000,102932,105405,80226,83789,87188,0
Female,University,Single,26,60000,23911,25181,26513,7028,-1073,-1073,1668,2000,1500,0,0,23513,24513,5528,-1073,-1073,0
Female,High School,Single,25,80000,80804,81390,81700,79080,59873,60520,3000,3058,9013,2200,2200,78390,78642,70067,57673,58320,0
Female,Graduate,Single,28,270000,70587,70279,69339,67497,68446,69799,3015,3000,2500,2435,3000,67264,66339,64997,66011,66799,0
Female,University,Single,28,150000,25639,16213,18075,19902,5331,9281,2000,2000,2000,1000,3950,14213,16075,17902,4331,5331,0
Female,High School,Single,27,260000,106164,105133,100606,93022,61746,47819,3834,4523,3154,2025,1709,101299,96083,89868,59721,46110,0
Female,Other,Married,27,200000,185143,188678,191500,187835,139070,140171,7000,7512,7500,5100,5100,181678,183988,180335,133970,135071,0
Female,Graduate,Single,27,90000,61799,62561,63069,62643,59265,59046,2400,2518,2514,2100,2500,60161,60551,60129,57165,56546,0
Female,University,Married,29,200000,57982,55005,54742,54401,42923,40365,0,2200,1671,3000,0,55005,52542,52730,39923,40365,0
Female,High School,Single,29,200000,326,326,326,326,326,326,326,326,326,326,326,0,0,0,0,0,0
Female,University,Single,25,30000,23657,26568,27456,27915,27185,28806,3300,1600,1200,0,2200,23268,25856,26715,27185,26606,1
Female,Graduate,Single,27,180000,101395,101607,98186,59451,49956,50133,5000,3371,6940,2800,2000,96607,94815,52511,47156,48133,0
Female,University,Married,28,30000,8704,9698,11022,12032,12134,12439,1300,1488,1498,600,500,8398,9534,10534,11534,11939,0
Female,Graduate,Single,28,520000,34167,53319,25689,146903,150656,132050,40054,8011,151509,50263,59491,13265,17678,-4606,100393,72559,0
Female,High School,Single,28,80000,1646,4830,4655,15403,5849,2046,4830,4655,17663,5852,2254,0,0,-2260,-3,-208,0
Female,High School,Married,28,120000,57863,59456,57868,60790,50091,51113,5000,3588,10000,5000,5000,54456,54280,50790,45091,46113,0
Female,Graduate,Single,27,360000,660,660,658,1095,4948,3861,663,661,1100,4953,19,-3,-3,-5,-5,3842,0
Female,Graduate,Single,27,50000,44402,44977,46546,46033,48656,41674,2000,3000,2400,3023,5000,42977,43546,43633,45633,36674,0
Female,University,Single,27,200000,108422,106437,109068,112286,77062,0,3900,4345,6000,3950,0,102537,104723,106286,73112,0,0
Female,University,Single,24,30000,23729,27889,29500,29639,27546,6718,10000,2061,1200,551,0,17889,27439,28439,26995,6718,1
Female,University,Single,24,50000,16691,15412,12420,13156,28315,28908,3500,0,1329,29328,1049,11912,12420,11827,-1013,27859,0
Female,Graduate,Single,25,80000,4932,2638,2940,2946,9606,2946,2638,2940,2946,9606,2946,0,0,0,0,0,0
Female,University,Single,25,50000,40114,22701,390,26898,26911,26926,1000,390,26898,1000,1000,21701,0,0,25911,25926,0
Female,University,Single,26,120000,1682,1929,1682,1682,1682,1682,1929,1682,1682,1682,1682,0,0,0,0,0,0
Female,Other,Single,27,210000,0,0,780,0,0,0,0,780,0,0,0,0,0,0,0,0,0
Female,University,Single,22,80000,76405,77043,79524,75773,29126,8671,2780,3745,1628,596,173,74263,75779,74145,28530,8498,0
Female,Graduate,Single,25,50000,48408,47563,41319,25110,20478,20258,1774,2100,1609,1000,1000,45789,39219,23501,19478,19258,0
Female,University,Single,25,300000,1800,1800,2148,1800,0,2635,1800,2148,1800,0,2635,0,0,0,0,0,0
Female,Graduate,Single,26,100000,2405,3420,4286,5302,6829,6574,1214,1080,1096,1623,0,2206,3206,4206,5206,6574,0
Female,University,Single,26,80000,390,390,390,0,780,0,390,390,0,780,0,0,0,0,0,0,1
Female,Graduate,Single,26,130000,1094,1271,1205,1798,299,1280,1293,1205,1798,299,1280,-22,0,0,0,0,0
Female,University,Single,27,80000,20540,8985,8941,8564,6281,6965,1985,2287,2287,281,965,7000,6654,6277,6000,6000,0
Female,Graduate,Single,27,160000,0,11700,12829,10801,10351,3366,11700,12014,8000,5000,0,0,815,2801,5351,3366,1
Female,Graduate,Single,27,130000,128137,109868,108167,102584,91030,82634,4000,4019,4017,3100,4500,105868,104148,98567,87930,78134,0
Female,Graduate,Married,23,30000,6630,3842,3631,1950,1170,1170,3842,0,0,0,0,0,3631,1950,1170,1170,0
Female,Graduate,Single,23,50000,9861,6486,2636,4652,6390,8880,1000,2636,2500,2128,2880,5486,0,2152,4262,6000,0
Female,University,Single,22,20000,19583,16810,17941,19327,19155,19422,1300,1409,1795,623,512,15510,16532,17532,18532,18910,0
Female,University,Single,23,140000,21001,16400,20729,15583,7218,7365,4000,5000,2000,0,147,12400,15729,13583,7218,7218,0
Female,Graduate,Single,25,180000,62798,51923,51935,47383,32876,28915,1867,2501,1271,926,876,50056,49434,46112,31950,28039,0
Female,High School,Single,26,400000,18256,18245,18447,13574,8805,10501,1300,1229,1120,292,2784,16945,17218,12454,8513,7717,0
Female,University,Single,26,260000,28,-288,-604,-920,-1236,-1552,288,1236,316,316,316,-576,-1840,-1236,-1552,-1868,0
Female,University,Single,26,260000,264249,264434,263847,262723,222464,222837,9800,9800,9413,7114,7532,254634,254047,253310,215350,215305,0
Female,University,Married,26,180000,2406,2410,2057,2392,1483,2161,2410,2057,2392,1483,2161,0,0,0,0,0,0
Female,Graduate,Single,27,160000,0,0,0,1900,0,2018,0,0,1900,0,2018,0,0,0,0,0,0
Female,University,Single,25,20000,17496,16923,20319,19543,19534,19320,0,4000,0,391,386,16923,16319,19543,19143,18934,0
Female,University,Married,25,30000,28848,27932,27474,28351,26389,26992,2000,1524,1401,917,1000,25932,25950,26950,25472,25992,0
Female,University,Married,25,250000,13358,19102,23681,20869,25490,31258,6000,5000,4000,5000,6000,13102,18681,16869,20490,25258,0
Female,Graduate,Single,25,80000,40764,41765,42251,46475,48156,50419,2000,1776,5000,3000,5000,39765,40475,41475,45156,45419,0
Female,Graduate,Single,24,90000,77860,76387,0,0,0,0,3292,0,0,0,0,73095,0,0,0,0,0
Female,Graduate,Single,28,50000,0,0,0,0,0,-2000,0,0,0,0,0,0,0,0,0,-2000,0
Female,Graduate,Single,27,210000,39397,38683,39210,38986,689,2040,2000,1985,1300,0,2040,36683,37225,37686,689,0,0
Female,Graduate,Single,27,200000,8666,9737,16013,28720,23607,24135,1224,6500,15000,3607,684,8513,9513,13720,20000,23451,0
Female,University,Single,28,320000,10668,44197,36538,34603,31596,30155,44462,12000,2000,1000,1000,-265,24538,32603,30596,29155,0
Female,Graduate,Married,32,200000,14202,0,505,0,0,0,0,505,0,0,0,0,0,0,0,0,0
Female,University,Married,27,80000,3970,1603,3740,2000,0,2096,0,2191,0,0,2096,1603,1549,2000,0,0,1
Female,High School,Single,26,140000,33236,32971,31206,31730,30535,28301,1785,2012,1536,837,989,31186,29194,30194,29698,27312,0
Female,Graduate,Single,27,80000,78178,77637,73966,71447,66994,66813,3437,3300,3050,5000,2700,74200,70666,68397,61994,64113,0
Female,Graduate,Single,29,200000,11347,30478,7892,1961,1357,1357,25000,8082,2580,1357,0,5478,-190,-619,0,1357,0
Female,University,Single,30,230000,2374,2165,2154,1966,1966,1966,0,2154,1966,1966,1966,2165,0,0,0,0,1
Female,Graduate,Single,28,230000,231591,102650,0,0,0,915,4650,0,0,0,915,98000,0,0,0,0,0
Female,High School,Married,26,20000,13548,14919,17057,13450,7944,780,1605,3130,1275,159,0,13314,13927,12175,7785,780,0
Female,University,Married,27,90000,91367,64482,32037,14589,10237,10066,2121,1357,1037,243,244,62361,30680,13552,9994,9822,0
Female,University,Married,26,130000,5169,6228,6065,3489,3489,1163,1300,1250,0,0,0,4928,4815,3489,3489,1163,1
Female,University,Single,29,320000,5118,3743,7997,3115,1852,1347,6783,8063,3115,1852,1347,-3040,-66,0,0,0,0
Female,University,Single,29,30000,36328,35291,36775,36914,33305,33688,0,2206,1500,2000,6000,35291,34569,35414,31305,27688,0
Female,Graduate,Single,29,240000,32870,34015,38257,37607,40924,43546,2000,5000,0,4000,3000,32015,33257,37607,36924,40546,1
Female,Graduate,Single,29,360000,885,10553,1943,2640,1741,4120,10553,2000,2700,2000,4120,0,-57,-60,-259,0,0
Female,Graduate,Single,28,30000,13568,3166,821,0,0,0,3166,821,0,0,0,0,0,0,0,0,0
Female,High School,Single,28,240000,242837,246989,204769,62670,10408,10848,10000,0,2806,500,562,236989,204769,59864,9908,10286,1
Female,Graduate,Single,28,320000,0,0,0,0,1999,1999,0,0,0,1999,1999,0,0,0,0,0,0
Female,Graduate,Single,28,410000,210866,109320,11546,858,0,1117,2444,3056,968,0,1117,106876,8490,-110,0,0,0
Female,University,Single,29,220000,43596,45765,41308,39770,31840,33173,6000,2,3006,2000,2000,39765,41306,36764,29840,31173,0
Female,Graduate,Single,26,240000,0,0,343,315,6000,0,0,343,315,6000,0,0,0,0,0,0,0
Female,Graduate,Single,26,200000,2232,3967,1348,20836,1321,561,3967,1348,20836,1321,561,0,0,0,0,0,0
Female,Other,Single,25,80000,72732,74120,74071,41008,32152,32748,3201,4016,2109,1151,1685,70919,70055,38899,31001,31063,0
Female,Graduate,Single,25,20000,17977,17776,18886,19551,18964,19676,2000,1700,1300,662,1000,15776,17186,18251,18302,18676,0
Female,Graduate,Single,24,20000,4687,9060,5064,14745,6805,6805,15000,6004,14776,10000,0,-5940,-940,-31,-3195,6805,0
Female,University,Single,26,300000,1121,699,3131,5180,1780,0,699,3152,5180,1780,0,0,-21,0,0,0,0
Female,Graduate,Single,26,340000,17211,19262,20012,19728,19042,11728,2637,1353,531,14,235,16625,18659,19197,19028,11493,0
Female,University,Single,27,300000,15024,12128,9775,7347,4026,4851,1200,1164,1069,81,4851,10928,8611,6278,3945,0,0
Female,Graduate,Single,26,350000,0,0,0,0,0,0,0,0,0,0,0,0,0,0,0,0,0
Female,Graduate,Single,24,20000,18466,15946,16327,17970,18819,16642,1500,1500,2000,1000,1000,14446,14827,15970,17819,15642,1
Female,Graduate,Single,24,90000,69542,64610,62725,57716,43970,36415,2366,4000,3000,2000,3480,62244,58725,54716,41970,32935,0
Female,University,Married,27,80000,77039,78746,79757,40498,29212,29621,2984,2449,1612,798,1307,75762,77308,38886,28414,28314,1
Female,University,Married,28,20000,6064,7076,8169,8956,8956,0,1120,1213,1000,0,0,5956,6956,7956,8956,0,0
Female,Graduate,Single,28,240000,203850,203979,204712,205344,152992,140128,7500,8000,8400,6000,5200,196479,196712,196944,146992,134928,0
Female,Graduate,Single,27,150000,942,616,290,326,740,17481,0,0,362,740,17481,616,290,-36,0,0,1
Female,Graduate,Single,27,100000,40576,41876,42699,44020,44588,45521,1977,1800,2032,1600,1652,39899,40899,41988,42988,43869,1
Female,University,Married,24,150000,-122,16711,8004,521,3776,165,16924,8004,521,3776,165,-213,0,0,0,0,0
Female,Graduate,Single,27,50000,45190,45277,44941,0,0,0,5277,4941,0,0,0,40000,40000,0,0,0,0
Female,Graduate,Single,27,260000,109588,111132,112014,107404,46866,11950,5000,5000,3000,2000,433,106132,107014,104404,44866,11517,0
Female,Graduate,Single,27,140000,128656,126785,129752,132554,268084,137061,6000,6500,6500,5000,5000,120785,123252,126054,263084,132061,0
Female,Graduate,Single,24,30000,25616,27526,11458,7500,7000,5192,31348,1328,1000,7000,5192,-3822,10130,6500,0,0,0
Female,University,Single,23,90000,11989,18746,19670,14039,14218,9427,7000,1326,1095,377,288,11746,18344,12944,13841,9139,0
Female,University,Married,23,50000,5215,6232,7251,8326,9184,10031,1106,1125,1200,1000,1000,5126,6126,7126,8184,9031,1
Female,University,Single,31,230000,10190,49777,49159,43668,42352,43099,49777,3002,1388,1511,5000,0,46157,42280,40841,38099,0
Female,High School,Married,30,70000,55352,56448,57550,58008,58957,60367,2600,2600,2000,2500,2500,53848,54950,56008,56457,57867,1
Female,Graduate,Single,30,300000,53377,54984,56738,57282,58575,59653,2500,2640,2080,2246,2174,52484,54098,55202,56329,57479,0
Female,Graduate,Single,27,300000,4850,42189,83754,120927,105303,82475,42198,83754,120927,0,716,-9,0,0,105303,81759,0
Female,Graduate,Single,29,110000,105102,107388,106805,107608,108643,109689,5289,3875,3830,4000,4000,102099,102930,103778,104643,105689,1
Female,University,Single,27,30000,4512,6628,9222,6368,1000,3070,2205,2111,2376,0,2070,4423,7111,3992,1000,1000,0
Female,University,Single,27,20000,17311,0,0,0,4599,4779,0,0,0,4599,700,0,0,0,0,4079,1
Female,Graduate,Single,22,30000,846,3173,1972,182,0,0,3173,1972,183,0,0,0,0,-1,0,0,0
Female,Graduate,Single,31,350000,49184,20738,47631,51451,35104,0,20738,27689,21451,2000,0,0,19942,30000,33104,0,0
Female,Graduate,Single,30,200000,10225,9468,30250,5215,90,5690,9468,30250,5215,90,6198,0,0,0,0,-508,0
Female,Graduate,Single,31,200000,10742,165,1295,0,0,0,165,1295,0,0,0,0,0,0,0,0,0
Female,University,Married,26,50000,41891,33849,30220,30235,28979,23593,1781,2016,1450,1314,814,32068,28204,28785,27665,22779,0
Female,University,Single,26,100000,88728,86405,88636,83516,39871,39626,0,3639,2347,3901,1327,86405,84997,81169,35970,38299,1
Female,University,Single,26,140000,22844,8178,3776,3776,3776,4173,1119,1000,3776,3776,4173,7059,2776,0,0,0,0
Female,High School,Single,22,50000,46476,47703,51922,51563,50677,48556,2000,5000,1200,0,1853,45703,46922,50363,50677,46703,0
Female,Graduate,Single,22,50000,38393,36240,31675,31849,31323,32620,2000,2000,2000,1500,3023,34240,29675,29849,29823,29597,0
Female,Graduate,Single,27,160000,97375,112373,119017,104417,62975,53299,20000,10000,3017,0,3000,92373,109017,101400,62975,50299,0
Female,University,Single,28,170000,30860,167941,171459,173310,240738,135722,304815,8000,8127,4810,5000,-136874,163459,165183,235928,130722,0
Female,Graduate,Single,28,160000,40854,41849,42889,43904,44777,45866,1676,1716,1731,1604,1812,40173,41173,42173,43173,44054,0
Female,High School,Single,28,100000,1250,1250,1250,1250,1250,650,0,0,0,0,0,1250,1250,1250,1250,650,0
Female,Graduate,Single,29,100000,94378,95809,93076,91241,62242,9565,6000,5000,4000,4000,1000,89809,88076,87241,58242,8565,0
Female,University,Single,23,200000,61650,0,0,0,0,0,0,0,0,0,0,0,0,0,0,0,1
Female,Graduate,Single,27,360000,297275,307394,314534,289355,274484,247998,20000,15000,19355,10000,10000,287394,299534,270000,264484,237998,0
Female,Graduate,Single,27,160000,159460,148691,118082,112802,61178,98960,10000,10000,5022,8000,99822,138691,108082,107780,53178,-862,0
Female,Graduate,Single,30,500000,137243,129722,128006,125294,92276,96112,5000,5116,5000,5000,5000,124722,122890,120294,87276,91112,0
Female,Graduate,Single,30,50000,45977,45931,45344,36789,28918,23095,1823,1818,1312,879,781,44108,43526,35477,28039,22314,0
Female,University,Single,25,90000,86830,94016,88477,87820,88444,91198,9000,0,4100,3000,4000,85016,88477,83720,85444,87198,0
Female,University,Single,25,300000,780,390,334,780,2590,1490,390,334,780,2590,1490,0,0,0,0,0,0
Female,Graduate,Single,28,120000,50477,52632,55282,56878,57948,59179,3500,4000,3500,2500,2200,49132,51282,53378,55448,56979,1
Female,Graduate,Single,28,300000,14033,6500,1477,0,0,1346,6520,1477,0,0,1346,-20,0,0,0,0,1
Female,Graduate,Single,28,500000,19543,21788,19323,33146,39741,53516,5110,19623,15000,7000,14122,16678,-300,18146,32741,39394,0
Female,University,Married,28,50000,15314,16327,17366,18325,17365,17964,1269,1308,1267,605,862,15058,16058,17058,16760,17102,0
Female,University,Married,26,20000,18141,17718,18058,18623,15692,15215,1600,1700,1509,1000,670,16118,16358,17114,14692,14545,0
Female,Graduate,Single,27,240000,118175,0,0,0,0,0,0,0,0,0,0,0,0,0,0,0,0
Female,University,Single,27,210000,46066,38952,29735,15381,12475,10535,1951,3034,3000,3000,3000,37001,26701,12381,9475,7535,0
Female,High School,Married,24,50000,-1037,-1037,49024,49806,30212,30419,0,52806,1872,1200,1100,-1037,-3782,47934,29012,29319,0
Female,University,Single,25,50000,42684,40407,31811,13898,0,0,2000,1814,1000,0,0,38407,29997,12898,0,0,0
Female,Graduate,Single,25,60000,1507,0,11305,0,0,300,0,11305,0,0,300,0,0,0,0,0,0
Female,University,Single,28,310000,311380,314131,301646,292673,253269,256259,11264,10979,10950,9281,9304,302867,290667,281723,243988,246955,0
Female,Graduate,Single,28,140000,47547,55621,54174,54599,53124,54393,9532,0,1900,0,2124,46089,54174,52699,53124,52269,1
Female,University,Married,27,320000,1175,0,0,0,5210,0,0,0,0,5210,0,0,0,0,0,0,0
Female,University,Married,27,90000,20461,21465,22495,23504,23815,24311,1649,1679,1688,999,1029,19816,20816,21816,22816,23282,0
Female,University,Married,27,280000,280913,283222,273160,257689,193231,191143,11052,9563,15017,5374,5420,272170,263597,242672,187857,185723,0
Female,High School,Married,25,80000,3525,1504,0,2332,4320,0,1654,0,2332,4320,0,-150,0,0,0,0,1
Female,Graduate,Single,25,170000,170950,166243,165816,166023,96415,127480,6014,7103,5451,6000,80000,160229,158713,160572,90415,47480,0
Female,University,Married,30,240000,0,0,7124,6860,2959,6000,0,7124,21,2959,6000,0,0,6839,0,0,1
Female,Graduate,Married,23,30000,25665,26669,28080,28836,28812,29400,1433,1844,1600,576,588,25236,26236,27236,28236,28812,1
Female,University,Single,24,120000,69725,66918,65838,61527,59620,60767,3008,2319,2151,2200,2300,63910,63519,59376,57420,58467,0
Female,University,Single,23,50000,48424,45300,-100,-100,-100,650,1500,100,0,0,750,43800,-200,-100,-100,-100,0
Female,University,Single,23,10000,6969,7992,9106,9719,9917,0,1300,1400,1000,198,0,6692,7706,8719,9719,0,0
Female,Graduate,Single,24,80000,56222,52268,29402,20983,21096,22252,2000,1800,1700,759,1500,50268,27602,19283,20337,20752,0
Female,Graduate,Single,28,170000,42062,43170,44283,46352,51384,50568,2000,2000,3000,6000,0,41170,42283,43352,45384,50568,0
Female,University,Single,28,360000,-307,-307,-307,-307,-307,-307,0,0,0,0,307,-307,-307,-307,-307,-614,1
Female,Graduate,Married,33,110000,24178,25270,24669,26738,27201,26723,1700,0,2700,1100,0,23570,24669,24038,26101,26723,1
Female,University,Married,34,210000,14724,16465,17694,18892,20566,23226,2000,1500,1500,2000,3000,14465,16194,17392,18566,20226,0
Female,Other,Married,34,150000,83000,88000,93000,98000,100000,0,5000,5000,5000,2000,0,83000,88000,93000,98000,0,0
Female,University,Married,34,200000,17822,19741,18718,15033,12785,8426,19855,18914,15112,12849,8468,-114,-196,-79,-64,-42,0
Female,University,Single,26,140000,271896,141057,144306,141949,141345,136379,14000,7200,19000,10400,0,127057,137106,122949,130945,136379,1
Female,University,Single,27,80000,45198,45572,40910,40969,41275,41637,2000,2000,1600,1500,1550,43572,38910,39369,39775,40087,1
Female,High School,Married,24,240000,136760,193321,189572,194799,52599,51487,90000,7170,9000,3000,3000,103321,182402,185799,49599,48487,0
Female,University,Married,29,50000,48529,42955,50543,49032,19830,18299,3000,9000,2000,2000,700,39955,41543,47032,17830,17599,0
Female,Graduate,Single,28,80000,39663,40664,42742,43730,44721,45764,1664,2742,2000,1720,1764,39000,40000,41730,43001,44000,0
Female,Other,Married,24,70000,47663,47470,0,0,0,0,1000,0,0,0,0,46470,0,0,0,0,0
Female,Graduate,Single,24,50000,3258,-37,18356,1851,8362,810,0,9252,1859,8362,810,-37,9104,-8,0,0,0
Female,Graduate,Single,28,180000,6396,12595,18704,24410,29184,7325,7000,7000,7000,7000,5000,5595,11704,17410,22184,2325,0
Female,Graduate,Single,29,110000,107336,107195,109443,106637,106665,92417,5320,7845,4000,4000,3500,101875,101598,102637,102665,88917,0
Female,University,Married,29,300000,321155,317259,313600,309670,305660,301693,11369,11380,11216,11069,11090,305890,302220,298454,294591,290603,1
Female,Other,Single,29,210000,43933,45197,46468,47394,48604,49669,2000,2000,2000,2000,2000,43197,44468,45394,46604,47669,0
Female,Graduate,Single,29,200000,7298,1467,439,2257,43720,43968,1000,439,2000,42000,1700,467,0,257,1720,42268,0
Female,University,Married,28,100000,0,0,0,0,0,0,0,0,0,0,0,0,0,0,0,0,1
Female,High School,Single,31,70000,68174,68973,69835,66216,30000,30096,3200,3013,2141,1200,1300,65773,66822,64075,28800,28796,1
Female,Graduate,Single,31,250000,67492,67875,67448,68165,68787,70111,3500,2658,3000,4000,3000,64375,64790,65165,64787,67111,0
Female,Graduate,Single,31,600000,-84,115,349,-9,-9,-9,700,349,9,0,0,-585,0,-18,-9,-9,0
Female,University,Married,31,320000,2437,3490,4529,5548,6450,7342,1100,1100,1100,1000,1000,2390,3429,4448,5450,6342,0
Female,University,Single,31,180000,180754,85936,88542,92055,94038,95849,3085,4000,5000,3514,3478,82851,84542,87055,90524,92371,0
Female,Graduate,Single,27,110000,69970,66423,61951,59428,53678,52254,4009,5083,5002,4000,3000,62414,56868,54426,49678,49254,0
Female,Graduate,Single,22,20000,18761,18167,19202,20178,20281,20293,0,1634,1610,710,717,18167,17568,18568,19571,19576,0
Female,High School,Single,22,60000,4049,1808,3496,11548,14519,5861,1815,3496,11548,3500,200,-7,0,0,11019,5661,0
Female,University,Single,30,320000,3690,3720,4206,15610,10556,11863,3720,4206,15610,10556,8000,0,0,0,0,3863,0
Female,Graduate,Single,29,320000,42596,43548,33674,34259,62546,106857,1955,2020,1605,30039,65000,41593,31654,32654,32507,41857,0
Female,University,Single,29,110000,113003,113269,110078,112466,111094,109243,5837,5454,5707,4156,4123,107432,104624,106759,106938,105120,0
Female,High School,Single,28,80000,71834,70194,71912,69776,70985,72444,3200,3500,3000,2500,2500,66994,68412,66776,68485,69944,0
Female,High School,Single,29,500000,110651,94609,95607,95276,90310,91229,3005,3027,6024,3003,2334,91604,92580,89252,87307,88895,0
Female,High School,Single,31,190000,1568,87,0,0,0,0,87,0,0,0,0,0,0,0,0,0,0
Female,University,Single,27,80000,23424,20510,20330,17050,10926,10068,5000,3500,3000,0,1000,15510,16830,14050,10926,9068,0
Female,Graduate,Married,29,90000,4034,11387,4387,35670,41995,35912,10400,3400,36139,618,3200,987,987,-469,41377,32712,0
Female,High School,Single,29,140000,177535,170477,149237,132330,122464,54494,14500,0,5000,8000,10000,155977,149237,127330,114464,44494,0
Female,Graduate,Single,31,200000,0,896,0,0,0,0,896,0,0,0,0,0,0,0,0,0,0
Female,Graduate,Married,31,250000,2198,7404,3186,5161,0,13714,7404,3186,5161,0,13714,0,0,0,0,0,0
Female,Graduate,Married,32,260000,0,0,0,0,238,0,0,0,0,238,0,0,0,0,0,0,0
Female,University,Single,28,220000,3700,0,0,0,0,0,0,0,0,0,0,0,0,0,0,0,1
Female,University,Single,29,110000,50268,24243,25349,26265,27045,27572,1400,1500,1400,1100,1000,22843,23849,24865,25945,26572,0
Female,University,Single,27,210000,83381,85097,86928,89471,91282,93309,3100,3200,4000,3300,3500,81997,83728,85471,87982,89809,0
Female,University,Married,30,380000,295618,232987,105800,52296,196448,168405,13437,6068,2462,168159,5248,219550,99732,49834,28289,163157,0
Female,Graduate,Single,26,120000,-93,936,0,680,0,0,1029,0,680,0,0,-93,0,0,0,0,0
Female,Graduate,Single,25,60000,56136,57280,56969,58695,57453,61153,2100,2100,2685,2300,4800,55180,54869,56010,55153,56353,0
Female,University,Single,24,100000,81601,79689,85389,83121,88304,90746,0,7000,0,6600,4000,79689,78389,83121,81704,86746,1
Female,Graduate,Single,24,20000,19167,18925,18340,18317,18747,19328,1585,1700,1570,1000,1000,17340,16640,16747,17747,18328,0
Female,University,Single,25,30000,19309,20009,21034,22050,22490,22961,1325,1350,1366,806,834,18684,19684,20684,21684,22127,1
Female,Graduate,Single,26,50000,48338,48283,40989,26695,18884,20131,3008,2024,3000,1000,5000,45275,38965,23695,17884,15131,0
Female,Graduate,Single,26,200000,71574,74755,76945,82914,83733,80498,5000,4000,8000,2900,0,69755,72945,74914,80833,80498,1
Female,Graduate,Single,25,210000,390,390,390,390,390,780,390,390,390,390,780,0,0,0,0,0,0
Female,University,Single,25,240000,0,0,0,0,0,0,0,0,0,0,0,0,0,0,0,0,0
Female,High School,Single,33,150000,9516,9998,8336,6462,5872,1242,1100,1074,1000,1000,1000,8898,7262,5462,4872,242,0
Female,Graduate,Single,34,330000,4577,8400,626,626,1348,5879,8400,626,626,1348,5879,0,0,0,0,0,0
Female,University,Single,34,280000,38,34163,32800,131200,3950,0,34163,0,131200,3950,0,0,32800,0,0,0,0
Female,Graduate,Single,33,210000,0,0,0,0,0,0,0,0,0,0,0,0,0,0,0,0,0
Female,Graduate,Married,34,400000,10000,9791,-209,13796,0,0,10000,0,14005,2000,0,-209,-209,-209,-2000,0,0
Female,Graduate,Single,33,200000,147178,150573,140844,144245,135946,135736,7300,6550,7200,5300,5400,143273,134294,137045,130646,130336,0
Female,University,Married,32,60000,59738,59389,57656,58290,58213,57076,2700,2100,2100,2200,2100,56689,55556,56190,56013,54976,0
Female,University,Married,34,50000,2791,4563,5000,0,0,0,2000,1200,0,0,0,2563,3800,0,0,0,0
Female,Graduate,Single,31,360000,304,8288,21865,44440,3904,0,8288,21888,44640,3904,0,0,-23,-200,0,0,0
Female,Graduate,Single,31,300000,1555,1599,900,11019,3452,57848,1603,902,11117,3462,58418,-4,-2,-98,-10,-570,0
Female,University,Single,33,10000,-216,2784,5723,8607,8336,10209,3000,3000,3000,0,2000,-216,2723,5607,8336,8209,0
Female,Graduate,Married,32,420000,8871,358,0,0,20,0,358,0,0,20,0,0,0,0,0,0,0
Female,High School,Single,32,220000,209259,192365,184198,171391,178742,164793,7000,15000,6000,10000,10000,185365,169198,165391,168742,154793,0
Female,University,Married,34,130000,28967,30776,33071,32336,34186,34588,2500,3000,0,2600,1000,28276,30071,32336,31586,33588,1
Female,Graduate,Married,34,200000,0,0,0,0,0,0,0,0,0,0,0,0,0,0,0,0,0
Female,Graduate,Single,33,50000,31652,34207,35666,34798,36208,37466,3400,2301,0,2300,2000,30807,33365,34798,33908,35466,0
Female,University,Married,33,300000,248832,255686,262075,276110,279623,285719,11000,12000,20002,10002,11002,244686,250075,256108,269621,274717,0
Female,University,Married,44,120000,390,0,780,337,1234,0,0,780,337,1234,0,0,0,0,0,0,1
Female,Graduate,Single,35,360000,1475,13466,17584,17354,37703,22490,14200,17631,17741,25203,10000,-734,-47,-387,12500,12490,0
Female,High School,Married,35,50000,0,0,0,0,0,0,0,0,0,0,0,0,0,0,0,0,0
Female,Graduate,Single,37,230000,-152,-152,-152,-152,42668,130,0,0,0,42820,0,-152,-152,-152,-152,130,0
Female,University,Married,37,50000,48596,39623,28964,9522,2650,-581,2152,2091,1034,500,17,37471,26873,8488,2150,-598,0
Female,University,Married,38,30000,28751,23819,15367,10159,9859,8360,2588,1553,1033,381,384,21231,13814,9126,9478,7976,0
Female,High School,Married,45,150000,179441,169947,153522,150779,49198,50277,7333,4,4104,15000,2000,162614,153518,146675,34198,48277,1
Female,High School,Married,44,70000,9195,2301,3344,4303,4243,5248,1041,1084,1043,1000,2000,1260,2260,3260,3243,3248,0
Female,Graduate,Single,35,320000,44566,41007,41733,34534,36170,31775,2054,4027,3002,3008,1059,38953,37706,31532,33162,30716,0
Female,Graduate,Married,41,330000,0,0,0,0,0,0,0,0,0,0,0,0,0,0,0,0,1
Female,University,Married,37,120000,106469,108606,107945,111622,115301,117873,5400,4000,5500,5500,5500,103206,103945,106122,109801,112373,0
Female,Graduate,Married,36,360000,13686,1992,604,0,3960,0,1992,604,0,3960,0,0,0,0,0,0,0
Female,University,Married,40,30000,29002,28236,28395,29409,25267,25800,0,1812,1826,904,940,28236,26583,27583,24363,24860,0
Female,High School,Single,39,150000,60115,48412,37033,25032,12500,12500,1662,1783,1282,250,12500,46750,35250,23750,12250,0,0
Female,University,Single,49,30000,17667,18577,17991,20182,19560,21241,1500,0,2500,0,2000,17077,17991,17682,19560,19241,1
Female,University,Married,46,150000,77066,68414,41692,30936,31021,-1514,2094,1558,1005,1162,1408,66320,40134,29931,29859,-2922,0
Female,Graduate,Married,37,470000,12572,5363,5660,42003,39994,41816,5305,3500,38007,3000,3507,58,2160,3996,36994,38309,0
Female,University,Married,42,410000,407873,412650,415917,389659,342329,344974,18026,18026,14095,12037,15026,394624,397891,375564,330292,329948,0
Female,High School,Single,43,390000,0,0,0,0,0,0,0,0,0,0,0,0,0,0,0,0,1
Female,University,Married,37,320000,202442,187475,164694,148160,132230,121191,8211,6100,6094,5035,4446,179264,158594,142066,127195,116745,0
Female,High School,Single,40,450000,10815,4603,5266,4425,15091,6341,4000,5000,4425,15091,0,603,266,0,0,6341,0
Female,University,Single,42,70000,70803,67344,59018,48033,48833,49736,10,2200,2100,1900,1841,67334,56818,45933,46933,47895,0
Female,University,Married,44,50000,5358,6221,7241,8249,8414,8590,1109,1129,1137,302,312,5112,6112,7112,8112,8278,0
Female,High School,Married,46,100000,80402,86137,84998,85627,78245,79929,8000,1100,3000,3000,3100,78137,83898,82627,75245,76829,0
Female,Graduate,Single,28,110000,91286,91850,84849,84362,59391,59129,8080,14298,2519,6616,1953,83770,70551,81843,52775,57176,0
Female,University,Single,28,280000,119587,122015,130286,130705,132964,136400,4411,10282,3006,2659,3436,117604,120004,127699,130305,132964,0
Female,Graduate,Single,28,500000,302089,279409,258310,221792,201215,183739,10049,10106,9021,7029,9093,269360,248204,212771,194186,174646,0
Female,Graduate,Single,30,360000,146277,102869,102283,86370,86432,73607,6029,5487,5043,10084,5059,96840,96796,81327,76348,68548,0
Female,University,Married,30,180000,2759,2414,0,0,1245,546,13,0,0,1245,0,2401,0,0,0,546,0
Female,University,Single,31,480000,241989,217460,242500,185344,164256,168433,9960,30902,7410,6368,7323,207500,211598,177934,157888,161110,0
Female,Graduate,Married,39,450000,3664,4587,4562,5001,39243,25512,4595,4562,5001,39292,0,-8,0,0,-49,25512,0
Female,Graduate,Single,26,80000,76157,79874,80171,80136,79151,78465,5000,3500,3000,2800,3000,74874,76671,77136,76351,75465,0
Female,University,Single,25,290000,78719,71559,66658,68627,61578,59274,2510,2500,3000,3000,3000,69049,64158,65627,58578,56274,0
Female,University,Single,27,500000,195140,190529,135943,128438,106591,85215,11613,176596,6506,5178,3031,178916,-40653,121932,101413,82184,0
Female,Graduate,Married,37,200000,9212,0,261,8203,13203,9691,0,261,8203,5000,0,0,0,0,8203,9691,0
Female,High School,Married,43,130000,19690,19085,18491,20579,19950,21625,0,0,2400,0,2000,19085,18491,18179,19950,19625,1
Female,University,Single,34,360000,282674,277569,246380,236139,241056,246297,12200,10500,8500,8750,9200,265369,235880,227639,232306,237097,0
Female,University,Married,34,300000,59900,62391,66156,66621,68030,70101,3500,5017,5000,2000,2500,58891,61139,61621,66030,67601,0
Female,University,Single,41,70000,72593,72526,70138,51781,29117,29264,4000,36500,2300,1500,2000,68526,33638,49481,27617,27264,1
Female,High School,Married,44,80000,817,1131,817,1907,1962,1865,1131,1000,1907,2000,2000,0,-183,0,-38,-135,0
Female,Graduate,Single,36,30000,23338,25747,25048,26060,26578,27133,3120,0,1433,951,983,22627,25048,24627,25627,26150,1
Female,University,Single,30,280000,237345,195808,369761,197666,152084,149887,12873,135477,6480,4026,4153,182935,234284,191186,148058,145734,0
Male,High School,Single,46,210000,46743,50936,53107,53717,53255,55160,5000,4000,2350,2000,3000,45936,49107,51367,51255,52160,0
Female,High School,Married,41,80000,59184,58316,56942,58004,59187,61950,2665,2108,2051,2092,3690,55651,54834,55953,57095,58260,0
Female,Graduate,Single,37,260000,3821,1316,2609,1017,1012,959,1316,2609,1017,1012,959,0,0,0,0,0,0
Female,High School,Married,36,120000,9826,10838,11876,12853,13109,13015,1181,1219,1196,452,460,9657,10657,11657,12657,12555,1
Female,Graduate,Single,32,150000,35099,35601,36488,35729,38117,37259,1887,2003,2000,3419,13,33714,34485,33729,34698,37246,0
Female,University,Married,31,180000,0,200,100,300,200,499,200,0,300,0,399,0,100,0,200,100,0
Female,University,Married,34,140000,56702,53584,54794,55951,57103,58210,3000,3000,3000,3000,2500,50584,51794,52951,54103,55710,0
Female,High School,Married,34,370000,104114,233130,222640,184330,169078,167940,210000,9413,7900,6000,6000,23130,213227,176430,163078,161940,0
Female,University,Married,35,30000,27223,26474,25344,25634,24924,26546,0,2000,1000,0,2026,26474,23344,24634,24924,24520,1
Female,University,Single,33,160000,140122,140225,140745,139923,140815,139935,6500,5211,5000,5000,5000,133725,135534,134923,135815,134935,0
Female,University,Other,33,60000,4260,780,390,390,390,390,780,390,0,390,390,0,0,390,0,0,1
Female,Graduate,Married,34,230000,186163,190784,195724,198707,201634,205949,9000,9300,7500,7500,7500,181784,186424,191207,194134,198449,1
Female,University,Married,37,80000,69767,73197,44195,45458,48679,49895,5000,3000,2000,4000,2000,68197,41195,43458,44679,47895,0
Female,University,Married,37,360000,5748,550,0,0,0,0,0,0,0,0,0,550,0,0,0,0,0
Female,University,Married,42,130000,130623,131926,128380,126792,103497,96991,6400,0,4535,3900,4300,125526,128380,122257,99597,92691,1
Female,Graduate,Single,35,500000,2398,4583,13519,43251,34279,8657,4583,13519,43251,0,8657,0,0,0,34279,0,0
Female,University,Married,47,360000,93431,93784,93753,87660,78206,70147,3389,3357,2973,2819,2468,90395,90396,84687,75387,67679,0
Female,High School,Married,38,120000,118016,117738,120127,119719,118042,120682,5720,5820,5670,4250,4450,112018,114307,114049,113792,116232,0
Female,University,Single,36,150000,80321,82038,83734,80569,56672,65196,3052,3136,8046,2300,9621,78986,80598,72523,54372,55575,0
Female,University,Married,37,120000,18486,0,0,0,0,0,0,0,0,0,0,0,0,0,0,0,0
Female,Graduate,Other,35,190000,111776,107177,61892,191260,144062,140871,21238,2000,191260,6000,0,85939,59892,0,138062,140871,0
Female,High School,Married,43,230000,416,1099,2508,976,416,416,1099,2508,976,416,416,0,0,0,0,0,0
Female,High School,Other,43,50000,45807,46847,48090,48125,4080,0,1800,2000,1000,1000,0,45047,46090,47125,3080,0,0
Female,High School,Single,45,20000,390,350,360,370,780,390,350,400,400,800,0,0,-40,-30,-20,390,0
Female,High School,Married,38,100000,16618,-14115,51235,67368,68141,64167,13514,69370,20001,3000,3000,-27629,-18135,47367,65141,61167,0
Female,Other,Other,40,200000,225480,211608,197824,201940,98496,3480,7263,8857,9117,29420,3484,204345,188967,192823,69076,-4,0
Female,University,Single,38,160000,133017,125321,122044,111799,92039,89536,7008,6300,5000,3000,2606,118313,115744,106799,89039,86930,0
Female,Graduate,Single,32,160000,162,-2,-2,499,284,1248,0,0,501,285,1254,-2,-2,-2,-1,-6,0
Female,High School,Married,39,50000,31063,32051,33239,33571,32732,33416,1800,2000,1171,0,1211,30251,31239,32400,32732,32205,1
Female,Graduate,Single,26,100000,0,632,0,316,632,0,632,0,316,632,0,0,0,0,0,0,0
Female,Graduate,Married,44,420000,35545,34332,35097,33025,36945,37276,6,3016,1846,5005,2005,34326,32081,31179,31940,35271,0
Female,University,Married,38,500000,250,1384,6324,7353,5536,8321,1384,5000,1224,3003,3506,0,1324,6129,2533,4815,0
Female,Graduate,Married,41,360000,0,0,0,0,0,0,0,0,0,0,0,0,0,0,0,0,1
Female,Graduate,Single,28,190000,0,2278,918,859,1300,514,2278,918,864,1300,514,0,0,-5,0,0,0
Female,University,Single,32,120000,40420,0,0,0,0,0,0,0,0,0,0,0,0,0,0,0,0
Female,University,Married,33,300000,16260,11613,12893,10841,11900,0,1500,1513,1000,1059,0,10113,11380,9841,10841,0,0
Female,University,Single,31,50000,44325,45861,47667,48119,8257,8037,3000,3687,5000,1000,309,42861,43980,43119,7257,7728,0
Female,Graduate,Single,29,290000,98709,106341,107325,108805,105375,105710,10000,3286,3133,2822,3212,96341,104039,105672,102553,102498,0
Female,University,Single,29,240000,92076,84598,90102,90198,89822,95856,5006,9002,7000,5049,21862,79592,81100,83198,84773,73994,0
Female,University,Married,28,120000,103676,96833,78920,74310,75710,77503,3283,3000,5000,3000,3000,93550,75920,69310,72710,74503,0
Female,University,Single,30,150000,146432,149044,148839,147746,116537,36404,5301,6112,6023,4626,1035,143743,142727,141723,111911,35369,0
Female,Graduate,Single,31,270000,173,2254,3679,4065,3975,8195,2254,1522,4065,4056,81,0,2157,0,-81,8114,0
Female,Graduate,Single,31,310000,9108,24480,6864,0,150,150,24485,6864,0,150,150,-5,0,0,0,0,0
Female,University,Married,42,20000,6336,7350,8370,9380,10078,10072,1125,1145,1154,852,150,6225,7225,8226,9226,9922,1
Female,Graduate,Single,29,70000,66330,68278,69181,69494,63275,57430,3049,2621,3032,2074,2000,65229,66560,66462,61201,55430,0
Female,University,Married,29,290000,20593,20187,19130,14793,15442,14381,2002,3001,2000,1502,1000,18185,16129,12793,13940,13381,0
Female,University,Single,38,120000,652,652,0,326,652,326,0,0,326,652,0,652,0,0,0,326,0
Female,High School,Married,48,140000,143650,0,139067,93325,94256,97009,0,139067,4263,3376,4274,0,0,89062,90880,92735,0
Female,Graduate,Married,43,220000,64792,65463,66834,68221,69576,71035,2344,2427,2500,2490,2580,63119,64407,65721,67086,68455,0
Female,Graduate,Single,28,240000,192551,236772,201463,187916,149293,150614,100050,10000,7000,10040,7000,136722,191463,180916,139253,143614,0
Female,University,Married,30,320000,91029,84644,87765,83094,66463,63977,5005,15055,16752,10012,10071,79639,72710,66342,56451,53906,0
Female,University,Married,30,50000,25422,26456,27835,29070,30891,54741,1450,1800,2000,2600,0,25006,26035,27070,28291,54741,1
Female,Graduate,Married,30,100000,43717,29954,24551,16333,9776,58408,3000,2500,2000,1000,58408,26954,22051,14333,8776,0,0
Female,University,Single,30,70000,14232,15398,14866,15611,16753,16343,1700,0,1300,1400,0,13698,14866,14311,15353,16343,1
Female,Graduate,Single,30,230000,64062,56716,30038,22872,22567,21973,5000,3000,3616,3000,2000,51716,27038,19256,19567,19973,0
Female,University,Single,30,120000,5713,1492,0,6407,0,0,0,0,6407,0,0,1492,0,0,0,0,0
Female,Graduate,Single,31,350000,314747,322981,326921,210500,201775,171242,15000,12127,9557,8000,6500,307981,314794,200943,193775,164742,0
Female,Graduate,Single,34,70000,43357,44347,43357,46626,47562,48651,2000,0,4000,2000,2000,42347,43357,42626,45562,46651,1
Female,High School,Married,31,50000,39072,40283,37269,27880,27935,26314,1914,1900,1478,1172,2005,38369,35369,26402,26763,24309,0
Female,Graduate,Single,32,150000,1999,3769,1999,1999,1500,1500,3769,1999,1999,1500,1500,0,0,0,0,0,0
Female,High School,Married,34,410000,2347,4234,23591,224,193,6441,4252,23785,225,194,6473,-18,-194,-1,-1,-32,0
Female,Graduate,Single,34,410000,43719,44624,40881,39008,47638,27519,2626,2616,2617,20000,1012,41998,38265,36391,27638,26507,0
Female,Graduate,Single,35,400000,4238,4329,6888,3519,77,927,5000,7013,3600,1500,1000,-671,-125,-81,-1423,-73,0
Female,University,Married,34,50000,26149,26660,27637,22521,20533,14659,2000,1718,1210,1018,539,24660,25919,21311,19515,14120,0
Female,Graduate,Married,39,390000,40439,30808,27235,9895,3707,62320,2013,1329,1025,1010,67842,28795,25906,8870,2697,-5522,0
Female,Graduate,Single,36,360000,4279,9398,26510,50810,20800,0,9398,26510,51109,2080,0,0,0,-299,18720,0,0
Female,University,Married,36,30000,326,326,833,326,802,802,326,833,326,802,326,0,0,0,0,476,0
Female,University,Single,42,300000,-904,1096,928,2264,3090,5056,2000,1072,1500,1000,2000,-904,-144,764,2090,3056,0
Female,Graduate,Married,44,170000,754,0,0,0,1903,0,0,0,0,1903,0,0,0,0,0,0,0
Female,University,Single,44,40000,35515,36176,37490,38726,39795,40230,1550,2200,2170,2001,1601,34626,35290,36556,37794,38629,1
Female,Graduate,Single,38,430000,41092,43095,44692,45648,47884,136701,3000,2300,2000,3000,90000,40095,42392,43648,44884,46701,0
Female,University,Married,47,130000,2317,29,2595,1030,-1121,-2452,3000,3000,1000,897,0,-2971,-405,30,-2018,-2452,1
Female,University,Married,42,450000,7669,13267,18748,24711,33111,50885,7272,8764,9823,11123,20274,5995,9984,14888,21988,30611,0
Female,Graduate,Single,29,90000,91643,90717,89053,82623,70740,69237,3338,3096,4000,3000,2829,87379,85957,78623,67740,66408,0
Female,Graduate,Married,43,190000,1675,4873,3468,27395,0,148120,4873,3472,27403,0,148120,0,-4,-8,0,0,0
Female,Graduate,Single,38,210000,13744,14565,13173,13258,8155,2838,5000,3397,3000,2000,2300,9565,9776,10258,6155,538,0
Female,University,Married,43,20000,16510,17770,16432,16174,16499,12882,1558,1286,1204,529,467,16212,15146,14970,15970,12415,1
Female,Graduate,Married,36,200000,0,0,0,0,0,0,0,0,0,0,0,0,0,0,0,0,0
Female,Graduate,Single,29,160000,0,368,0,850,763,0,368,0,850,763,0,0,0,0,0,0,0
Female,University,Single,30,220000,152514,150742,142633,137337,144570,140881,7149,8000,5000,10800,0,143593,134633,132337,133770,140881,0
Female,Graduate,Single,31,230000,2274,7398,5537,1247,0,1000,7398,5537,1259,0,1000,0,0,-12,0,0,0
Female,Graduate,Single,32,290000,1485,299,0,0,440,0,299,0,0,440,0,0,0,0,0,0,0
Female,Graduate,Single,33,360000,20376,17726,18797,15816,16112,10793,1500,2016,1095,1024,350,16226,16781,14721,15088,10443,0
Female,University,Married,33,160000,9765,2836,824,948,632,316,2836,824,948,0,0,0,0,0,632,316,0
Female,University,Married,34,240000,0,0,0,0,0,0,0,0,0,0,0,0,0,0,0,0,0
Female,University,Married,35,260000,4539,10417,7364,8144,8422,7740,10417,7364,8144,8422,7740,0,0,0,0,0,0
Female,University,Married,34,100000,14815,10108,8022,9733,17284,8540,2010,1149,3094,1003,1004,8098,6873,6639,16281,7536,0
Female,High School,Married,42,70000,22068,30307,30570,31367,32163,32975,29500,2000,2000,2000,2000,807,28570,29367,30163,30975,0
Female,University,Single,25,170000,57198,59379,28679,29215,19415,19531,3200,2000,3000,10000,2000,56179,26679,26215,9415,17531,0
Female,University,Single,26,40000,28991,24391,13600,0,44024,18697,1300,1000,0,22373,680,23091,12600,0,21651,18017,0
Female,University,Married,47,80000,78849,27733,28009,28977,28756,28962,1433,1489,1457,1016,1046,26300,26520,27520,27740,27916,0
Female,Graduate,Single,25,30000,29668,28732,29752,28627,29467,29634,1500,1505,1500,2200,2300,27232,28247,27127,27267,27334,0
Female,Graduate,Single,25,140000,-74,-770,-1466,522,142,-554,0,0,3000,0,0,-770,-1466,-2478,142,-554,1
Female,University,Married,27,230000,24739,19712,18175,12109,11616,10134,2000,1928,1014,1000,203,17712,16247,11095,10616,9931,0
Female,University,Married,39,200000,35465,36480,37893,39266,40120,40961,1600,2000,2000,1500,1479,34880,35893,37266,38620,39482,0
Female,Graduate,Married,35,400000,4689,10043,17883,9322,15693,5588,10097,18057,9368,15771,5616,-54,-174,-46,-78,-28,0
Female,University,Married,38,170000,136768,133840,138172,140265,112529,110318,5000,6800,6500,8300,0,128840,131372,133765,104229,110318,0
Female,High School,Married,43,270000,2769,0,0,1074,3292,2106,0,0,1074,3292,0,0,0,0,0,2106,0
Female,University,Married,39,30000,4042,5060,2300,0,780,0,5327,2300,0,780,0,-267,0,0,0,0,0
Female,University,Single,46,200000,0,0,0,0,0,0,0,0,0,0,0,0,0,0,0,0,0
Female,Graduate,Single,31,280000,103,168,0,0,0,0,168,0,0,0,0,0,0,0,0,0,0
Female,University,Single,32,420000,476396,470185,481811,473498,368338,348300,16007,19031,17014,12121,20014,454178,462780,456484,356217,328286,0
Female,High School,Married,43,30000,30346,29885,20453,16076,15844,15785,1702,1531,1544,702,724,28183,18922,14532,15142,15061,1
Female,University,Married,41,180000,110856,99925,102359,96462,96846,95549,5000,5024,4300,3500,4000,94925,97335,92162,93346,91549,0
Female,University,Married,31,290000,284583,274119,275169,189354,193163,197303,10000,10490,6620,6700,7000,264119,264679,182734,186463,190303,0
Female,University,Single,32,20000,11389,12389,15175,14634,30772,17135,1500,3000,0,1000,2000,10889,12175,14634,29772,15135,0
Female,High School,Married,38,500000,-40,-40,-40,-40,7980,20603,0,0,0,8020,20706,-40,-40,-40,-40,-103,0
Female,University,Married,42,340000,226644,225033,219702,132852,124168,119568,8000,9222,5000,4500,4500,217033,210480,127852,119668,115068,0
Female,University,Married,39,270000,85827,87664,90515,91903,93864,96118,3000,4000,3403,3200,3479,84664,86515,88500,90664,92639,0
Female,High School,Married,41,150000,-1203,49909,46824,-2176,143824,151500,51772,2300,2176,146000,9500,-1863,44524,-4352,-2176,142000,0
Female,University,Single,33,40000,1860,1979,4167,1979,1979,1979,2279,4167,0,1979,1979,-300,0,1979,0,0,0
Female,Graduate,Single,34,360000,6276,16062,8539,8665,2132,745,16142,8630,8710,2142,748,-80,-91,-45,-10,-3,0
Female,University,Married,34,500000,144774,130097,134810,145182,141062,135358,20053,19000,15000,10040,15000,110044,115810,130182,131022,120358,0
Female,University,Single,47,280000,12477,13915,67119,53044,66668,61466,13987,69805,1711,26743,10057,-72,-2686,51333,39925,51409,0
Female,University,Single,43,50000,43051,43729,27008,28324,8044,8414,1500,1500,1800,500,500,42229,25508,26524,7544,7914,0
Female,Graduate,Single,42,330000,565,20650,15360,0,12923,1816,20650,15360,0,12923,1816,0,0,0,0,0,1
Female,High School,Single,46,360000,15219,26544,36301,45883,16789,6159,26796,36582,46112,16873,6190,-252,-281,-229,-84,-31,0
Female,High School,Married,40,340000,194380,183139,179156,170491,158370,151685,7000,9000,9000,7000,6000,176139,170156,161491,151370,145685,0
Female,Graduate,Single,26,500000,1419,1293,1111,1175,3162,1638,1293,1111,1175,3162,33,0,0,0,0,1605,0
Female,Graduate,Single,34,270000,67544,54523,18865,44908,19508,15860,4025,5,34000,0,0,50498,18860,10908,19508,15860,0
Female,High School,Married,40,120000,102400,108300,108538,94833,49078,40643,7500,5000,4121,2000,2000,100800,103538,90712,47078,38643,0
Female,University,Married,39,140000,567,1498,1139,380,2340,837,1498,1139,380,2340,837,0,0,0,0,0,0
Female,University,Single,27,200000,6369,5830,7254,7164,4576,5792,5830,7254,7164,4675,5792,0,0,0,-99,0,0
Female,High School,Married,45,50000,20080,18866,21549,26163,26684,27753,1317,3000,5000,956,1500,17549,18549,21163,25728,26253,0
Female,Graduate,Single,28,220000,55477,44109,32978,30415,28038,25669,3000,5000,13500,14000,13500,41109,27978,16915,14038,12169,0
Female,Graduate,Single,43,80000,80958,77783,-478,-1739,1261,1261,1556,0,0,4261,1261,76227,-478,-1739,-3000,0,0
Female,High School,Other,45,200000,399,2430,0,399,1396,0,2430,0,399,1396,0,0,0,0,0,0,0
Female,Graduate,Single,29,20000,0,2494,3967,1364,600,0,2494,3967,1370,600,0,0,0,-6,0,0,0
Female,Graduate,Single,29,260000,792,396,396,396,792,396,0,396,396,792,0,396,0,0,0,396,1
Female,Graduate,Single,29,430000,111409,114071,116749,118319,121351,125225,6000,6000,5000,5000,6000,108071,110749,113319,116351,119225,0
Female,Graduate,Married,39,360000,21421,31104,17918,19259,26924,19049,31110,17918,19459,26924,19049,-6,0,-200,0,0,0
Female,Graduate,Single,30,500000,16558,10998,4405,9274,10642,11986,11075,4405,9274,4000,5000,-77,0,0,6642,6986,0
Female,High School,Married,45,50000,49768,47191,49422,49586,30023,28373,0,3000,1500,5000,2000,47191,46422,48086,25023,26373,0
Female,University,Married,47,50000,46170,47155,48052,49491,28618,29217,1755,2000,2295,1000,1048,45400,46052,47196,27618,28169,0
Female,Graduate,Single,35,360000,-3,-3,-3,-3,-3,597,0,0,0,0,600,-3,-3,-3,-3,-3,0
Female,High School,Single,36,10000,3671,4945,6157,7172,8048,8318,1500,1300,1124,1000,400,3445,4857,6048,7048,7918,0
Female,Graduate,Single,32,220000,0,4048,4925,12554,1036,522,4048,4925,12606,0,572,0,0,-52,1036,-50,0
Female,University,Single,33,110000,103195,102713,103034,103112,94403,96072,5200,3804,4500,3400,3500,97513,99230,98612,91003,92572,1
Female,University,Single,34,290000,284150,288493,295333,285867,240773,242655,12000,12500,11000,8000,9300,276493,282833,274867,232773,233355,0
Female,University,Married,35,110000,28969,29568,30379,84257,84762,86139,1500,1706,55000,3200,3300,28068,28673,29257,81562,82839,0
Female,University,Single,40,120000,-200,-200,-200,-200,0,8360,0,0,0,200,8360,-200,-200,-200,-200,0,0
Female,University,Married,46,140000,82497,83206,85862,86676,88948,54312,2978,3997,3140,3707,2104,80228,81865,83536,85241,52208,0
Female,University,Married,38,500000,242546,184601,189136,172674,20253,29576,7000,8000,9000,791,10000,177601,181136,163674,19462,19576,0
Female,Graduate,Married,45,360000,3401,2655,1064,530,822,2222,2655,1064,530,822,2222,0,0,0,0,0,0
Female,University,Married,44,280000,390,0,780,0,0,0,0,780,0,0,0,0,0,0,0,0,1
Female,University,Single,38,220000,22145,5529,4688,1621,8522,4149,5575,4716,1632,8559,4164,-46,-28,-11,-37,-15,1
Female,University,Married,30,210000,158805,159093,153056,140518,70901,72539,5404,6230,5696,2328,2567,153689,146826,134822,68573,69972,0
Female,Graduate,Single,38,170000,822,-3,1243,0,0,0,0,1246,0,0,0,-3,-3,0,0,0,0
Female,Graduate,Single,23,50000,15213,16253,17289,18396,19089,19629,1300,1300,1400,1000,1000,14953,15989,16996,18089,18629,0
Female,Graduate,Married,34,300000,74917,70878,68463,52987,46867,16335,3028,4560,78,3171,5015,67850,63903,52909,43696,11320,1
Female,Graduate,Single,30,160000,2000,1000,1000,1000,12234,11960,1000,1000,1000,12234,1200,0,0,0,0,10760,1
Female,University,Single,26,320000,303926,305625,299382,316898,310361,312581,8100,0,24100,0,11700,297525,299382,292798,310361,300881,1
Female,High School,Married,37,280000,199046,184586,185067,177878,140710,81033,8200,7500,9000,6500,5000,176386,177567,168878,134210,76033,0
Female,Graduate,Single,31,290000,41879,42882,43992,45061,46998,51046,2000,2100,2100,3000,5000,40882,41892,42961,43998,46046,0
Female,High School,Single,41,20000,19080,20303,19302,19897,19895,20313,3000,0,1311,699,725,17303,19302,18586,19196,19588,0
Female,High School,Married,37,80000,47751,-215,855086,632,632,124542,215,1024516,632,632,124542,-430,-169430,0,0,0,0
Female,High School,Married,47,200000,0,0,0,0,0,0,0,0,0,0,0,0,0,0,0,0,0
Female,Graduate,Single,29,270000,990,5850,0,0,0,0,5850,0,0,0,0,0,0,0,0,0,0
Female,Graduate,Married,46,200000,10687,18021,3275,5430,6683,7790,18031,3275,5430,6871,7790,-10,0,0,-188,0,0
Female,University,Married,39,130000,125816,125804,124030,119966,89588,91178,7166,7501,6621,3501,3501,118638,116529,113345,86087,87677,0
Female,University,Single,35,30000,25368,24662,26001,27012,27241,27812,0,1739,1750,975,1010,24662,24262,25262,26266,26802,1
Female,University,Married,29,60000,1033,2076,26,3742,3352,3570,2081,26,4822,3352,3570,-5,0,-1080,0,0,0
Female,Graduate,Single,34,180000,85129,88701,91356,94820,100740,99015,5000,5000,5000,7500,0,83701,86356,89820,93240,99015,1
Female,University,Married,45,90000,45820,46770,45741,48729,49628,50680,2000,0,3755,2000,2000,44770,45741,44974,47628,48680,1
Female,Graduate,Married,43,430000,30000,28490,33490,30636,30240,0,28647,35000,30636,30241,0,-157,-1510,0,-1,0,0
Female,University,Married,37,30000,27672,28911,29163,28380,28636,30290,2000,1000,0,1000,2100,26911,28163,28380,27636,28190,1
Female,University,Single,40,190000,182923,183436,162537,157497,155297,153594,8059,7741,7201,4815,4927,175377,154796,150296,150482,148667,1
Female,Graduate,Single,31,240000,179483,183151,185490,189351,193115,197445,8151,6790,6951,6915,7445,175000,178700,182400,186200,190000,1
Female,Graduate,Married,33,240000,2193,0,0,0,2500,0,0,0,0,2500,0,0,0,0,0,0,0
Female,University,Married,38,240000,32981,47320,46392,51652,54969,42373,15000,0,6000,4059,14,32320,46392,45652,50910,42359,0
Female,University,Married,41,160000,0,1496,1496,1496,1496,1496,1496,1496,1496,1496,1496,0,0,0,0,0,0
Female,University,Married,28,110000,96131,106932,103381,75794,76947,79105,14000,27,4000,3000,3000,92932,103354,71794,73947,76105,0
Female,Graduate,Single,30,360000,13861,7795,4489,10218,6509,15156,7884,4808,10044,4006,10046,-89,-319,174,2503,5110,0
Female,High School,Married,43,130000,126965,130067,129385,96775,98071,97743,6739,5540,4403,3814,3562,123328,123845,92372,94257,94181,1
Female,University,Married,38,30000,2433,4772,2897,3236,3575,1764,4000,0,2000,2000,0,772,2897,1236,1575,1764,1
Female,Graduate,Single,30,370000,17004,19254,342,18295,14386,11961,19254,432,19584,0,0,0,-90,-1289,14386,11961,0
Female,High School,Single,31,120000,122806,119325,112976,63658,38495,38226,15,3500,2000,1500,1500,119310,109476,61658,36995,36726,0
Female,University,Single,31,100000,0,0,680,837,0,0,0,680,837,0,0,0,0,0,0,0,0
Female,Other,Single,33,80000,5833,0,15728,9265,10400,0,0,15728,1500,1400,0,0,0,7765,9000,0,0
Female,University,Married,30,120000,101596,102860,104694,103058,71095,47379,3706,5502,4204,3017,2005,99154,99192,98854,68078,45374,0
Female,University,Married,33,290000,149495,117275,110481,107735,100195,84268,3721,3700,4005,4000,3000,113554,106781,103730,96195,81268,0
Female,High School,Single,35,150000,145063,134701,133145,120821,107280,105510,5000,5000,4030,4000,4000,129701,128145,116791,103280,101510,0
Female,University,Married,28,270000,322249,298700,308133,263516,94062,92618,10000,13000,12000,5000,4000,288700,295133,251516,89062,88618,0
Female,University,Single,29,20000,17648,13580,14204,15345,17764,20049,3000,5007,3000,3000,3000,10580,9197,12345,14764,17049,0
Female,Graduate,Married,31,360000,-4,434,0,0,0,0,438,0,0,0,0,-4,0,0,0,0,1
Female,Graduate,Single,30,320000,633,8226,12664,1316,326,598,8226,12850,1316,326,598,0,-186,0,0,0,0
Female,Graduate,Married,31,260000,33142,34048,55117,57782,184810,171006,2000,56714,4100,160000,7000,32048,-1597,53682,24810,164006,0
Female,Graduate,Married,38,320000,2500,0,0,0,0,0,0,0,0,0,0,0,0,0,0,0,1
Female,Graduate,Single,32,360000,272112,272444,256974,241226,241673,233157,10130,12649,8916,7725,8900,262314,244325,232310,233948,224257,0
Female,Graduate,Single,40,190000,991,991,991,666,991,1316,991,991,666,991,1316,0,0,0,0,0,0
Female,Graduate,Married,31,330000,132514,137347,391478,142842,143257,144783,10000,65042,12000,5000,6000,127347,326436,130842,138257,138783,0
Female,University,Married,33,90000,27180,26772,70398,56266,47804,44230,1405,56388,112,1779,1786,25367,14010,56154,46025,42444,1
Female,Graduate,Married,41,240000,102488,105785,109082,119221,118144,118029,6500,6500,13500,2300,2002,99285,102582,105721,115844,116027,0
Female,Graduate,Single,30,280000,8010,-11,25351,17900,3529,892,3375,25362,18684,3529,892,-3386,-11,-784,0,0,0
Female,Graduate,Single,31,360000,19847,15979,6450,13166,23964,5470,16059,6482,13242,24011,5497,-80,-32,-76,-47,-27,0
Female,Graduate,Married,33,350000,82964,68532,17926,17966,30741,31088,68940,18018,18058,30897,31244,-408,-92,-92,-156,-156,1
Female,University,Married,33,420000,52018,60519,67083,69424,63523,60630,10000,10083,10094,10000,2500,50519,57000,59330,53523,58130,0
Female,University,Single,42,280000,272190,266459,228907,234179,180684,184319,9910,9000,9329,7000,6511,256549,219907,224850,173684,177808,0
Female,University,Married,44,70000,79346,75146,76717,70281,30343,29782,2794,2888,26850,1047,1088,72352,73829,43431,29296,28694,0
Female,Graduate,Single,32,140000,131540,135062,138303,67695,69068,70512,5701,6302,3000,2500,2555,129361,132001,64695,66568,67957,0
Female,University,Single,31,60000,57092,58173,59626,55775,28187,28978,3000,3400,2300,1200,1200,55173,56226,53475,26987,27778,0
Female,University,Married,33,110000,84880,90834,92696,93794,91392,97029,8300,4200,3500,0,7300,82534,88496,90294,91392,89729,0
Female,University,Married,46,300000,0,0,194,1375,13970,1672,0,194,1181,14039,1679,0,0,194,-69,-7,0
Female,High School,Single,41,80000,78069,54955,27911,11687,11926,11926,1576,1589,1000,239,0,53379,26322,10687,11687,11926,0
Female,University,Married,32,200000,10701,0,0,0,0,0,0,0,0,0,0,0,0,0,0,0,0
Female,University,Single,42,450000,182,885,1099,2998,2757,623,889,1104,2999,68,626,-4,-5,-1,2689,-3,0
Female,High School,Single,43,140000,141036,141558,132406,120046,92820,90525,4504,6213,5423,3400,4000,137054,126193,114623,89420,86525,0
Female,Graduate,Single,37,150000,20224,24837,4159,15089,2233,0,24840,4159,17589,0,0,-3,0,-2500,2233,0,0
Female,University,Married,31,80000,115293,75861,32282,32869,31988,48431,2006,2000,1520,888,16696,73855,30282,31349,31100,31735,0
Female,University,Married,35,200000,3023,3965,6843,1320,5983,1922,3965,6880,1320,5983,1922,0,-37,0,0,0,0
Female,University,Married,44,360000,0,0,0,0,0,0,0,0,0,0,0,0,0,0,0,0,1
Female,University,Married,37,160000,45966,48783,47681,46039,47197,46683,3900,0,1742,1900,1703,44883,47681,44297,45297,44980,0
Female,Graduate,Single,33,200000,9099,3771,664,0,641,5506,3775,664,0,641,5506,-4,0,0,0,0,0
Female,Graduate,Married,35,150000,3003,2688,3125,9643,4383,2225,2698,3137,9643,4395,2229,-10,-12,0,-12,-4,0
Female,University,Single,38,50000,390,390,390,390,390,390,390,390,390,390,390,0,0,0,0,0,0
Female,University,Married,45,360000,222505,199464,182886,109556,111286,90580,8000,7565,4100,4027,3445,191464,175321,105456,107259,87135,0
Female,Graduate,Married,32,500000,93174,45860,28362,41489,44158,37880,45979,28435,41503,31748,25449,-119,-73,-14,12410,12431,0
Female,Graduate,Married,31,220000,218796,178554,126132,120827,119823,119460,5539,7449,3005,2400,21577,173015,118683,117822,117423,97883,0
Female,University,Single,37,220000,2662,1918,4626,5602,769,5595,1918,4626,5602,769,5595,0,0,0,0,0,0
Female,University,Married,45,80000,77995,79552,81392,80966,79295,81142,2855,3130,3107,2847,3134,76697,78262,77859,76448,78008,0
Female,University,Single,38,200000,3000,3000,3000,3000,3000,3000,3000,3000,3000,3000,3000,0,0,0,0,0,0
Female,Graduate,Single,38,100000,37566,37160,39750,40298,40835,41529,500,3500,1500,1500,1500,36660,36250,38798,39335,40029,1
Female,Graduate,Married,32,260000,0,0,0,0,0,1150,0,0,0,0,1150,0,0,0,0,0,1
Female,Other,Single,37,300000,-1244,3751,54478,10424,13762,11428,6425,54478,10424,3762,229,-2674,0,0,10000,11199,0
Female,High School,Married,44,160000,390,0,780,0,0,0,0,780,0,0,0,0,0,0,0,0,0
Female,University,Single,35,50000,50521,50466,49821,43945,29669,28469,1649,51869,1884,1023,1173,48817,-2048,42061,28646,27296,0
Female,High School,Single,38,150000,3060,0,530,530,1696,1166,150,530,0,1166,0,-150,0,530,530,1166,0
Female,Graduate,Single,27,70000,72227,68097,65636,66114,66142,68380,6000,0,3000,2500,4100,62097,65636,63114,63642,64280,0
Female,University,Single,27,80000,66203,67995,70489,74146,72375,70811,3500,4200,5500,0,2500,64495,66289,68646,72375,68311,0
Female,Graduate,Single,28,100000,-177,-207,1050,0,0,0,0,1257,0,0,0,-207,-207,0,0,0,0
Female,University,Single,30,150000,69955,59380,57431,52754,52430,41770,1873,1897,1552,1649,2005,57507,55534,51202,50781,39765,0
Female,University,Other,35,340000,132,132,132,132,132,112847,132,132,132,132,112847,0,0,0,0,0,0
Female,High School,Married,39,210000,26624,25903,28719,27964,28364,28855,0,3550,0,1164,1100,25903,25169,27964,27200,27755,0
Female,Graduate,Single,28,240000,5623,181,1133,0,39344,40264,181,1133,0,39344,1500,0,0,0,0,38764,0
Female,Graduate,Single,35,250000,964,69000,63462,45710,43537,38367,69032,2138,1566,1582,1318,-32,61324,44144,41955,37049,0
Female,Graduate,Married,38,200000,15099,6370,5991,7298,9225,4072,6370,5991,7298,2105,10249,0,0,0,7120,-6177,0
Female,Graduate,Married,36,50000,47317,49212,49243,5112,48455,48456,3000,5450,0,45554,2100,46212,43793,5112,2901,46356,0
Female,Graduate,Single,35,450000,7256,812,17563,12483,26081,22985,816,17651,12554,26212,23114,-4,-88,-71,-131,-129,0
Female,Graduate,Married,38,200000,13311,10781,9592,9585,8177,7136,1711,1411,2531,5007,507,9070,8181,7054,3170,6629,0
Female,University,Married,47,350000,97500,84202,82933,80501,79038,80694,3010,2970,2886,2824,2925,81192,79963,77615,76214,77769,1
Female,Graduate,Single,45,200000,2377,221,0,0,0,0,221,0,0,0,0,0,0,0,0,0,0
Female,University,Married,44,530000,562326,532374,537543,541019,468571,478034,20010,25022,21003,18003,20000,512364,512521,520016,450568,458034,1
Female,High School,Married,45,60000,62396,36034,30534,28442,24544,24998,1500,1500,1404,1100,1000,34534,29034,27038,23444,23998,0
Female,Graduate,Single,30,280000,2946,3326,132,-20,-20,680,3326,150,0,0,700,0,-18,-20,-20,-20,0
Female,Graduate,Married,34,210000,157907,201324,207222,209189,106090,108300,50000,10646,8601,3601,3719,151324,196576,200588,102489,104581,0
Female,Graduate,Single,34,210000,3824,2045,0,322,150,546,0,0,322,150,546,2045,0,0,0,0,1
Female,University,Married,46,420000,254275,249677,232028,233055,191518,192313,10004,11020,10238,10022,7000,239673,221008,222817,181496,185313,0
Female,University,Single,45,80000,2574,390,3889,780,390,390,390,3889,780,0,390,0,0,0,390,0,0
Female,Graduate,Married,31,170000,6832,0,0,0,0,0,0,0,0,0,0,0,0,0,0,0,0
Female,University,Single,35,80000,48725,53095,56858,4849,4849,4849,10000,10000,4849,4849,4849,43095,46858,0,0,0,0
Female,University,Married,38,510000,95589,35224,37361,39437,40292,41153,2000,2700,2700,1500,1500,33224,34661,36737,38792,39653,0
Female,University,Married,31,110000,109814,110215,40084,41101,41834,42874,4665,1670,1977,2000,2000,105550,38414,39124,39834,40874,0
Female,University,Single,31,10000,10154,10400,0,0,0,0,1400,0,0,0,0,9000,0,0,0,0,1
Female,Graduate,Single,32,300000,-3,-3,-3,329,0,0,0,0,332,0,0,-3,-3,-3,0,0,0
Female,University,Married,32,60000,61291,57946,59534,60615,30592,28656,0,3120,3050,1136,1200,57946,56414,57565,29456,27456,1
Female,University,Single,33,200000,194283,196485,197597,152670,134645,141557,7520,6700,5130,4800,9000,188965,190897,147540,129845,132557,0
Female,University,Married,35,230000,7035,2954,13375,-10,8808,6632,2969,13441,0,8818,4,-15,-66,-10,-10,6628,0
Female,Graduate,Single,45,500000,0,0,1742,27291,0,0,0,1742,27291,0,0,0,0,0,0,0,0
Female,University,Single,47,50000,43439,44769,43781,45021,28660,27807,2341,0,2554,0,1800,42428,43781,42467,28660,26007,1
Female,University,Married,45,280000,159633,149747,138933,128216,216598,103119,7000,6500,6500,3994,4000,142747,132433,121716,212604,99119,0
Female,University,Married,31,170000,102477,104499,106657,108804,109584,111881,5210,5323,5402,4071,4215,99289,101334,103402,105513,107666,0
Female,University,Single,31,60000,57880,56355,59327,35305,17655,77775,0,4058,34,3000,40793,56355,55269,35271,14655,36982,1
Female,Graduate,Single,32,210000,0,92,4,0,45,23,92,0,0,45,23,0,4,0,0,0,1
Female,High School,Single,42,70000,69362,71775,70050,70415,48405,46514,6000,0,3000,1000,1500,65775,70050,67415,47405,45014,1
Female,High School,Married,37,300000,43459,26115,26283,16624,6316,8394,26137,26443,16624,6166,8078,-22,-160,0,150,316,0
Female,Graduate,Single,31,330000,37426,40497,63646,39894,39860,39392,5000,3300,3195,3000,1120,35497,60346,36699,36860,38272,0
Female,University,Single,49,200000,80528,83190,85944,87539,90231,86284,4000,5000,4000,4000,5000,79190,80944,83539,86231,81284,0
Female,Other,Married,33,170000,143805,143737,129898,124370,112589,26958,10000,6247,6375,4468,1000,133737,123651,117995,108121,25958,0
Female,University,Married,48,20000,0,0,0,0,0,0,0,0,0,0,0,0,0,0,0,0,1
Female,University,Married,45,230000,416,416,416,416,416,416,416,416,416,416,416,0,0,0,0,0,1
Female,University,Married,27,80000,80658,70963,73411,75331,55011,56271,3800,3600,3200,2000,2100,67163,69811,72131,53011,54171,0
Female,Other,Other,32,320000,1145,4133,2488,21222,15115,27279,4135,2488,21238,5000,15000,-2,0,-16,10115,12279,0
Female,University,Married,35,230000,160560,158782,150844,151623,148261,153161,10012,10010,10000,7000,10000,148770,140834,141623,141261,143161,0
Female,University,Single,38,80000,390,390,3529,13207,13110,13116,390,3529,10207,500,600,0,0,3000,12610,12516,0
Female,High School,Married,32,300000,0,0,0,0,0,0,0,0,0,0,0,0,0,0,0,0,1
Female,High School,Married,43,100000,100304,97814,100337,100585,52041,70731,0,5000,2623,2500,32000,97814,95337,97962,49541,38731,1
Female,University,Married,47,370000,1289,2408,395,12074,744,4040,2432,397,12133,747,4060,-24,-2,-59,-3,-20,0
Female,University,Single,37,200000,4037,3913,6336,5361,4950,2413,3913,6336,5361,3000,2502,0,0,0,1950,-89,0
Female,Graduate,Single,30,130000,5002,2437,2448,5457,3855,4684,2437,2774,5457,3855,4684,0,-326,0,0,0,0
Female,University,Married,42,50000,38516,28604,28089,27864,27173,27457,1754,1500,1500,1000,1100,26850,26589,26364,26173,26357,0
Female,University,Single,35,300000,86574,86821,88072,76722,69922,23926,3219,3417,1926,1545,797,83602,84655,74796,68377,23129,0
Female,Graduate,Married,44,500000,111937,104203,96617,97437,185322,179697,4000,4009,17446,100000,10000,100203,92608,79991,85322,169697,0
Female,University,Married,37,140000,326,326,326,1516,326,1439,326,326,1516,326,1439,0,0,0,0,0,1
Female,University,Married,44,20000,16231,14791,14453,15320,11796,9766,1600,1300,1156,387,354,13191,13153,14164,11409,9412,0
Female,Graduate,Married,44,270000,-1404,73596,49800,1514,41072,23500,75000,49800,1514,41072,23500,-1404,0,0,0,0,0
Female,University,Married,35,150000,216793,198866,193870,188045,178892,167419,4818,5024,4051,3788,3622,194048,188846,183994,175104,163797,0
Female,Graduate,Married,45,70000,116630,-67526,71562,68709,28528,29171,0,140043,1830,1021,1103,-67526,-68481,66879,27507,28068,0
Female,Graduate,Married,46,120000,28675,29392,30424,31437,32062,32734,1500,1509,1522,1147,1188,27892,28915,29915,30915,31546,0
Female,University,Single,39,20000,20885,20373,19391,20085,19938,0,2157,1660,1300,541,0,18216,17731,18785,19397,0,0
Female,Graduate,Married,34,260000,136914,139380,140836,153026,156108,158893,7000,5188,15000,7500,7000,132380,135648,138026,148608,151893,0
Female,Graduate,Married,35,160000,0,0,6371,0,0,0,0,6371,0,0,0,0,0,0,0,0,0
Female,University,Married,45,50000,48153,49073,12630,9215,9215,8011,2000,2022,2000,0,1000,47073,10608,7215,9215,7011,0
Female,University,Married,39,350000,0,0,0,0,590,0,0,0,0,590,0,0,0,0,0,0,0
Female,Graduate,Single,40,510000,477094,469882,461402,452405,443657,437305,0,0,0,0,0,469882,461402,452405,443657,437305,1
Female,Graduate,Married,38,250000,6352,6790,10418,7720,37543,31337,6790,5418,7720,37604,0,0,5000,0,-61,31337,0
Female,University,Married,36,80000,4233,14233,15854,10000,10000,10000,14233,15854,10000,10000,10000,0,0,0,0,0,0
Female,University,Single,33,180000,4160,7817,2358,18572,11560,4298,7817,2358,18577,11560,4298,0,0,-5,0,0,0
Female,University,Other,39,60000,58574,-1540,-1930,-2320,-1220,0,0,0,0,2000,2000,-1540,-1930,-2320,-3220,-2000,1
Female,Graduate,Married,35,170000,131909,133178,131711,139143,140987,144187,4800,2000,11000,5500,5500,128378,129711,128143,135487,138687,1
Female,Graduate,Married,39,200000,100239,81596,114770,70175,69180,44376,81596,114770,70175,69180,44376,0,0,0,0,0,0
Female,Graduate,Married,31,210000,31808,9283,7846,38141,9461,33978,9283,7846,38218,10000,33978,0,0,-77,-539,0,1
Female,Graduate,Single,47,200000,30177,2039,174406,133073,45373,973,2061,175000,133100,46000,1000,-22,-594,-27,-627,-27,0
Female,University,Single,34,200000,71817,73376,71672,76004,74225,78193,3300,0,6100,0,5300,70076,71672,69904,74225,72893,1
Female,University,Married,32,200000,11191,15940,20281,24540,24928,1532,6002,5000,4552,3131,1539,9938,15281,19988,21797,-7,0
Female,University,Married,29,240000,21909,15420,40861,34146,30937,27164,2420,34000,2500,5937,5164,13000,6861,31646,25000,22000,0
Female,University,Single,34,450000,3752,513,0,4376,0,0,513,0,4376,0,0,0,0,0,0,0,0
Female,University,Married,26,80000,78872,80301,74349,75443,57735,58139,2800,2800,2400,2100,2100,77501,71549,73043,55635,56039,0
Female,University,Single,33,430000,191520,185187,173041,147383,135848,133591,8266,7666,6590,4711,4746,176921,165375,140793,131137,128845,0
Female,High School,Married,40,30000,16457,19145,18547,18645,17847,15465,3280,0,1511,609,500,15865,18547,17134,17238,14965,1
Female,University,Married,30,290000,284054,283149,284434,275889,218834,220695,10222,11019,9019,8010,8002,272927,273415,266870,210824,212693,0
Female,University,Single,37,40000,7613,7343,15184,14643,18385,17950,0,8000,0,4000,0,7343,7184,14643,14385,17950,1
Female,High School,Married,37,170000,155379,155990,46870,43584,34760,35467,7000,1900,2014,2500,2000,148990,44970,41570,32260,33467,0
Female,Graduate,Single,26,130000,13700,18670,21362,1469,7370,12554,10008,6196,1470,6501,5784,8662,15166,-1,869,6770,0
Female,University,Single,27,360000,13102,5628,1480,2330,2286,4385,5655,1480,2330,2550,3000,-27,0,0,-264,1385,0
Female,High School,Married,30,360000,-16,1621,458,0,282,282,1637,458,0,282,0,-16,0,0,0,282,0
Female,High School,Married,45,180000,396,396,396,396,396,396,396,396,396,396,396,0,0,0,0,0,0
Female,University,Single,28,210000,26770,28001,31202,36968,32141,35018,2000,5000,8000,0,5000,26001,26202,28968,32141,30018,0
Female,University,Single,35,260000,-7,-7,2493,2290,432,0,0,2507,2297,432,0,-7,-14,-7,0,0,0
Female,University,Married,33,200000,-7082,12270,29787,32040,7773,12681,21179,20000,3000,1000,5000,-8909,9787,29040,6773,7681,0
Female,Graduate,Single,31,340000,112119,119230,259489,328507,283758,273018,25000,150000,90168,25001,10000,94230,109489,238339,258757,263018,0
Female,Graduate,Married,37,200000,3135,0,0,0,0,0,0,0,0,0,0,0,0,0,0,0,0
Female,University,Married,35,360000,360996,370722,380523,372735,290210,290551,16500,16500,6,10306,10876,354222,364023,372729,279904,279675,1
Female,University,Single,32,90000,86076,87567,78646,79212,54659,55902,3012,3100,3116,2000,2100,84555,75546,76096,52659,53802,0
Female,High School,Married,34,40000,32052,34697,36824,38764,36411,31931,3500,3000,3000,3029,1000,31197,33824,35764,33382,30931,0
Female,University,Single,28,500000,234957,215459,201715,141177,130352,126422,8086,7412,4721,3854,3622,207373,194303,136456,126498,122800,0
Female,University,Married,36,240000,232031,226221,222929,215858,210887,205828,8193,9000,6600,6400,6382,218028,213929,209258,204487,199446,0
Female,Graduate,Single,33,440000,304,301,850,10799,746,600,301,850,10819,746,600,0,0,-20,0,0,0
Female,University,Married,33,50000,44052,32030,31041,26197,25739,27659,2000,1451,3000,862,5000,30030,29590,23197,24877,22659,0
Female,University,Single,28,180000,172850,182810,169529,153501,136920,139506,14400,402,5166,5000,5030,168410,169127,148335,131920,134476,1
Female,University,Married,35,30000,25485,26503,27486,25663,26979,24306,1447,1430,1684,2000,892,25056,26056,23979,24979,23414,0
Female,Graduate,Single,29,60000,39553,40855,40870,39703,38600,40230,1969,1668,1609,1506,2379,38886,39202,38094,37094,37851,0
Female,High School,Married,29,150000,8902,9231,9124,9356,8572,9541,1200,1300,1000,1572,1000,8031,7824,8356,7000,8541,0
Female,University,Married,32,80000,5988,0,0,0,0,0,0,0,0,0,0,0,0,0,0,0,0
Female,Graduate,Married,34,290000,0,0,1100,6000,3533,880,0,1100,6000,3533,880,0,0,0,0,0,0
Female,University,Married,40,220000,21920,0,0,5752,8478,9336,0,0,5752,3000,1000,0,0,0,5478,8336,0
Female,Graduate,Single,34,50000,1884,1077,4886,3682,3190,2451,1077,5693,4255,3190,2451,0,-807,-573,0,0,0
Female,High School,Married,48,80000,66321,63695,33283,22442,15553,5593,0,6056,652,517,0,63695,27227,21790,15036,5593,0
Female,Graduate,Single,37,400000,6914,72574,42176,75513,57104,53542,73036,42386,75865,57379,53787,-462,-210,-352,-275,-245,0
Female,Graduate,Married,33,150000,-3,-3,-3,-3,-3,-3,0,0,0,0,0,-3,-3,-3,-3,-3,0
Female,Graduate,Single,34,250000,212681,193296,194659,196481,196256,195370,9917,7350,7231,6603,6797,183379,187309,189250,189653,188573,0
Female,University,Married,34,120000,1800,0,0,0,0,0,0,0,0,0,0,0,0,0,0,0,0
Female,Graduate,Single,28,300000,16094,2259,0,12880,14895,9386,2259,0,12880,2500,200,0,0,0,12395,9186,0
Female,University,Single,39,500000,24893,12569,7652,7187,10861,15893,12260,7016,3007,5009,7028,309,636,4180,5852,8865,0
Female,University,Single,36,240000,1000,0,0,0,0,0,0,0,0,0,0,0,0,0,0,0,0
Female,University,Single,29,240000,17570,159228,150359,62242,0,0,150359,4199,1322,2480,0,8869,146160,60920,-2480,0,0
Female,University,Single,39,30000,2416,2226,2230,561,2230,565,2230,2238,561,2238,565,-4,-8,0,-8,0,1
Female,Graduate,Single,29,90000,-240,-240,-240,-240,-240,-240,0,0,0,0,0,-240,-240,-240,-240,-240,0
Female,Graduate,Single,31,60000,2631,3610,855,111,411,261,2000,900,0,300,0,1610,-45,111,111,261,1
Female,University,Single,41,60000,16194,17120,14232,14676,1976,2976,1518,1556,1000,300,1000,15602,12676,13676,1676,1976,0
Female,Graduate,Single,41,230000,177,0,376,47992,3099,2389,0,376,48042,3099,0,0,0,-50,0,2389,0
Female,Graduate,Married,40,290000,192432,192512,193999,157500,147150,146936,8000,9008,6000,5000,5200,184512,184991,151500,142150,141736,0
Female,Graduate,Single,42,430000,9777,75276,5999,38845,0,1111,75276,6008,48845,0,1111,0,-9,-10000,0,0,0
Female,University,Married,39,230000,0,0,0,0,0,0,0,0,0,0,0,0,0,0,0,0,1
Female,High School,Married,48,140000,0,0,0,0,959,0,0,0,0,959,0,0,0,0,0,0,0
Female,University,Single,30,210000,215842,220042,214545,215635,163741,162253,9500,9100,9900,6100,6100,210542,205445,205735,157641,156153,0
Female,University,Single,36,390000,112528,102596,91761,76756,65520,52904,3669,3277,3220,2236,2007,98927,88484,73536,63284,50897,0
Female,Graduate,Married,35,320000,6793,3659,232702,3529,14212,1166,5,232702,3529,14212,1200,3654,0,0,0,-34,0
Female,University,Married,44,50000,26587,29730,28565,26601,26391,27165,3600,0,1500,1000,1200,26130,28565,25101,25391,25965,1
Female,Graduate,Single,30,100000,41150,0,0,74550,75731,75975,0,0,74550,3000,3000,0,0,0,72731,72975,0
Female,High School,Married,40,260000,-6,-6,1302,2752,1114,2212,0,1308,2765,1119,2218,-6,-6,-13,-5,-6,0
Female,Graduate,Married,30,260000,0,0,0,0,0,36150,0,0,0,0,36150,0,0,0,0,0,0
Female,Graduate,Single,30,100000,77388,78502,81233,82990,84210,85987,3000,4000,4000,3500,3287,75502,77233,78990,80710,82700,0
Female,University,Married,37,340000,36006,12144,17164,15821,12317,14850,5000,10326,5000,10000,5000,7144,6838,10821,2317,9850,0
Female,University,Married,36,150000,113368,70001,45813,44309,27428,2013,2354,2500,1200,2618,2013,67647,43313,43109,24810,0,0
Female,University,Single,30,360000,7410,6783,7672,8380,4581,3853,1115,1161,1026,1523,3872,5668,6511,7354,3058,-19,0
Female,University,Married,34,210000,25650,1360,31793,32943,30019,30657,1360,31793,1943,819,763,0,0,31000,29200,29894,0
Female,Graduate,Married,33,200000,1076,696,316,1076,316,1226,696,316,1076,316,1226,0,0,0,0,0,0
Female,Graduate,Married,41,310000,20876,21999,7426,6092,5074,3865,2016,1200,1100,1000,300,19983,6226,4992,4074,3565,0
Female,Graduate,Married,32,260000,1009,2403,1880,0,1000,0,2403,1880,0,1000,0,0,0,0,0,0,0
Female,University,Single,41,210000,0,0,769,771,0,695,0,769,771,0,695,0,0,0,0,0,0
Female,University,Single,39,330000,8872,15284,20467,25200,35000,0,8284,5467,5200,10000,0,7000,15000,20000,25000,0,0
Female,University,Single,29,430000,2548,12020,2539,2250,0,2580,12082,2539,2250,0,2580,-62,0,0,0,0,0
Female,Graduate,Single,32,450000,46437,7875,0,1000,17446,11062,7875,0,1000,16446,0,0,0,0,1000,11062,0
Female,University,Married,32,150000,3000,187000,193500,196000,200000,0,184000,6500,4000,4000,0,3000,187000,192000,196000,0,0
Female,High School,Married,32,410000,388,388,388,388,110345,116128,388,388,388,110345,8000,0,0,0,0,108128,0
Female,University,Married,48,90000,43810,44504,46174,47193,48105,49327,1723,2393,2090,2000,2000,42781,43781,45103,46105,47327,0
Female,Graduate,Married,36,280000,17951,18915,7926,17965,24432,10805,6094,7966,18059,24554,18860,12821,-40,-94,-122,-8055,0
Female,Graduate,Married,45,150000,5423,4133,14279,5985,8333,8241,4133,14296,5990,8342,8241,0,-17,-5,-9,0,0
Female,Graduate,Married,42,200000,2374,0,0,5144,0,931,0,0,5144,0,931,0,0,0,0,0,0
Female,University,Married,42,150000,15878,10389,6067,4823,6208,4824,1300,1040,1378,1560,128,9089,5027,3445,4648,4696,0
Female,Graduate,Single,40,140000,143478,135633,128285,123074,97382,99364,0,6601,5522,3200,3300,135633,121684,117552,94182,96064,0
Female,Graduate,Married,29,260000,71864,54050,0,0,0,0,3090,0,0,0,0,50960,0,0,0,0,0
Female,University,Single,30,160000,151620,150984,152705,102160,102969,105149,7300,6004,5170,4000,4000,143684,146701,96990,98969,101149,0
Female,Graduate,Married,45,310000,91532,93351,96218,97722,101082,103202,3340,4370,4000,5000,3899,90011,91848,93722,96082,99303,0
Female,High School,Married,47,80000,390,780,390,390,390,390,780,390,390,390,390,0,0,0,0,0,1
Female,High School,Married,38,150000,146057,142325,143548,146332,145993,146600,6527,6714,6705,5181,5437,135798,136834,139627,140812,141163,0
Female,Graduate,Married,31,330000,22285,23111,23622,23253,22525,22419,1700,1700,1700,1000,1000,21411,21922,21553,21525,21419,0
Female,Graduate,Single,30,180000,1490,3687,1352,960,4921,3031,3687,1352,960,4921,3031,0,0,0,0,0,0
Female,Graduate,Single,29,120000,6385,9262,11793,11307,14102,15871,3000,2691,0,3000,2000,6262,9102,11307,11102,13871,1
Female,Other,Single,30,150000,3826,2970,4015,3693,7850,2423,2978,4026,3704,7873,2429,-8,-11,-11,-23,-6,0
Female,Graduate,Single,35,200000,65503,66805,68726,70586,72409,73926,2394,3000,3000,3000,2685,64411,65726,67586,69409,71241,0
Female,University,Single,37,170000,0,213,2592,13199,3685,986,213,2592,13204,0,986,0,0,-5,3685,0,0
Female,University,Other,45,50000,44797,50215,49420,46434,45349,40755,46012,3000,1590,1285,1544,4203,46420,44844,44064,39211,0
Female,University,Married,41,80000,264,264,264,264,264,414,264,264,264,264,414,0,0,0,0,0,0
Female,High School,Single,31,20000,1550,1550,1826,6497,8185,3755,1550,1826,6497,8185,3755,0,0,0,0,0,0
Female,University,Married,31,360000,350752,354823,358920,363999,292332,294752,13016,13016,13625,11019,9439,341807,345904,350374,281313,285313,0
Female,Graduate,Single,31,200000,0,0,0,0,0,0,0,0,0,0,0,0,0,0,0,0,1
Female,University,Married,33,50000,39554,38600,23711,8663,19596,20082,5000,5038,3000,20130,1000,33600,18673,5663,-534,19082,0
Female,University,Married,33,70000,56778,75037,73326,71568,72540,71148,20000,0,0,2700,0,55037,73326,71568,69840,71148,0
Female,University,Single,34,300000,297890,216495,221737,224774,182544,92014,7800,8705,8500,6820,2700,208695,213032,216274,175724,89314,0
Female,High School,Single,45,20000,14381,15701,17137,18541,18909,19464,1564,2000,2000,677,860,14137,15137,16541,18232,18604,1
Female,Graduate,Single,40,170000,0,0,1980,0,280,280,0,1980,0,280,280,0,0,0,0,0,1
Female,Other,Married,44,180000,151538,133924,136707,139438,143513,141119,6256,6434,6506,10813,0,127668,130273,132932,132700,141119,0
Female,Graduate,Single,38,200000,0,0,69084,71857,72755,34125,0,69084,3450,2348,1486,0,0,68407,70407,32639,0
Female,University,Married,44,320000,-6,650,2849,1060,3667,1627,656,2849,1060,3667,1627,-6,0,0,0,0,0
Female,High School,Single,45,180000,76942,77952,80269,66855,67128,67257,4003,5603,3,2504,2511,73949,74666,66852,64624,64746,0
Female,University,Married,40,60000,60211,55996,54178,44518,28636,28957,3000,2000,2000,3000,1300,52996,52178,42518,25636,27657,0
Female,High School,Married,40,360000,44518,46285,37917,36502,31715,4857,8061,5043,8160,10069,2023,38224,32874,28342,21646,2834,0
Female,University,Single,46,30000,19495,22254,21616,26695,25970,26402,3400,0,5800,0,1000,18854,21616,20895,25970,25402,1
Female,University,Married,35,130000,105976,108127,110356,111070,113441,115649,5400,5460,4033,4220,4199,102727,104896,107037,109221,111450,0
Female,University,Married,35,80000,0,964,964,964,964,5953,964,0,0,0,5953,0,964,964,964,0,0
Female,University,Married,40,230000,44948,45198,46244,47595,38367,35098,1728,3000,3040,3012,3000,43470,43244,44555,35355,32098,0
Female,University,Married,36,210000,4879,5373,6811,10161,2922,1461,3000,3000,5000,2922,0,2373,3811,5161,0,1461,0
Female,High School,Married,35,270000,60227,61650,0,248,163248,163412,3000,0,248,163000,5925,58650,0,0,248,157487,0
Female,University,Single,37,280000,213581,197238,193638,161264,148863,155006,9000,10000,8000,5500,8500,188238,183638,153264,143363,146506,0
Female,University,Married,36,50000,30803,30578,30362,30764,30065,30179,1477,1546,1453,1039,1066,29101,28816,29311,29026,29113,0
Female,University,Married,38,360000,0,212,3748,-2,666,919,212,3759,0,668,921,0,-11,-2,-2,-2,0
Female,Graduate,Married,37,470000,0,0,0,0,0,924,0,0,0,0,924,0,0,0,0,0,0
Female,Graduate,Married,42,230000,6087,16041,29977,5608,0,0,16050,29989,5608,0,0,-9,-12,0,0,0,0
Female,University,Married,47,80000,80019,81145,79171,63448,46989,47867,3111,3667,3063,2000,2000,78034,75504,60385,44989,45867,1
Female,Graduate,Single,29,200000,3215,78,2012,6577,551,2130,676,2012,6577,551,2130,-598,0,0,0,0,0
Female,University,Married,32,200000,166428,157908,150977,140358,130373,131885,6026,6007,5000,5000,5000,151882,144970,135358,125373,126885,0
Female,High School,Single,30,50000,48134,52136,19758,5520,5204,4703,5261,1132,2138,172,200,46875,18626,3382,5032,4503,0
Female,University,Married,33,20000,10001,20844,5760,3343,1510,0,2000,1500,1007,7,0,18844,4260,2336,1503,0,0
Female,University,Married,41,50000,22824,22664,5631,5933,6433,6828,1100,1100,1100,600,500,21564,4531,4833,5833,6328,0
Female,University,Married,31,110000,832,832,416,416,416,416,416,0,416,416,416,416,416,0,0,0,1
Female,University,Single,46,280000,29523,154398,151984,47851,49374,50198,126000,3000,0,3000,2000,28398,148984,47851,46374,48198,0
Female,Graduate,Single,32,160000,9441,5714,5030,3181,4998,1250,5726,5037,3182,5000,1252,-12,-7,-1,-2,-2,0
Female,University,Married,35,320000,2276,6626,11131,13824,17992,15250,6626,12446,17746,6000,5749,0,-1315,-3922,11992,9501,1
Female,Graduate,Single,30,300000,452,-6,835,665,2386,456,3,1466,70,2397,457,-9,-631,595,-11,-1,1
Female,University,Single,30,300000,133115,41300,0,0,0,2538,2300,0,0,0,2538,39000,0,0,0,0,1
Female,University,Single,31,100000,99259,76288,77919,79597,88685,87773,2750,2854,3000,10400,600,73538,75065,76597,78285,87173,0
Female,University,Married,39,100000,1884,0,0,0,0,0,0,0,0,0,0,0,0,0,0,0,0
Female,University,Married,33,110000,15605,20649,22397,23305,25341,30584,5649,2397,1305,2341,5584,15000,20000,22000,23000,25000,0
Female,University,Married,39,400000,52306,3638,11649,24140,5803,5937,3656,11713,24265,7832,5966,-18,-64,-125,-2029,-29,0
Female,University,Married,35,20000,15284,15303,14724,15055,13389,11924,6230,1500,1500,500,1200,9073,13224,13555,12889,10724,0
Female,Graduate,Single,27,50000,12250,11761,12476,11979,12880,12531,0,1200,0,1100,0,11761,11276,11979,11780,12531,1
Female,Graduate,Single,28,310000,269832,261818,234621,242570,246073,248376,15327,10000,12000,9019,10024,246491,224621,230570,237054,238352,0
Female,University,Single,44,80000,75901,74911,72172,73674,73532,75192,3500,3205,3300,3000,3000,71411,68967,70374,70532,72192,0
Female,High School,Married,43,120000,116032,114987,117491,118513,75278,77070,4201,5001,4134,2700,3000,110786,112490,114379,72578,74070,0
Female,Graduate,Married,39,200000,11399,395,5094,9204,9403,4602,400,9500,9250,5000,0,-5,-4406,-46,4403,4602,0
Female,University,Married,44,100000,9242,181,1782,1338,768,2643,181,1794,1338,768,2643,0,-12,0,0,0,0
Female,University,Single,37,210000,206157,212566,190867,195323,156651,135493,10000,20000,8000,10000,4416,202566,170867,187323,146651,131077,0
Female,Graduate,Married,33,60000,14932,12840,390,390,780,390,5000,10390,390,780,0,7840,-10000,0,0,390,0
Female,University,Married,38,130000,929,2876,423,2149,463,2218,2876,423,2149,463,2218,0,0,0,0,0,0
Female,High School,Single,33,150000,1879,69842,2777,945,-5,1951,69842,2785,947,0,1956,0,-8,-2,-5,-5,0
Female,University,Married,44,220000,195375,185993,184568,168683,158742,161499,10,8304,7356,5300,5550,185983,176264,161327,153442,155949,0
Female,University,Married,40,140000,98221,97548,98457,102811,104605,106917,3600,5000,6000,5000,4000,93948,93457,96811,99605,102917,0
Female,University,Single,31,50000,77962,48095,50383,48987,48793,48328,3000,3387,1637,1231,3356,45095,46996,47350,47562,44972,0
Female,High School,Married,41,90000,2833,6003,7598,5036,4750,3007,5000,3500,4500,4300,0,1003,4098,536,450,3007,0
Female,Graduate,Single,37,500000,20181,21197,23839,24869,27437,31957,1358,3000,1432,3000,5000,19839,20839,23437,24437,26957,0
Female,High School,Married,28,300000,390,390,390,390,390,390,390,390,390,390,390,0,0,0,0,0,1
Female,Graduate,Married,40,260000,63273,49857,75036,96787,16576,6844,49857,75038,96793,16576,6844,0,-2,-6,0,0,0
Female,High School,Married,42,130000,2551,0,59892,60000,0,0,0,59892,1200,0,0,0,0,58800,0,0,1
Female,Graduate,Single,28,200000,6023,3621,2659,1708,1629,13037,3632,2659,1708,1629,13037,-11,0,0,0,0,0
Female,University,Single,29,290000,7324,8174,8389,8770,9145,10016,1130,1502,1300,500,1000,7044,6887,7470,8645,9016,0
Female,Graduate,Single,29,650000,21289,518,216,2482,5178,5506,3000,1000,2500,3500,4000,-2482,-784,-18,1678,1506,0
Female,Graduate,Single,27,230000,11406,10097,4600,3234,4696,7062,5097,1060,1000,4696,7062,5000,3540,2234,0,0,0
Female,Graduate,Married,30,230000,63064,62725,61465,57637,58172,57560,2800,2158,2610,2022,2064,59925,59307,55027,56150,55496,1
Female,University,Single,31,200000,203265,203147,203017,203109,203494,203920,7471,7848,8957,8000,7775,195676,195169,194152,195494,196145,0
Female,University,Single,32,400000,234779,240496,247813,253726,258120,10002,5784,7395,7506,6000,2000,234712,240418,246220,252120,8002,0
Female,University,Married,30,490000,195330,200768,206026,203938,198453,200496,8683,10021,8017,16270,6599,192085,196005,195921,182183,193897,0
Female,Graduate,Single,30,360000,0,0,0,0,0,0,0,0,0,0,0,0,0,0,0,0,0
Female,Graduate,Single,33,230000,5869,11556,156,2403,1546,7915,11556,156,2403,1546,7915,0,0,0,0,0,0
Female,University,Single,34,290000,285484,286091,286785,285345,239389,231420,10220,11231,10269,8500,10000,275871,275554,275076,230889,221420,0
Female,Graduate,Single,34,200000,0,0,0,0,0,0,0,0,0,0,0,0,0,0,0,0,0
Female,University,Married,34,360000,42720,22303,17959,11933,8371,11196,1430,4987,3966,5081,6605,20873,12972,7967,3290,4591,0
Female,High School,Married,42,10000,7587,7920,10153,8999,9999,0,1000,2374,0,1000,0,6920,7779,8999,8999,0,1
Female,University,Single,33,180000,11281,3405,22630,7777,3089,8429,3411,22657,7777,3089,8429,-6,-27,0,0,0,0
Female,High School,Married,47,230000,6200,5482,15900,1678,0,764,5482,15900,1678,0,764,0,0,0,0,0,0
Female,Graduate,Single,35,340000,732,1604,-1294,12797,890,2313,1618,27,20072,903,2313,-14,-1321,-7275,-13,0,0
Female,High School,Married,44,170000,150692,152861,156393,147611,28697,107142,6936,8266,5792,662,108927,145925,148127,141819,28035,-1785,0
Female,High School,Single,42,50000,48926,49759,48803,46472,19766,19761,2019,2063,2217,705,725,47740,46740,44255,19061,19036,0
Female,University,Married,37,170000,168719,166207,158403,146324,118981,113666,7000,7000,6011,5000,6000,159207,151403,140313,113981,107666,0
Female,University,Married,49,160000,16982,21353,20723,21873,25999,26377,4980,0,1500,4520,939,16373,20723,20373,21479,25438,0
Female,High School,Married,46,280000,100858,107768,111858,83428,73908,81908,7768,5000,10000,0,8000,100000,106858,73428,73908,73908,0
Female,University,Single,38,140000,135034,133283,132765,123208,97154,97687,4729,5434,4751,3500,3500,128554,127331,118457,93654,94187,0
Female,Graduate,Married,43,520000,146124,145785,147972,157115,196804,21550,6024,18069,30000,46805,21550,139761,129903,127115,149999,0,0
Female,University,Single,29,140000,25973,53098,54760,55568,27922,46108,30000,24000,11200,10000,34762,23098,30760,44368,17922,11346,0
Female,Graduate,Single,26,130000,1016,0,0,0,402,0,0,0,0,402,0,0,0,0,0,0,0
Female,Graduate,Single,27,100000,58127,60155,61685,70611,70198,72075,3000,2500,10000,2505,3000,57155,59185,60611,67693,69075,0
Female,High School,Married,27,50000,11275,37651,38498,40644,39731,35657,27234,1754,2900,0,1265,10417,36744,37744,39731,34392,1
Female,University,Single,27,130000,0,0,0,0,0,0,0,0,0,0,0,0,0,0,0,0,1
Female,Graduate,Married,39,200000,25149,14963,9308,3060,6016,3480,15084,9354,3082,6046,3497,-121,-46,-22,-30,-17,0
Female,Graduate,Single,28,280000,5432,2146,1688,1226,6394,1626,0,1688,1226,7000,0,2146,0,0,-606,1626,0
Female,Graduate,Single,29,240000,28438,29923,7655,23918,265852,2225,29923,7655,23925,265852,2225,0,0,-7,0,0,0
Female,Graduate,Married,29,90000,42815,41826,45136,46098,45059,79127,0,4000,2000,0,35000,41826,41136,44098,45059,44127,0
Female,Graduate,Single,29,250000,98925,103213,87836,90577,65268,63019,9000,7000,9000,8000,8000,94213,80836,81577,57268,55019,0
Female,Graduate,Single,29,210000,1383,484,971,3764,2221,266,484,980,4000,266,0,0,-9,-236,1955,266,0
Female,University,Married,30,90000,0,0,0,0,0,0,0,0,0,0,0,0,0,0,0,0,0
Female,Other,Single,30,180000,0,0,0,0,0,0,0,0,0,0,0,0,0,0,0,0,0
Female,Other,Married,32,500000,139255,52757,24273,9508,23294,2235,2040,1292,9555,23310,2244,50717,22981,-47,-16,-9,0
Female,Graduate,Married,32,240000,6101,1202,3227,4039,1776,1513,1205,3236,4051,1781,1517,-3,-9,-12,-5,-4,0
Female,University,Single,31,50000,21704,22741,23867,25464,27348,26774,1400,1500,2000,2620,0,21341,22367,23464,24728,26774,0
Female,Graduate,Single,32,400000,46782,48075,48815,49831,50821,51884,2036,1776,1792,1782,1844,46039,47039,48039,49039,50040,0
Female,Graduate,Single,33,230000,4213,1922,5346,6971,10707,15392,0,5500,4000,11000,5000,1922,-154,2971,-293,10392,1
Female,High School,Single,31,400000,79403,55340,62303,63928,52882,48387,3,10000,10023,20000,5000,55337,52303,53905,32882,43387,0
Female,University,Married,35,80000,0,0,0,0,0,0,0,0,0,0,0,0,0,0,0,0,0
Female,University,Single,37,160000,7596,898,850,1729,5696,0,920,852,1759,5707,0,-22,-2,-30,-11,0,0
Female,Graduate,Married,38,430000,-469,215,-101,-1217,-2333,2351,1000,0,0,0,5000,-785,-101,-1217,-2333,-2649,0
Female,University,Married,34,90000,8021,7780,0,9281,0,340,77,0,9281,0,340,7703,0,0,0,0,0
Female,High School,Married,35,80000,63436,49544,50418,51810,28964,13059,2096,1970,2355,1500,1000,47448,48448,49455,27464,12059,0
Female,University,Single,36,210000,0,0,212,3066,13206,10583,0,212,3066,13206,212,0,0,0,0,10371,0
Female,University,Married,46,310000,53474,11913,6629,34342,1900,5807,11919,6629,17171,3800,5807,-6,0,17171,-1900,0,0
Female,University,Married,39,500000,11712,523,1543,0,0,0,523,1543,0,0,0,0,0,0,0,0,0
Female,High School,Single,38,70000,34240,34913,26583,23593,15114,11222,2000,2000,1000,500,500,32913,24583,22593,14614,10722,0
Female,University,Married,36,20000,16161,17596,17031,19715,19806,18747,2000,0,3300,700,0,15596,17031,16415,19106,18747,0
Female,University,Married,44,210000,0,4098,0,0,0,0,4098,0,0,0,0,0,0,0,0,0,1
Female,High School,Married,40,170000,166305,169764,168441,171664,112130,114561,7800,8100,8000,4300,4400,161964,160341,163664,107830,110161,0
Female,Graduate,Single,38,390000,4989,2056,8886,16396,12761,6707,2076,8926,16413,30,33,-20,-40,-17,12731,6674,0
Female,University,Married,43,320000,520651,383123,391741,400196,408503,156881,10000,11000,11000,10800,5992,373123,380741,389196,397703,150889,1
Female,University,Married,37,50000,38418,47709,48923,39210,30515,27861,10000,2131,1910,1410,1159,37709,46792,37300,29105,26702,0
Female,High School,Married,36,100000,100281,100433,99744,101882,101116,97283,5000,5000,7900,4000,4000,95433,94744,93982,97116,93283,0
Female,Graduate,Married,39,220000,2342,1120,5707,2021,15441,7661,1122,5738,2041,15516,7697,-2,-31,-20,-75,-36,0
Female,Graduate,Married,38,300000,15230,16212,17239,18237,18600,17939,1222,1249,1247,610,611,14990,15990,16990,17990,17328,0
Female,University,Married,40,160000,6102,0,0,0,0,0,0,0,0,0,0,0,0,0,0,0,0
Female,High School,Married,45,200000,54721,52285,48615,41322,0,4300,2209,2109,10006,0,4300,50076,46506,31316,0,0,0
Female,Graduate,Married,43,240000,7994,20487,27770,22920,4779,7640,20487,27783,22920,4952,7640,0,-13,0,-173,0,0
Female,Graduate,Single,27,90000,28206,27459,28514,29733,30138,33248,0,1800,2000,1200,3600,27459,26714,27733,28938,29648,1
Female,University,Married,46,50000,4640,2720,26461,11882,280,290,2720,26461,1034,280,300,0,0,10848,0,-10,0
Female,Graduate,Married,46,210000,0,477,971,0,386,0,477,972,0,386,0,0,-1,0,0,0,0
Female,University,Married,33,290000,11303,17493,21036,17391,16348,-209051,17654,11068,7600,3352,6104,-161,9968,9791,12996,-215155,0
Female,University,Single,37,160000,144255,147333,143786,151842,147962,156921,6900,200,12000,0,11500,140433,143586,139842,147962,145421,0
Female,Graduate,Married,31,200000,11715,5209,10634,10982,1966,4883,5289,10641,2011,9,4890,-80,-7,8971,1957,-7,0
Female,University,Married,37,260000,182249,181433,180660,179052,177072,175285,6107,6501,6005,5805,5909,175326,174159,173047,171267,169376,0
Female,High School,Married,47,30000,27380,27384,28944,29850,29523,28925,1440,2000,1741,1164,1027,25944,26944,28109,28359,27898,0
Female,University,Single,36,230000,140,358,285,219,415,142,358,285,219,416,142,0,0,0,-1,0,0
Female,High School,Single,39,220000,209596,160515,141917,144811,147685,150780,6888,5155,5258,5284,5473,153627,136762,139553,142401,145307,0
Female,Graduate,Single,27,140000,2116,11028,9778,6417,1831,7126,11033,9803,1004,1831,7126,-5,-25,5413,0,0,0
Female,University,Married,38,80000,43170,44151,45505,43485,44830,43229,2000,2100,2000,2000,2000,42151,43405,41485,42830,41229,0
Female,Graduate,Married,49,450000,0,557,0,2481,13716,19584,557,0,2481,13716,7100,0,0,0,0,12484,0
Female,University,Married,45,160000,106643,89397,90348,8274,75286,76618,3700,6353,1200,70000,3000,85697,83995,7074,5286,73618,0
Female,Graduate,Married,27,100000,77346,75513,77147,78200,78393,72214,0,3451,3000,2841,2620,75513,73696,75200,75552,69594,1
Female,University,Married,39,250000,9690,0,1222,7337,0,2752,0,1222,7409,0,2752,0,0,-72,0,0,0
Female,University,Married,38,80000,0,0,0,0,0,390,0,0,0,0,390,0,0,0,0,0,0
Female,Graduate,Single,35,180000,7210,370,8479,792,3826,1997,370,8875,792,3826,1997,0,-396,0,0,0,0
Female,University,Single,38,720000,5065,2184,1744,7323,711,970,2184,1744,7323,711,970,0,0,0,0,0,0
Female,University,Married,27,180000,3063,4083,4634,3652,1973,689,1084,1084,1005,46,16,2999,3550,2647,1927,673,0
Female,Graduate,Married,32,230000,2774,0,0,0,0,5347,0,0,0,0,5347,0,0,0,0,0,0
Female,University,Single,32,200000,0,0,0,0,0,0,0,0,0,0,0,0,0,0,0,0,0
Female,University,Married,36,80000,77998,77452,74773,76908,77068,78434,3700,3500,4000,3200,4000,73752,71273,72908,73868,74434,0
Female,University,Married,30,100000,100037,101163,102712,99925,836,79013,3607,4001,2449,2836,79263,97556,98711,97476,-2000,-250,0
Female,Graduate,Single,30,200000,38540,38898,39669,40167,37162,36557,1928,1699,1557,1279,962,36970,37970,38610,35883,35595,0
Female,High School,Married,32,200000,132436,133530,137837,140609,141896,151082,4780,6459,6550,5106,11500,128750,131378,134059,136790,139582,1
Female,University,Married,30,50000,42326,19067,7690,8322,5522,1522,1500,1500,1000,200,2000,17567,6190,7322,5322,-478,0
Female,Graduate,Married,36,380000,3744,20334,8499,53235,101439,34579,20498,8549,53471,101785,117,-164,-50,-236,-346,34462,1
Female,University,Married,41,250000,214301,211762,214629,204093,150752,150863,8972,9700,8960,5630,5777,202790,204929,195133,145122,145086,0
Female,University,Single,47,220000,1526,1122,-11,12597,44375,0,1122,0,12608,44375,0,0,-11,-11,0,0,0
Female,University,Single,33,70000,62209,64072,64802,66647,50690,50806,2900,2379,4466,2,1836,61172,62423,62181,50688,48970,0
Female,University,Married,40,10000,9135,0,1912,3071,4012,9882,0,1912,1200,1000,1000,0,0,1871,3012,8882,0
Female,University,Single,35,60000,21770,11506,1024,16453,4131,4006,1400,1024,16469,131,322,10106,0,-16,4000,3684,0
Female,High School,Married,44,200000,0,0,0,0,0,0,0,0,0,0,0,0,0,0,0,0,1
Female,University,Married,30,200000,25874,16298,0,0,0,0,1048,0,0,0,0,15250,0,0,0,0,0
Female,Graduate,Single,48,300000,0,0,0,0,0,0,0,0,0,0,0,0,0,0,0,0,0
Female,High School,Single,36,260000,146033,108405,108396,110249,112119,114136,4160,4000,3984,4001,4128,104245,104396,106265,108118,110008,0
Female,High School,Married,44,130000,994,3693,1098,2912,2910,4122,3693,1098,2912,2910,4122,0,0,0,0,0,0
Female,University,Married,29,30000,26844,26414,27189,28235,28669,29355,300,1500,1800,1200,1300,26114,25689,26435,27469,28055,0
Female,Graduate,Married,30,170000,165637,173637,173490,165645,165605,163432,15600,7666,0,7792,6248,158037,165824,165645,157813,157184,1
Female,University,Married,29,210000,3814,-6,6456,0,2746,11613,0,6462,0,2746,11613,-6,-6,0,0,0,0
Female,High School,Single,44,50000,43828,40684,37338,31278,31811,28656,1947,1829,1644,4405,1104,38737,35509,29634,27406,27552,0
Female,Graduate,Single,36,600000,53838,528,1191,11390,8680,38018,530,3000,11500,8680,38020,-2,-1809,-110,0,-2,0
Female,High School,Married,37,180000,165369,125084,119946,114977,88757,84936,4402,4971,4750,2997,3133,120682,114975,110227,85760,81803,0
Female,Graduate,Single,29,100000,57214,58666,58643,58589,62586,64519,3000,1500,1500,5600,3100,55666,57143,57089,56986,61419,1
Female,Graduate,Married,46,210000,4065,0,4160,2540,1055,0,0,4160,2540,1055,0,0,0,0,0,0,0
Female,University,Married,37,150000,2897,2486,-4,1494,-6,8047,2489,0,1498,0,8053,-3,-4,-4,-6,-6,0
Female,High School,Single,30,360000,11816,19726,26374,9781,8719,18076,10000,13021,9781,0,10000,9726,13353,0,8719,8076,0
Female,Graduate,Married,32,330000,155927,141523,134480,126316,125396,128081,5388,5079,4876,4400,4600,136135,129401,121440,120996,123481,0
Female,University,Single,43,300000,499,0,0,507,0,629,0,0,507,0,629,0,0,0,0,0,0
Female,Graduate,Single,42,250000,30471,39968,98808,78366,10668,390,39968,89000,10668,0,0,0,9808,67698,10668,390,0
Female,University,Married,48,230000,344458,320215,298031,272103,205797,179247,11000,12500,11000,7000,36700,309215,285531,261103,198797,142547,0
Female,High School,Single,47,20000,3133,1473,390,390,390,0,0,390,390,390,0,1473,0,0,0,0,0
Female,Graduate,Married,35,210000,2020,4055,0,0,0,0,4055,0,0,0,0,0,0,0,0,0,0
Female,University,Single,36,80000,82177,89893,80774,80082,78545,76742,10096,0,3800,3125,2783,79797,80774,76282,75420,73959,1
Female,Graduate,Single,39,250000,12368,1742,40292,39600,21304,1185,1742,39600,7,1185,0,0,692,39593,20119,1185,0
Female,University,Married,34,50000,47904,48240,48602,46289,44837,44535,2000,2001,499,2000,2000,46240,46601,45790,42837,42535,1
Female,Other,Married,42,200000,149351,108152,87537,67974,35003,35736,3925,3683,2947,1253,1297,104227,83854,65027,33750,34439,0
Female,High School,Single,35,290000,159165,167485,167930,171146,174889,179149,11000,5600,5500,5500,6000,156485,162330,165646,169389,173149,0
Female,High School,Married,43,310000,6974,7294,7114,5642,5881,5611,1137,1247,1065,1000,500,6157,5867,4577,4881,5111,0
Female,Graduate,Single,28,270000,118198,86065,77359,63243,51636,31407,0,10004,10000,10000,10000,86065,67355,53243,41636,21407,0
Female,Graduate,Single,33,200000,285,0,0,0,292,77,0,0,0,292,77,0,0,0,0,0,0
Female,University,Married,32,290000,169108,170419,142264,101952,103174,105464,7118,5800,3792,4010,4276,163301,136464,98160,99164,101188,0
Female,University,Single,29,220000,131598,132727,135509,139774,141099,155763,4800,4920,6520,5120,17001,127927,130589,133254,135979,138762,0
Female,Graduate,Married,35,500000,3290,10881,2517,2957,889,40855,11000,2517,2957,1000,41000,-119,0,0,-111,-145,1
Female,High School,Single,31,370000,2804,1674,39811,35194,3728,2241,1674,42921,0,3728,2300,0,-3110,35194,0,-59,0
Female,University,Married,44,100000,-1651,-5469,-7292,-10938,5887,3882,0,0,0,16825,0,-5469,-7292,-10938,-10938,3882,0
Female,Graduate,Married,44,210000,112817,113349,113725,113779,114594,103205,5000,6000,5000,4000,4000,108349,107725,108779,110594,99205,0
Female,High School,Single,38,310000,-41,8198,342,41726,15051,8663,8239,344,41884,5025,40,-41,-2,-158,10026,8623,0
Female,University,Married,27,200000,157222,160320,162140,165431,168726,172430,7200,5888,5990,6031,6415,153120,156252,159441,162695,166015,0
Female,Graduate,Single,28,110000,101138,69449,34983,-18,-18,-18,3400,0,0,0,0,66049,34983,-18,-18,-18,1
Female,University,Married,30,130000,38967,40320,41324,25629,26961,28360,2000,1700,2000,2000,1500,38320,39624,23629,24961,26860,0
Female,Graduate,Single,34,130000,66803,27910,24976,27648,29962,27422,3000,3000,3000,3000,5000,24910,21976,24648,26962,22422,0
Female,University,Married,35,80000,78317,71421,59564,56592,52766,48208,9,2203,3006,3005,2005,71412,57361,53586,49761,46203,1
Female,Graduate,Married,47,30000,24895,26476,28047,29767,30498,29890,2000,2000,2500,1500,0,24476,26047,27267,28998,29890,1
Female,Graduate,Married,39,50000,0,13030,0,4402,0,0,13030,0,4402,0,0,0,0,0,0,0,0
Female,University,Married,30,160000,164082,157663,159094,132809,100693,97181,17,7342,3675,2910,3904,157646,151752,129134,97783,93277,1
Female,University,Married,45,80000,67142,68052,68690,70042,70626,71700,2420,2511,2512,2510,2590,65632,66179,67530,68116,69110,0
Female,University,Single,37,100000,390,0,780,0,0,0,0,780,0,0,0,0,0,0,0,0,0
Female,University,Single,46,10000,1526,2496,4245,4525,5450,5073,1000,1800,500,1000,0,1496,2445,4025,4450,5073,1
Female,University,Married,30,90000,414,414,414,6936,7272,7595,414,414,6936,1000,1000,0,0,0,6272,6595,0
Female,University,Married,38,360000,41922,42916,43956,44972,45866,49327,1692,1732,1748,1642,4200,41224,42224,43224,44224,45127,0
Female,Graduate,Married,43,670000,55893,59131,61900,58225,61329,49369,10075,10063,10060,10028,10042,49056,51837,48165,51301,39327,0
Female,High School,Single,28,150000,0,0,0,0,0,0,0,0,0,0,0,0,0,0,0,0,0
Female,Graduate,Single,28,150000,12799,13726,14648,12115,12613,15225,1600,1500,1600,1000,3000,12126,13148,10515,11613,12225,0
Female,Graduate,Married,35,230000,22909,0,0,0,0,0,0,0,0,0,0,0,0,0,0,0,0
Female,University,Married,30,230000,6294,1935,-74,926,426,926,1945,0,1500,0,1000,-10,-74,-574,426,-74,0
Female,University,Single,33,120000,135770,136901,115299,117498,89417,91370,5000,5000,4620,3200,3300,131901,110299,112878,86217,88070,0
Female,Graduate,Married,33,170000,1554,360,1562,844,484,0,360,1562,844,0,0,0,0,0,484,0,0
Female,University,Married,35,200000,59466,2970,1085,769,453,137,7970,1100,0,0,0,-5000,-15,769,453,137,0
Female,University,Married,38,450000,390,390,390,390,390,390,390,780,390,390,390,0,-390,0,0,0,1
Female,Graduate,Single,32,200000,4640,17950,13056,2500,500,500,18116,13113,2522,0,500,-166,-57,-22,500,0,0
Female,University,Married,33,310000,73095,72437,71851,71120,70463,69876,2573,2594,2483,2458,2516,69864,69257,68637,68005,67360,0
Female,Graduate,Single,30,50000,0,2070,0,0,0,0,2070,0,0,0,0,0,0,0,0,0,0
Female,University,Married,36,140000,430,303,8934,580,9071,6317,303,9061,0,9071,0,0,-127,580,0,6317,1
Female,Graduate,Single,37,250000,1291,1391,3498,8963,0,14660,1391,3498,8963,0,14660,0,0,0,0,0,0
Female,Graduate,Single,31,310000,175357,168933,163384,164700,142767,125972,6006,7006,10000,9000,5000,162927,156378,154700,133767,120972,0
Female,Graduate,Single,31,80000,68613,69744,70313,71636,52471,53316,2600,3000,3000,2000,2000,67144,67313,68636,50471,51316,0
Female,University,Married,29,200000,8350,14139,3580,6386,868,10415,14185,7425,6386,868,10647,-46,-3845,0,0,-232,1
Female,High School,Married,47,90000,84195,86795,88884,82163,22601,22029,4001,4400,3566,7694,1000,82794,84484,78597,14907,21029,0
Female,High School,Married,45,160000,2869,2357,5608,1851,2801,3268,2361,5608,1851,2801,3268,-4,0,0,0,0,0
Female,Graduate,Single,27,180000,0,1530,0,1610,0,0,1530,0,1610,0,0,0,0,0,0,0,0
Female,University,Married,33,310000,86513,82406,81964,74927,71636,66409,4000,3505,3500,2000,2200,78406,78459,71427,69636,64209,0
Female,Other,Single,29,280000,4567,5724,7184,0,0,0,2500,3000,0,0,0,3224,4184,0,0,0,0
Female,University,Single,43,90000,17503,20898,20263,20145,24845,23745,4000,0,3000,8000,5000,16898,20263,17145,16845,18745,0
Female,University,Single,39,210000,193976,196361,200590,204494,208990,214031,7100,7400,7300,7700,8600,189261,193190,197194,201290,205431,0
Female,Graduate,Single,27,200000,134,0,0,0,101,0,0,0,0,101,0,0,0,0,0,0,0
Female,University,Married,48,70000,20744,22093,23432,24217,19108,19649,2000,2000,1500,1000,1000,20093,21432,22717,18108,18649,0
Female,University,Single,31,320000,3615,3707,5406,3144,1644,1925,3707,5406,3157,1644,1925,0,0,-13,0,0,0
Female,Graduate,Single,33,210000,1723,0,0,0,0,0,0,0,0,0,0,0,0,0,0,0,0
Female,Graduate,Single,27,130000,36487,37029,35595,36200,34081,31542,3000,3000,3000,2000,3000,34029,32595,33200,32081,28542,0
Female,University,Married,27,80000,390,390,0,780,0,0,390,390,780,0,0,0,-390,0,0,0,0
Female,University,Married,47,370000,1859,2232,4556,4333,2504,3431,2243,4578,4354,2516,3438,-11,-22,-21,-12,-7,0
Female,High School,Married,36,180000,8911,5838,-2,120442,90430,92325,1034,2,120444,3236,3352,4804,-4,-2,87194,88973,0
Female,Graduate,Married,43,310000,66140,66637,68131,68585,68657,55457,6000,10000,3018,4000,3000,60637,58131,65567,64657,52457,0
Female,University,Single,27,280000,0,0,0,479,2463,1457,0,0,479,2477,1467,0,0,0,-14,-10,0
Female,University,Married,27,150000,1108,143813,149350,149984,130610,121793,147314,7752,6046,2753,5583,-3501,141598,143938,127857,116210,0
Female,Graduate,Married,29,180000,36537,35655,37767,39065,41967,43189,0,3000,2000,3500,3500,35655,34767,37065,38467,39689,0
Female,Graduate,Single,31,140000,7695,1680,1771,5500,3615,700,1680,1771,5500,3615,700,0,0,0,0,0,0
Female,Graduate,Single,34,430000,180,1654,15718,7370,4423,2544,1662,15783,52,4445,2556,-8,-65,7318,-22,-12,0
Female,Graduate,Single,37,360000,268,257074,66458,0,0,0,260416,72200,0,0,0,-3342,-5742,0,0,0,0
Female,Graduate,Married,42,240000,2108,1386,17601,1410,705,705,0,17601,2115,0,705,1386,0,-705,705,0,0
Female,University,Single,30,140000,3043,4168,1420,0,49,49,1423,2,0,49,0,2745,1418,0,0,49,1
Female,Graduate,Married,34,200000,860,430,3130,7585,11056,97451,0,3130,5000,4000,90000,430,0,2585,7056,7451,0
Female,University,Married,37,80000,81218,74073,68763,69192,70574,70470,2527,3691,2337,2512,2743,71546,65072,66855,68062,67727,1
Female,University,Single,38,100000,96707,89842,82669,70018,57847,43618,4070,4025,2511,1523,1292,85772,78644,67507,56324,42326,0
Female,Graduate,Married,40,210000,316,316,316,316,316,876,316,316,316,316,876,0,0,0,0,0,0
Female,University,Married,37,250000,0,0,9737,790,20750,0,0,9737,790,20750,0,0,0,0,0,0,0
Female,High School,Married,38,50000,50312,50145,49386,19818,18540,19109,6000,3120,4300,1000,1000,44145,46266,15518,17540,18109,0
Female,Graduate,Married,28,400000,8716,211,4168,4049,4566,2578,211,4188,4061,4586,12,0,-20,-12,-20,2566,0
Female,University,Single,37,150000,6039,5837,8770,8740,2323,5307,3000,3014,3086,2000,3003,2837,5756,5654,323,2304,0
Female,University,Single,39,280000,123997,126272,126953,106551,99592,100607,5600,5400,5006,3250,3400,120672,121553,101545,96342,97207,0
Female,University,Married,29,100000,0,0,0,0,0,0,0,0,0,0,0,0,0,0,0,0,0
Female,Graduate,Single,38,610000,608594,624475,632041,516575,454845,456596,26868,22375,17221,15300,16000,597607,609666,499354,439545,440596,0
Female,University,Single,30,120000,121280,123176,121907,123949,112430,114322,6026,6000,6300,4000,4300,117150,115907,117649,108430,110022,0
Female,University,Single,44,180000,23611,24651,25631,23609,24529,25095,1436,1416,2150,1500,1000,23215,24215,21459,23029,24095,0
Female,High School,Married,47,270000,123,123,123,123,0,0,123,123,0,0,0,0,0,123,0,0,1
Female,High School,Married,36,110000,114097,109609,87374,49525,49225,48968,5620,9860,1741,1702,1736,103989,77514,47784,47523,47232,0
Female,High School,Married,40,90000,90483,90944,90720,82735,50185,50563,4000,3700,3534,2000,1820,86944,87020,79201,48185,48743,0
Female,Graduate,Single,48,120000,96183,99575,102650,0,0,30900,5000,5000,0,0,30900,94575,97650,0,0,0,0
Female,High School,Married,35,50000,48115,53019,51924,50794,49376,50185,6000,0,1,1,1915,47019,51924,50793,49375,48270,1
Female,High School,Single,32,160000,1375,3503,2688,2142,7139,1872,3645,2688,2142,7139,1872,-142,0,0,0,0,1
Female,University,Married,48,500000,79640,75362,73547,47274,46454,41906,3017,3020,2010,2035,3014,72345,70527,45264,44419,38892,0
Female,University,Single,28,440000,412962,409812,393255,370202,258387,255740,15000,20000,15305,10070,15037,394812,373255,354897,248317,240703,0
Female,University,Married,31,330000,1732,1349,1366,1383,1383,1383,1000,1400,1400,1383,1383,349,-34,-17,0,0,0
Female,University,Single,33,200000,64932,66223,68261,69133,70689,72201,2365,3100,2600,2700,2800,63858,65161,66533,67989,69401,0
Female,University,Single,33,250000,147934,149485,152678,157337,159719,163649,5500,5600,7200,6500,6500,143985,147078,150137,153219,157149,0
Female,University,Married,37,140000,58081,51013,54343,27537,9751,12569,5000,5000,5000,3000,3000,46013,49343,22537,6751,9569,0
Female,Graduate,Married,36,260000,203755,210668,182863,166437,184000,146518,15000,10000,15000,20000,5000,195668,172863,151437,164000,141518,0
Female,Graduate,Married,45,60000,58360,56834,58322,59781,8177,7757,0,3000,3100,0,1000,56834,55322,56681,8177,6757,1
Female,Graduate,Married,37,500000,501369,505753,395522,312315,265742,248866,17204,13173,10143,7519,8866,488549,382349,302172,258223,240000,0
Female,University,Single,30,130000,114838,111226,104301,84132,79043,78205,4224,4415,3600,5800,2000,107002,99886,80532,73243,76205,0
Female,University,Married,30,80000,69942,68219,75688,73563,43255,35852,0,8600,0,1600,1300,68219,67088,73563,41655,34552,1
Female,University,Single,44,150000,37050,39471,41515,43879,44446,45394,3000,2636,3000,1528,1600,36471,38879,40879,42918,43794,0
Female,Graduate,Married,31,120000,1680,17749,4748,7002,202,345,17749,4748,7020,559,500,0,0,-18,-357,-155,0
Female,Graduate,Single,31,90000,0,0,0,0,0,0,0,0,0,0,0,0,0,0,0,0,0
Female,Graduate,Other,31,210000,1332,3825,33515,78075,109374,108869,3848,33515,48075,39374,1000,-23,0,30000,70000,107869,0
Female,Graduate,Married,45,280000,26573,17597,22284,20232,17567,20027,18388,22302,20274,17567,20027,-791,-18,-42,0,0,0
Female,Graduate,Single,28,240000,1981,-2076,-2076,-2076,-2076,-253,0,0,0,0,1823,-2076,-2076,-2076,-2076,-2076,0
Female,University,Single,29,230000,0,4375,1225,401,2460,804,4375,1225,401,2460,804,0,0,0,0,0,0
Female,University,Married,29,30000,28620,28276,28841,28547,11581,17943,1453,1700,1000,232,17943,26823,27141,27547,11349,0,0
Female,University,Married,29,60000,63578,61347,57138,51026,24213,5295,2188,2285,1429,169,426,59159,54853,49597,24044,4869,0
Female,Graduate,Married,30,360000,13395,28327,6257,2967,1550,0,20460,6257,2967,1550,0,7867,0,0,0,0,0
Female,Graduate,Single,33,90000,55937,57107,59753,61755,63629,54423,2100,4000,3000,3000,2323,55007,55753,58755,60629,52100,0
Female,Graduate,Married,33,180000,4520,1449,1730,2215,1525,1050,1453,1731,2215,1525,1050,-4,-1,0,0,0,0
Female,High School,Married,33,10000,0,0,0,0,0,0,0,0,0,0,0,0,0,0,0,0,0
Female,Graduate,Married,34,210000,2501,639,699,0,0,0,639,699,0,0,0,0,0,0,0,0,1
Female,Graduate,Married,34,30000,3275,5000,5235,5000,2100,1970,5000,5235,5000,2100,1970,0,0,0,0,0,0
Female,Graduate,Single,34,200000,8177,1989,382,10383,7030,0,2453,382,10383,0,3036,-464,0,0,7030,-3036,0
Female,University,Married,32,90000,88729,88533,91001,90661,51620,52668,3500,3908,4328,2100,2500,85033,87093,86333,49520,50168,0
Female,High School,Married,44,50000,45858,46315,47435,48290,49257,49345,2000,1865,1720,1687,1732,44315,45570,46570,47570,47613,0
Female,University,Married,46,30000,26840,25311,25906,25494,24986,24915,0,1804,1200,500,737,25311,24102,24294,24486,24178,0
Female,Graduate,Single,35,220000,5564,7443,5572,5572,5572,5774,7479,5600,5600,5600,5802,-36,-28,-28,-28,-28,0
Female,University,Married,46,500000,16400,886,21803,90182,79310,68380,886,21831,90182,2500,2380,0,-28,0,76810,66000,0
Female,High School,Married,47,60000,33867,35303,36032,37431,37863,38954,2000,1601,2000,1354,1700,33303,34431,35431,36509,37254,0
Female,University,Married,41,110000,104740,102165,98160,57257,54863,53510,5000,5045,7021,7000,5000,97165,93115,50236,47863,48510,0
Female,High School,Married,43,360000,4392,0,2050,754,0,0,0,2050,754,0,0,0,0,0,0,0,1
Female,High School,Single,42,30000,26300,26295,26167,25413,25122,20448,1700,3102,1000,1015,700,24595,23065,24413,24107,19748,0
Female,University,Married,38,300000,0,0,0,0,0,0,0,0,0,0,0,0,0,0,0,0,0
Female,Graduate,Married,36,490000,1886,9444,3180,7715,6507,3424,9480,3182,7779,6517,3434,-36,-2,-64,-10,-10,0
Female,Graduate,Married,36,210000,1630,25903,21313,0,1515,556,25903,1000,0,1515,556,0,20313,0,0,0,0
Female,Graduate,Married,37,280000,733,168,786,1028,889,698,168,786,1028,698,0,0,0,0,191,698,0
Female,University,Married,36,60000,1577,2498,3309,3606,3400,3844,1100,1000,500,0,500,1398,2309,3106,3400,3344,0
Female,University,Married,38,490000,0,0,0,0,163,1256,0,0,0,163,1256,0,0,0,0,0,0
Female,High School,Married,45,50000,4151,5162,6184,7194,7336,7490,1088,1110,1120,262,272,4074,5074,6074,7074,7218,1
Female,University,Married,35,200000,0,0,0,0,0,0,0,0,0,0,0,0,0,0,0,0,0
Female,Graduate,Single,43,70000,56994,57964,59452,57771,44043,45175,2500,3000,17,2000,2000,55464,56452,57754,42043,43175,0
Female,University,Single,29,260000,16496,15610,7486,5692,5206,6159,8027,3000,3000,3000,1000,7583,4486,2692,2206,5159,0
Female,University,Married,40,460000,133102,126956,126758,121857,122830,90219,5015,5032,4407,4040,3001,121941,121726,117450,118790,87218,0
Female,High School,Married,41,200000,3000,187,1306,3142,3332,1686,187,1306,3332,1686,0,0,0,-190,1646,1686,0
Female,University,Married,42,320000,8144,0,0,0,0,0,0,0,0,0,0,0,0,0,0,0,1
Female,High School,Other,48,230000,41134,50379,54556,58624,59848,68828,10000,5000,5000,2197,10000,40379,49556,53624,57651,58828,0
Female,Graduate,Married,30,350000,43548,39873,52449,53581,45320,43421,15000,15000,6000,1013,1445,24873,37449,47581,44307,41976,0
Female,Graduate,Married,31,230000,15704,11952,13442,16164,9908,9592,2000,2000,3418,0,0,9952,11442,12746,9908,9592,0
Female,High School,Single,47,20000,16289,15735,18164,19143,20143,20446,0,3000,1600,1600,1800,15735,15164,17543,18543,18646,1
Female,University,Married,43,230000,41435,42106,43532,44504,44267,45564,1674,3000,2011,1574,2000,40432,40532,42493,42693,43564,0
Female,University,Married,35,80000,15234,15372,2783,2501,0,194,3000,2783,2501,0,194,12372,0,0,0,0,0
Female,University,Married,40,110000,93466,87748,109517,107403,81794,78463,4438,76000,5000,4000,3000,83310,33517,102403,77794,75463,0
Female,Graduate,Married,30,360000,323,1986,196,2855,0,463,1986,196,2855,0,463,0,0,0,0,0,0
Female,University,Single,34,80000,-3,-3,1266,1347,2495,1248,0,1269,1351,2498,3,-3,-3,-4,-3,1245,0
Female,University,Married,35,350000,439,884,421,267,575,932,884,0,267,575,932,0,421,0,0,0,1
Female,University,Married,47,70000,136809,118811,52953,53696,11790,12045,3158,10000,2446,11790,430,115653,42953,51250,0,11615,0
Female,High School,Single,29,360000,4887,4982,4851,3255,8255,8411,5005,4851,4784,5000,3000,-23,0,-1529,3255,5411,0
Female,Graduate,Married,32,240000,209368,204501,223137,226470,229706,234889,0,22000,8500,8500,9000,204501,201137,217970,221206,225889,1
Female,University,Single,34,80000,64553,52484,41048,31786,29105,28294,1784,1874,2000,1011,1100,50700,39174,29786,28094,27194,0
Female,University,Single,29,140000,62023,61729,67891,65861,64848,64936,3000,8600,6,2500,2500,58729,59291,65855,62348,62436,0
Female,Graduate,Single,33,50000,60679,54947,54425,48313,19399,19804,0,4500,1200,71941,619,54947,49925,47113,-52542,19185,1
Female,High School,Single,35,130000,3929,4857,5771,8659,10503,11329,1000,1000,3000,2000,1000,3857,4771,5659,8503,10329,0
Female,University,Single,44,160000,118809,125323,170449,96739,126139,154884,10000,50000,20000,30000,30000,115323,120449,76739,96139,124884,0
Female,University,Married,42,160000,346,0,0,0,0,0,0,0,0,0,0,0,0,0,0,0,0
Female,Graduate,Single,29,90000,8927,9124,10220,12044,27847,8251,8000,10000,10016,25000,8000,1124,220,2028,2847,251,0
Female,University,Married,42,50000,41077,42072,43414,44126,45004,46100,1681,2023,1735,1613,1823,40391,41391,42391,43391,44277,0
Female,Graduate,Single,29,210000,871,27371,871,871,2042,1021,27371,871,871,2042,0,0,0,0,0,1021,0
Female,Graduate,Single,29,20000,15037,16078,17210,18098,18843,19586,1600,1700,1500,1000,1000,14478,15510,16598,17843,18586,1
Female,Graduate,Single,29,200000,3540,2914,3601,1717,30616,22849,3028,3919,1726,30802,22963,-114,-318,-9,-186,-114,0
Female,Graduate,Married,31,230000,623,0,0,1100,0,1383,0,0,1100,0,1383,0,0,0,0,0,0
Female,High School,Married,43,150000,0,0,0,0,0,0,0,0,0,0,0,0,0,0,0,0,0
Female,University,Single,28,210000,0,0,0,1577,0,0,0,0,1577,0,0,0,0,0,0,0,0
Female,Graduate,Married,33,290000,0,0,0,0,0,0,0,0,0,0,0,0,0,0,0,0,1
Female,High School,Married,34,260000,118706,115308,123069,129060,131682,135656,0,9670,9561,6250,6250,115308,113399,119499,125432,129406,1
Female,University,Married,29,20000,9665,12186,11700,13474,13006,13743,2700,0,2000,0,1055,9486,11700,11474,13006,12688,1
Female,High School,Married,47,180000,3735,3404,7141,1304,1534,2395,3404,7141,1304,1534,2395,0,0,0,0,0,1
Female,Other,Married,29,100000,99302,83403,58083,88344,49443,23159,5712,3503,59000,1600,1000,77691,54580,29344,47843,22159,0
Female,University,Married,38,280000,236583,230990,173668,177475,171566,175500,10000,6000,6000,6000,6000,220990,167668,171475,165566,169500,0
Female,University,Married,41,100000,0,0,0,0,0,0,0,0,0,0,0,0,0,0,0,0,1
Female,University,Married,35,100000,3835,1891,1799,1728,6000,0,1891,1799,1728,6000,0,0,0,0,0,0,0
Female,Graduate,Single,30,30000,4480,8381,12085,16788,18388,23228,4000,5000,5000,2000,5000,4381,7085,11788,16388,18228,0
Female,University,Married,44,160000,1224,0,0,0,0,0,0,0,0,0,0,0,0,0,0,0,1
Female,Graduate,Single,36,360000,308711,305594,306176,304645,315118,315782,11000,13000,11019,23000,13300,294594,293176,293626,292118,302482,0
Female,Graduate,Single,36,450000,1866,4575,0,0,0,0,4579,0,0,0,0,-4,0,0,0,0,0
Female,Graduate,Single,40,380000,4366,2566,4174,-192,15011,12990,2566,4174,192,16350,2000,0,0,-384,-1339,10990,1
Female,University,Married,42,120000,0,338,488,137,324,471,338,488,137,324,471,0,0,0,0,0,0
Female,Graduate,Married,47,160000,89006,86694,88898,94289,91875,94405,0,4500,7800,0,4000,86694,84398,86489,91875,90405,1
Female,Graduate,Single,33,50000,25123,27773,28627,32708,31886,33808,3400,1600,4900,0,2600,24373,27027,27808,31886,31208,1
Female,University,Single,34,170000,85235,81462,59800,20650,127601,121774,5000,3400,3000,127601,4600,76462,56400,17650,0,117174,0
Female,University,Single,34,350000,-20,630,630,15722,2003,7264,650,0,15788,10,7299,-20,630,-66,1993,-35,0
Female,University,Married,48,180000,-15,2116,1494,7780,8416,0,2131,1494,7780,8416,0,-15,0,0,0,0,0
Female,Graduate,Married,38,100000,68916,66762,68566,65132,48738,51020,3000,5000,2436,3000,3000,63762,63566,62696,45738,48020,0
Female,Graduate,Single,26,50000,4041,1343,2174,3479,3006,810,1200,2500,3000,1000,900,143,-326,479,2006,-90,0
Female,Graduate,Single,30,180000,50055,5320,9758,6494,32830,3267,5320,10008,6500,32830,3267,0,-250,-6,0,0,0
Female,Graduate,Single,31,150000,-512,-512,-512,-512,-508,-913,0,0,0,4,0,-512,-512,-512,-512,-913,0
Female,Graduate,Single,32,300000,880,788,10742,1349,10522,0,788,10774,1353,10522,0,0,-32,-4,0,0,1
Female,Graduate,Single,33,350000,303949,298421,247125,228229,202220,181860,10000,9205,6810,5706,6000,288421,237920,221419,196514,175860,0
Female,University,Married,42,260000,35215,31889,26299,27804,25809,27052,2500,3000,3000,2500,2500,29389,23299,24804,23309,24552,0
Female,University,Single,27,200000,7886,7101,5378,5501,9402,9221,4500,3378,5501,9402,6000,2601,2000,0,0,3221,0
Female,University,Married,27,240000,133348,136296,139430,142608,145437,148492,5160,5328,5500,5199,5392,131136,134102,137108,140238,143100,1
Female,Graduate,Single,26,150000,65421,69087,63156,57147,53383,48556,4850,2000,2000,2000,2000,64237,61156,55147,51383,46556,0
Female,University,Single,26,290000,18125,20807,99860,100000,3015,23473,3000,80000,3000,3015,23473,17807,19860,97000,0,0,0
Female,University,Single,27,140000,127464,119346,89977,92381,83641,86316,6000,4000,4000,3000,4000,113346,85977,88381,80641,82316,0
Female,Graduate,Single,29,130000,0,0,0,0,0,62043,0,0,0,0,62043,0,0,0,0,0,0
Female,Graduate,Married,29,180000,0,287,5264,1521,0,0,287,5293,1523,0,0,0,-29,-2,0,0,0
Female,Graduate,Single,29,200000,2116,0,9781,29313,49113,732,0,9781,20000,20000,732,0,0,9313,29113,0,0
Female,Graduate,Married,28,230000,207128,195825,199659,157434,160009,155825,6300,9264,6116,6128,5765,189525,190395,151318,153881,150060,1
Female,University,Single,28,240000,294180,276968,276585,253679,232300,212749,0,22550,0,8450,7800,276968,254035,253679,223850,204949,0
Female,Graduate,Single,31,170000,757,4319,1489,362,451,620,4319,1499,362,451,620,0,-10,0,0,0,0
Female,High School,Single,31,120000,396,396,396,396,396,1100,396,396,396,396,1100,0,0,0,0,0,0
Female,Graduate,Single,31,240000,6887,1926,2178,2254,4219,2489,1926,2178,2406,4219,2489,0,0,-152,0,0,0
Female,University,Married,31,90000,12045,9720,7391,4238,18003,16128,1500,1200,1000,21000,1500,8220,6191,3238,-2997,14628,0
Female,University,Single,30,300000,850,850,850,850,850,3688,850,850,850,850,4384,0,0,0,0,-696,1
Female,High School,Single,30,70000,71521,68041,68607,27870,28219,28810,0,2332,1751,1100,1034,68041,66275,26119,27119,27776,0
Female,University,Single,30,100000,2419,3123,177,1170,390,0,2177,0,1170,0,0,946,177,0,390,0,0
Female,High School,Married,31,110000,22396,24758,22546,22204,22107,21745,4604,0,1314,2000,1500,20154,22546,20890,20107,20245,0
Female,University,Married,33,180000,165839,153828,158050,149023,135798,112666,20064,30032,20027,40000,10000,133764,128018,128996,95798,102666,0
Female,Graduate,Single,32,500000,422713,406204,415664,423392,399250,362627,15000,16000,15000,14000,13180,391204,399664,408392,385250,349447,0
Female,High School,Married,32,80000,26856,24758,23044,22919,21890,22003,1700,1400,2400,0,1000,23058,21644,20519,21890,21003,0
Female,Graduate,Single,32,280000,5855,13645,9127,9656,41434,21732,13713,9171,9705,41641,21838,-68,-44,-49,-207,-106,0
Female,Graduate,Single,33,280000,2533,2997,14059,2693,697,5776,2997,14059,2693,697,5776,0,0,0,0,0,0
Female,Graduate,Married,35,120000,525,2458,8067,802,2706,3597,2458,8152,802,2706,3597,0,-85,0,0,0,0
Female,University,Married,35,90000,5488,2380,0,1700,1700,0,1000,0,1700,1700,0,1380,0,0,0,0,0
Female,University,Single,34,170000,3105,1599,1122,1692,648,0,1599,1122,1692,648,0,0,0,0,0,0,0
Female,University,Single,34,50000,31673,27572,29022,29368,16930,17284,1449,1899,1245,576,596,26123,27123,28123,16354,16688,0
Female,High School,Married,34,50000,390,390,390,11779,11615,11466,390,390,11779,403,415,0,0,0,11212,11051,0
Female,Graduate,Single,38,230000,217578,224020,227311,184500,128190,130883,9840,8750,7470,4540,4710,214180,218561,177030,123650,126173,0
Female,University,Other,48,180000,860,102,851,0,346,1592,102,851,0,346,1592,0,0,0,0,0,1
Female,High School,Single,43,40000,26449,22072,19085,17550,0,0,1303,1665,1000,0,0,20769,17420,16550,0,0,0
Female,University,Single,42,360000,24081,14231,23040,5651,7017,6495,6068,23154,5679,7052,6527,8163,-114,-28,-35,-32,0
Female,University,Married,47,360000,0,0,0,0,0,0,0,0,0,0,0,0,0,0,0,0,1
Female,Graduate,Married,45,170000,166388,165243,156688,151405,127090,126388,7300,7067,6443,4617,4711,157943,149621,144962,122473,121677,0
Female,High School,Married,35,20000,17056,18803,18055,20578,19813,20197,2500,0,3000,0,1001,16303,18055,17578,19813,19196,0
Female,University,Married,43,240000,54,0,0,177,199,559,0,0,177,200,559,0,0,0,-1,0,0
Female,Graduate,Married,39,100000,2998,3885,7298,7032,7913,7642,1100,3500,0,1000,0,2785,3798,7032,6913,7642,1
Female,Graduate,Married,43,100000,0,0,0,0,0,0,0,0,0,0,0,0,0,0,0,0,0
Female,University,Single,40,110000,111720,86877,133187,65025,62777,62105,3406,2357,2239,3617,2247,83471,130830,62786,59160,59858,1
Female,University,Married,37,420000,101987,96544,94199,90395,89513,92792,6000,6045,5000,6000,5000,90544,88154,85395,83513,87792,0
Female,University,Married,34,180000,93155,95008,97088,98093,99578,101828,4300,4500,3500,4000,4000,90708,92588,94593,95578,97828,1
Female,University,Married,37,240000,0,0,0,0,0,0,0,0,0,0,0,0,0,0,0,0,0
Female,University,Married,41,210000,13340,42862,9584,7978,6728,6728,42000,9600,7978,6728,6728,862,-16,0,0,0,0
Female,High School,Married,43,30000,10330,10040,10903,10533,10132,10343,0,1149,101,348,359,10040,9754,10432,9784,9984,0
Female,University,Married,44,210000,36612,40534,42889,42936,44936,47166,4534,3000,1000,2000,2230,36000,39889,41936,42936,44936,0
Female,Graduate,Single,30,320000,10283,2488,5187,11735,2280,9404,2488,5209,11735,2280,9404,0,-22,0,0,0,0
Female,High School,Married,38,220000,120622,111593,99170,98437,91222,94061,4803,4604,3497,4000,4214,106790,94566,94940,87222,89847,0
Female,Graduate,Single,29,240000,1530,696,696,18334,27638,696,700,696,18334,10000,696,-4,0,0,17638,0,0
Female,Graduate,Single,35,450000,131351,132453,128901,132982,141298,137347,4723,0,6270,12000,16309,127730,128901,126712,129298,121038,0
Female,University,Married,36,500000,261502,286708,311641,326298,270968,315889,30000,30000,20507,50000,50047,256708,281641,305791,220968,265842,0
Female,University,Married,44,180000,174830,178917,182777,171239,119060,121981,7000,6800,6800,4500,5000,171917,175977,164439,114560,116981,0
Female,Graduate,Married,38,80000,0,0,517,0,0,0,339,517,0,0,0,-339,0,0,0,0,0
Female,University,Single,41,50000,390,780,780,0,0,0,780,0,0,0,0,0,780,0,0,0,1
Female,University,Married,41,450000,104624,28114,19758,12518,18328,14879,28114,1424,12518,18328,14879,0,18334,0,0,0,0
Female,Graduate,Married,43,380000,18866,20840,188,2172,5173,5446,20884,188,2172,5173,5446,-44,0,0,0,0,0
Female,Graduate,Single,29,50000,-101,-101,-101,-101,-101,1100,0,0,0,0,1201,-101,-101,-101,-101,-101,0
Female,High School,Married,30,30000,29508,30634,29827,28661,28608,30647,1900,0,4455,1047,2500,28734,29827,24206,27561,28147,0
Female,Graduate,Married,37,300000,5771,3217,19615,11123,10266,12467,3217,19615,11123,10266,12467,0,0,0,0,0,0
Female,University,Married,45,340000,5754,480,2532,-36,105668,5490,482,2544,2,106196,5517,-2,-12,-38,-528,-27,0
Female,University,Single,44,190000,137394,140899,144636,148173,151853,155031,5774,5987,5948,6000,5481,135125,138649,142225,145853,149550,0
Female,High School,Married,41,120000,108264,109427,111238,113465,114759,117165,3906,4040,4079,4093,4240,105521,107198,109386,110666,112925,0
Female,Graduate,Single,40,210000,160161,156015,150349,147788,145958,145667,5500,7000,6693,5307,5441,150515,143349,141095,140651,140226,0
Female,Graduate,Married,46,360000,58389,42094,10594,31532,46342,56571,20000,10600,30000,20000,15000,22094,-6,1532,26342,41571,0
Female,Graduate,Single,35,330000,117,0,23,776,334,303,0,222,975,334,0,0,-199,-199,0,303,0
Female,Graduate,Married,37,100000,68760,70113,71567,72410,73846,75556,3095,3181,2628,2640,2897,67018,68386,69782,71206,72659,0
Female,Graduate,Single,38,250000,14766,990,8150,15410,1276,0,990,8150,15410,1276,0,0,0,0,0,0,0
Female,University,Married,46,120000,0,0,0,0,0,0,0,0,0,0,0,0,0,0,0,0,1
Female,Graduate,Single,43,200000,0,2112,723,150,150,2478,2112,981,150,0,2478,0,-258,0,150,0,0
Female,Graduate,Single,30,280000,25903,19262,10660,4191,1671,105726,50,2053,4211,2001,105747,19212,8607,-20,-330,-21,0
Female,University,Married,46,480000,993,1317,0,0,4415,1978,1317,0,0,4415,0,0,0,0,0,1978,0
Female,University,Single,36,240000,3922,2947,297,0,0,0,2947,297,0,0,0,0,0,0,0,0,1
Female,University,Married,39,120000,280,6192,2134,0,0,0,6192,2142,0,0,0,0,-8,0,0,0,0
Female,University,Single,40,110000,96155,96752,98884,98501,34250,35874,5000,5000,3000,3000,3000,91752,93884,95501,31250,32874,0
Female,Graduate,Married,41,390000,48378,52279,51176,52286,0,0,4705,0,2712,0,0,47574,51176,49574,0,0,0
Female,University,Single,38,20000,10683,12729,14734,14190,13721,13848,2500,2501,0,0,441,10229,12233,14190,13721,13407,0
Female,Graduate,Single,35,140000,111941,114389,116956,119334,120661,123256,5800,5900,5800,4800,4700,108589,111056,113534,115861,118556,0
Female,University,Married,41,160000,39962,45640,38988,19825,22654,16158,10000,10000,5000,5000,5000,35640,28988,14825,17654,11158,0
Female,Graduate,Married,30,210000,0,820,718,424,631,843,820,718,424,631,843,0,0,0,0,0,0
Female,Graduate,Married,47,210000,202503,173232,117125,212656,107808,63049,7082,6000,6000,5000,3000,166150,111125,206656,102808,60049,0
Female,Graduate,Single,39,240000,52595,238861,198351,195242,187710,171828,238861,6678,7537,10555,5223,0,191673,187705,177155,166605,0
Female,University,Married,36,150000,11085,2500,190,3173,673,38100,2507,190,3180,0,38100,-7,0,-7,673,0,0
Female,University,Married,48,60000,56899,58032,59624,58124,58852,58872,2080,2530,1865,1445,293,55952,57094,56259,57407,58579,0
Female,University,Married,40,180000,1552,776,0,1752,70000,10552,776,0,1752,70000,10552,0,0,0,0,0,1
Female,University,Single,37,120000,3014,380,380,380,380,380,760,380,380,380,380,-380,0,0,0,0,0
Female,Graduate,Single,40,210000,54904,46662,46162,46039,32903,34534,2000,2100,2000,1500,2000,44662,44062,44039,31403,32534,0
Female,Graduate,Single,36,420000,20326,21629,22354,23150,0,15235,1479,1204,1000,0,15235,20150,21150,22150,0,0,0
Female,University,Married,43,110000,92244,93815,97307,99666,102082,105500,4500,5000,4000,4000,5000,89315,92307,95666,98082,100500,0
Female,University,Single,31,180000,112164,50838,51753,53619,53881,54760,1821,2000,3000,2000,2000,49017,49753,50619,51881,52760,0
Female,Graduate,Married,42,200000,0,0,0,0,1830,0,0,0,0,1830,0,0,0,0,0,0,1
Female,Graduate,Single,32,220000,217636,221834,222830,195121,169396,173875,8000,18000,7000,6000,7000,213834,204830,188121,163396,166875,0
Female,Graduate,Married,36,250000,2508,3978,6560,4438,4309,816,3978,6560,4438,4311,816,0,0,0,-2,0,0
Female,Graduate,Single,39,250000,0,632,316,0,316,632,632,316,0,316,632,0,0,0,0,0,0
Female,High School,Married,47,400000,1698,365,3213,2578,9660,24355,365,3224,2580,9660,24355,0,-11,-2,0,0,0
Female,University,Single,38,50000,38945,39498,38272,29810,18674,19391,2511,2000,3000,4000,1000,36987,36272,26810,14674,18391,0
Female,Graduate,Single,48,480000,1087,188,257,1697,188,22507,188,257,1697,188,22507,0,0,0,0,0,0
Female,Graduate,Married,39,470000,235490,125853,143646,113422,96921,94405,25853,20745,13422,6921,5645,100000,122901,100000,90000,88760,0
Female,Graduate,Married,36,300000,30153,28384,26700,22554,11858,13838,2000,2000,2552,2000,3000,26384,24700,20002,9858,10838,0
Female,University,Single,44,160000,-4,-4,3454,0,3312,0,0,3458,0,3312,0,-4,-4,0,0,0,0
Female,Graduate,Married,42,160000,3346,4420,3062,6117,4781,1450,4420,3062,6119,4781,0,0,0,-2,0,1450,0
Female,Graduate,Single,33,230000,2227,3496,4006,411,1511,1334,3496,4091,411,1511,1334,0,-85,0,0,0,0
Female,High School,Single,49,50000,39803,37595,23250,26293,21508,20971,5007,1602,10002,5000,2000,32588,21648,16291,16508,18971,0
Female,High School,Married,48,150000,36717,37800,40874,39922,40953,42136,2000,4000,0,2000,2000,35800,36874,39922,38953,40136,0
Female,University,Married,50,130000,73621,76104,77795,78584,79736,78405,4300,3500,2700,2970,0,71804,74295,75884,76766,78405,0
Female,Graduate,Single,49,360000,0,0,0,0,0,0,0,0,0,0,0,0,0,0,0,0,1
Female,University,Married,50,150000,145268,111500,101996,56503,38650,28775,6005,4450,3243,2000,2000,105495,97546,53260,36650,26775,1
Female,University,Married,50,70000,12857,13867,14897,15941,16376,16959,1530,1560,1600,1000,1000,12337,13337,14341,15376,15959,0
Female,Graduate,Married,49,450000,0,0,0,0,0,0,0,0,0,0,0,0,0,0,0,0,0
Female,University,Married,49,200000,-5,728,0,0,0,0,733,0,0,0,0,-5,0,0,0,0,1
Female,University,Married,50,80000,89901,85406,75789,77870,73601,76751,6000,81789,3870,4601,4751,79406,-6000,74000,69000,72000,1
Female,University,Married,48,340000,310866,320685,320614,21768,22405,24545,15000,7000,1500,1000,2500,305685,313614,20268,21405,22045,0
Female,University,Single,52,50000,33743,22989,15843,16825,14637,15397,2000,1400,2000,5000,1000,20989,14443,14825,9637,14397,1
Female,Graduate,Married,50,200000,2119,1662,2482,19272,22388,21105,1662,2482,19272,10004,10000,0,0,0,12384,11105,0
Female,High School,Married,48,210000,119530,111730,107150,102418,97653,92653,3998,3885,3712,3599,3346,107732,103265,98706,94054,89307,0
Female,University,Married,49,360000,801,908,1081,1538,0,804,913,1081,1538,0,804,-5,0,0,0,0,0
Female,High School,Married,50,230000,2789,2942,2520,2936,3493,3160,2942,2520,2936,3493,3160,0,0,0,0,0,0
Female,High School,Married,48,50000,73302,65931,58773,58918,0,0,2500,2428,1423,0,0,63431,56345,57495,0,0,1
Female,University,Married,50,120000,81979,82726,85390,91549,92754,94722,3000,4000,7600,3600,3600,79726,81390,83949,89154,91122,1
Female,Graduate,Single,50,340000,2728,15650,11550,11058,6912,4125,15650,11554,11058,6917,4125,0,-4,0,-5,0,0
Female,High School,Married,49,50000,49195,48496,49412,49590,0,0,47000,2000,1000,0,0,1496,47412,48590,0,0,1
Female,High School,Married,49,70000,9915,9607,11913,12518,12022,12179,0,2468,1100,0,500,9607,9445,11418,12022,11679,0
Female,University,Married,50,100000,94745,96838,95732,91556,93403,95661,4600,4600,3500,3372,3793,92238,91132,88056,90031,91868,0
Female,University,Married,49,20000,13561,14573,15290,16300,16624,16974,1543,1260,1270,594,617,13030,14030,15030,16030,16357,1
Female,University,Married,49,80000,77347,61998,47941,47851,48804,50033,2384,5000,2000,1732,2000,59614,42941,45851,47072,48033,0
Female,High School,Single,49,280000,795,1020,0,1075,141246,146349,1025,0,1075,141246,6349,-5,0,0,0,140000,0
Female,University,Married,50,300000,882,0,0,0,0,0,0,0,0,0,0,0,0,0,0,0,0
Female,High School,Married,49,500000,396,396,5792,396,792,396,396,5792,0,792,0,0,0,396,0,396,1
Female,High School,Single,51,50000,46880,25577,26352,16846,17562,18275,1500,1269,1284,1000,1000,24077,25083,15562,16562,17275,0
Female,University,Single,50,140000,128949,133778,131241,25994,25769,24552,7000,6000,3000,5000,4000,126778,125241,22994,20769,20552,1
Female,University,Single,49,210000,991,4045,4056,65825,60803,56578,6035,4056,65825,1420,1132,-1990,0,0,59383,55446,1
Female,High School,Married,49,100000,41088,41807,43348,42782,40779,40618,2000,3000,1900,1550,1430,39807,40348,40882,39229,39188,0
Female,University,Married,50,50000,14592,16335,18061,18955,19933,21605,2000,2000,1500,1300,2000,14335,16061,17455,18633,19605,0
Female,High School,Married,51,20000,13184,14200,16958,19651,37332,19225,1242,3000,3000,3772,1420,12958,13958,16651,33560,17805,0
Female,University,Married,50,200000,4701,3146,4486,13390,8009,5010,2310,3518,12537,45,514,836,968,853,7964,4496,0
Female,High School,Married,51,100000,200,100,197,245,3210,318,100,197,245,3210,318,0,0,0,0,0,0
Female,High School,Married,50,50000,36149,38078,36766,30490,26934,28118,3000,10000,5000,1500,2000,35078,26766,25490,25434,26118,1
Female,High School,Married,53,230000,38723,39347,37571,38924,40027,41277,2001,2000,2000,2000,2000,37346,35571,36924,38027,39277,0
Female,University,Married,50,260000,263320,171626,175869,180891,184952,182328,7000,7000,8000,7032,13603,164626,168869,172891,177920,168725,0
Female,University,Married,52,120000,123184,117849,120471,117218,116871,122192,0,6100,5700,4500,9000,117849,114371,111518,112371,113192,1
Female,High School,Single,51,380000,43715,60718,21814,47964,33405,2981,60718,2200,48000,0,2981,0,19614,-36,33405,0,0
Female,High School,Married,65,80000,82074,80260,82116,80299,81416,81617,3470,3750,3520,3069,3271,76790,78366,76779,78347,78346,0
Female,Graduate,Married,50,240000,498,-2,497,-3,-3,-3,0,499,0,0,0,-2,-2,-3,-3,-3,0
Female,University,Married,54,30000,33494,32978,32415,30324,31124,25502,2506,2430,1300,1000,34436,30472,29985,29024,30124,-8934,1
Female,University,Married,59,30000,27620,27921,28585,29007,29195,21335,1449,1503,1315,893,1000,26472,27082,27692,28302,20335,0
Female,High School,Single,55,80000,78910,80362,77986,78803,50140,47757,84361,3837,3141,2000,2000,-3999,74149,75662,48140,45757,0
Female,University,Married,54,50000,50566,49717,49661,49581,49550,48871,2102,2013,1747,2012,2000,47615,47648,47834,47538,46871,0
Female,Graduate,Single,56,10000,12006,6367,9839,6998,3183,1151,1000,4000,0,0,0,5367,5839,6998,3183,1151,0
Female,High School,Married,50,100000,117517,110537,99734,99973,71008,66735,4700,0,3000,103000,2500,105837,99734,96973,-31992,64235,1
Female,High School,Married,50,280000,0,0,0,679,3047,5742,0,0,679,3047,5742,0,0,0,0,0,0
Female,High School,Married,55,30000,30724,29278,30393,29785,30377,30155,0,1600,1585,1377,1155,29278,28793,28200,29000,29000,1
Female,High School,Married,50,80000,7506,0,0,0,0,0,0,0,0,0,0,0,0,0,0,0,0
Female,High School,Single,51,30000,14417,17261,20543,18180,7200,18183,9000,5000,8180,2200,18183,8261,15543,10000,5000,0,0
Female,University,Single,51,170000,154278,161679,165068,166227,109682,112906,10000,7500,6778,4000,5000,151679,157568,159449,105682,107906,0
Female,University,Married,52,60000,28934,27122,27774,28347,28515,28715,0,1481,1444,1002,1030,27122,26293,26903,27513,27685,0
Female,High School,Married,50,100000,92956,96180,97701,100113,102120,73630,4333,3518,3567,3183,2674,91847,94183,96546,98937,70956,0
Female,Graduate,Married,58,160000,749,3883,3584,1830,390,390,3894,3594,2246,390,390,-11,-10,-416,0,0,1
Female,University,Single,55,50000,40623,40088,38706,38034,23675,22888,1616,2180,2004,1000,1002,38472,36526,36030,22675,21886,0
Female,Graduate,Married,59,360000,0,0,0,0,0,0,0,0,0,0,0,0,0,0,0,0,1
Female,Graduate,Married,52,210000,262,738,0,0,1858,45,738,0,0,1858,45,0,0,0,0,0,0
Female,University,Married,55,190000,6637,6476,14501,1190,3705,1049,6476,14915,1190,3705,1049,0,-414,0,0,0,0
Female,High School,Married,52,90000,42567,43578,44881,43906,43767,43619,2022,2325,1510,1199,2380,41556,42556,42396,42568,41239,0
Female,High School,Married,52,50000,48195,49024,38085,0,10400,0,2035,1650,0,10400,0,46989,36435,0,0,0,0
Female,High School,Single,55,30000,-330,340,-220,780,0,0,500,0,1000,0,0,-160,-220,-220,0,0,0
Female,High School,Married,54,30000,24180,23498,26400,25682,26155,27972,0,3600,0,1200,2400,23498,22800,25682,24955,25572,1
Female,High School,Married,61,180000,20554,21560,22587,23599,24069,24573,1353,1380,1392,862,892,20207,21207,22207,23207,23681,1
Female,High School,Married,58,120000,79400,81490,83496,84333,85444,87323,4000,3900,3100,3400,3400,77490,79596,81233,82044,83923,1
Female,High School,Married,55,80000,72462,41300,0,0,0,0,3000,0,0,0,0,38300,0,0,0,0,0
Female,University,Married,49,400000,389,389,389,320,14185,389,390,390,321,14255,390,-1,-1,-1,-70,-1,0
Female,High School,Single,53,120000,118676,119177,118068,120457,90843,91267,4210,4435,4592,3171,3256,114967,113633,115865,87672,88011,0
Female,Graduate,Married,52,100000,40938,43036,45127,44183,47211,46401,3000,3000,0,4000,0,40036,42127,44183,43211,46401,1
Female,Graduate,Single,52,300000,583,111383,111665,14325,11416,10523,111665,3000,14325,0,0,-282,108665,0,11416,10523,0
Female,High School,Married,69,80000,79862,80921,79627,80610,62447,60850,3000,3000,3000,2324,2500,77921,76627,77610,60123,58350,0
Female,High School,Married,53,500000,1453,961,159,720,3157,2336,961,159,720,3160,2336,0,0,0,-3,0,0
Female,High School,Married,51,10000,4416,6733,6480,7495,8735,8453,2400,0,1131,1371,0,4333,6480,6364,7364,8453,0
Female,High School,Married,55,100000,1520,1349,959,1623,1470,930,0,0,1623,0,0,1349,959,0,1470,930,0
Female,University,Married,53,240000,135322,100522,84626,76205,46771,35207,4531,3728,3612,0,1100,95991,80898,72593,46771,34107,0
Female,Graduate,Married,63,280000,-200,-200,-200,-200,-200,-200,0,0,0,0,0,-200,-200,-200,-200,-200,1
Female,University,Single,55,20000,16503,17512,18481,15495,15938,16680,1289,1258,1260,700,1000,16223,17223,14235,15238,15680,0
Female,University,Married,59,110000,100800,40387,37689,37750,33281,30968,1914,2000,2000,1300,1500,38473,35689,35750,31981,29468,0
Female,University,Married,60,290000,0,0,0,0,0,0,0,0,0,0,0,0,0,0,0,0,0
Female,Graduate,Married,48,80000,1198,1150,0,0,0,7685,1150,0,0,0,7685,0,0,0,0,0,1
Female,High School,Married,51,30000,30128,31325,29953,30332,29871,28977,2000,0,1962,1395,1000,29325,29953,28370,28476,27977,0
Female,Graduate,Married,52,30000,4743,390,1000,543,18127,23563,390,1000,3,20077,10000,0,0,540,-1950,13563,0
Female,University,Single,57,60000,44041,46810,45781,48814,49802,51034,3810,0,3814,1802,2034,43000,45781,45000,48000,49000,1
Female,High School,Married,52,70000,1000,1098,28229,28046,24446,22151,1098,30005,1350,800,750,0,-1776,26696,23646,21401,0
Female,High School,Married,52,140000,76902,70841,61422,52576,51301,48202,3000,2200,2400,2000,2050,67841,59222,50176,49301,46152,0
Female,University,Single,53,150000,11467,11052,10252,20618,10457,9624,11053,10253,11000,11500,10000,-1,-1,9618,-1043,-376,0
Female,University,Married,58,90000,25941,25722,28015,28262,27509,28082,500,3000,1000,0,1017,25222,25015,27262,27509,27065,1
Female,University,Married,51,30000,11860,6846,7090,2680,390,0,1000,7090,2680,390,0,5846,0,0,0,0,0
Female,High School,Single,52,60000,60250,60585,61257,62697,60816,61685,2167,2483,6084,0,1936,58418,58774,56613,60816,59749,0
Female,University,Married,52,490000,7357,2779,22595,755,7000,0,2779,22595,762,7000,0,0,0,-7,0,0,0
Female,University,Married,56,230000,10511,2381,2580,48310,6390,7194,2381,2580,48342,6390,7194,0,0,-32,0,0,1
Female,University,Married,53,70000,71219,71110,69843,70834,70405,71004,2900,3200,2800,2458,2800,68210,66643,68034,67947,68204,0
Female,High School,Married,55,60000,74786,71575,63821,63719,63807,57482,0,9400,2271,2425,2087,71575,54421,61448,61382,55395,1
Female,Other,Married,59,30000,30419,28221,29016,7946,8114,8382,1481,1276,1132,300,400,26740,27740,6814,7814,7982,0
Female,University,Married,62,70000,57271,56269,56333,29288,29524,29764,2857,2702,1500,1100,1100,53412,53631,27788,28424,28664,0
Female,High School,Married,56,450000,-4,831,-3,646,-2,418,835,0,649,0,420,-4,-3,-3,-2,-2,1
Female,High School,Single,54,20000,16120,17160,18083,15096,15396,15720,1308,1231,1244,544,565,15852,16852,13852,14852,15155,1
Female,University,Married,51,30000,16490,18908,18321,19618,19008,19301,3000,0,1900,0,750,15908,18321,17718,19008,18551,1
Female,High School,Married,54,80000,78929,78177,63914,54382,48834,49756,3200,3002,2202,2000,2000,74977,60912,52180,46834,47756,0
Female,Graduate,Single,53,390000,450,1540,690,0,0,0,1540,690,0,0,0,0,0,0,0,0,0
Female,University,Single,50,30000,10741,12057,12778,14090,14063,14357,1498,1219,1531,504,521,10559,11559,12559,13559,13836,0
Female,High School,Married,51,200000,0,1221,0,0,0,0,1221,0,0,0,0,0,0,0,0,0,0
Female,High School,Single,59,140000,63654,62042,63445,63729,63751,65421,0,3000,2000,2000,2000,62042,60445,61729,61751,63421,0
Female,University,Married,51,30000,1724,1222,4952,6693,22761,10044,1222,4972,7629,22817,10056,0,-20,-936,-56,-12,1
Female,University,Married,51,290000,6859,11210,2436,266,0,3412,11210,2436,266,0,3412,0,0,0,0,0,0
Female,University,Married,51,200000,2433,735,735,2301,3139,316,735,735,2301,3139,316,0,0,0,0,0,0
Female,High School,Married,64,180000,120070,123963,125022,129079,130109,133714,5876,4525,6123,4644,5688,118087,120497,122956,125465,128026,0
Female,University,Married,50,200000,411,453,348,359,672,1620,453,348,359,672,1620,0,0,0,0,0,0
Female,Other,Married,54,500000,355251,354394,359522,362412,362550,359481,12680,13464,12821,15033,12788,341714,346058,349591,347517,346693,0
Female,High School,Married,54,520000,653062,671563,689627,706864,383160,294641,28500,30500,30000,15000,15000,643063,659127,676864,368160,279641,0
Female,High School,Married,53,90000,827,0,2469,827,0,1654,0,2469,827,0,1654,0,0,0,0,0,0
Female,University,Married,54,260000,16570,7934,20258,52574,19463,20226,8234,20034,52045,7000,8073,-300,224,529,12463,12153,0
Female,High School,Married,51,50000,22000,20454,21899,20895,11241,-861,2000,2100,2000,1000,0,18454,19799,18895,10241,-861,1
Female,University,Other,59,80000,80893,79175,78713,80684,50400,50058,2799,3300,3600,1568,1625,76376,75413,77084,48832,48433,1
Female,University,Single,54,210000,197324,201977,205800,205590,98572,90521,8000,11000,6000,4098,3500,193977,194800,199590,94474,87021,0
Female,Graduate,Married,51,300000,143121,147527,148925,0,0,0,8269,6825,0,0,0,139258,142100,0,0,0,0
Female,Graduate,Married,53,20000,8992,8313,10179,9394,11462,11410,0,2400,0,2458,2228,8313,7779,9394,9004,9182,0
Female,High School,Single,51,50000,25436,27445,28585,29736,21356,23403,2445,1585,1736,2356,2403,25000,27000,28000,19000,21000,0
Female,High School,Married,52,20000,5682,6437,7181,7908,8781,9645,1000,1000,1000,1000,1000,5437,6181,6908,7781,8645,1
Female,Graduate,Married,53,150000,8706,2484,70,90000,9068,2349,2508,0,90000,9068,0,-24,70,0,0,2349,0
Female,High School,Other,51,50000,44788,45471,46394,47865,47455,48426,2352,2275,2398,1336,1366,43119,44119,45467,46119,47060,1
Female,University,Single,51,50000,50566,50050,37005,20145,19620,18872,1738,1746,1289,1684,684,48312,35259,18856,17936,18188,0
Female,High School,Single,51,50000,32215,33384,34554,35690,34817,36252,2000,2000,2000,0,2000,31384,32554,33690,34817,34252,0
Female,High School,Married,51,200000,-186,846,1350,13524,570,2622,1032,1350,13534,570,2622,-186,0,-10,0,0,0
Female,High School,Single,52,80000,42635,39508,36060,30470,18306,7432,1623,1740,1200,366,7432,37885,34320,29270,17940,0,0
Female,High School,Single,56,50000,48155,49157,50417,48371,15417,16194,1798,2058,1683,600,1017,47359,48359,46688,14817,15177,0
Female,High School,Married,55,200000,159017,162697,163143,161906,165807,169599,9159,4842,3000,8000,7000,153538,158301,158906,157807,162599,0
Female,High School,Married,54,210000,94343,96278,98213,99763,99793,101879,3500,3500,4500,3600,3694,92778,94713,95263,96193,98185,0
Female,High School,Married,55,80000,78573,69116,64325,59653,55159,56277,3001,2500,2000,2000,2000,66115,61825,57653,53159,54277,0
Female,High School,Married,50,200000,390,390,390,390,390,390,390,390,390,390,390,0,0,0,0,0,0
Female,High School,Married,51,200000,99036,99625,99016,101661,103011,103384,3520,4500,5200,4500,3950,96105,94516,96461,98511,99434,0
Female,High School,Married,52,220000,220053,222857,196510,120570,121664,122971,9000,6100,6000,4600,5500,213857,190410,114570,117064,117471,1
Female,Graduate,Married,56,280000,-5,4609,1351,1108,1288,3552,4614,1,1109,1290,3561,-5,1350,-1,-2,-9,0
Female,High School,Married,53,250000,-13,3823,839,0,1762,0,3836,839,0,1762,0,-13,0,0,0,0,0
Female,High School,Married,55,90000,39731,38272,36858,35447,33465,31680,2000,2000,2000,1400,1400,36272,34858,33447,32065,30280,0
Female,Graduate,Married,58,320000,1100,0,0,0,0,0,0,0,0,0,0,0,0,0,0,0,0
Female,University,Married,53,130000,210628,215308,219970,221119,21904,22052,6800,6794,5315,2000,1000,208508,213176,215804,19904,21052,0
Female,High School,Single,51,50000,390,780,390,390,390,1320,780,0,390,390,1320,0,390,0,0,0,0
Female,High School,Married,51,80000,6203,6133,4802,3086,1726,1015,1094,1075,1000,35,1015,5039,3727,2086,1691,0,0
Female,University,Single,51,430000,416090,422898,409626,417113,363553,357476,17107,20015,18027,14015,13010,405791,389611,399086,349538,344466,0
Female,Graduate,Married,51,250000,0,645,3490,0,4789,0,645,3490,0,4789,0,0,0,0,0,0,0
Female,University,Married,51,50000,15902,17328,18746,20623,20019,19227,2000,2000,2500,0,0,15328,16746,18123,20019,19227,0
Female,High School,Other,58,360000,35673,35817,-1,-1,-1,-1,1179,0,0,0,0,34638,-1,-1,-1,-1,0
Female,University,Married,53,450000,0,0,1215,5772,2150,670,0,1215,5780,2150,670,0,0,-8,0,0,0
Male,University,Single,22,110000,99209,54218,40110,41362,41296,41225,1766,2000,2000,2000,2000,52452,38110,39362,39296,39225,1
Male,Graduate,Married,34,360000,3187,3758,-1360,113091,114251,117922,1025,1361,116380,4001,5001,2733,-2721,-3289,110250,112921,0
Male,University,Single,24,10000,9035,5845,6793,8668,8382,8595,1300,1200,2000,0,500,4545,5593,6668,8382,8095,1
Male,Graduate,Single,27,200000,186778,206582,201714,177469,184502,191529,23000,157,10000,10000,10000,183582,201557,167469,174502,181529,1
Male,University,Single,24,20000,6215,7252,8473,9769,10057,10346,1300,1500,1600,600,600,5952,6973,8169,9457,9746,1
Male,Graduate,Single,28,70000,-47,653,3455,3245,1686,1681,700,3000,0,0,0,-47,455,3245,1686,1681,1
Female,High School,Married,55,80000,71905,70150,72017,73816,75584,77365,0,3000,3000,3000,3000,70150,69017,70816,72584,74365,1
Female,University,Single,55,250000,603,1867,2470,3887,4731,8710,1867,2661,3887,1000,4000,0,-191,0,3731,4710,0
Male,University,Single,34,90000,86275,87848,88065,90032,50802,50821,4004,4000,4003,2000,2000,83844,84065,86029,48802,48821,0
Male,University,Married,42,100000,98430,99998,16138,17758,18774,20272,5000,2000,2000,2000,2000,94998,14138,15758,16774,18272,0
Male,High School,Married,39,230000,53672,75305,56484,38363,4867,2736,25000,5000,5000,4867,2736,50305,51484,33363,0,0,0
Male,Graduate,Single,32,380000,387851,349973,689643,334456,329981,292421,13070,13000,26000,20095,11000,336903,676643,308456,309886,281421,0
Male,University,Single,29,390000,1246,1476,3436,4868,5781,6681,2000,2000,1500,1000,1000,-524,1436,3368,4781,5681,0
Male,Graduate,Single,30,120000,0,0,0,0,0,0,0,0,0,0,0,0,0,0,0,0,0
Male,University,Married,27,20000,19339,20187,17592,14588,624,19945,1500,1295,1200,624,19563,18687,16297,13388,0,382,0
Male,University,Married,41,20000,0,3793,1100,17982,18166,0,3793,1103,17982,384,8,0,-3,0,17782,-8,0
Male,Graduate,Single,25,160000,0,10139,7858,0,0,0,10139,0,0,0,0,0,7858,0,0,0,1
Male,High School,Single,35,240000,11119,10361,10000,10200,30000,24000,10722,10000,10200,30000,4000,-361,0,0,0,20000,0
Male,University,Single,23,30000,41300,0,0,0,0,0,0,0,0,0,0,0,0,0,0,0,0
Male,University,Single,24,50000,5599,6696,7783,8843,9209,10070,1200,1200,1200,500,1000,5496,6583,7643,8709,9070,0
Male,University,Single,23,30000,29772,28707,29235,14040,500,22292,0,1600,1000,0,22292,28707,27635,13040,500,0,0
Male,Graduate,Single,23,20000,19247,18055,2059,2576,1834,1092,2500,1100,1500,200,200,15555,959,1076,1634,892,0
Male,Graduate,Single,23,80000,9183,9606,3158,2941,2313,1367,9643,3167,2953,3753,4,-37,-9,-12,-1440,1363,0
Male,University,Single,23,20000,2400,2400,2400,2400,2400,1800,0,0,0,0,0,2400,2400,2400,2400,1800,1
Male,University,Single,23,50000,40698,42018,43344,16951,16989,17230,2000,2230,1600,600,500,40018,41114,15351,16389,16730,0
Male,Graduate,Single,23,90000,90888,85293,69482,60244,22640,3270,6000,4008,30055,15050,3270,79293,65474,30189,7590,0,0
Male,University,Single,24,50000,999,593,-7,2636,-39,13000,594,0,2643,0,13039,-1,-7,-7,-39,-39,0
Male,University,Single,23,20000,10208,14972,17432,19548,18948,18358,4972,3000,2700,0,0,10000,14432,16848,18948,18358,1
Male,University,Single,24,30000,0,0,0,0,0,0,0,0,0,0,0,0,0,0,0,0,0
Male,University,Single,23,50000,52319,51185,51334,49312,8027,8603,0,3200,3110,32356,700,51185,48134,46202,-24329,7903,0
Male,University,Single,23,20000,19178,18852,16648,19395,20271,20445,2000,1500,4000,2000,2000,16852,15148,15395,18271,18445,0
Male,University,Single,22,20000,19512,17692,19136,20080,17366,17128,0,1736,1618,902,1000,17692,17400,18462,16464,16128,0
Male,University,Single,23,20000,18781,13255,0,20358,18044,20325,0,0,20358,0,2577,13255,0,0,18044,17748,0
Male,High School,Single,22,50000,47021,48423,44450,956,976,1976,2543,2150,956,20,1000,45880,42300,0,956,976,1
Male,University,Single,22,20000,19555,17152,19637,18671,20116,17617,2000,3100,1000,2000,1000,15152,16537,17671,18116,16617,0
Male,University,Single,23,20000,14784,15483,18109,17521,18026,19082,1253,2879,0,796,1500,14230,15230,17521,17230,17582,0
Male,University,Single,23,50000,48241,49445,51060,50033,9298,7877,2000,2412,5178,5500,500,47445,48648,44855,3798,7377,1
Male,University,Single,23,10000,5232,6410,8717,8431,9079,9110,1273,2580,0,942,321,5137,6137,8431,8137,8789,1
Male,University,Single,23,10000,998,780,390,3622,3695,3126,780,390,3622,108,246,0,0,0,3587,2880,1
Male,Graduate,Single,22,20000,16620,17446,18534,19145,19547,19947,2000,2000,1278,1000,1000,15446,16534,17867,18547,18947,0
Male,University,Single,22,10000,8780,4060,2774,3764,4001,5134,1100,1300,1200,300,1200,2960,1474,2564,3701,3934,0
Male,University,Single,25,50000,11669,12665,12905,13498,13993,13854,1502,1522,1505,1000,1000,11163,11383,11993,12993,12854,0
Male,University,Single,25,30000,7653,8864,10062,11581,12580,13716,1500,1500,2000,1500,1500,7364,8562,9581,11080,12216,1
Male,Graduate,Single,26,170000,118084,112312,107396,96064,96984,93711,3800,13000,3593,3020,3090,108512,94396,92471,93964,90621,0
Male,University,Single,23,50000,51550,0,0,0,15239,14853,0,0,0,15239,0,0,0,0,0,14853,1
Male,University,Single,24,60000,27019,25100,21023,16973,12410,11944,1686,2000,1000,1000,6000,23414,19023,15973,11410,5944,1
Male,High School,Single,26,50000,50316,48987,49299,48103,48669,48507,3000,3000,2200,2000,2000,45987,46299,45903,46669,46507,0
Male,University,Single,22,50000,46831,47233,22469,28197,18784,17263,4000,2442,28197,634,799,43233,20027,0,18150,16464,0
Male,University,Single,24,50000,49907,49355,34833,28614,29133,29340,1963,1539,1200,719,43945,47392,33294,27414,28414,-14605,0
Male,High School,Single,24,100000,100364,97551,66365,62913,9389,6076,107,2893,2104,312,207,97444,63472,60809,9077,5869,0
Male,Graduate,Single,25,10000,5642,6652,7683,9040,9222,9580,1112,1143,1500,324,500,5540,6540,7540,8898,9080,0
Male,Graduate,Single,26,80000,0,0,0,0,0,0,0,0,0,0,0,0,0,0,0,0,1
Male,University,Single,26,300000,0,0,0,0,0,0,0,0,0,0,0,0,0,0,0,0,0
Male,Graduate,Single,23,10000,9020,8707,8519,9505,10127,9677,0,1391,1300,900,0,8707,7128,8205,9227,9677,1
Male,Graduate,Single,24,30000,5857,20190,18794,6650,6118,2235,18794,0,6650,0,0,1396,18794,0,6118,2235,0
Male,Graduate,Single,24,50000,20472,19077,20094,19559,16795,17233,1700,1641,1600,600,1000,17377,18453,17959,16195,16233,0
Male,Graduate,Single,24,30000,1426,2539,3437,5365,6275,7172,1300,1100,2000,1000,1000,1239,2337,3365,5275,6172,0
Male,Graduate,Single,26,90000,0,0,403,33982,30738,29018,0,403,33982,1000,1000,0,0,0,29738,28018,0
Male,Graduate,Single,23,20000,5996,7040,7897,7622,8294,8016,1300,1128,0,800,0,5740,6769,7622,7494,8016,1
Male,Graduate,Single,23,80000,444,444,444,888,888,444,444,444,888,444,0,0,0,0,444,444,0
Male,University,Single,24,90000,86724,91394,78767,74007,29480,27941,7016,3800,2406,595,570,84378,74967,71601,28885,27371,0
Male,High School,Single,24,20000,8295,9310,12130,11644,12250,11910,1160,2980,0,1100,0,8150,9150,11644,11150,11910,1
Male,University,Single,24,30000,1473,390,390,390,0,780,390,390,390,0,780,0,0,0,0,0,1
Male,University,Single,23,10000,9984,9974,9900,9941,9250,9403,1300,1300,1041,1000,2000,8674,8600,8900,8250,7403,1
Male,Graduate,Single,25,70000,31011,28034,26363,22587,21770,19525,2002,1435,1294,1000,1000,26032,24928,21293,20770,18525,0
Male,Graduate,Single,26,40000,36460,37549,40527,41036,39103,38945,2000,3900,1500,0,1600,35549,36627,39536,39103,37345,1
Male,University,Single,26,170000,145354,143279,87885,84534,74758,78633,8000,3500,4000,4000,6000,135279,84385,80534,70758,72633,1
Male,University,Single,24,10000,9774,10400,0,0,0,0,1000,0,0,0,0,9400,0,0,0,0,0
Male,University,Single,25,30000,29608,27471,29075,26011,13900,0,1600,3000,1200,139,0,25871,26075,24811,13761,0,0
Male,University,Single,24,10000,6496,6246,8965,8672,9525,9228,0,3000,0,1000,0,6246,5965,8672,8525,9228,1
Male,Graduate,Single,24,50000,48061,47003,13063,25224,14197,13872,2000,2000,2000,2000,2000,45003,11063,23224,12197,11872,0
Male,Other,Single,24,30000,21652,22656,23804,25668,24887,0,1369,1517,2381,0,0,21287,22287,23287,24887,0,0
Male,Graduate,Single,24,50000,30011,35743,34435,30859,27429,24222,7000,416,3000,3000,3000,28743,34019,27859,24429,21222,0
Male,High School,Single,24,20000,20464,19322,19004,19558,19176,19441,4,1640,1589,1000,1001,19318,17364,17969,18176,18440,0
Male,University,Single,25,10000,3684,4715,5785,7134,3535,4323,1100,1155,1500,1000,1000,3615,4630,5634,2535,3323,1
Male,University,Single,24,50000,-1000,0,0,0,0,0,1000,0,0,0,2000,-1000,0,0,0,-2000,0
Male,University,Single,24,50000,59197,55551,54083,50000,10135,9952,2000,0,1000,10135,358,53551,54083,49000,0,9594,1
Male,University,Single,25,50000,47077,48872,16012,14228,19546,19473,2800,0,1644,63965,705,46072,16012,12584,-44419,18768,0
Male,University,Single,25,160000,60905,62905,71405,82926,84278,93641,2000,8500,13000,2668,11259,60905,62905,69926,81610,82382,0
Male,University,Single,24,50000,50140,15519,19520,21103,20101,20402,3000,5000,2300,0,1000,12519,14520,18803,20101,19402,0
Male,Graduate,Single,24,30000,14857,16302,17333,18735,18952,19195,2000,1598,2000,825,698,14302,15735,16735,18127,18497,0
Male,University,Single,27,60000,67940,65957,64005,61769,51722,44956,0,0,0,51722,16000,65957,64005,61769,0,28956,1
Male,University,Single,25,150000,153932,153573,153309,152357,153133,0,5500,5509,5672,6787,0,148073,147800,146685,146346,0,0
Male,High School,Single,26,30000,25535,28738,27999,28097,28670,7770,3641,0,1000,573,1000,25097,27999,27097,28097,6770,0
Male,Graduate,Single,26,20000,587,2195,1758,3720,3820,0,2195,1500,3720,100,0,0,258,0,3720,0,0
Male,University,Single,26,20000,18838,15349,0,0,0,19125,1200,0,0,0,19125,14149,0,0,0,0,0
Male,University,Married,24,50000,17331,17961,18689,19284,19517,19193,1600,1700,1600,1200,1000,16361,16989,17684,18317,18193,0
Male,Graduate,Single,33,200000,66471,67010,67627,68085,69445,71242,2387,2485,2414,2434,2863,64623,65142,65671,67011,68379,0
Male,University,Single,25,70000,60719,61607,68091,69028,-61372,79256,2500,7500,3182,25200,102000,59107,60591,65846,-86572,-22744,0
Male,Graduate,Married,28,150000,145728,145240,148755,133414,101284,73255,5002,6009,3259,149,1866,140238,142746,130155,101135,71389,0
Male,Other,Single,27,130000,136378,129545,131045,128104,121641,123470,0,5115,4527,4500,8908,129545,125930,123577,117141,114562,0
Male,High School,Single,27,20000,13621,14984,16431,18835,18235,19535,1596,2000,3000,0,1600,13388,14431,15835,18235,17935,0
Male,Graduate,Single,27,60000,2165,18214,13172,8717,8552,9902,18214,13000,2000,3000,2000,0,172,6717,5552,7902,0
Male,University,Single,24,50000,50603,50116,48063,43787,9226,9628,2500,2505,2531,530,2000,47616,45558,41256,8696,7628,0
Male,University,Single,27,210000,65795,54166,73077,62288,66309,66393,2151,20000,2205,5000,1982,52015,53077,60083,61309,64411,0
Male,Graduate,Single,26,150000,13707,12119,121170,27949,23158,67745,16408,96373,28005,5021,50000,-4289,24797,-56,18137,17745,0
Male,University,Single,25,50000,47034,47521,47633,47482,48162,48926,2100,2500,2000,2000,1685,45421,45133,45482,46162,47241,0
Male,Graduate,Single,26,40000,0,0,0,0,2605,3554,0,0,0,2605,1000,0,0,0,0,2554,0
Male,High School,Single,27,90000,88072,90221,91898,91334,59253,58519,4500,4000,2090,0,2078,85721,87898,89244,59253,56441,1
Male,Graduate,Single,27,70000,64317,59944,30206,0,0,5000,2500,1000,0,0,5000,57444,29206,0,0,0,0
Male,Graduate,Single,27,20000,39628,20571,19089,19658,19453,19108,1610,1323,1600,830,700,18961,17766,18058,18623,18408,0
Male,Graduate,Single,24,30000,28436,28845,31071,30248,30354,29088,1800,3300,0,1500,1500,27045,27771,30248,28854,27588,0
Male,University,Single,25,20000,19099,18114,18437,19267,19696,16876,0,1370,1200,1000,5000,18114,17067,18067,18696,11876,0
Male,University,Single,25,60000,60760,60011,61333,60082,38897,39422,2740,2893,2210,938,1188,57271,58440,57872,37959,38234,1
Male,University,Single,26,50000,16412,15851,16889,19909,19291,20675,0,1294,3314,0,1700,15851,15595,16595,19291,18975,0
Male,Graduate,Single,25,50000,48966,49985,50760,49535,30358,30302,2130,1905,1811,1100,1100,47855,48855,47724,29258,29202,0
Male,University,Single,25,10000,7806,8615,7851,8704,8877,9063,1114,1292,1145,318,329,7501,6559,7559,8559,8734,1
Male,High School,Single,22,20000,21425,21410,20786,19994,10700,0,620,0,4,0,0,20790,20786,19990,10700,0,1
Male,Graduate,Single,26,110000,58301,57861,47409,47743,45654,26525,2179,2191,1525,18236,1500,55682,45218,46218,27418,25025,0
Male,University,Single,26,30000,21871,21222,22555,23874,14500,16500,0,1681,2000,2000,2000,21222,20874,21874,12500,14500,0
Male,Graduate,Single,27,200000,3592,3622,7990,10392,7042,5692,3622,7990,6000,0,2000,0,0,4392,7042,3692,1
Male,University,Single,27,70000,17058,59481,50890,50981,54122,58227,52896,2047,1861,4000,5000,6585,48843,49120,50122,53227,0
Male,High School,Single,27,80000,10100,59714,62163,62756,61149,62464,50000,4000,2200,0,2300,9714,58163,60556,61149,60164,0
Male,University,Married,28,80000,81099,81449,79887,76067,73077,76894,10000,5000,10000,6500,5000,71449,74887,66067,66577,71894,0
Male,University,Single,24,20000,4091,5316,6467,7500,7497,8170,1300,1400,1300,270,795,4016,5067,6200,7227,7375,0
Male,University,Single,23,10000,8579,3714,4158,4654,3080,0,1060,1104,1000,31,0,2654,3054,3654,3049,0,0
Male,High School,Single,25,60000,56753,57530,59869,59942,28934,27461,2700,3869,2742,1200,1461,54830,56000,57200,27734,26000,0
Male,University,Single,27,50000,47452,48663,50297,36164,37616,39062,2000,2500,2000,2000,2000,46663,47797,34164,35616,37062,1
Male,Graduate,Single,28,110000,107560,100395,79889,70062,70901,72754,4024,3008,3200,2600,3000,96371,76881,66862,68301,69754,1
Male,Graduate,Married,29,210000,26845,23283,11896,8097,7902,7917,66,2524,1311,1000,291,23217,9372,6786,6902,7626,0
Male,Graduate,Single,29,40000,37681,36775,39982,38979,39479,39329,0,3800,0,1200,0,36775,36182,38979,38279,39329,0
Male,Graduate,Single,29,360000,6001,5868,-1,592,-8,-8,5874,1,593,0,0,-6,-2,-1,-8,-8,0
Male,University,Married,29,320000,48998,33175,16784,9558,11022,11953,6105,3394,2100,1580,1016,27070,13390,7458,9442,10937,0
Male,Graduate,Single,27,130000,1439,3548,1958,1462,2573,2402,3555,1010,1466,2581,2509,-7,948,-4,-8,-107,0
Male,University,Single,26,130000,137204,139189,133521,133182,103161,103031,7000,0,5133,5000,5000,132189,133521,128049,98161,98031,1
Male,University,Single,26,50000,47661,43914,38734,23152,19860,19486,1789,1549,1611,800,802,42125,37185,21541,19060,18684,0
Male,Graduate,Single,25,50000,45626,16533,10745,9994,16829,13051,3000,9537,5000,10000,5000,13533,1208,4994,6829,8051,0
Male,High School,Married,27,360000,1097,778,2999,-1,-1,-1,780,3021,0,0,0,-2,-22,-1,-1,-1,0
Male,High School,Single,27,160000,70373,80166,34775,34073,15676,99436,11450,0,142848,1800,90000,68716,34775,-108775,13876,9436,1
Male,Graduate,Single,26,200000,26230,2829,6721,-780,-780,-780,2829,4000,780,0,0,0,2721,-1560,-780,-780,0
Male,High School,Single,26,30000,14598,13998,15467,14913,17692,16302,2000,2000,0,3009,0,11998,13467,14913,14683,16302,0
Male,Graduate,Single,26,360000,50536,28219,24996,17509,5486,5295,1527,2670,1062,514,113,26692,22326,16447,4972,5182,0
Male,Graduate,Single,28,20000,19262,34729,18808,18302,18995,19400,1310,3190,1500,1000,860,33419,15618,16802,17995,18540,0
Male,University,Single,27,80000,63467,66811,68247,68531,69808,70544,5000,3100,2000,3000,2000,61811,65147,66531,66808,68544,1
Male,Graduate,Single,28,490000,325669,206515,144853,132268,118899,79223,10041,7415,7025,44324,3119,196474,137438,125243,74575,76104,0
Male,Graduate,Single,22,10000,1483,46,915,352,105,0,46,915,352,105,0,0,0,0,0,0,0
Male,University,Single,23,20000,13422,14886,15927,11939,10782,12599,2000,1667,2309,2000,2000,12886,14260,9630,8782,10599,0
Male,University,Single,25,30000,12925,13411,14190,16218,15663,17250,1000,1300,2273,0,2000,12411,12890,13945,15663,15250,1
Male,University,Single,26,50000,47052,47874,40933,16603,16932,17287,1728,2856,1276,605,627,46146,38077,15327,16327,16660,0
Male,University,Single,25,340000,170717,174026,177359,173334,176605,180205,6401,6501,6101,6201,6501,167625,170858,167233,170404,173704,0
Male,Graduate,Single,26,180000,189,-2811,-2811,126884,129020,131708,0,0,131453,4209,4350,-2811,-2811,-4569,124811,127358,0
Male,Graduate,Single,26,40000,38131,35382,38744,38807,39933,38646,1600,4950,1400,2000,1400,33782,33794,37407,37933,37246,0
Male,Graduate,Single,27,140000,24602,12526,9032,0,0,0,5063,9032,0,0,0,7463,0,0,0,0,0
Male,Graduate,Single,27,210000,36017,32205,29104,29447,12411,5555,3015,3004,3058,1000,5000,29190,26100,26389,11411,555,0
Male,Graduate,Single,26,150000,600,360,1401,2360,70,420,360,1041,1000,70,660,0,360,1360,0,-240,0
Male,University,Single,24,160000,77838,76054,73992,73246,71321,141494,3300,3275,3000,3000,3000,72754,70717,70246,68321,138494,0
Male,High School,Single,24,50000,52354,52651,51056,49515,42189,19938,2211,0,2174,2000,6473,50440,51056,47341,40189,13465,1
Male,Graduate,Single,24,50000,31292,32766,34426,34725,18049,19593,2000,2500,1353,1500,2000,30766,31926,33372,16549,17593,0
Male,Graduate,Single,24,40000,39868,25714,17351,21567,18388,18353,1259,1700,6000,800,800,24455,15651,15567,17588,17553,0
Male,Graduate,Single,24,70000,16861,7553,8670,9764,9954,10144,1300,1400,1400,500,500,6253,7270,8364,9454,9644,0
Male,University,Single,27,310000,22936,255040,241092,242850,237818,237762,240101,9012,8549,8324,8524,14939,232080,234301,229494,229238,0
Male,Graduate,Single,28,40000,1892,1889,1716,41710,42219,39774,1889,1716,41710,2800,0,0,0,0,39419,39774,1
Male,Graduate,Single,27,50000,658,4160,3225,656,176,0,4179,3225,656,176,0,-19,0,0,0,0,0
Male,Graduate,Single,27,140000,130905,122390,122024,112367,67820,66595,6067,6723,4069,5000,3200,116323,115301,108298,62820,63395,0
Male,University,Single,27,80000,53576,52128,56657,57340,55823,58260,0,6000,2200,0,3500,52128,50657,55140,55823,54760,1
Male,Graduate,Married,27,230000,1727,0,8879,8034,8585,7708,0,8879,1100,1000,1000,0,0,6934,7585,6708,0
Male,University,Single,23,50000,6283,6034,7925,8631,8855,8585,0,2000,1000,500,2,6034,5925,7631,8355,8583,1
Male,Graduate,Single,27,160000,701,3442,2551,4217,1255,1554,3442,18,4217,0,1000,0,2533,0,1255,554,1
Male,High School,Single,26,200000,72763,53839,34228,26418,22196,15973,5041,14031,15021,15007,14004,48798,20197,11397,7189,1969,1
Male,High School,Single,27,130000,1985,1666,1306,2049,0,0,1671,1306,2049,0,0,-5,0,0,0,0,0
Male,High School,Single,29,130000,65861,67857,69945,74082,75653,77259,3698,3786,5923,2796,2815,64159,66159,68159,72857,74444,0
Male,University,Single,28,100000,96469,99750,100783,89898,58404,35078,7000,4000,49,5000,4000,92750,96783,89849,53404,31078,0
Male,University,Single,30,160000,3197,1936,2329,2332,-4,-4,1941,2645,2339,0,0,-5,-316,-7,-4,-4,0
Male,Graduate,Single,29,60000,31235,31462,31499,16773,11568,9727,6050,6037,5084,6000,4000,25412,25462,11689,5568,5727,0
Male,Graduate,Single,29,220000,31012,30215,33117,32286,34320,33634,0,3400,0,2576,0,30215,29717,32286,31744,33634,1
Male,Graduate,Single,29,50000,2159,1956,5592,10676,671,9826,1961,5608,11906,673,9855,-5,-16,-1230,-2,-29,1
Male,University,Single,27,160000,2161,1672,2579,2313,2287,3442,1681,2717,2324,2298,3462,-9,-138,-11,-11,-20,0
Male,University,Single,27,60000,58598,56486,60877,56138,56806,57935,2632,5924,0,2200,2200,53854,54953,56138,54606,55735,1
Male,Graduate,Single,28,210000,15648,2008,-4291,-4291,-4291,-4291,2500,0,0,0,0,-492,-4291,-4291,-4291,-4291,0
Male,Graduate,Single,27,360000,375392,373004,371567,375352,316076,314588,13290,14012,20000,16000,16000,359714,357555,355352,300076,298588,0
Male,Graduate,Single,28,120000,59688,57627,58417,49050,49722,48898,3000,3000,2000,2000,2000,54627,55417,47050,47722,46898,0
Male,High School,Married,28,250000,149499,119726,111690,114776,110902,114018,15000,10000,10000,10000,5000,104726,101690,104776,100902,109018,0
Male,University,Single,28,210000,4432,5373,6200,0,0,0,1173,1000,0,0,0,4200,5200,0,0,0,0
Male,Graduate,Single,28,380000,1294,1058,359,359,359,509,1058,359,359,359,509,0,0,0,0,0,0
Male,University,Single,27,240000,81861,81446,82907,84832,87123,85363,15000,4000,4000,4000,3000,66446,78907,80832,83123,82363,0
Male,High School,Single,27,20000,20079,18696,19872,20100,19704,18004,0,1782,1400,394,0,18696,18090,18700,19310,18004,0
Male,University,Single,27,50000,19657,20723,21784,22794,23115,23752,1700,1700,1679,1000,1010,19023,20084,21115,22115,22742,0
Male,University,Single,29,200000,10538,16201,20926,20260,24754,29383,6201,5000,0,5000,5054,10000,15926,20260,19754,24329,1
Male,Graduate,Single,31,470000,99931,95096,80388,75631,71464,65915,5070,4019,2019,2120,2096,90026,76369,73612,69344,63819,0
Male,University,Single,25,50000,18894,21258,23590,24896,24200,26630,3000,3000,2000,0,3000,18258,20590,22896,24200,23630,0
Male,Graduate,Single,29,180000,-366,-366,834,-96,-96,-96,0,1200,0,0,0,-366,-366,-96,-96,-96,0
Male,Graduate,Single,26,180000,131653,132462,130598,98336,86862,88618,5002,5004,3416,3074,3500,127460,125594,94920,83788,85118,0
Male,Graduate,Single,27,190000,114355,124449,121093,123126,131120,134135,13500,0,5500,10000,5200,110949,121093,117626,121120,128935,1
Male,Graduate,Single,26,180000,758,0,1022,2004,0,2051,0,1022,2016,0,2051,0,0,-12,0,0,1
Male,University,Single,25,50000,48065,48355,49009,49949,50479,50702,1800,1844,2200,2000,1800,46555,47165,47749,48479,48902,0
Male,Graduate,Single,25,20000,18069,17905,18712,19682,18384,18768,2180,1400,1300,1000,680,15725,17312,18382,17384,18088,0
Male,University,Single,25,80000,8852,1946,1473,48029,47525,47181,1000,1000,48029,2000,2000,946,473,0,45525,45181,1
Male,Graduate,Single,28,160000,498,498,493,16931,18913,19272,498,493,16936,8030,7000,0,0,-5,10883,12272,0
Male,Graduate,Single,29,200000,3773,3990,9048,4700,800,4082,4029,9048,4700,800,4082,-39,0,0,0,0,0
Male,Graduate,Married,30,180000,143900,0,0,0,0,0,10000,0,0,0,0,-10000,0,0,0,0,0
Male,University,Single,30,360000,282222,154050,0,18,18,18,7100,0,18,0,0,146950,0,0,18,18,0
Male,University,Single,25,50000,61143,58394,52805,52546,8959,9812,3000,0,1489,51285,1000,55394,52805,51057,-42326,8812,1
Male,University,Single,32,30000,32704,31895,31091,31002,29879,29382,0,0,2300,0,996,31895,31091,28702,29879,28386,0
Male,Graduate,Single,25,30000,1581,2282,2964,3360,5038,4833,1046,1044,1072,1750,182,1236,1920,2288,3288,4651,0
Male,University,Single,28,100000,82238,100753,93209,89813,55359,32227,20000,0,3501,3021,5011,80753,93209,86312,52338,27216,0
Male,Graduate,Single,29,260000,396,792,4970,4012,3651,5600,792,4970,4012,3651,5600,0,0,0,0,0,1
Male,Graduate,Single,29,240000,13980,9969,1276,0,8621,0,9969,1276,0,8621,0,0,0,0,0,0,0
Male,University,Single,29,50000,12460,13489,12987,13699,15868,15474,1530,0,1234,2403,0,11959,12987,12465,13465,15474,0
Male,Graduate,Married,30,400000,12820,15463,50040,22072,6712,5286,5427,37505,10077,233,5312,10036,12535,11995,6479,-26,0
Male,Graduate,Single,27,70000,51923,55699,61285,59727,60669,59442,5265,7064,0,2500,0,50434,54221,59727,58169,59442,1
Male,High School,Single,30,280000,104252,107034,109958,112850,115092,117496,4510,4654,4730,4119,4258,102524,105304,108120,110973,113238,0
Male,Graduate,Single,30,80000,40276,41897,45535,45954,47706,49235,5000,7000,4000,5000,5000,36897,38535,41954,42706,44235,0
Male,University,Single,26,160000,152924,152142,155201,157202,153311,162973,3200,7000,6000,0,12000,148942,148201,151202,153311,150973,1
Male,University,Single,28,130000,132968,134505,135624,129959,93360,90040,6700,6200,0,3500,3238,127805,129424,129959,89860,86802,0
Male,Graduate,Single,29,180000,3810,6406,629,11542,2348,122,6406,629,11545,2348,122,0,0,-3,0,0,0
Male,Graduate,Single,28,360000,8840,4951,-17,1815,1035,460,4951,0,1832,1035,460,0,-17,-17,0,0,0
Male,Graduate,Single,29,260000,256503,254732,244860,245165,236120,237705,9248,9021,8767,8317,8736,245484,235839,236398,227803,228969,1
Male,High School,Single,29,50000,0,1899,832,0,1662,4537,1899,832,0,1662,4537,0,0,0,0,0,0
Male,University,Married,27,80000,79690,80976,57827,46390,45354,43112,3181,2050,1684,1564,1558,77795,55777,44706,43790,41554,0
Male,Graduate,Single,26,230000,42314,37735,32358,114443,111520,105779,1804,2713,106028,3827,5060,35931,29645,8415,107693,100719,0
Male,University,Single,26,70000,71160,67381,72192,70444,71900,0,0,6516,0,3300,0,67381,65676,70444,68600,0,0
Male,University,Single,27,270000,24689,29520,29722,36276,19065,17937,10058,10339,10034,54,10088,19462,19383,26242,19011,7849,0
Male,Graduate,Single,27,220000,34686,8,1744,55164,49967,7839,8,2178,55200,50148,10107,0,-434,-36,-181,-2268,0
Male,University,Married,28,260000,226244,230647,211483,153072,156149,144646,8304,10044,6000,5576,6000,222343,201439,147072,150573,138646,0
Male,Graduate,Single,28,160000,2235,13695,390,4080,3390,390,13695,390,4080,3390,390,0,0,0,0,0,0
Male,Graduate,Married,34,280000,441,76,-21,-21,15237,7345,76,0,0,15258,36,0,-21,-21,-21,7309,0
Male,Graduate,Single,27,230000,8786,9865,10644,12414,15982,13324,2500,2000,2000,4000,2300,7365,8644,10414,11982,11024,0
Male,Graduate,Single,31,40000,8368,1884,200,2601,1759,-125,1000,200,2601,100,0,884,0,0,1659,-125,0
Male,Graduate,Single,31,170000,166701,164561,166894,170102,165015,165571,5887,6894,6102,5807,6241,158674,160000,164000,159208,159330,0
Male,Graduate,Married,30,200000,2500,2500,2500,2500,2500,2500,0,0,0,0,0,2500,2500,2500,2500,2500,1
Male,University,Single,28,230000,11343,17143,17150,15298,18378,18281,7000,1249,0,4000,1000,10143,15901,15298,14378,17281,0
Male,Graduate,Single,27,50000,1893,0,0,71,71,3871,0,0,71,0,3800,0,0,0,71,71,1
Male,University,Married,27,150000,42055,36366,37093,41300,0,345,2000,1413,1650,0,345,34366,35680,39650,0,0,0
Male,Graduate,Single,27,300000,0,0,0,0,0,0,0,0,0,0,0,0,0,0,0,0,0
Male,Graduate,Single,31,360000,81740,81980,90216,86410,94668,93275,8000,10055,10000,10049,10053,73980,80161,76410,84619,83222,0
Male,Graduate,Married,31,390000,54007,62761,10373,6803,2601,2979,49188,10411,6830,2608,2987,13573,-38,-27,-7,-8,0
Male,Graduate,Single,31,50000,49139,49281,42472,44810,45699,46675,1707,1948,11746,1635,1712,47574,40524,33064,44064,44963,1
Male,Graduate,Single,32,220000,100226,102103,103701,103673,99429,93487,5200,5500,4700,4000,4000,96903,98201,98973,95429,89487,0
Male,University,Single,27,60000,48307,48602,48750,48916,27743,28646,1768,1967,1424,972,2000,46834,46783,47492,26771,26646,0
Male,University,Single,28,100000,942,390,390,390,0,780,390,390,390,0,780,0,0,0,0,0,0
Male,University,Single,30,290000,10823,13226,652,0,652,92775,3000,978,0,652,92775,10226,-326,0,0,0,0
Male,University,Single,31,130000,122486,116437,112881,96191,88934,90633,6013,4911,3533,3301,3607,110424,107970,92658,85633,87026,1
Male,Graduate,Other,31,400000,0,1731,499,1487,499,499,1731,499,1487,499,499,0,0,0,0,0,0
Male,University,Married,32,30000,22503,24802,29367,28108,26717,11693,3000,5000,0,1003,1000,21802,24367,28108,25714,10693,0
Male,Graduate,Single,29,260000,2335,1432,718,500,5306,2091,1432,718,500,5306,0,0,0,0,0,2091,0
Male,University,Single,29,70000,53700,53938,47852,48538,49034,49689,2200,8808,2200,2000,2000,51738,39044,46338,47034,47689,0
Male,Graduate,Single,29,160000,0,0,0,0,0,0,0,0,0,0,0,0,0,0,0,0,1
Male,Graduate,Single,30,280000,3310,-6,4759,996,0,1199,0,4765,996,0,1199,-6,-6,0,0,0,0
Male,Graduate,Single,30,500000,33269,19084,2601,112075,163165,214575,1248,2601,112212,100000,64575,17836,0,-137,63165,150000,0
Male,Graduate,Single,29,110000,106698,104546,100272,92615,92657,93364,6000,4800,4300,3600,3500,98546,95472,88315,89057,89864,0
Male,University,Married,29,120000,579,2718,1280,3783,2522,1261,3580,0,3822,0,0,-862,1280,-39,2522,1261,0
Male,Graduate,Single,32,50000,18741,12724,13804,15331,15159,10188,1724,1804,2721,1159,1188,11000,12000,12610,14000,9000,0
Male,Graduate,Single,27,100000,100751,99777,99479,94028,14578,33254,3592,4252,2620,408,26130,96185,95227,91408,14170,7124,0
Male,Graduate,Single,29,360000,6906,4893,508,0,4861,2547,4893,508,0,4861,2547,0,0,0,0,0,0
Male,Graduate,Single,27,20000,4473,7216,6958,7496,7231,7269,3000,0,800,0,300,4216,6958,6696,7231,6969,1
Male,High School,Single,29,50000,46803,47796,49024,50192,49515,48038,1772,2000,2100,5400,8174,46024,47024,48092,44115,39864,0
Male,Graduate,Single,30,500000,309558,315956,307896,241206,242481,230232,13749,11360,9572,7110,14470,302207,296536,231634,235371,215762,0
Male,Graduate,Married,32,50000,25411,26989,28245,29176,28696,29321,2000,2000,1500,1000,913,24989,26245,27676,27696,28408,1
Male,High School,Married,34,250000,0,0,0,0,0,0,0,0,0,0,0,0,0,0,0,0,1
Male,University,Single,34,260000,54448,55559,59635,63624,67563,69812,2017,5000,5000,5000,5000,53542,54635,58624,62563,64812,0
Male,Graduate,Single,34,150000,62854,50558,52738,53747,55271,57250,5000,3000,2500,3000,3000,45558,49738,51247,52271,54250,0
Male,Graduate,Single,33,80000,59796,60722,31023,-2639,-2787,34732,5000,14016,0,2000,38000,55722,17007,-2639,-4787,-3268,0
Male,High School,Single,34,180000,9531,13558,14270,11878,12920,10190,13606,14396,11936,12965,10220,-48,-126,-58,-45,-30,0
Male,Graduate,Married,40,170000,158326,119426,109136,106882,99917,97133,6043,4037,10019,9,3480,113383,105099,96863,99908,93653,0
Male,Graduate,Married,40,300000,5649,5649,5649,5699,5466,19878,5649,5649,5699,5616,20272,0,0,0,-150,-394,0
Male,Graduate,Married,39,230000,-17,1786,0,0,0,0,1803,0,0,0,0,-17,0,0,0,0,0
Male,University,Single,35,470000,262980,204078,78325,119866,-6187,-8822,10929,4177,126307,36,26,193149,74148,-6441,-6223,-8848,0
Male,High School,Married,37,20000,18629,19202,20459,19493,17289,17684,21473,1576,2000,600,1000,-2271,18883,17493,16689,16684,0
Male,Graduate,Single,38,70000,2700,2108,2253,17743,8210,0,2108,2253,17804,8210,0,0,0,-61,0,0,0
Male,Graduate,Single,41,320000,309805,237915,235917,227714,154939,102338,15818,10049,10015,14939,4338,222097,225868,217699,140000,98000,0
Male,Graduate,Married,39,500000,2514,810,8041,68595,72011,77931,810,8081,68595,72011,77931,0,-40,0,0,0,0
Male,University,Married,47,360000,1730,2500,0,0,0,0,2500,0,0,0,0,0,0,0,0,0,0
Male,Graduate,Married,42,180000,326,326,326,326,652,326,326,326,326,652,0,0,0,0,0,326,0
Male,Graduate,Married,40,100000,27002,26274,27045,28598,30131,32356,0,1500,2000,2000,2700,26274,25545,26598,28131,29656,1
Male,Graduate,Married,40,10000,3567,1000,0,0,0,0,5000,0,0,0,0,-4000,0,0,0,0,1
Male,University,Single,41,20000,16808,16741,14450,8796,5419,2377,1301,1000,8796,108,2377,15440,13450,0,5311,0,0
Male,High School,Married,46,70000,30040,29258,31137,32855,33316,34137,0,2352,2531,1300,1500,29258,28785,30324,32016,32637,0
Male,University,Single,26,20000,6078,7015,8036,9597,9294,10242,1200,1140,1700,0,1100,5815,6896,7897,9294,9142,1
Male,Graduate,Married,46,500000,11100,16966,10000,14218,62208,83611,16966,10000,14218,62500,83611,0,0,0,-292,0,0
Male,Graduate,Single,32,140000,32678,37303,37114,38687,41338,40645,5400,600,2400,3500,0,31903,36514,36287,37838,40645,0
Male,University,Married,39,360000,1261,1261,1261,1261,1261,1261,1261,1261,1261,1261,1261,0,0,0,0,0,0
Male,University,Married,32,160000,5525,4039,3656,3801,2540,2279,0,1094,1500,0,1000,4039,2562,2301,2540,1279,1
Male,Graduate,Married,34,200000,165,165,165,0,0,0,165,165,0,0,0,0,0,0,0,0,0
Male,High School,Married,48,230000,20271,21979,20924,20881,21262,21469,5034,0,2000,2000,2000,16945,20924,18881,19262,19469,0
Male,Graduate,Single,38,360000,0,0,0,0,0,0,0,0,0,0,0,0,0,0,0,0,1
Male,Graduate,Married,40,260000,22325,27508,3923,9059,3360,3657,7590,3945,31086,3377,3667,19918,-22,-22027,-17,-10,0
Male,University,Married,35,50000,58175,56749,52792,50167,31778,32427,2600,0,1400,0,649,54149,52792,48767,31778,31778,1
Male,High School,Married,39,500000,41597,50849,54927,57972,60224,71198,10000,4927,3972,3224,11980,40849,50000,54000,57000,59218,0
Male,Graduate,Married,38,230000,7904,860,-3,-3,-3,-3,864,0,0,0,0,-4,-3,-3,-3,-3,0
Male,University,Married,39,340000,148624,109990,112515,114951,117849,120739,4000,4000,4000,4500,5000,105990,108515,110951,113349,115739,0
Male,High School,Married,38,130000,6360,5375,5476,6931,99416,99702,1088,1189,2646,104590,3358,4287,4287,4285,-5174,96344,0
Male,High School,Married,47,80000,70062,19669,20696,21709,22348,22988,1321,1348,1361,1000,1000,18348,19348,20348,21348,21988,0
Male,Graduate,Married,40,250000,396,396,396,396,396,396,396,396,396,396,396,0,0,0,0,0,0
Male,University,Married,48,140000,86114,87896,89397,90514,91661,90100,4100,3800,3500,3500,0,83796,85597,87014,88161,90100,1
Male,Graduate,Single,37,390000,73,10925,0,0,0,0,10952,0,0,0,0,-27,0,0,0,0,1
Male,Graduate,Married,37,260000,257456,261189,264520,249571,202144,197643,10621,9948,8914,6986,41000,250568,254572,240657,195158,156643,0
Male,University,Married,43,160000,69554,72390,75521,78987,80891,62113,4000,5000,10000,4000,3000,68390,70521,68987,76891,59113,0
Male,University,Single,38,210000,101776,14260,40236,19011,-1031,-4873,1032,40252,19011,0,0,13228,-16,0,-1031,-4873,0
Male,University,Married,48,90000,71900,0,0,0,0,0,0,0,0,0,0,0,0,0,0,0,1
Male,Graduate,Married,45,290000,2316,2131,2476,9746,7092,5449,2143,2485,9793,7123,5460,-12,-9,-47,-31,-11,0
Male,Graduate,Single,40,560000,487816,471138,454471,432132,285868,291140,15933,17065,14878,8505,9027,455205,437406,417254,277363,282113,0
Male,University,Married,37,110000,111864,112112,114367,111064,112123,111575,11000,5500,0,4400,4500,101112,108867,111064,107723,107075,0
Male,High School,Married,37,350000,70257,73151,47298,25692,24542,23697,20001,5045,3000,2005,3001,53150,42253,22692,22537,20696,0
Male,Graduate,Single,35,280000,210465,200959,146652,132527,70421,60235,10299,7200,5886,3000,5000,190660,139452,126641,67421,55235,0
Male,Graduate,Married,40,260000,34471,0,0,0,0,0,0,0,0,0,0,0,0,0,0,0,0
Male,University,Married,34,440000,267475,237324,186359,119829,87068,23533,10506,8833,5456,2519,875,226818,177526,114373,84549,22658,0
Male,Other,Married,49,200000,49221,49599,50942,50146,50235,48984,1689,2164,2500,3480,2500,47910,48778,47646,46755,46484,0
Male,University,Single,32,150000,133401,135703,142275,144427,146702,150647,6000,10275,6000,6000,6100,129703,132000,138427,140702,144547,0
Male,Graduate,Single,39,50000,65766,59702,55899,54275,20280,20038,0,2100,0,62013,858,59702,53799,54275,-41733,19180,0
Male,Graduate,Single,29,500000,29276,7934,635,12416,4022,259,7972,637,12553,4070,259,-38,-2,-137,-48,0,0
Male,Graduate,Married,29,320000,40271,91965,86047,82233,72175,77831,60043,5036,5075,5017,10077,31922,81011,77158,67158,67754,0
Male,Graduate,Married,34,500000,0,198,198,198,115397,120250,198,0,0,115399,6211,0,198,198,-2,114039,1
Male,Graduate,Married,45,500000,1302,5230,3373,14071,2915,157,5308,3527,14133,2928,2,-78,-154,-62,-13,155,1
Male,Other,Single,35,260000,138834,143518,146714,148787,152306,155690,7000,7000,6000,6001,6000,136518,139714,142787,146305,149690,0
Male,High School,Married,39,330000,2184,2184,2184,2184,2184,2184,2184,2184,2184,2184,2184,0,0,0,0,0,0
Male,University,Married,36,360000,338992,339254,348485,346028,338981,348032,15348,20013,20018,15000,20000,323906,328472,326010,323981,328032,0
Male,Graduate,Single,33,360000,206597,211687,198245,217320,2500,0,10022,25045,33124,5180,0,201665,173200,184196,-2680,0,0
Male,University,Single,33,130000,20091,21459,20832,21386,22227,23466,2000,0,1200,1200,1600,19459,20832,20186,21027,21866,1
Male,University,Single,32,320000,281017,187071,150441,167983,142305,153555,10454,80003,174169,10000,15013,176617,70438,-6186,132305,138542,0
Male,University,Single,42,350000,347790,352600,299797,218973,146326,107205,13000,11000,8232,7000,6000,339600,288797,210741,139326,101205,1
Male,University,Single,38,20000,26288,23822,22922,22140,19170,17170,0,1500,18,2383,0,23822,21422,22122,16787,17170,0
Male,Graduate,Single,29,200000,9228,7532,7246,3506,2376,123687,2100,3320,0,2400,127187,5432,3926,3506,-24,-3500,0
Male,High School,Married,33,240000,45971,49321,48370,49660,53090,48215,4000,0,2000,4000,0,45321,48370,47660,49090,48215,0
Male,University,Married,29,50000,39124,40474,41220,42332,43227,44530,2000,1700,1800,1600,2000,38474,39520,40532,41627,42530,0
Male,High School,Married,35,10000,7536,8152,8779,9379,9565,9062,1136,1153,1143,329,418,7016,7626,8236,9236,8644,1
Male,Graduate,Single,31,360000,0,4260,3278,580,580,0,4260,3278,580,0,0,0,0,0,580,0,0
Male,High School,Married,30,20000,19522,23249,16668,18389,17898,18462,4358,16730,3395,1898,1000,18891,-62,14994,16000,17462,0
Male,Graduate,Married,47,460000,0,0,0,0,0,0,0,0,0,0,0,0,0,0,0,0,1
Male,Graduate,Married,49,180000,62087,63444,65420,67722,70970,72670,3000,3000,4000,5000,3000,60444,62420,63722,65970,69670,0
Male,University,Married,35,50000,48792,50083,50323,48902,20012,19915,2105,1845,1746,691,1000,47978,48478,47156,19321,18915,0
Male,University,Single,32,70000,69921,71198,70660,67975,65805,66058,2708,2532,2569,2324,2541,68490,68128,65406,63481,63517,0
Male,University,Single,39,140000,10091,18324,8808,27319,19278,11505,18539,1000,27329,386,1000,-215,7808,-10,18892,10505,0
Male,University,Married,41,500000,155820,171565,184782,152365,139757,153348,20000,20241,20154,20019,20151,151565,164541,132211,119738,133197,0
Male,University,Married,44,280000,159967,164197,122611,119023,113754,115029,7822,4529,4238,4305,4208,156375,118082,114785,109449,110821,0
Male,University,Single,37,110000,68773,69527,76273,76409,76166,76384,3500,10000,3500,3000,3000,66027,66273,72909,73166,73384,0
Male,Graduate,Married,37,90000,91641,85906,87138,87141,66964,65898,3100,4300,3900,2313,2378,82806,82838,83241,64651,63520,0
Male,Graduate,Married,38,170000,2430,2430,2430,2430,2430,2430,2430,2430,2430,2430,2430,0,0,0,0,0,0
Male,Graduate,Single,40,290000,135527,134414,140607,131933,135606,132906,8000,10000,5000,6000,4700,126414,130607,126933,129606,128206,0
Male,University,Married,46,80000,1548,1378,3182,5124,4893,5810,0,2000,2000,0,1000,1378,1182,3124,4893,4810,0
Male,University,Married,43,150000,88812,89488,89951,86961,79284,74531,3309,5016,5050,3026,5000,86179,84935,81911,76258,69531,0
Male,High School,Married,38,80000,79135,75786,76280,71790,49835,48880,3006,4009,3006,1879,2000,72780,72271,68784,47956,46880,0
Male,Graduate,Married,44,20000,18091,17237,16419,17144,17855,18567,1600,1600,1300,1000,1000,15637,14819,15844,16855,17567,1
Male,University,Married,36,150000,47529,40605,39394,37686,38810,31548,17,3105,2,2020,36,40588,36289,37684,36790,31512,1
Male,Graduate,Married,48,300000,5036,32897,6493,23292,1254,7808,32898,6493,23324,1254,7808,-1,0,-32,0,0,0
Male,University,Married,39,130000,130819,124946,10212,2486,5170,6823,0,10252,2486,5170,3039,124946,-40,0,0,3784,0
Male,Graduate,Married,41,490000,230090,224913,227998,217660,194641,199344,0,12000,12000,8000,8000,224913,215998,205660,186641,191344,0
Male,University,Single,34,120000,49206,50386,54656,54963,55865,54842,2000,5100,1800,2400,0,48386,49556,53163,53465,54842,0
Male,High School,Married,34,50000,15750,16472,15530,8440,1000,0,1300,2410,0,0,0,15172,13120,8440,1000,0,1
Male,Graduate,Single,28,150000,88506,58699,60252,62245,64202,66167,2200,2500,3000,3000,3000,56499,57752,59245,61202,63167,0
Male,Graduate,Married,40,720000,308274,209976,158694,148956,135217,85300,8500,6000,6000,5237,3000,201476,152694,142956,129980,82300,1
Male,University,Married,48,20000,10222,11400,0,0,0,0,1400,0,0,0,0,10000,0,0,0,0,0
Male,Graduate,Married,35,260000,163327,165557,152856,142605,144240,144213,8200,6243,7000,5500,5500,157357,146613,135605,138740,138713,0
Male,Graduate,Married,33,240000,167835,170978,172217,163786,81611,79817,7200,8400,7000,3000,2900,163778,163817,156786,78611,76917,0
Male,University,Other,34,130000,126749,135867,132249,132416,131959,128375,11243,0,5600,5150,5100,124624,132249,126816,126809,123275,1
Male,High School,Single,38,200000,101254,105254,121893,109647,56157,37293,16002,30039,15019,10000,10000,89252,91854,94628,46157,27293,0
Male,University,Married,37,140000,64372,64937,59133,53193,47352,41627,2300,2200,2000,2000,2000,62637,56933,51193,45352,39627,0
Male,High School,Married,41,10000,6270,7303,8375,9268,10630,10188,1300,1350,1200,1500,0,6003,7025,8068,9130,10188,0
Male,University,Married,38,140000,129497,131877,135309,131671,138771,141146,6000,7000,0,10800,4800,125877,128309,131671,127971,136346,1
Male,High School,Single,45,20000,5250,7151,9024,10865,12677,14309,2000,2000,2000,2000,2000,5151,7024,8865,10677,12309,1
Male,Graduate,Married,38,200000,3528,1190,1958,-5,1013,2350,1196,1968,200,1018,2361,-6,-10,-205,-5,-11,0
Male,University,Married,44,130000,139892,131365,9910,12909,0,0,6179,1969,131000,0,0,125186,7941,-118091,0,0,1
Male,Graduate,Single,35,360000,10424,10197,85777,81919,75332,47622,1104,81970,3261,1886,3035,9093,3807,78658,73446,44587,0
Male,University,Married,38,210000,196426,194724,193397,195027,199236,203241,8405,8495,7800,7378,7800,186319,184902,187227,191858,195441,1
Male,Graduate,Married,38,230000,0,0,0,0,0,0,0,0,0,0,0,0,0,0,0,0,0
Male,University,Married,44,210000,89567,85552,86595,89689,85764,85830,0,4100,7200,0,3220,85552,82495,82489,85764,82610,1
Male,University,Married,35,200000,8028,3729,-19,3920,4452,685,3747,0,3939,4470,3,-18,-19,-19,-18,682,0
Male,High School,Single,27,20000,11849,13144,14429,15659,16959,-41,1500,1500,1500,1500,3000,11644,12929,14159,15459,-3041,1
Male,Graduate,Single,28,410000,82735,90847,74122,72363,68703,66710,10000,6000,4000,5000,6000,80847,68122,68363,63703,60710,0
Male,Other,Married,39,280000,227604,218526,196479,196034,378323,192115,7670,7221,7091,8013,14923,210856,189258,188943,370310,177192,0
Male,University,Married,39,360000,29814,22699,16866,13618,5000,8000,1333,2500,5000,2000,8000,21366,14366,8618,3000,0,0
Male,University,Single,28,10000,3717,3659,5640,5401,6811,6567,150,2200,0,1500,0,3509,3440,5401,5311,6567,1
Male,University,Single,37,20000,14440,13916,15376,18075,18830,20423,0,2000,3000,1000,2000,13916,13376,15075,17830,18423,1
Male,Graduate,Single,30,370000,333930,280727,285705,295747,250158,255956,13000,11000,15000,10000,10000,267727,274705,280747,240158,245956,0
Male,Graduate,Married,48,180000,163461,167140,160707,162477,166861,171083,8000,8000,6000,7000,7000,159140,152707,156477,159861,164083,0
Male,Graduate,Married,38,60000,0,0,0,0,1040,0,0,0,0,1040,0,0,0,0,0,0,0
Male,Graduate,Married,46,80000,57477,58539,59722,58174,59204,61092,2600,2700,0,2600,3000,55939,57022,58174,56604,58092,1
Male,University,Married,47,70000,53239,54351,56480,57253,59150,0,2000,3000,2500,3000,0,52351,53480,54753,56150,0,0
Male,Graduate,Single,32,400000,3919,-8477,247784,258900,225614,228219,0,258900,20170,17000,10000,-8477,-11116,238730,208614,218219,0
Male,Graduate,Single,31,150000,13877,8190,6203,9808,3267,6662,8422,6234,9904,4016,6695,-232,-31,-96,-749,-33,0
Male,University,Married,42,50000,50179,49056,48714,38653,19439,14711,0,4000,2000,1000,521,49056,44714,36653,18439,14190,0
Male,University,Married,41,310000,324628,305869,312567,291153,159545,97438,12000,12124,10300,8168,5500,293869,300443,280853,151377,91938,0
Male,University,Married,44,200000,71656,63331,54977,45849,32706,23542,1714,1602,1144,786,471,61617,53375,44705,31920,23071,0
Male,Graduate,Married,34,430000,11873,8275,13817,7977,3417,2476,8299,13858,8000,3427,2483,-24,-41,-23,-10,-7,0
Male,University,Married,40,240000,11671,10030,8132,8402,4585,3551,1810,1151,2029,1003,112,8220,6981,6373,3582,3439,0
Male,University,Single,44,360000,189003,154847,122037,119366,86285,83589,6050,5033,5055,3021,2363,148797,117004,114311,83264,81226,0
Male,University,Married,35,380000,27268,75331,72950,70022,70861,70897,50042,3017,3000,3016,3000,25289,69933,67022,67845,67897,0
Male,High School,Married,41,190000,30425,31419,32450,33458,34122,34833,1467,1498,1506,1170,1209,29952,30952,31952,32952,33624,0
Male,Graduate,Married,34,350000,120198,122480,82329,85252,76222,67243,5900,3300,4089,3000,2400,116580,79029,81163,73222,64843,0
Male,High School,Married,37,110000,107793,102676,103276,67886,39457,39424,4010,4431,2700,1500,1500,98666,98845,65186,37957,37924,0
Male,University,Married,32,180000,2196,396,392,1592,1304,8,396,392,1596,1308,0,0,0,-4,-4,8,0
Male,Graduate,Married,35,400000,2240,12165,7062,8833,7659,5676,12245,7135,8891,7704,5728,-80,-73,-58,-45,-52,0
Male,Graduate,Single,35,500000,3938,82385,88195,52253,38743,27833,82392,10339,20089,5105,10138,-7,77856,32164,33638,17695,0
Male,University,Married,48,170000,390,390,390,780,780,0,390,390,780,0,0,0,0,0,780,0,0
Male,High School,Married,41,360000,0,0,0,0,0,0,0,0,0,0,0,0,0,0,0,0,1
Male,University,Married,44,60000,58216,60193,57815,50054,27535,22962,3000,2488,2000,1000,2000,57193,55327,48054,26535,20962,0
Male,Graduate,Single,32,350000,43356,14236,16991,18541,20075,20491,2000,3000,2000,2001,580,12236,13991,16541,18074,19911,0
Male,University,Married,31,500000,12988,7289,3823,4444,-232,-2701,1122,1077,3023,54,13,6167,2746,1421,-286,-2714,0
Male,Graduate,Single,32,230000,48418,44734,47178,29582,38426,42500,5019,10120,20000,10000,5000,39715,37058,9582,28426,37500,0
Male,University,Married,35,20000,11043,11770,13188,18318,18419,18978,1200,1600,5700,700,1000,10570,11588,12618,17719,17978,1
Male,University,Married,37,240000,11278,14070,15535,17734,19734,8561,3000,2000,3000,2000,2000,11070,13535,14734,17734,6561,0
Male,University,Single,42,440000,64786,45923,47256,50727,50064,59017,5000,3000,5000,5000,10000,40923,44256,45727,45064,49017,0
Male,High School,Single,31,250000,73215,70284,70375,65085,54986,50848,7009,5023,5069,10037,5184,63275,65352,60016,44949,45664,0
Male,Graduate,Married,38,300000,706,195,504,-627,-918,-1209,200,600,0,0,0,-5,-96,-627,-918,-1209,1
Male,University,Single,28,180000,23638,-46,-46,-46,-46,1154,3000,0,0,0,1200,-3046,-46,-46,-46,-46,0
Male,Graduate,Married,39,360000,167685,3288,75244,6468,3169,3130,3304,75260,6484,24,3144,-16,-16,-16,3145,-14,0
Male,Graduate,Married,38,260000,162820,153457,143580,133477,122545,120772,6024,6012,6000,5000,5000,147433,137568,127477,117545,115772,0
Male,Graduate,Single,42,80000,74477,68633,62890,56788,52287,52287,0,0,0,0,0,68633,62890,56788,52287,52287,0
Male,Graduate,Married,47,390000,5768,8843,18982,11700,0,2978,8875,19051,11754,0,2978,-32,-69,-54,0,0,0
Male,High School,Married,42,250000,41300,0,0,0,0,0,0,0,0,0,0,0,0,0,0,0,0
Male,University,Single,43,100000,104028,103601,105282,83616,67825,66756,6000,5088,3098,5010,3038,97601,100194,80518,62815,63718,0
Male,High School,Married,44,170000,159094,161938,166062,170023,173854,179390,6000,7000,7000,7000,8000,155938,159062,163023,166854,171390,0
Male,Graduate,Married,45,500000,1366,9489,51322,12150,12463,11872,9543,51322,12176,12463,11872,-54,0,-26,0,0,0
Male,University,Married,36,410000,421227,416160,419988,359736,358471,360557,15050,16000,13100,12700,13000,401110,403988,346636,345771,347557,0
Male,Graduate,Married,32,360000,2500,0,0,0,0,0,0,0,0,0,0,0,0,0,0,0,0
Male,University,Married,38,290000,24709,291,6161,6200,3892,4072,291,6170,6216,3892,4072,0,-9,-16,0,0,0
Male,University,Married,44,80000,1245,26343,22120,21365,20967,48250,27279,3200,1200,1000,29000,-936,18920,20165,19967,19250,0
Male,Graduate,Single,31,280000,8383,8797,8741,8178,-4,-4,9044,8844,8247,0,0,-247,-103,-69,-4,-4,0
Male,University,Married,40,360000,69464,55638,43429,45895,27851,25408,10034,15011,45919,5036,5022,45604,28418,-24,22815,20386,0
Male,University,Married,44,100000,390,390,390,390,390,390,390,390,390,390,390,0,0,0,0,0,0
Male,University,Single,31,80000,42188,40033,31106,28890,28613,49036,1577,1511,1415,1138,22000,38456,29595,27475,27475,27036,0
Male,Graduate,Single,46,80000,52674,58068,28116,30656,24750,25543,9000,7000,5004,3000,4000,49068,21116,25652,21750,21543,0
Male,Graduate,Married,45,180000,0,0,0,0,0,0,0,0,0,0,0,0,0,0,0,0,0
Male,Graduate,Married,34,400000,43711,37077,70369,15283,17668,4841,37954,71577,15973,18285,4875,-877,-1208,-690,-617,-34,0
Male,University,Married,48,450000,18659,388,481,29646,10163,10163,389,483,29707,10214,10214,-1,-2,-61,-51,-51,0
Male,Graduate,Single,34,80000,61231,62423,63827,64682,65614,67007,2800,3000,2500,2600,2600,59623,60827,62182,63014,64407,1
Male,University,Married,37,210000,41030,40120,51591,67772,71846,68876,3012,15065,30002,5023,2149,37108,36526,37770,66823,66727,0
Male,University,Married,45,300000,360,360,360,360,1440,360,360,360,360,1440,360,0,0,0,0,0,0
Male,University,Single,41,340000,186,3823,-20,4016,6209,2081,3842,0,4036,6254,2091,-19,-20,-20,-45,-10,0
Male,Graduate,Single,30,110000,60290,61688,63100,70391,68661,77511,3000,3000,9000,0,10000,58688,60100,61391,68661,67511,0
Male,University,Married,41,50000,8988,6849,7471,8043,19526,7564,1200,2000,2000,3000,1000,5649,5471,6043,16526,6564,0
Male,University,Married,40,20000,10288,9276,5622,19263,18433,26132,3010,2010,15000,4000,2000,6266,3612,4263,14433,24132,0
Male,Other,Married,46,16000,22058,24367,26965,29521,32032,31385,3000,3000,3000,3000,0,21367,23965,26521,29032,31385,0
Male,Graduate,Single,31,60000,57937,49740,51400,0,0,0,3000,3000,0,0,0,46740,48400,0,0,0,0
Male,Graduate,Single,31,70000,23633,22955,26574,25804,27454,25447,0,4000,0,2000,1000,22955,22574,25804,25454,24447,1
Male,University,Married,34,70000,27202,29424,31941,35087,34226,35514,3000,3000,4000,0,2000,26424,28941,31087,34226,33514,0
Male,Graduate,Single,35,430000,5454,2316,12457,26522,28951,11057,2328,12799,27888,29023,12,-12,-342,-1366,-72,11045,0
Male,University,Single,39,60000,58538,61359,58147,59399,37746,37794,6000,0,2500,1316,1401,55359,58147,56899,36430,36393,0
Male,Graduate,Married,46,200000,28910,6581,1894,8604,3547,43097,6593,1894,8615,3563,43097,-12,0,-11,-16,0,0
Male,University,Married,39,160000,47675,47243,48328,49183,48237,51937,500,2000,1800,0,4500,46743,46328,47383,48237,47437,0
Male,High School,Married,40,200000,205277,127,3627,6303,73,-63,269,3700,3000,390,128,-142,-73,3303,-317,-191,0
Male,Graduate,Married,43,500000,124362,126860,129576,129863,120781,98163,4567,4787,4745,4256,3321,122293,124789,125118,116525,94842,0
Male,University,Married,43,50000,780,390,390,650,260,520,0,390,650,0,800,390,0,0,260,-280,1
Male,Graduate,Single,38,220000,209044,211453,217237,198681,202479,206221,7705,9656,7189,7404,7490,203748,207581,191492,195075,198731,0
Male,University,Married,48,180000,178440,176624,76565,82825,81763,66120,8000,10000,10000,10000,10000,168624,66565,72825,71763,56120,0
Male,University,Single,35,310000,124617,126982,125072,126416,132772,137519,6015,5006,5006,10004,8007,120967,120066,121410,122768,129512,0
Male,High School,Married,41,80000,35646,38040,39562,40427,43417,46878,3000,2135,2000,3500,4000,35040,37427,38427,39917,42878,0
Male,University,Single,37,50000,44756,45746,47010,47277,17410,17002,1736,2000,1267,1000,620,44010,45010,46010,16410,16382,0
Male,Graduate,Married,43,400000,-5,-5,5498,3259,5949,1111,0,5503,3262,5966,1111,-5,-5,-3,-17,0,0
Male,Graduate,Single,32,280000,0,0,0,0,0,0,0,0,0,0,0,0,0,0,0,0,1
Male,Graduate,Single,32,100000,99573,159480,56267,11788,11400,11419,2787,1353,1739,0,1000,156693,54914,10049,11400,10419,0
Male,University,Married,42,350000,195639,196554,177597,181702,176253,179190,7200,7000,7007,7000,6500,189354,170597,174695,169253,172690,0
Male,High School,Single,41,10000,4520,3483,6862,8727,8148,8640,2000,4946,2000,1000,1000,1483,1916,6727,7148,7640,0
Male,University,Single,35,100000,92590,93354,69674,71097,72913,74738,3251,2600,2582,3000,3000,90103,67074,68515,69913,71738,0
Male,Graduate,Married,38,240000,3833,4890,4157,14342,11411,3006,4890,4164,14371,11411,3006,0,-7,-29,0,0,0
Male,Graduate,Married,46,500000,0,0,1656,1400,0,0,0,1656,1400,0,0,0,0,0,0,0,0
Male,High School,Married,36,50000,150,150,150,150,150,930,0,0,0,0,930,150,150,150,150,0,1
Male,University,Married,33,30000,59867,28357,29312,26404,25806,26325,1500,1433,1500,920,929,26857,27879,24904,24886,25396,1
Male,Graduate,Married,41,360000,2988,0,668,0,686,7149,0,668,0,686,7149,0,0,0,0,0,0
Male,Graduate,Married,49,250000,236430,243445,246357,250942,205081,209309,11000,11500,11000,7500,7500,232445,234857,239942,197581,201809,0
Male,University,Single,29,260000,190074,193244,182514,185491,197985,315366,6847,6846,8186,20000,0,186397,175668,177305,177985,315366,0
Male,High School,Married,40,50000,46850,31923,47574,7613,7613,7756,2068,18135,2000,1000,1000,29855,29439,5613,6613,6756,0
Male,University,Single,33,550000,-509,-1925,4532,13069,5071,8276,15,10014,20000,10000,10000,-1940,-5482,-6931,-4929,-1724,0
Male,Graduate,Married,46,420000,426429,436968,428712,425345,354852,353113,19000,0,16100,13000,14064,417968,428712,409245,341852,339049,1
Male,University,Married,35,130000,129902,134400,0,0,0,0,7000,0,0,0,0,127400,0,0,0,0,0
Male,University,Married,46,320000,345408,340055,332945,327229,320032,290003,15004,13004,13004,11120,11004,325051,319941,314225,308912,278999,0
Male,High School,Single,47,50000,15019,16026,17257,41868,23201,18623,1263,1494,25105,728,651,14763,15763,16763,22473,17972,0
Male,Graduate,Married,45,310000,8918,13813,6099,6255,5512,5451,14000,6129,6286,5539,5478,-187,-30,-31,-27,-27,0
Male,Graduate,Married,49,340000,1689,655,361,301,457,297,655,361,301,457,297,0,0,0,0,0,1
Male,Graduate,Married,37,280000,22398,30002,1715,4408,2517,29987,30422,1721,4428,2528,30135,-420,-6,-20,-11,-148,0
Male,Graduate,Married,32,250000,207,4907,6833,8766,9539,9779,4907,2000,2000,1000,319,0,4833,6766,8539,9460,0
Male,University,Other,40,80000,72185,76854,72408,72832,46473,50329,12660,4573,3500,2000,5000,64194,67835,69332,44473,45329,0
Male,High School,Single,29,230000,-4,1496,4872,0,1241,-383,1500,5000,0,1241,0,-4,-128,0,0,-383,1
Male,University,Single,37,330000,16270,140,500,1226,-1121,1879,140,1500,1226,0,3000,0,-1000,0,-1121,-1121,0
Male,High School,Single,41,350000,-331,1656,1440,27000,872,12600,2155,1440,27000,872,12600,-499,0,0,0,0,0
Male,Graduate,Single,35,280000,0,416,832,0,832,416,416,832,0,832,416,0,0,0,0,0,0
Male,Graduate,Single,36,140000,75384,74177,65336,53578,49288,43870,4000,4000,3500,2000,2500,70177,61336,50078,47288,41370,1
Male,High School,Married,43,130000,55544,57428,58917,60352,61167,63042,3400,3000,3000,2400,3000,54028,55917,57352,58767,60042,0
Male,University,Married,35,200000,187487,200774,196933,187887,101278,99382,16000,0,6451,9000,0,184774,196933,181436,92278,99382,1
Male,Graduate,Single,37,280000,1695,5827,10190,2355,3612,586,6644,10200,2355,3612,4248,-817,-10,0,0,-3662,0
Male,High School,Single,36,20000,16842,16300,390,14536,7446,0,1000,390,14536,149,0,15300,0,0,7297,0,0
Male,High School,Married,47,50000,12975,13982,15315,16019,16336,16678,1230,1563,1267,584,605,12752,13752,14752,15752,16073,0
Male,High School,Married,28,30000,23027,23848,23873,24182,26022,27462,1500,700,1000,2550,2013,22348,23173,23182,23472,25449,1
Male,Other,Single,32,60000,57505,51934,40855,37742,29450,8850,1800,2000,2000,1400,200,50134,38855,35742,28050,8650,0
Male,University,Married,32,50000,47842,48752,39937,25864,6990,9990,2097,1650,1500,2000,3000,46655,38287,24364,4990,6990,0
Male,High School,Married,46,20000,19450,18844,19853,19894,19993,20030,0,1626,1615,710,720,18844,18227,18279,19283,19310,0
Male,Graduate,Married,38,100000,46717,48435,49854,51400,0,0,2500,2500,3000,0,0,45935,47354,48400,0,0,1
Male,University,Single,34,100000,19138,6630,4958,5314,390,390,1100,1254,1000,390,390,5530,3704,4314,0,0,0
Male,University,Married,39,210000,600,169,497,15433,8500,10500,169,497,15436,170,2000,0,0,-3,8330,8500,1
Male,High School,Married,45,20000,26400,27400,28400,29400,30000,0,1000,1000,1000,600,0,26400,27400,28400,29400,0,0
Male,University,Single,33,130000,0,870,390,11,1011,381,870,300,11,1000,300,0,90,0,11,81,0
Male,High School,Single,41,290000,293281,268030,157691,158720,144085,143663,7948,22429,5530,4442,5887,260082,135262,153190,139643,137776,0
Male,Graduate,Single,45,40000,10567,264,3430,-147,672,5408,264,3430,0,24672,5000,0,0,-147,-24000,408,0
Male,University,Married,33,10000,10146,9352,9919,10400,10123,19813,1158,1200,1137,335,351,8194,8719,9263,9788,19462,0
Male,University,Single,39,360000,10027,8929,34635,26645,18088,8703,8975,34825,26674,18112,8719,-46,-190,-29,-24,-16,0
Male,High School,Married,44,210000,0,0,0,0,0,0,0,0,0,0,0,0,0,0,0,0,1
Male,Graduate,Single,39,230000,260,834,-150,517,53,603,1000,0,667,0,700,-166,-150,-150,53,-97,0
Male,University,Married,35,60000,9501,10560,11312,13050,12578,14008,1500,1200,1900,0,1600,9060,10112,11150,12578,12408,1
Male,Graduate,Single,35,150000,150359,147471,151713,130107,78623,79743,15000,20000,5000,2000,7000,132471,131713,125107,76623,72743,0
Male,Graduate,Single,44,230000,25949,27214,28472,29696,31393,33222,2000,2000,2000,2500,2500,25214,26472,27696,28893,30722,0
Male,Graduate,Single,35,110000,450,450,450,450,450,300,0,0,0,0,0,450,450,450,450,300,1
Male,High School,Single,39,150000,1580,2925,-551,-1944,-4430,-5813,2935,4,7,4,7,-10,-555,-1951,-4434,-5820,0
Male,Graduate,Married,38,350000,17999,38899,24620,22381,13115,5167,38933,24692,22388,13115,5167,-34,-72,-7,0,0,0
Male,High School,Single,44,100000,90128,91542,92686,94122,53720,54866,4200,3900,3854,2000,2000,87342,88786,90268,51720,52866,1
Male,University,Single,30,200000,65342,63218,64594,65070,20478,13737,2856,3000,1367,475,344,60362,61594,63703,20003,13393,0
Male,University,Single,34,200000,541,-59,6817,7756,8835,13129,59,6876,1009,8837,13129,-118,-59,6747,-2,0,0
Male,University,Married,35,10000,9242,9159,10004,9722,10044,9856,1315,1160,1139,1241,345,7844,8844,8583,8803,9511,0
Male,Graduate,Single,30,200000,46288,48205,49352,49682,50588,42629,3000,2300,2000,2000,1500,45205,47052,47682,48588,41129,0
Male,University,Married,34,240000,194548,198522,206312,205804,122740,137740,7200,11000,6000,3000,15000,191322,195312,199804,119740,122740,0
Male,Graduate,Single,38,290000,2318,1818,2057,2278,1224,-57060,1827,2066,2287,1242,1827,-9,-9,-9,-18,-58887,0
Male,University,Single,31,80000,73414,69998,72368,77505,78845,74182,3000,3500,7000,3100,3000,66998,68868,70505,75745,71182,0
Male,University,Married,39,80000,51193,50954,55132,56629,57405,58742,1200,5000,3000,2300,2400,49754,50132,53629,55105,56342,1
Male,Graduate,Single,29,320000,46758,31422,33619,23553,9398,4296,2563,9842,24709,6022,4318,28859,23777,-1156,3376,-22,0
Male,High School,Married,39,140000,89592,92225,93890,91013,91535,93065,5000,4000,0,3000,7893,87225,89890,91013,88535,85172,1
Male,University,Single,32,60000,2178,1755,58197,50485,37710,38073,0,58197,0,2000,1366,1755,0,50485,35710,36707,0
Male,Other,Married,34,150000,92000,94000,96000,98000,100000,0,2000,2000,2000,2000,0,92000,94000,96000,98000,0,0
Male,High School,Married,39,20000,780,780,390,0,780,0,390,0,0,780,0,390,390,0,0,0,0
Male,University,Married,44,50000,3201,0,5701,0,0,0,0,5701,0,0,0,0,0,0,0,0,1
Male,University,Single,35,150000,66662,61331,56523,56737,51005,47471,2116,2549,2406,2000,1655,59215,53974,54331,49005,45816,0
Male,University,Single,36,20000,16419,17139,20159,19533,19928,19695,1300,3300,0,1000,1000,15839,16859,19533,18928,18695,0
Male,High School,Single,46,80000,77142,78255,79425,70583,48308,46049,3000,3055,3047,1663,1692,75255,76370,67536,46645,44357,1
Male,University,Married,36,50000,630,815,1104,9182,8989,8443,1000,1104,9182,275,801,-185,0,0,8714,7642,0
Male,Graduate,Married,48,190000,189158,150621,153900,0,0,0,6561,6900,0,0,0,144060,147000,0,0,0,0
Male,High School,Single,35,190000,170928,170290,175630,171572,161319,151119,6500,8031,7510,5500,6000,163790,167599,164062,155819,145119,0
Male,University,Single,30,140000,44300,54700,34050,3000,3000,49128,54700,34050,3000,3000,49128,0,0,0,0,0,0
Male,University,Single,33,160000,78859,81539,84216,86812,87679,90264,4000,4000,4000,3200,4000,77539,80216,82812,84479,86264,0
Male,Graduate,Married,35,580000,9238,0,1758,2886,3733,3040,0,1758,2014,3793,7,0,0,872,-60,3033,0
Male,Graduate,Married,43,500000,0,0,0,0,177,4716,0,0,0,177,4716,0,0,0,0,0,0
Male,University,Married,38,130000,61105,61386,62681,64743,45288,48449,3000,4000,5000,3000,5000,58386,58681,59743,42288,43449,0
Male,High School,Married,44,300000,530,25576,1561,2106,2656,4274,25576,1561,2106,2656,4274,0,0,0,0,0,0
Male,University,Married,45,300000,114324,238058,236220,233586,234661,233304,244500,8613,8000,11000,8093,-6442,227607,225586,223661,225211,1
Male,University,Single,34,120000,1236,856,856,856,856,856,856,856,856,856,856,0,0,0,0,0,0
Male,Graduate,Single,30,220000,2895,-1,-1,300,90,2194,0,0,301,90,2204,-1,-1,-1,0,-10,0
Male,University,Married,44,10000,390,390,0,780,0,0,390,0,780,0,0,0,0,0,0,0,0
Male,University,Married,47,60000,29324,30333,31835,33602,38127,37382,1500,2000,2300,5100,0,28833,29835,31302,33027,37382,1
Male,High School,Single,32,150000,1437,162,116,162,530,367,162,116,162,530,367,0,0,0,0,0,0
Male,University,Single,41,130000,124391,126032,123746,123107,42897,39378,4442,5200,5012,2500,5000,121590,118546,118095,40397,34378,0
Male,High School,Married,49,210000,27984,27686,29209,28326,26198,25020,1500,2000,1500,1000,1500,26186,27209,26826,25198,23520,0
Male,University,Single,36,70000,20857,22199,23834,25353,27075,28092,2000,2000,2000,2000,3000,20199,21834,23353,25075,25092,0
Male,University,Married,37,130000,25991,28053,30891,30096,32169,31520,2500,3300,0,2578,0,25553,27591,30096,29591,31520,1
Male,High School,Married,46,70000,11300,10822,13633,13117,14096,13727,0,3000,0,1200,0,10822,10633,13117,12896,13727,1
Male,Other,Married,48,260000,135437,65892,60762,52402,51391,43070,19020,19002,19001,20002,18063,46872,41760,33401,31389,25007,1
Male,University,Single,29,60000,50901,54050,54555,15177,16610,16821,4000,2500,2000,2000,628,50050,52055,13177,14610,16193,0
Male,Graduate,Single,33,110000,9495,12633,88334,53978,23687,26567,4018,80004,1500,12013,7000,8615,8330,52478,11674,19567,0
Male,University,Married,33,230000,0,1427,0,198,0,525,1427,0,198,0,525,0,0,0,0,0,0
Male,High School,Single,33,100000,0,0,1991,1991,93536,95373,0,1991,0,93536,3500,0,0,1991,0,91873,0
Male,High School,Married,42,360000,226988,217735,207215,197096,187693,177338,8006,7506,7006,7006,6103,209729,199709,190090,180687,171235,0
Male,Graduate,Married,43,120000,3131,4176,2541,5648,4122,0,5126,2557,5667,4144,0,-950,-16,-19,-22,0,0
Male,High School,Single,41,230000,9552,11376,13185,14648,15419,15423,2000,2000,2000,1000,562,9376,11185,12648,14419,14861,1
Male,University,Single,31,150000,19057,20091,21423,23927,25718,136667,1500,1500,3000,2000,111338,18591,19923,20927,23718,25329,0
Male,Graduate,Single,31,450000,153246,151659,10199,0,0,0,4009,2000,0,0,0,147650,8199,0,0,0,1
Male,Graduate,Single,31,150000,57504,58590,64813,63048,120660,122762,2500,7628,0,61923,4500,56090,57185,63048,58737,118262,1
Male,Graduate,Married,41,170000,70317,56742,49176,41969,37409,36214,2579,5019,10041,5012,5024,54163,44157,31928,32397,31190,0
Male,Graduate,Married,40,270000,3686,4699,5718,6727,6861,7005,1084,1103,1112,246,255,3615,4615,5615,6615,6750,0
Male,Graduate,Single,38,500000,0,0,0,8086,0,0,0,0,8086,0,0,0,0,0,0,0,0
Male,Graduate,Married,35,300000,1246,1217,338,0,0,0,1217,338,0,0,0,0,0,0,0,0,0
Male,Graduate,Married,35,150000,18786,6879,16643,4869,9157,9624,6879,16701,4883,9199,9652,0,-58,-14,-42,-28,0
Male,Graduate,Single,34,360000,350178,359050,366591,331833,288709,290583,15000,15502,13801,9852,10224,344050,351089,318032,278857,280359,0
Male,University,Married,42,110000,70265,74102,77901,84592,82350,87186,5000,5000,8000,0,7000,69102,72901,76592,82350,80186,1
Male,Graduate,Married,38,360000,47026,88355,54913,25407,22179,337,48564,10072,25821,609,1,39791,44841,-414,21570,336,0
Male,Graduate,Single,37,220000,0,0,0,0,0,0,0,0,0,0,0,0,0,0,0,0,1
Male,Graduate,Single,45,230000,92129,92690,93596,79320,64268,65193,3510,3998,2431,1697,1971,89180,89598,76889,62571,63222,0
Male,High School,Married,47,500000,1665,1665,1665,1665,8805,8764,1666,1666,1666,8806,1625,-1,-1,-1,-1,7139,0
Male,University,Married,43,210000,48540,38410,40291,31869,32186,25554,4000,5013,4000,5000,5000,34410,35278,27869,27186,20554,0
Male,University,Married,47,500000,18463,17849,12818,5674,11416,36000,18011,12818,5674,11416,36018,-162,0,0,0,-18,0
Male,High School,Married,33,30000,19932,20708,20089,22717,26073,25583,1400,0,3000,5000,0,19308,20089,19717,21073,25583,1
Male,High School,Married,45,490000,56294,57088,55597,55040,51938,60606,8000,0,5000,3000,10000,49088,55597,50040,48938,50606,0
Male,University,Married,48,240000,236767,236769,238769,235603,233374,230897,8622,8922,8519,8499,8418,228147,229847,227084,224875,222479,0
Male,Graduate,Married,46,200000,64158,65506,66872,65199,79104,80692,3000,3000,0,15000,3000,62506,63872,65199,64104,77692,1
Male,University,Single,42,490000,455520,464727,477884,488808,427064,436172,16100,20000,19000,16000,16000,448627,457884,469808,411064,420172,0
Male,University,Married,47,240000,205495,236484,243567,44351,193283,21682,34700,11005,8006,202000,8505,201784,232562,36345,-8717,13177,0
Male,Graduate,Single,29,160000,4908,0,0,3166,3166,0,0,0,3166,0,0,0,0,0,3166,0,0
Male,University,Single,30,60000,921,1498,749,749,58852,6295,1498,0,749,58852,6295,0,749,0,0,0,0
Male,Other,Single,40,160000,152240,152159,154523,156121,118248,119911,7650,6300,4800,3800,4600,144509,148223,151321,114448,115311,0
Male,High School,Married,42,400000,95014,97074,98274,84698,58612,55610,5000,3532,4005,1482,1452,92074,94742,80693,57130,54158,1
Male,University,Married,33,320000,254065,136709,81130,103543,105623,107549,68000,12000,25000,3208,4031,68709,69130,78543,102415,103518,0
Male,Graduate,Single,38,340000,9054,1868,1135,0,0,0,1868,1144,0,0,0,0,-9,0,0,0,0
Male,High School,Married,45,240000,135367,135091,133047,132264,130372,133170,6300,4800,4737,4667,4900,128791,128247,127527,125705,128270,0
Male,Graduate,Single,30,100000,33217,34372,33543,34260,36580,37347,2000,0,1580,2900,1500,32372,33543,32680,33680,35847,1
Male,Graduate,Married,46,50000,13176,15945,17180,18811,18380,19086,3000,1500,2000,0,2000,12945,15680,16811,18380,17086,0
Male,Graduate,Married,36,200000,-95,-95,-95,5,1005,21,0,0,100,1000,500,-95,-95,-95,5,-479,0
Male,High School,Married,44,280000,38242,41083,55444,57115,54076,58155,4000,15000,3026,3000,8043,37083,40444,54089,51076,50112,0
Male,University,Married,37,360000,346,9138,-1,377,2899,376,9182,0,378,2912,377,-44,-1,-1,-13,-1,0
Male,University,Married,43,20000,14301,17069,17818,20251,19657,19072,3000,1300,3000,0,0,14069,16518,17251,19657,19072,1
Male,Other,Married,47,160000,386,907,3707,6987,3853,4613,907,3707,6991,77,4613,0,0,-4,3776,0,0
Male,University,Single,29,30000,33666,32875,32101,31071,30136,28496,0,0,0,0,0,32875,32101,31071,30136,28496,1
Male,Graduate,Single,29,90000,11512,12524,13523,13704,13882,14015,1500,1500,700,700,500,11024,12023,13004,13182,13515,1
Male,University,Married,43,20000,12721,14102,14870,16116,16436,16781,1600,1300,1500,588,610,12502,13570,14616,15848,16171,1
Male,High School,Single,30,100000,37709,39588,42455,45173,46134,45263,2500,3500,3420,2000,0,37088,38955,41753,44134,45263,1
Male,High School,Married,40,20000,300,300,300,300,300,300,0,0,0,0,0,300,300,300,300,300,1
Male,High School,Married,40,300000,39883,42349,44095,46502,47578,48959,3000,2600,3000,2000,2000,39349,41495,43502,45578,46959,0
Male,University,Single,31,70000,67958,66157,67569,67127,66483,65251,2500,2486,2700,2700,2500,63657,65083,64427,63783,62751,0
Male,Graduate,Married,42,10000,6744,6494,6247,7975,7701,7787,0,0,2000,0,359,6494,6247,5975,7701,7428,0
Male,University,Single,42,50000,7217,8291,9649,10975,11292,11610,1200,1500,1500,500,500,7091,8149,9475,10792,11110,0
Male,University,Married,40,280000,238094,228523,191098,160149,154421,156022,0,8000,6000,5000,10000,228523,183098,154149,149421,146022,0
Male,High School,Single,44,10000,7816,7542,8561,9571,9761,10106,0,1149,1159,349,502,7542,7412,8412,9412,9604,0
Male,University,Married,29,10000,8275,8409,8600,9470,6690,9690,2800,2000,1500,900,3000,5609,6600,7970,5790,6690,1
Male,Graduate,Single,29,20000,13835,14897,17512,16926,17368,17959,1600,3170,0,1000,1000,13297,14342,16926,16368,16959,0
Male,Graduate,Single,30,200000,70185,71417,73534,74785,79985,3065,3000,3000,2000,5400,3080,68417,70534,72785,74585,-15,0
Male,University,Married,34,140000,70649,72069,74140,76421,82223,84296,3100,3140,3421,7000,3296,68969,71000,73000,75223,81000,0
Male,Graduate,Single,32,100000,83845,87580,84140,86400,87275,89082,4500,3300,3881,2500,2519,83080,80840,82519,84775,86563,0
Male,Graduate,Single,33,170000,2371,316,316,316,316,316,316,316,316,316,316,0,0,0,0,0,0
Male,High School,Married,33,160000,326,326,326,326,326,326,326,326,326,326,326,0,0,0,0,0,0
Male,University,Single,38,190000,3816,4575,5029,6494,678,11928,1100,1300,2000,678,11514,3475,3729,4494,0,414,0
Male,University,Single,36,180000,134496,136613,133557,129909,133043,133835,6600,6600,6000,6000,6000,130013,126957,123909,127043,127835,0
Male,Graduate,Married,36,500000,-44,-44,-44,-44,-44,-44,0,0,0,0,0,-44,-44,-44,-44,-44,0
Male,Graduate,Married,42,340000,6888,2913,340,2823,13045,14006,2913,340,2823,13062,14016,0,0,0,-17,-10,0
Male,High School,Married,42,120000,61650,0,0,0,0,0,0,0,0,0,0,0,0,0,0,0,1
Male,Graduate,Married,38,180000,21336,22376,23412,25013,25899,26680,1400,1400,2000,1300,1200,20976,22012,23013,24599,25480,0
Male,High School,Married,48,200000,2772,3831,8640,433,14398,3475,4127,8683,436,14595,3516,-296,-43,-3,-197,-41,0
Male,Graduate,Married,45,230000,24901,26071,27937,28774,29202,29683,1500,2200,2000,1100,1000,24571,25737,26774,28102,28683,0
Male,Graduate,Single,27,120000,45375,52437,50473,45087,35424,31760,12000,5024,5000,5000,4000,40437,45449,40087,30424,27760,0
Male,Graduate,Single,46,150000,69627,49082,50170,46725,100503,54798,5000,3000,3000,5000,10000,44082,47170,43725,95503,44798,0
Male,University,Single,27,80000,3751,832,2696,1457,990,3356,2,2704,1461,993,3366,830,-8,-4,-3,-10,1
Male,University,Single,27,90000,49271,51425,47756,45977,43936,37142,3011,1207,1619,1576,1600,48414,46549,44358,42360,35542,0
Male,Graduate,Single,28,200000,5838,2256,9552,4215,3400,3286,2256,9588,5135,3487,3295,0,-36,-920,-87,-9,0
Male,High School,Single,28,240000,22334,13842,1425,10591,1793,1509,3851,1467,10594,1802,1516,9991,-42,-3,-9,-7,0
Male,Graduate,Single,28,120000,120942,118576,118240,116142,115087,117647,4585,5923,4533,4200,4433,113991,112317,111609,110887,113214,0
Male,University,Single,29,120000,0,326,326,652,326,326,652,326,652,0,326,-326,0,0,326,0,1
Male,Graduate,Married,29,230000,306836,295324,303082,307038,116506,19085,9062,10978,10361,2507,490,286262,292104,296677,113999,18595,0
Male,Graduate,Single,34,230000,476,476,476,476,476,4145,476,476,476,476,4145,0,0,0,0,0,0
Male,Graduate,Single,32,250000,2500,2500,2500,2500,2500,2500,0,0,0,0,0,2500,2500,2500,2500,2500,1
Male,Graduate,Single,32,330000,16352,0,0,0,0,0,0,0,0,0,0,0,0,0,0,0,1
Male,University,Married,32,470000,176838,181224,143173,145293,148871,152309,9000,7000,6000,6000,6000,172224,136173,139293,142871,146309,0
Male,Graduate,Married,33,310000,2500,0,0,0,0,0,0,0,0,0,0,0,0,0,0,0,1
Male,High School,Married,48,20000,1522,1261,1261,2126,1573,1170,1000,1261,2126,0,0,261,0,0,1573,1170,1
Male,High School,Single,45,150000,6129,6051,5901,671,37082,34725,6051,5901,671,37082,5000,0,0,0,0,29725,0
Male,University,Married,35,30000,0,26232,29093,28319,29064,28658,26232,3300,0,1200,1100,0,25793,28319,27864,27558,1
Male,Graduate,Married,37,330000,694,0,2023,-22,2870,860,0,2023,0,2892,1059,0,0,-22,-22,-199,0
Male,Graduate,Married,42,180000,1568,1550,-18,-18,-18,-18,1550,0,0,0,0,0,-18,-18,-18,-18,0
Male,University,Married,38,360000,1288,2508,2500,0,0,0,2520,2500,0,0,0,-12,0,0,0,0,0
Male,University,Married,43,150000,122084,126042,128706,131333,133974,136907,5000,3700,3719,3756,4031,121042,125006,127614,130218,132876,0
Male,High School,Other,42,280000,-191,-191,5612,6917,10247,11822,0,6100,4000,3500,2500,-191,-488,2917,6747,9322,0
Male,High School,Married,39,130000,51790,390,390,390,390,390,390,390,390,390,390,0,0,0,0,0,0
Male,University,Married,47,240000,125055,133825,136232,132569,135007,34036,12400,6000,0,5806,2198,121425,130232,132569,129201,31838,0
Male,University,Married,41,90000,3014,-1750,76674,77974,80064,81747,1757,79786,2836,3657,2972,-3507,-3112,75138,76407,78775,0
Male,University,Married,41,190000,66506,67540,116043,107533,89331,91477,3000,50030,130,5000,4000,64540,66013,107403,84331,87477,0
Male,Graduate,Married,41,20000,19796,18510,16077,16389,11286,12833,1507,4011,5066,1003,7000,17003,12066,11323,10283,5833,0
Male,University,Married,40,50000,42511,46526,46831,50799,50540,48700,5000,2175,5520,2000,302,41526,44656,45279,48540,48398,1
Male,Graduate,Single,27,160000,1111,1111,0,6795,0,0,1111,0,6795,0,0,0,0,0,0,0,0
Male,High School,Single,31,60000,31649,30841,34336,33489,35615,38027,0,4000,0,3000,3000,30841,30336,33489,32615,35027,1
Male,Graduate,Single,27,150000,56918,58368,59830,60134,26607,0,3000,3000,2000,0,0,55368,56830,58134,26607,0,0
Male,Graduate,Single,27,100000,34694,36014,39321,39145,39494,39896,1900,4200,900,1400,900,34114,35121,38245,38094,38996,1
Male,University,Married,35,60000,20195,21267,21332,21680,23011,23498,1700,700,1000,2000,1000,19567,20632,20680,21011,22498,0
Male,Graduate,Married,37,220000,8821,17039,7113,9574,1727,4201,20059,7540,9571,1739,4918,-3020,-427,3,-12,-717,0
Male,Graduate,Single,49,130000,68739,70024,68345,72487,73591,75161,3000,0,5900,2900,2900,67024,68345,66587,70691,72261,1
Male,High School,Single,42,10000,8090,6339,8623,5885,4417,5190,0,2586,0,1000,1000,6339,6037,5885,3417,4190,1
Male,High School,Single,31,200000,6492,6069,-202,1201,1200,0,1050,0,1302,100,0,5019,-202,-101,1100,0,0
Male,High School,Married,42,150000,148826,148568,151864,147485,106607,98109,6000,6012,5012,5000,4000,142568,145852,142473,101607,94109,0
Male,Graduate,Single,32,100000,26650,26127,26608,24689,25699,26809,2000,2000,2000,1700,1500,24127,24608,22689,23999,25309,0
Male,University,Single,36,300000,285177,291282,293497,293046,291883,297169,13003,9003,8114,4403,8838,278279,284494,284932,287480,288331,1
Male,Graduate,Single,30,160000,0,650,0,650,325,325,650,0,650,0,325,0,0,0,325,0,1
Male,Graduate,Single,31,500000,30056,18415,1697,-107,2693,5393,6000,1697,0,2800,5400,12415,0,-107,-107,-7,0
Male,High School,Single,34,80000,72463,77862,78520,69750,48707,47418,7000,3000,3000,3600,0,70862,75520,66750,45107,47418,1
Male,University,Married,31,90000,77107,93894,91508,86167,49479,50704,20000,0,3752,1726,2003,73894,91508,82415,47753,48701,0
Male,Graduate,Married,33,320000,1877,4094,4664,3878,22483,4097,4114,4687,3985,22595,4117,-20,-23,-107,-112,-20,0
Male,Graduate,Married,35,390000,14673,83728,67892,65246,68949,52724,83728,2637,2576,5000,2724,0,65255,62670,63949,50000,0
Male,University,Married,40,30000,14557,14039,13528,13810,14488,13971,0,0,800,1200,0,14039,13528,13010,13288,13971,1
Male,University,Married,34,170000,-8,-8,2698,6951,12753,12023,0,2706,6954,7002,241,-8,-8,-3,5751,11782,0
Male,Graduate,Single,36,200000,89082,91055,89064,90019,92850,98666,4000,0,3000,4000,7000,87055,89064,87019,88850,91666,1
Male,Other,Married,48,380000,17670,10179,11824,23991,13944,20962,10233,13826,24071,4065,21061,-54,-2002,-80,9879,-99,0
Male,Graduate,Married,43,260000,1350,0,0,0,760,0,0,0,0,760,0,0,0,0,0,0,0
Male,Graduate,Married,32,360000,7462,2708,5562,3906,8413,3079,2721,5588,3924,8454,3093,-13,-26,-18,-41,-14,0
Male,Graduate,Married,35,240000,2024,2007,21790,17102,13367,22659,2017,21817,1120,13434,22772,-10,-27,15982,-67,-113,0
Male,Graduate,Single,31,100000,20505,22553,21904,23531,24636,25592,2700,0,2000,1500,1500,19853,21904,21531,23136,24092,0
Male,University,Married,39,90000,88081,83960,84963,56089,57355,58394,3244,2600,2037,2200,2110,80716,82363,54052,55155,56284,1
Male,University,Single,38,290000,72607,1995,2791,4644,2936,2245,2003,2803,4680,2956,2254,-8,-12,-36,-20,-9,0
Male,High School,Single,42,80000,11204,17587,17405,20207,23308,26406,6922,441,3450,3541,3545,10665,16964,16757,19767,22861,0
Male,Graduate,Married,39,240000,14719,3192,4389,10179,5413,1899,3192,4397,10179,5413,1899,0,-8,0,0,0,0
Male,Graduate,Single,29,30000,17960,18968,19958,21448,15567,22,1610,1600,2050,341,22,17358,18358,19398,15226,0,0
Male,University,Married,42,30000,29492,29329,30720,29204,28219,28501,1488,1879,1624,900,900,27841,28841,27580,27319,27601,0
Male,University,Single,33,50000,18844,20039,21076,20578,19046,18998,1500,1371,2000,2000,1000,18539,19705,18578,17046,17998,1
Male,High School,Married,37,180000,1170,420,2745,3053,1012,1312,420,2745,1000,1392,1312,0,0,2053,-380,0,1
Male,University,Married,32,310000,11416,15864,18599,21277,25896,25354,5000,3000,3000,5000,0,10864,15599,18277,20896,25354,0
Male,Graduate,Single,35,80000,52132,52568,54108,55310,48198,43536,3000,3000,3000,2000,2000,49568,51108,52310,46198,41536,0
Male,University,Married,42,50000,49559,48019,45368,-500,7907,7258,0,2200,0,8407,0,48019,43168,-500,-500,7258,0
Male,High School,Single,35,390000,55213,59122,72930,76543,78143,77763,10000,20000,10000,8000,6000,49122,52930,66543,70143,71763,0
Male,Graduate,Single,39,440000,120448,115977,104887,86807,71641,12420,3939,3506,3589,3061,1031,112038,101381,83218,68580,11389,0
Male,University,Single,30,50000,0,676,-104,9732,9927,9339,676,0,10500,337,333,0,-104,-768,9590,9006,0
Male,Graduate,Married,33,210000,154714,150011,139854,138054,136674,136196,4830,4700,4515,4426,4436,145181,135154,133539,132248,131760,0
Male,High School,Single,34,230000,137122,138268,127797,130490,110153,112253,6700,6500,6513,4601,5000,131568,121297,123977,105552,107253,0
Male,University,Married,43,50000,27681,28287,28924,29521,29876,30201,1458,1485,1472,1217,1347,26829,27439,28049,28659,28854,0
Male,High School,Single,48,100000,390,780,390,0,780,0,780,0,0,780,0,0,390,0,0,0,1
Male,Graduate,Married,46,80000,40509,40551,42592,43296,43892,43060,1000,3000,1700,1600,0,39551,39592,41596,42292,43060,0
Male,High School,Married,28,250000,249827,191305,90497,92278,93354,95309,8500,3899,3913,3186,3301,182805,86598,88365,90168,92008,0
Male,High School,Married,45,150000,389,349,8362,882,1594,1385,350,8403,886,1602,1391,-1,-41,-4,-8,-6,0
Male,High School,Married,42,140000,137952,141168,143215,61586,70626,72723,7000,6110,5000,10014,5011,134168,137105,56586,60612,67712,0
Male,Graduate,Married,35,530000,339912,335081,333120,304353,282876,288945,12188,12639,11123,9600,10028,322893,320481,293230,273276,278917,0
Male,Graduate,Single,30,20000,16855,17272,19820,19104,19646,20527,1000,2832,0,658,1151,16272,16988,19104,18988,19376,1
Male,Graduate,Married,29,130000,71051,67664,66258,62697,48210,46255,3000,3000,6000,2000,2000,64664,63258,56697,46210,44255,0
Male,High School,Single,34,20000,15526,14996,14474,13944,15073,14692,0,0,0,1363,0,14996,14474,13944,13710,14692,0
Male,University,Married,38,50000,33759,36388,35527,36247,35367,37537,3500,0,1600,0,2900,32888,35527,34647,35367,34637,1
Male,High School,Single,37,470000,519901,499024,494290,470617,398523,389927,0,20600,19000,14000,13600,499024,473690,451617,384523,376327,1
Male,University,Single,41,310000,369398,342174,298536,168389,151755,73083,10250,9278,7000,7000,5000,331924,289258,161389,144755,68083,0
Male,University,Married,49,180000,0,0,0,0,45,0,0,0,0,45,0,0,0,0,0,0,0
Male,Graduate,Married,45,310000,8964,1168,6495,-16,-16,-16,1174,6527,0,0,0,-6,-32,-16,-16,-16,0
Male,Graduate,Married,42,160000,14137,13613,14634,16532,15969,17701,0,1247,2145,0,2000,13613,13387,14387,15969,15701,1
Male,University,Single,32,500000,126599,132527,138945,142235,144959,148697,8000,8500,7000,7000,6000,124527,130445,135235,137959,142697,0
Male,University,Married,37,380000,288908,288614,245375,249931,209711,185920,12036,11483,9578,6884,6549,276578,233892,240353,202827,179371,0
Male,Other,Married,35,250000,22839,7745,12035,33604,0,1190,7783,12046,33718,0,1190,-38,-11,-114,0,0,0
Male,Graduate,Single,39,500000,22204,83528,-24702,23804,92715,6655,83643,472,113935,108041,33,-115,-25174,-90131,-15326,6622,0
Male,Graduate,Single,33,210000,10635,9921,2570,14722,11220,14800,10046,2570,14722,11220,14800,-125,0,0,0,0,0
Male,Graduate,Married,46,250000,0,0,500,0,0,0,0,500,0,0,0,0,0,0,0,0,1
Male,Graduate,Single,28,60000,59114,59350,62130,56391,39083,39122,2800,4905,10,1600,1600,56550,57225,56381,37483,37522,0
Male,University,Married,44,200000,4735,3668,21602,3760,2925,16751,3679,21666,4971,2933,16759,-11,-64,-1211,-8,-8,0
Male,Graduate,Married,30,200000,44411,45379,45858,45781,47401,40536,2000,1500,1000,2540,2000,43379,44358,44781,44861,38536,1
Male,University,Single,44,20000,18330,17743,20346,19597,19086,16755,0,3208,0,600,453,17743,17138,19597,18486,16302,0
Male,Graduate,Married,41,360000,316,736,2178,316,1812,1510,736,2178,316,1812,1510,0,0,0,0,0,1
Male,University,Married,39,100000,91300,0,0,0,0,0,0,0,0,0,0,0,0,0,0,0,0
Male,University,Married,37,180000,102937,104598,85805,87462,89162,91609,5000,4100,4010,4000,4000,99598,81705,83452,85162,87609,0
Male,Graduate,Married,46,380000,0,0,0,0,0,0,0,0,0,0,0,0,0,0,0,0,0
Male,High School,Married,28,50000,49468,49896,51057,49496,50688,50517,1900,2004,1900,2001,2200,47996,49053,47596,48687,48317,0
Male,Graduate,Single,32,200000,141634,145060,148817,154033,155435,151806,5700,6000,7600,5421,5400,139360,142817,146433,150014,146406,0
Male,Graduate,Married,41,200000,580,580,580,580,580,580,580,580,580,580,580,0,0,0,0,0,1
Male,Graduate,Single,32,280000,217798,202676,199490,181857,183324,177920,10050,10123,10001,6244,6315,192626,189367,171856,177080,171605,0
Male,Graduate,Married,34,200000,0,0,0,41673,42312,36171,0,0,41673,1206,1444,0,0,0,41106,34727,0
Male,Graduate,Single,30,150000,201864,121338,146685,137993,90715,92759,13230,31280,5979,7760,6000,108108,115405,132014,82955,86759,0
Male,University,Married,31,360000,359491,354962,276310,196654,186281,177587,14108,11100,6992,7000,6372,340854,265210,189662,179281,171215,1
Male,Graduate,Married,35,230000,392,4106,2562,6245,394,987,4114,2566,6286,394,989,-8,-4,-41,0,-2,0
Male,University,Other,35,240000,18392,16427,16475,14648,9384,8171,1505,1327,1500,500,500,14922,15148,13148,8884,7671,0
Male,Graduate,Married,40,420000,4110,-150,6254,6023,0,0,0,6404,20,0,0,-150,-150,6003,0,0,0
Male,Graduate,Married,37,450000,16666,16662,19428,2994,23787,41175,16662,19432,3005,23788,41214,0,-4,-11,-1,-39,0
Male,High School,Single,34,10000,8820,8813,8464,9474,9716,9960,1100,2148,1158,400,400,7713,6316,8316,9316,9560,0
Male,University,Married,30,100000,37218,33720,24666,10550,0,0,1641,1200,1000,0,0,32079,23466,9550,0,0,0
Male,Graduate,Married,45,180000,0,0,0,0,0,0,0,0,0,0,0,0,0,0,0,0,1
Male,High School,Single,43,10000,9545,10443,7329,8343,8508,8686,1117,1125,2139,304,315,9326,6204,6204,8204,8371,0
Male,High School,Single,43,20000,15921,16930,17954,18966,19404,19962,1280,1304,1316,754,931,15650,16650,17650,18650,19031,1
Male,Graduate,Single,32,50000,15068,18303,20107,19496,18885,20581,3500,2400,0,0,2000,14803,17707,19496,18885,18581,1
Male,Graduate,Single,32,250000,55741,74048,29381,56372,34020,4575,74081,29403,56692,34055,4575,-33,-22,-320,-35,0,0
Male,University,Married,48,150000,118610,121098,123460,66902,68230,69661,4955,4947,3818,2442,2530,116143,118513,63084,65788,67131,0
Male,University,Single,30,30000,29993,29890,28561,-229,23930,26655,1856,1000,1698,24860,3500,28034,27561,-1927,-930,23155,0
Male,Graduate,Married,31,500000,400780,408982,373137,316654,324049,294926,30000,25025,20000,15010,20000,378982,348112,296654,309039,274926,0
Male,Graduate,Single,31,120000,64670,68574,71849,74974,83137,51377,5000,5000,5000,10000,5000,63574,66849,69974,73137,46377,0
Male,Graduate,Single,31,200000,15321,1199,933,21227,55272,58587,5006,938,21380,58007,51413,-3807,-5,-153,-2735,7174,0
Male,High School,Married,44,340000,109424,111606,111704,110578,109932,111127,4032,4117,4199,4103,3900,107574,107587,106379,105829,107227,0
Male,University,Single,44,20000,19696,203,19378,19961,19962,19981,203,20710,1305,696,712,0,-1332,18656,19266,19269,0
Male,University,Married,37,20000,11551,9181,7266,11282,3303,2350,1102,2100,1000,132,47,8079,5166,10282,3171,2303,0
Male,High School,Single,33,20000,16247,15689,18417,17802,19543,18442,0,3000,0,2000,0,15689,15417,17802,17543,18442,0
Male,Graduate,Single,34,220000,14588,6689,4664,9530,118206,112206,5021,4674,9530,120000,0,1668,-10,0,-1794,112206,0
Male,University,Married,34,20000,2799,2164,1854,3296,3435,4435,2005,1200,1500,300,1000,159,654,1796,3135,3435,0
Male,University,Married,30,280000,652,652,326,476,2482,-101,0,0,476,2482,101,652,326,0,0,-202,0
Male,Graduate,Married,49,400000,38810,58265,49415,0,0,0,58265,49415,0,0,0,0,0,0,0,0,0
Male,Graduate,Single,45,310000,313268,278821,283847,290135,293350,300623,10010,11500,11015,11000,12000,268811,272347,279120,282350,288623,0
Male,Graduate,Married,37,30000,29104,30606,30416,28165,28654,29083,2000,2000,2003,2000,1000,28606,28416,26162,26654,28083,1
Male,University,Single,38,80000,73171,76815,64814,66796,41622,46002,5000,4000,4000,2000,5000,71815,60814,62796,39622,41002,0
Male,Other,Single,44,10000,8958,8774,9461,9457,9650,7500,1147,1224,1000,193,150,7627,8237,8457,9457,7350,0
Male,High School,Other,47,70000,67938,64248,59258,47176,46157,44981,2314,2060,1800,1700,1634,61934,57198,45376,44457,43347,0
Male,Graduate,Single,37,390000,0,0,0,0,0,4792,0,0,0,0,4792,0,0,0,0,0,0
Male,High School,Married,43,340000,251135,268949,283400,277335,282890,304280,22000,20251,0,10176,26000,246949,263149,277335,272714,278280,0
Male,Graduate,Married,41,180000,114952,117567,119314,120882,117450,120398,6000,5100,5000,0,5000,111567,114214,115882,117450,115398,1
Male,Graduate,Married,31,100000,30505,31509,32597,33520,28930,30478,1509,1597,1520,1500,2000,30000,31000,32000,27430,28478,1
Male,University,Single,37,360000,880,22311,-447,-6146,13461,0,22311,26,0,25461,0,0,-473,-6146,-12000,0,0
Male,High School,Single,44,50000,49911,50525,51463,49952,19584,19080,1762,4800,0,837,700,48763,46663,49952,18747,18380,0
Male,University,Single,33,360000,60219,45680,30878,66017,83049,16775,22694,36063,67000,36545,0,22986,-5185,-983,46504,16775,0
Male,University,Single,39,50000,26842,23540,16980,16908,17327,17895,2500,2010,1500,1000,1000,21040,14970,15408,16327,16895,0
Male,University,Married,35,150000,129564,125063,118843,137751,141330,146389,10076,10050,30000,5000,6088,114987,108793,107751,136330,140301,0
Male,High School,Married,30,20000,19131,17834,18790,-27490,20001,17985,1500,1400,0,47700,700,16334,17390,-27490,-27699,17285,0
Male,Graduate,Married,44,150000,152375,122540,129558,131476,133223,136004,5005,10002,5018,10006,7007,117535,119556,126458,123217,128997,1
Male,High School,Married,42,50000,45220,46272,47330,48337,49298,50510,1800,1800,1800,1748,1990,44472,45530,46537,47550,48520,0
Male,University,Married,40,500000,1010,4682,8570,12072,9832,984,4682,5000,5000,5000,1000,0,3570,7072,4832,-16,0
Male,University,Married,39,280000,1525,7391,5234,3316,2970,3978,7430,5234,3316,2970,3978,-39,0,0,0,0,0
Male,University,Married,49,270000,157713,154413,166550,162244,126877,129903,7100,16000,7,5000,5000,147313,150550,162237,121877,124903,0
Male,University,Single,42,110000,53113,57376,57876,56309,58359,109312,5150,2000,0,2800,54000,52226,55876,56309,55559,55312,0
Male,University,Single,31,280000,136798,129735,118249,115422,114694,113047,4528,4340,3994,3968,4068,125207,113909,111428,110726,108979,0
Male,University,Married,33,200000,2104,998,846,12319,19206,17034,1003,848,12323,8026,3083,-5,-2,-4,11180,13951,0
Male,University,Single,37,30000,25811,29066,28322,29251,15525,0,3700,0,1800,3925,0,25366,28322,27451,11600,0,1
Male,High School,Married,44,130000,124716,128924,131790,126031,99489,94722,6789,12206,6259,5105,3474,122135,119584,119772,94384,91248,0
Male,Graduate,Single,33,440000,2976,16911,5945,17165,1176,18377,16911,5945,17165,0,18377,0,0,0,1176,0,0
Male,University,Married,37,170000,77959,76115,79274,82034,85664,89272,0,5000,5000,5000,5000,76115,74274,77034,80664,84272,0
Male,Graduate,Single,38,50000,50620,47164,48004,49307,19218,19465,3000,3014,6047,1000,2320,44164,44990,43260,18218,17145,0
Male,High School,Married,40,120000,32161,64308,65015,66571,67632,57798,64308,3000,4000,4000,4000,0,62015,62571,63632,53798,0
Male,Graduate,Single,37,500000,50140,45984,44584,25402,21140,16072,1862,1593,1538,835,451,44122,42991,23864,20305,15621,0
Male,Graduate,Single,31,120000,15665,2647,10293,3600,0,0,2647,10363,3600,0,0,0,-70,0,0,0,0
Male,University,Married,33,180000,65226,71031,74866,78534,82246,84014,10000,5000,5000,5000,3787,61031,69866,73534,77246,80227,0
Male,Graduate,Single,33,350000,2394,1685,563,7535,0,1522,1685,569,7572,0,1522,0,-6,-37,0,0,1
Male,University,Single,30,20000,7534,4704,15226,16528,16128,19800,2000,15300,2000,0,4200,2704,-74,14528,16128,15600,0
Male,University,Married,39,160000,14658,15666,16694,17697,19023,18584,1258,1286,1289,1615,0,14408,15408,16408,17408,18584,1
Male,Graduate,Married,37,290000,-17,3465,10069,4225,-4,871,3482,10194,4276,0,875,-17,-125,-51,-4,-4,0
Male,University,Single,30,180000,3229,0,6709,6366,1950,1931,0,6709,0,1950,1931,0,0,6366,0,0,0
Male,Graduate,Single,32,200000,1125,2182,0,0,0,0,2182,0,0,0,0,0,0,0,0,0,1
Male,University,Married,39,210000,1443,1443,1443,1443,1443,1443,1443,1443,1443,1443,1443,0,0,0,0,0,0
Male,University,Single,30,70000,0,11609,13411,14470,18070,15000,11609,2000,1400,5000,300,0,11411,13070,13070,14700,0
Male,University,Single,38,280000,163675,168581,170775,166749,168739,166757,9000,6000,5,5858,5741,159581,164775,166744,162881,161016,1
Male,High School,Single,31,120000,-94,-2090,-2390,-2390,-2390,-2390,3,0,0,0,0,-2093,-2390,-2390,-2390,-2390,1
Male,Graduate,Single,45,260000,6062,-900,-900,1905,897,4641,0,0,2805,2,4654,-900,-900,-900,895,-13,0
Male,Graduate,Single,31,340000,342299,339883,335659,336498,321941,315006,14000,13000,13000,12000,12000,325883,322659,323498,309941,303006,0
Male,Graduate,Single,29,260000,56050,52079,52083,46703,47500,45030,6000,6000,5000,5000,4000,46079,46083,41703,42500,41030,0
Male,Graduate,Single,29,140000,34052,34677,35065,35668,36143,37064,1553,1601,1564,1399,2000,33124,33464,34104,34744,35064,0
Male,University,Married,36,140000,119279,6771,13380,18415,20135,27390,10000,10000,8000,5000,22000,-3229,3380,10415,15135,5390,0
Male,University,Married,38,200000,185471,189921,193731,189136,191335,202780,9000,8300,0,6800,14500,180921,185431,189136,184535,188280,0
Male,University,Single,43,50000,29308,20491,20846,20247,19551,18617,2000,1340,1298,827,676,18491,19506,18949,18724,17941,1
Male,University,Single,27,130000,21920,12390,0,0,0,0,1400,0,0,0,0,10990,0,0,0,0,0
Male,Graduate,Single,27,130000,71668,47836,0,0,0,0,2000,0,0,0,0,45836,0,0,0,0,0
Male,University,Single,28,50000,26538,27592,30627,28999,29607,29285,1500,3500,0,1051,1100,26092,27127,28999,28556,28185,0
Male,High School,Married,28,20000,19794,19519,20464,19756,19978,11680,1304,2900,0,773,626,18215,17564,19756,19205,11054,0
Male,Graduate,Single,28,390000,18891,19521,28868,29661,21907,8205,6000,10000,2000,15000,5000,13521,18868,27661,6907,3205,0
Male,University,Single,28,50000,45769,47213,48162,48576,43700,44853,2500,2000,1523,200,2000,44713,46162,47053,43500,42853,0
Male,University,Single,29,30000,24180,23498,24532,25517,25896,26282,0,1715,1700,1100,952,23498,22817,23817,24796,25330,0
Male,University,Married,33,240000,15220,7549,127494,102825,99867,99410,7575,125335,3358,2784,2833,-26,2159,99467,97083,96577,0
Male,Graduate,Single,31,180000,6383,3166,13346,4195,9934,3317,3200,13500,4195,10000,3500,-34,-154,0,-66,-183,0
Male,Graduate,Single,31,420000,7712,72910,18030,11831,11562,46623,35527,18442,11943,11620,46856,37383,-412,-112,-58,-233,0
Male,Graduate,Single,33,120000,52053,52592,53748,54858,56445,58032,2000,2000,2000,2500,2500,50592,51748,52858,53945,55532,1
Male,Graduate,Single,34,450000,12712,1830,1183,1745,0,7519,1830,1188,1745,0,7519,0,-5,0,0,0,0
Male,Graduate,Single,34,20000,19569,2700,0,0,0,0,1000,0,0,0,0,1700,0,0,0,0,1
Male,University,Married,35,360000,-9,-9,-9,-9,1943,2500,0,0,0,1952,2500,-9,-9,-9,-9,0,1
Male,University,Single,40,350000,28194,29334,30900,0,223,223,1500,2000,0,223,223,27834,28900,0,0,0,0
Male,High School,Single,44,180000,172064,175287,119687,131725,134122,133961,8000,5018,21000,6000,6000,167287,114669,110725,128122,127961,0
Male,University,Married,41,410000,392906,400864,410877,419454,1356,1362,16000,17986,18545,1362,6,384864,392891,400909,-6,1356,0
Male,High School,Married,36,50000,44917,46230,49319,50401,18919,19469,2061,4150,2232,750,929,44169,45169,48169,18169,18540,0
Male,High School,Married,36,430000,35488,39897,48916,52021,27796,29340,5000,10000,4000,1500,2000,34897,38916,48021,26296,27340,0
Male,High School,Other,48,200000,7331,4760,3529,11711,38079,0,4780,3529,11726,35000,0,-20,0,-15,3079,0,0
Male,Graduate,Single,35,180000,52160,46545,43604,43571,19360,20650,3022,3005,3002,3004,3000,43523,40599,40569,16356,17650,0
Male,Graduate,Married,35,200000,29675,28425,20289,43432,149388,136192,9000,2000,31162,157142,10418,19425,18289,12270,-7754,125774,0
Male,University,Married,35,160000,155327,159293,154957,157788,160282,100213,8000,0,7300,7000,4400,151293,154957,150488,153282,95813,1
Male,University,Married,47,100000,72703,74147,76305,77855,78961,80452,2653,3352,3413,3000,2919,71494,72953,74442,75961,77533,0
Male,University,Single,44,140000,84371,85119,86901,89583,90432,92332,3046,3153,4126,3231,3351,82073,83748,85457,87201,88981,1
Male,University,Married,43,120000,3972,2809,1021,2311,3868,2980,2816,1021,2321,3868,2980,-7,0,-10,0,0,0
Male,Graduate,Single,37,360000,-2,513,1070,-10,2107,627,515,1075,0,2117,630,-2,-5,-10,-10,-3,0
Male,Graduate,Married,41,120000,115467,54921,56542,58023,17421,105771,2000,2500,2800,1000,109000,52921,54042,55223,16421,-3229,1
Male,Graduate,Married,37,310000,46916,5545,17152,6540,6834,6890,5545,17248,6559,10000,6890,0,-96,-19,-3166,0,0
Male,Graduate,Married,44,180000,14787,12222,16564,15047,17884,13630,12898,17266,15053,17884,13630,-676,-702,-6,0,0,0
Male,University,Married,46,160000,116988,114956,114531,106467,106967,109245,4200,5555,4000,4000,4000,110756,108976,102467,102967,105245,0
Male,University,Married,48,50000,79262,40931,40892,41612,18825,18019,3278,1880,1650,10000,1000,37653,39012,39962,8825,17019,1
Male,University,Married,40,300000,25492,28048,30582,33059,35498,39902,3000,3000,3000,3000,5000,25048,27582,30059,32498,34902,0
Male,High School,Married,43,500000,57313,54997,44226,40712,37311,27068,4060,5014,5005,4000,5000,50937,39212,35707,33311,22068,0
Male,University,Married,39,230000,-430,16659,1982,1982,991,5400,18675,0,991,0,5400,-2016,1982,991,991,0,0
Male,High School,Married,45,300000,836,390,780,390,780,780,390,780,0,780,0,0,0,390,0,780,0
Male,University,Single,41,180000,0,900,910,0,0,0,900,910,0,0,0,0,0,0,0,0,0
Male,University,Married,45,280000,1207,1207,1207,1207,1207,1207,1207,1207,1207,1207,1207,0,0,0,0,0,0
Male,High School,Single,47,20000,3897,4774,-10,-10,-10,3990,1004,0,0,0,4000,3770,-10,-10,-10,-10,0
Male,Graduate,Married,37,360000,5225,-1900,14838,15987,13438,16935,6,18022,6036,5005,4514,-1906,-3184,9951,8433,12421,0
Male,University,Other,37,20000,19701,20302,19200,17085,17953,19299,2000,1500,2000,2000,2000,18302,17700,15085,15953,17299,0
Male,Graduate,Married,35,250000,70767,78906,84078,70507,2841,12606,10000,10000,10000,3000,10000,68906,74078,60507,-159,2606,0
Male,Graduate,Married,45,120000,118287,117775,117106,118207,116885,123040,5700,5700,6000,5000,10000,112075,111406,112207,111885,113040,0
Male,Other,Other,44,100000,40199,39218,35464,30456,29420,27102,0,2005,1700,976,2000,39218,33459,28756,28444,25102,0
Male,High School,Married,47,50000,11752,13244,14722,15181,15928,16671,2000,2000,1000,1000,1000,11244,12722,14181,14928,15671,0
Male,High School,Single,31,470000,8748,2442,2272,6040,6655,1200,3500,11,6080,6688,1206,-1058,2261,-40,-33,-6,0
Male,University,Married,45,80000,10290,40000,0,2303,71637,7893,40000,0,2303,71637,1796,0,0,0,0,6097,0
Male,University,Single,29,110000,31327,31495,27682,28418,29442,30213,2000,1800,1500,1500,1400,29495,25882,26918,27942,28813,0
Male,University,Single,30,280000,261602,267238,273951,262720,130384,102181,10000,11075,8972,5182,10000,257238,262876,253748,125202,92181,0
Male,Graduate,Married,37,200000,3509,-8,1898,0,6062,0,0,1906,0,6062,0,-8,-8,0,0,0,0
Male,High School,Married,45,170000,34778,40441,40937,34090,34894,36829,10000,5000,2000,2000,3000,30441,35937,32090,32894,33829,0
Male,University,Married,41,60000,-1582,56557,55839,47797,8062,8284,59852,5011,5000,2500,1000,-3295,50828,42797,5562,7284,0
Male,University,Married,36,180000,184661,183112,183172,183117,179277,183394,7000,7000,7000,6411,7000,176112,176172,176117,172866,176394,0
Male,University,Married,43,300000,0,0,0,0,0,0,0,0,0,0,0,0,0,0,0,0,1
Male,University,Married,40,150000,142326,145231,150145,150500,0,0,4500,6114,3500,0,0,140731,144031,147000,0,0,1
Male,Graduate,Single,39,210000,28435,7615,0,0,0,0,7637,0,0,0,0,-22,0,0,0,0,0
Male,High School,Single,37,50000,20248,50797,53340,45661,20180,21155,45535,3500,1424,2000,1300,5262,49840,44237,18180,19855,0
Male,Graduate,Married,45,50000,390,390,390,390,390,390,390,390,390,390,390,0,0,0,0,0,1
Male,University,Married,35,300000,0,0,0,0,0,0,0,0,0,0,0,0,0,0,0,0,0
Male,University,Married,43,80000,78726,78837,76792,61435,26516,27215,3000,3000,3000,1500,1500,75837,73792,58435,25016,25715,0
Male,University,Single,31,170000,172012,167929,116189,192082,120077,92593,168019,5000,6000,7125,5000,-90,111189,186082,112952,87593,0
Male,High School,Married,44,50000,19951,17221,15816,13983,13638,10657,1282,1253,1170,535,387,15939,14563,12813,13103,10270,0
Male,University,Married,40,140000,139282,138095,140725,139401,103929,101148,4945,5254,4861,3649,3653,133150,135471,134540,100280,97495,1
Male,University,Married,36,350000,32596,16666,32597,16666,16666,32809,1000,32597,1000,16666,32809,15666,0,15666,0,0,1
Male,University,Married,45,20000,836,836,2006,-2830,-7220,-11610,836,2006,1441,0,0,0,0,-4271,-7220,-11610,0
Male,Graduate,Single,32,170000,2097,0,0,0,0,6271,0,0,0,0,6271,0,0,0,0,0,1
Male,High School,Single,40,20000,17613,18897,34964,9376,9620,780,1590,1208,1276,520,1560,17307,33756,8100,9100,-780,1
Male,University,Married,44,240000,23904,21643,19743,20298,15475,15852,1400,1400,1300,1000,1000,20243,18343,18998,14475,14852,0
Male,University,Married,40,50000,31852,28526,60032,25443,19600,19405,1600,2018,1500,1000,1500,26926,58014,23943,18600,17905,1
Male,University,Married,41,230000,301038,305327,213058,216260,215968,174195,9405,7769,7757,8030,6549,295922,205289,208503,207938,167646,1
Male,Graduate,Married,35,100000,3515,2975,2342,12016,10203,5323,10,3141,12021,135,507,2965,-799,-5,10068,4816,0
Male,Graduate,Single,45,300000,3016,-2659,40996,41513,38303,36352,0,43655,1752,937,916,-2659,-2659,39761,37366,35436,0
Male,University,Married,42,90000,87104,90651,92400,0,0,0,5000,4500,0,0,0,85651,87900,0,0,0,1
Male,Graduate,Single,32,210000,218742,218317,73874,73219,96844,94731,10000,5000,5000,30000,4500,208317,68874,68219,66844,90231,0
Male,University,Single,44,50000,10101,6295,7333,8349,8362,8727,1300,1300,1300,300,500,4995,6033,7049,8062,8227,0
Male,University,Married,46,400000,113125,98056,141712,123382,125687,128018,8000,128000,5000,5000,5000,90056,13712,118382,120687,123018,0
Male,Graduate,Married,37,300000,19954,22492,20477,27206,37191,7543,23348,20477,27206,177202,7543,-856,0,0,-140011,0,0
Male,Graduate,Single,32,150000,126115,128860,131426,132703,129080,136996,6300,6100,4900,0,10200,122560,125326,127803,129080,126796,0
Male,Graduate,Married,35,500000,510367,473584,167682,501496,508213,496801,24913,5872,508229,18089,14070,448671,161810,-6733,490124,482731,1
Male,University,Single,38,300000,0,780,780,390,390,390,1560,0,0,390,390,-780,780,390,0,0,1
Male,Graduate,Married,45,300000,0,0,0,0,0,0,0,0,0,0,0,0,0,0,0,0,0
Male,Graduate,Single,33,150000,6146,891,8969,6027,5132,1461,0,8969,6027,0,1461,891,0,0,5132,0,0
Male,Graduate,Single,32,410000,198954,202511,199348,201941,101962,104837,7000,9000,9000,5000,5000,195511,190348,192941,96962,99837,0
Male,Graduate,Single,33,80000,77244,78259,79286,69708,49743,48969,3492,3593,3006,1729,2000,74767,75693,66702,48014,46969,0
Male,High School,Single,33,50000,8949,9745,30739,30266,14581,12930,1030,31117,2000,14840,259,8715,-378,28266,-259,12671,0
Male,High School,Single,33,140000,500,473,-27,3788,0,9386,473,0,3815,0,9386,0,-27,-27,0,0,0
Male,University,Married,33,150000,1033,1533,0,0,0,0,1550,0,0,0,0,-17,0,0,0,0,1
Male,Graduate,Married,33,20000,20276,20134,20298,19269,19254,19484,1326,1326,1287,662,903,18808,18972,17982,18592,18581,0
Male,Graduate,Single,33,200000,12202,1964,12181,5908,1114,8314,4994,12181,2000,1114,8314,-3030,0,3908,0,0,0
Male,University,Single,42,110000,80338,83483,74258,66409,69895,72234,5000,10000,3000,6000,3300,78483,64258,63409,63895,68934,0
Male,University,Single,41,230000,225043,229701,229250,229572,213420,218809,10000,11000,9000,9000,9000,219701,218250,220572,204420,209809,1
Male,University,Married,49,50000,17371,17789,18209,18595,20323,19218,1000,1000,1000,2000,0,16789,17209,17595,18323,19218,1
Male,University,Single,49,50000,47360,45915,46686,47084,14253,15479,0,2200,2000,1000,2000,45915,44486,45084,13253,13479,0
Male,Graduate,Married,49,50000,25801,-1032,6910,6314,18544,12894,0,9000,88,18596,5023,-1032,-2090,6226,-52,7871,0
Male,Graduate,Married,50,310000,396,396,0,942,1645,1287,396,0,942,1645,1287,0,0,0,0,0,0
Male,University,Married,49,10000,-20,780,0,780,0,0,800,0,780,0,0,-20,0,0,0,0,1
Male,High School,Married,50,100000,66204,64551,66924,72209,70451,72179,0,4000,7000,0,3000,64551,62924,65209,70451,69179,0
Male,University,Married,50,700000,3528,2018,2131,5746,733,2913,2024,2131,5750,733,2917,-6,0,-4,0,-4,0
Male,Graduate,Married,50,330000,-17,-17,-17,988,-12,138,0,0,1005,12,150,-17,-17,-17,-24,-12,0
Male,University,Married,46,300000,1413,15393,-10,-10,7805,5738,15480,0,0,7815,28,-87,-10,-10,-10,5710,0
Male,High School,Married,49,500000,260991,214726,230250,188805,192229,2786,7890,20132,20004,7714,3000,206836,210118,168801,184515,-214,0
Male,High School,Married,51,10000,0,950,1170,780,780,0,950,1000,0,0,0,0,170,780,780,0,0
Male,High School,Married,50,70000,68725,70413,70004,38102,28931,29143,3220,2220,28931,1000,1050,67193,67784,9171,27931,28093,0
Male,University,Married,50,110000,-10682,50928,54711,55926,18030,18367,62000,5000,3000,2000,1000,-11072,49711,52926,16030,17367,0
Male,University,Married,50,250000,238215,182156,121786,-329,-494,1541,9000,5000,0,0,2200,173156,116786,-329,-494,-659,0
Male,High School,Married,50,550000,491810,534289,494690,504929,501474,446605,51500,0,19067,35696,0,482789,494690,485862,465778,446605,1
Male,Graduate,Single,47,390000,898,0,0,2582,128,6273,0,0,2582,128,6273,0,0,0,0,0,0
Male,Other,Single,51,100000,104264,101658,97937,98893,101044,96045,0,4134,3952,3611,3298,101658,93803,94941,97433,92747,0
Male,University,Married,47,20000,17305,17917,18600,19034,19022,19046,1295,1368,1192,570,606,16622,17232,17842,18452,18440,1
Male,University,Married,50,360000,221855,256171,-229,10527,9564,0,46000,0,10756,5035,0,210171,-229,-229,4529,0,0
Male,University,Married,50,60000,7888,13989,9588,18041,14458,12710,14026,9700,18064,4016,5029,-37,-112,-23,10442,7681,0
Male,University,Married,51,150000,17307,16736,17491,24882,25229,24688,0,1329,7720,1051,0,16736,16162,17162,24178,24688,1
Male,High School,Married,49,360000,170792,153458,136109,114908,111274,110141,5729,5365,4664,3890,3899,147729,130744,110244,107384,106242,0
Male,Graduate,Single,49,50000,48960,49686,50723,9182,10025,10400,2255,2292,1157,1000,600,47431,48431,8025,9025,9800,0
Male,Graduate,Married,50,170000,152495,155698,159029,160628,162808,163364,7200,7300,5700,6300,3300,148498,151729,154928,156508,160064,0
Male,University,Married,51,300000,198235,193548,198422,204116,214691,218101,0,8000,9000,15500,7000,193548,190422,195116,199191,211101,0
Male,High School,Single,51,150000,3958,3146,2651,2465,4108,4703,3146,2659,2472,4116,4703,0,-8,-7,-8,0,0
Male,High School,Married,51,300000,1236,-13,-13,2155,2402,-10,0,0,2168,2421,0,-13,-13,-13,-19,-10,0
Male,Graduate,Married,57,500000,18726,29914,8340,16561,15662,28935,29914,8340,16561,15701,28935,0,0,0,-39,0,0
Male,University,Single,57,160000,-1,-1,-1,-1,-1,600,0,0,0,0,601,-1,-1,-1,-1,-1,1
Male,Graduate,Single,54,50000,9159,10474,10184,6279,7693,15083,1500,1508,1000,1500,1000,8974,8676,5279,6193,14083,0
Male,High School,Single,56,10000,10156,8570,6101,6711,7258,7777,0,1500,2000,2000,2000,8570,4601,4711,5258,5777,0
Male,High School,Married,54,100000,81507,83154,88223,85924,86803,88745,3900,7300,0,3200,3500,79254,80923,85924,83603,85245,1
Male,Graduate,Married,58,300000,148265,158230,160242,156171,165556,169250,14000,6000,0,12000,6500,144230,154242,156171,153556,162750,1
Male,University,Married,57,30000,24911,26241,27512,27831,28795,29285,1750,2000,1240,1200,1100,24491,25512,26591,27595,28185,1
Male,Graduate,Single,52,90000,91671,91656,87106,48730,27535,27751,4508,5110,2000,3000,1000,87148,81996,46730,24535,26751,0
Male,High School,Single,53,30000,29683,26328,27422,28307,28902,29506,1426,1520,1405,1000,1006,24902,25902,26902,27902,28500,0
Male,High School,Married,53,140000,133167,135889,81607,83927,84861,86556,5400,3000,4000,3500,3504,130489,78607,79927,81361,83052,0
Male,Graduate,Single,53,50000,49512,50463,49793,50032,18336,18720,1771,2061,1300,643,666,48692,47732,48732,17693,18054,0
Male,Other,Married,53,100000,184438,188238,192080,196000,200000,0,3800,3842,3920,4000,0,184438,188238,192080,196000,0,0
Male,University,Married,49,30000,29707,28853,30107,29923,29472,27729,2000,3000,4000,2000,4000,26853,27107,25923,27472,23729,0
Male,High School,Married,51,160000,4042,4338,-1801,-5513,743,1012,1000,0,0,6256,1050,3338,-1801,-5513,-5513,-38,1
Male,High School,Married,57,10000,7525,6952,9356,9533,9233,9295,1276,2680,477,0,360,5676,6676,9056,9233,8935,0
Male,University,Married,57,170000,792,-2604,396,792,396,396,0,3396,792,0,396,-2604,-3000,0,396,0,1
Male,Graduate,Married,48,50000,48096,49267,48078,25869,22647,2875,2300,2000,1600,100,250,46967,46078,24269,22547,2625,0
Male,High School,Married,53,500000,5008,546,-4,-4,1319,2977,1,0,0,1323,3000,545,-4,-4,-4,-23,0
Male,High School,Married,55,500000,613860,512526,334227,145482,125936,91382,37300,11000,4500,4000,4000,475226,323227,140982,121936,87382,1
Male,University,Married,59,20000,6015,7759,8486,8208,7930,8650,2000,1000,0,0,1000,5759,7486,8208,7930,7650,1
Male,University,Married,52,20000,16361,17368,18546,19283,14821,0,1285,1463,1200,296,0,16083,17083,18083,14525,0,0
Male,Other,Married,54,80000,61454,61808,62290,29296,26210,17643,2545,2208,1336,2232,542,59263,60082,27960,23978,17101,1
Male,Graduate,Married,58,500000,65005,63099,64610,64133,264,264,0,2787,1312,264,264,63099,61823,62821,0,0,0
Male,High School,Single,62,20000,16303,17314,18343,19331,18541,18929,1286,1315,1303,663,686,16028,17028,18028,17878,18243,0
Male,University,Single,56,190000,105046,85715,66984,67864,68156,67958,2777,2458,2411,2405,2595,82938,64526,65453,65751,65363,0
Male,University,Single,59,160000,86249,85764,83764,75088,69753,66574,5000,4214,4014,2500,3000,80764,79550,71074,67253,63574,0
Male,Graduate,Single,51,170000,201851,195038,189067,180389,137030,129222,6873,7509,5573,4309,4239,188165,181558,174816,132721,124983,1
Male,University,Married,54,80000,80449,77652,77980,79938,50209,49762,2779,3075,5000,1750,1810,74873,74905,74938,48459,47952,1
Male,University,Married,57,180000,182329,177183,177694,127051,128562,129128,9000,7000,5000,5000,10000,168183,170694,122051,123562,119128,0
Male,High School,Single,51,50000,51264,48695,32617,18834,15810,15786,68,1510,1724,0,366,48627,31107,17110,15810,15420,1
Male,University,Single,62,70000,112202,103834,95609,86494,79359,74937,0,0,0,0,2150,103834,95609,86494,79359,72787,0
Male,University,Married,55,20000,10301,12871,12374,13392,14938,14557,2750,0,1231,1777,0,10121,12374,12161,13161,14557,1
Male,University,Married,48,330000,933,12663,10151,60841,41945,21183,12701,10183,62619,1945,1183,-38,-32,-1778,40000,20000,0
Male,High School,Married,57,330000,3524,262,248,784,220,256,300,250,800,300,300,-38,-2,-16,-80,-44,0
Male,Graduate,Married,51,320000,1834,556,1622,7728,5781,3896,556,1622,7762,5781,3896,0,0,-34,0,0,0
Male,High School,Married,59,140000,2859,3447,0,2061,0,3035,3447,0,2061,0,3035,0,0,0,0,0,0
Male,University,Married,55,20000,15793,16823,17848,27843,19352,19938,1300,1302,1320,1137,1000,15523,16546,26523,18215,18938,0
Male,High School,Married,53,70000,712,712,862,862,862,862,712,862,712,712,712,0,0,150,150,150,0
Male,University,Single,67,240000,542827,508581,471796,468202,442401,419209,20225,17389,80167,15167,16000,488356,454407,388035,427234,403209,0
Male,University,Married,52,460000,177520,174746,168279,171579,163450,160547,8000,9000,8154,6000,6000,166746,159279,163425,157450,154547,0
Male,Graduate,Single,56,80000,89088,83558,84848,63373,20324,23749,3400,2983,1501,5000,5000,80158,81865,61872,15324,18749,1
Male,University,Single,56,20000,15397,17819,18239,19094,12393,13037,3000,1000,1500,0,1000,14819,17239,17594,12393,12037,0
Male,High School,Married,54,200000,1749,3939,7856,3640,3656,6273,3000,4031,5,16,6005,939,3825,3635,3640,268,1
Male,University,Married,51,200000,206,2522,1261,0,1261,-1261,2522,1261,0,1261,0,0,0,0,0,-1261,1
Male,High School,Married,53,420000,3717,-2953,-2953,-2953,-2953,-2953,5,0,0,0,0,-2958,-2953,-2953,-2953,-2953,0
Male,University,Single,54,130000,30184,31795,31467,-440,-240,-240,2419,1000,0,200,0,29376,30467,-440,-440,-240,0
Male,University,Other,53,30000,0,0,4070,3825,3825,0,0,4070,0,0,0,0,0,3825,3825,0,1
Male,University,Married,51,110000,54051,55126,57239,104353,48308,49693,1972,3000,49000,1569,2000,53154,54239,55353,46739,47693,1
Male,University,Married,51,360000,14093,10575,7675,18602,20461,33404,10575,7685,18610,8000,21004,0,-10,-8,12461,12400,0
Male,University,Married,56,50000,48141,50783,49581,36828,19361,19780,3739,28,1502,670,708,47044,49553,35326,18691,19072,0
Male,High School,Married,54,70000,64527,59996,57417,54558,58968,63456,2519,5015,4000,5950,6000,57477,52402,50558,53018,57456,0
Male,High School,Married,59,420000,24389,21232,24524,21318,21496,19704,1733,10026,1606,2006,707,19499,14498,19712,19490,18997,0
Male,High School,Married,57,50000,49543,41465,24091,20071,19221,19622,1500,1328,1600,700,696,39965,22763,18471,18521,18926,0
Male,University,Married,55,450000,2500,0,0,0,0,0,0,0,0,0,0,0,0,0,0,0,1
Male,University,Married,56,50000,38111,37934,16816,602,712,822,2966,1000,602,500,500,34968,15816,0,212,322,0
Male,High School,Married,53,20000,15507,14974,14449,15116,14582,14206,0,0,1200,0,0,14974,14449,13916,14582,14206,1
Male,Graduate,Married,51,250000,2487,2487,2487,2487,2487,2487,0,0,0,0,0,2487,2487,2487,2487,2487,1
Male,University,Other,53,20000,18856,19840,18588,17650,18003,18390,1318,1298,1260,613,645,18522,17290,16390,17390,17745,0
Male,High School,Married,57,240000,224736,230814,234047,164960,167934,171113,9573,7893,6151,5527,5708,221241,226154,158809,162407,165405,0
Male,High School,Married,52,50000,47594,48611,49063,16908,13112,2280,2200,2343,1178,654,2280,46411,46720,15730,12458,0,1
Male,High School,Married,65,180000,191309,174775,174702,176816,180911,123229,175100,7000,5000,5309,5288,-325,167702,171816,175602,117941,1
Male,Graduate,Married,71,250000,173907,177484,177946,159849,145461,141487,6504,6243,5446,4721,4385,170980,171703,154403,140740,137102,0
Male,High School,Single,52,30000,25686,27449,30286,29993,58134,28910,2500,3600,1390,0,1000,24949,26686,28603,58134,27910,0
Male,High School,Married,55,50000,40247,41382,49943,50412,30970,30362,1800,9331,1500,4549,0,39582,40612,48912,26421,30362,1
Male,University,Married,62,20000,17539,18563,17982,18659,19035,20236,1612,0,1289,665,1491,16951,17982,17370,18370,18745,0
Male,High School,Married,52,260000,187581,184144,140829,117445,114581,111726,7299,5375,4227,4052,3941,176845,135454,113218,110529,107785,1
Male,High School,Married,54,130000,193,2499,0,0,428,150,2520,0,0,428,150,-21,0,0,0,0,0
Male,University,Married,51,490000,-16,-16,5498,282,28688,26302,0,7504,0,28606,0,-16,-2006,282,82,26302,1
Male,High School,Married,52,150000,142903,152574,150080,47214,144862,148153,13312,2305,0,98828,4241,139262,147775,47214,46034,143912,1
Male,High School,Married,53,30000,18361,20250,19637,21705,21059,23716,2500,0,2403,0,3000,17750,19637,19302,21059,20716,1
Male,University,Single,54,50000,0,0,0,0,0,0,0,0,0,0,0,0,0,0,0,0,1
Male,High School,Married,53,330000,141061,144526,148420,152341,149998,-2,3856,3926,3966,3000,2,140670,144494,148375,146998,-4,0
Male,University,Married,52,330000,171004,173360,175958,178468,181544,184338,6199,6386,6435,7000,6688,167161,169572,172033,174544,177650,0
Male,High School,Married,56,140000,90462,93167,94370,95894,91600,93347,4212,3600,3258,3313,3258,88955,90770,92636,88287,90089,1
Male,University,Married,55,40000,-150,-540,-930,-1320,-1710,-2100,0,0,0,0,0,-540,-930,-1320,-1710,-2100,1
Male,High School,Single,54,360000,390,390,390,390,390,390,390,390,390,390,390,0,0,0,0,0,0
Male,University,Single,59,80000,24756,29818,29060,31133,24135,22970,5500,13,4000,5,2005,24318,29047,27133,24130,20965,1
Male,High School,Married,56,730000,746814,374028,351588,86927,66111,38491,20500,16500,3000,2000,2000,353528,335088,83927,64111,36491,0
Male,Graduate,Married,63,180000,157932,156847,130572,120464,109129,112273,7000,5500,4218,4500,5000,149847,125072,116246,104629,107273,0
Male,High School,Married,64,190000,65666,67379,72878,70731,71285,72403,3800,7600,0,2700,2800,63579,65278,70731,68585,69603,0
Male,High School,Single,57,50000,390,1726,390,390,390,390,1726,390,390,390,390,0,0,0,0,0,0
Male,Graduate,Married,56,230000,38349,39154,39921,40828,37934,38889,1933,1700,1600,1340,1548,37221,38221,39228,36594,37341,0
Male,High School,Married,53,20000,19084,19224,18545,19405,19358,19413,1300,1400,1300,700,700,17924,17145,18105,18658,18713,0
Male,University,Single,56,130000,121165,109805,111780,116357,96936,98173,4000,5000,8000,4000,4000,105805,106780,108357,92936,94173,0
Male,Other,Married,53,30000,1780,0,0,0,0,0,24437,0,0,0,0,-24437,0,0,0,0,1
Male,Graduate,Married,57,360000,0,0,860,246,-46,-46,0,860,246,0,0,0,0,0,-46,-46,0
Male,University,Married,52,100000,15420,16927,16432,18019,17501,18786,2000,0,2100,0,1500,14927,16432,15919,17501,17286,0
Male,High School,Single,55,180000,193095,186835,182287,159992,145387,137632,6900,7100,5659,5100,4900,179935,175187,154333,140287,132732,0
Male,University,Married,53,210000,-197,3195,1821,1683,0,1986,3392,2,1683,0,1986,-197,1819,0,0,0,0
Male,University,Married,53,340000,342617,346067,350031,304706,250216,253526,12604,14000,11000,9000,10000,333463,336031,293706,241216,243526,1
Male,Graduate,Married,52,20000,21192,19965,390,390,780,780,1600,390,390,780,0,18365,0,0,0,780,0
Male,University,Married,52,20000,990,2990,790,1590,2359,2780,2990,790,1590,2359,2780,0,0,0,0,0,0
Male,Graduate,Married,54,500000,493251,496315,480411,489978,493062,474301,18725,18000,17534,17649,18007,477590,462411,472444,475413,456294,0
Male,Graduate,Married,53,360000,826,4741,6336,937,766,1065,4765,6395,941,769,1070,-24,-59,-4,-3,-5,0
Male,High School,Married,54,50000,47722,47080,48813,49107,18000,17538,2100,3000,2000,1200,1000,44980,45813,47107,16800,16538,0
Male,University,Married,54,530000,-30,-420,390,390,166210,129716,0,1200,390,166210,6000,-420,-810,0,0,123716,0
Male,Graduate,Married,59,260000,1929,-627,4134,792,1309,2557,627,7388,792,1312,2564,-1254,-3254,0,-3,-7,0
Male,High School,Married,50,40000,35879,34625,36757,20650,0,0,0,3078,21650,0,0,34625,33679,-1000,0,0,1
Male,University,Single,60,30000,23575,24582,25711,26614,26948,14648,1398,1527,1430,764,530,23184,24184,25184,26184,14118,0
Male,Graduate,Married,55,240000,99259,96819,94429,95475,96603,98699,0,0,3500,3600,3800,96819,94429,91975,93003,94899,1
Male,Graduate,Single,55,320000,200545,205973,211323,202240,122963,125465,9600,9500,0,4253,4332,196373,201823,202240,118710,121133,1
Male,High School,Other,61,70000,8909,9812,9511,10828,11346,11589,1200,0,1482,1000,426,8612,9511,9346,10346,11163,0
Male,University,Married,58,200000,1877,1830,200,200,18370,53276,151,200,0,18370,53276,1679,0,200,0,0,0
Male,Graduate,Married,51,360000,2782,5608,923,12886,489,172,5636,927,12950,491,173,-28,-4,-64,-2,-1,0
Male,University,Single,51,110000,25707,26740,27871,28858,29541,27977,1400,1500,1400,1000,1000,25340,26371,27458,28541,26977,1
Male,High School,Married,52,80000,77185,80311,81558,78761,71352,19674,5000,3100,0,2000,713,75311,78458,78761,69352,18961,1
Male,Graduate,Married,52,200000,-768,-768,-768,-768,-768,-768,0,0,0,0,0,-768,-768,-768,-768,-768,0
Male,High School,Married,56,100000,390,390,0,780,0,0,390,0,780,0,0,0,0,0,0,0,1
Male,High School,Single,53,160000,791,9164,4791,2999,961,994,9173,4805,3008,1742,998,-9,-14,-9,-781,-4,0
Male,Graduate,Married,55,140000,0,0,0,0,0,0,0,0,0,0,0,0,0,0,0,0,1
Male,University,Married,55,300000,69994,71388,72886,74371,75854,77440,2552,2645,2696,2716,2809,68836,70241,71675,73138,74631,0
Male,High School,Married,59,50000,48504,46768,47976,39703,19777,19162,0,2100,2000,1000,1000,46768,45876,37703,18777,18162,0
Female,University,Married,29,50000,49895,48434,47827,28935,28224,27547,1867,1521,1419,969,997,46567,46306,27516,27255,26550,1
Female,Graduate,Married,29,50000,50737,50486,50035,49388,10275,9598,1818,2200,1192,1000,2000,48668,47835,48196,9275,7598,0
Female,University,Married,34,50000,11340,11367,10982,10243,10826,11699,3200,3000,1000,1000,1000,8167,7982,9243,9826,10699,0
Female,University,Married,38,50000,51400,0,0,0,0,0,0,0,0,0,0,0,0,0,0,0,1
Female,Graduate,Single,29,210000,2783,1080,2855,20787,8307,1747,1088,2855,20787,8314,1747,-8,0,0,-7,0,0
Female,Graduate,Single,26,150000,24242,20263,21332,22371,22700,23184,1700,1700,1700,1000,1000,18563,19632,20671,21700,22184,0
Female,University,Married,29,190000,0,0,0,0,0,0,0,0,0,0,0,0,0,0,0,0,0
Female,Graduate,Single,26,80000,37097,38174,40550,41577,41595,43264,2000,3000,2000,1000,2500,36174,37550,39577,40595,40764,1
Female,Graduate,Single,28,100000,4864,9089,13534,16158,6700,7730,5800,6000,4375,6700,3000,3289,7534,11783,0,4730,0
Female,University,Single,27,20000,18854,19116,15030,13025,12223,15975,1292,1509,1522,3111,20000,17824,13521,11503,9112,-4025,0
Female,Graduate,Single,29,400000,7622,38849,13586,19502,3809,4512,39097,13653,19617,3930,7021,-248,-67,-115,-121,-2509,0
Female,University,Single,28,100000,50697,51813,53416,32422,33177,42560,1959,2545,1513,1268,10000,49854,50871,30909,31909,32560,0
Female,University,Single,22,30000,30028,30566,30560,30194,30113,23212,2634,1000,1377,1211,1000,27932,29560,28817,28902,22212,0
Female,University,Married,26,150000,81638,70605,70647,77659,15525,0,2481,4263,8900,0,0,68124,66384,68759,15525,0,0
Female,University,Married,24,60000,62786,61764,62254,59586,33190,32243,2212,3100,2000,1111,1122,59552,59154,57586,32079,31121,1
Female,High School,Single,26,140000,93384,93443,57219,57621,48323,45082,3514,3000,2000,2000,1636,89929,54219,55621,46323,43446,0
Female,Graduate,Single,25,80000,53685,15291,20694,25435,30510,36101,3291,5694,5435,5510,6101,12000,15000,20000,25000,30000,0
Female,University,Single,26,200000,153900,0,0,0,3533,4053,0,0,0,3533,1000,0,0,0,0,3053,0
Female,Graduate,Single,28,410000,5184,3449,2300,0,150,150,3476,2300,0,150,150,-27,0,0,0,0,0
Female,University,Married,26,50000,43800,44335,44626,40928,29367,29156,2043,2126,2104,990,1200,42292,42500,38824,28377,27956,0
Female,University,Single,25,50000,33995,34937,34394,36509,37105,37866,1800,300,3000,1500,1500,33137,34094,33509,35605,36366,1
Female,University,Single,26,100000,6056,5810,6860,8337,8054,8921,0,1150,1600,0,1000,5810,5710,6737,8054,7921,1
Female,University,Single,24,190000,15740,106602,100177,102308,104614,106847,106602,3700,3800,4000,4075,0,96477,98508,100614,102772,0
Female,University,Single,27,120000,120649,123203,119820,124755,99423,101718,6000,0,8500,0,11345,117203,119820,116255,99423,90373,1
Female,Graduate,Single,22,20000,16917,17904,20030,18475,17631,3950,3500,2450,2000,376,79,14404,17580,16475,17255,3871,0
Female,University,Single,22,30000,16549,17085,17003,7150,6508,8459,1500,1396,2000,178,2000,15585,15607,5150,6330,6459,0
Female,High School,Single,22,20000,16381,13837,14907,15853,17776,17352,0,1600,1500,2500,0,13837,13307,14353,15276,17352,1
Female,University,Single,22,20000,15247,16561,17280,18431,18341,19569,1575,1294,1596,655,1669,14986,15986,16835,17686,17900,1
Female,University,Single,22,80000,1742,2524,5097,6107,7141,7355,1200,3000,1500,1500,700,1324,2097,4607,5641,6655,0
Female,University,Single,23,80000,78379,78589,77461,59228,46766,47630,3015,2810,2000,2000,2000,75574,74651,57228,44766,45630,0
Female,Graduate,Single,23,50000,3430,2478,2299,4800,9810,660,2548,2321,4800,9810,660,-70,-22,0,0,0,0
Female,Graduate,Single,23,80000,84052,84787,77572,77123,49823,50680,7100,0,3500,2500,2000,77687,77572,73623,47323,48680,1
Female,Graduate,Single,23,50000,49593,49918,51402,49020,50679,51568,2200,2600,2500,3800,2200,47718,48802,46520,46879,49368,0
Female,University,Single,24,50000,594,0,0,51400,11330,12144,0,0,51400,11330,1000,0,0,0,0,11144,0
Female,University,Single,24,80000,386,1392,18634,5433,2053,5781,1396,18754,5449,2059,5798,-4,-120,-16,-6,-17,0
Female,University,Married,24,20000,19242,21821,21197,20400,20000,20000,3200,0,0,0,0,18621,21197,20400,20000,20000,1
Female,High School,Single,24,70000,8391,10242,11026,2342,2390,0,2000,1000,2342,48,0,8242,10026,0,2342,0,0
Female,University,Single,23,130000,8690,9500,0,0,0,0,1000,0,0,0,0,8500,0,0,0,0,0
Female,University,Single,21,10000,6795,10398,10094,9768,8430,20735,3905,0,0,300,2165,6493,10094,9768,8130,18570,1
Female,University,Married,23,50000,54866,51520,41711,22775,4215,3016,1000,1860,1600,452,100,50520,39851,21175,3763,2916,1
Female,Graduate,Single,23,50000,9978,12493,10447,12247,9195,4995,3000,0,2020,0,100,9493,10447,10227,9195,4895,0
Female,University,Single,22,20000,15090,15199,17111,18422,18234,18217,1500,3000,2000,779,796,13699,14111,16422,17455,17421,0
Female,Graduate,Single,22,80000,1807,133,5395,1182,266,366,133,5395,1182,266,233,0,0,0,0,133,0
Female,University,Married,23,70000,69951,70722,70815,63183,31633,31275,3200,3202,2989,1081,1099,67522,67613,60194,30552,30176,1
Female,University,Single,22,10000,0,0,0,-400,0,0,0,0,0,400,0,0,0,-400,-400,0,0
Female,University,Single,23,120000,39517,42543,41583,42736,43806,44623,4000,0,2000,1600,1500,38543,41583,40736,42206,43123,0
Female,University,Single,23,20000,15071,16082,17952,18216,17816,19697,1266,2136,1000,0,1881,14816,15816,17216,17816,17816,0
Female,University,Single,23,50000,865,1893,3991,3748,3748,-3148,1202,2300,0,0,4999,691,1691,3748,3748,-8147,0
Female,Graduate,Single,24,20000,14273,13327,11789,11200,13244,13539,1183,2000,1200,2244,506,12144,9789,10000,11000,13033,0
Female,University,Single,23,40000,39402,39321,38246,39289,39882,39650,2000,2000,2000,1500,1500,37321,36246,37289,38382,38150,0
Female,Graduate,Single,23,80000,78366,67801,68034,55674,48649,47041,2540,2442,1810,1661,1668,65261,65592,53864,46988,45373,0
Female,University,Single,24,20000,4697,3800,5989,5761,0,0,0,2266,38,0,0,3800,3723,5723,0,0,1
Female,University,Married,24,130000,66072,68223,70638,72955,74877,76334,3000,3001,3000,2500,2200,65223,67637,69955,72377,74134,0
Female,University,Married,24,100000,53309,7500,15477,23472,12500,14666,7500,10035,23500,12500,14666,0,5442,-28,0,0,0
Female,University,Single,24,120000,93338,91207,89890,88030,88579,89566,3261,4793,3013,3014,3522,87946,85097,85017,85565,86044,0
Female,High School,Single,24,50000,48658,46749,42190,30683,29140,28986,1900,1613,1504,1200,1100,44849,40577,29179,27940,27886,0
Female,University,Single,24,190000,183821,186084,184426,104154,106014,109014,9000,6621,2083,2500,3000,177084,177805,102071,103514,106014,0
Female,Graduate,Single,25,50000,20916,14500,0,790,3696,6696,5000,0,790,3696,3000,9500,0,0,0,3696,0
Female,High School,Married,54,20000,14381,16174,18210,19335,19715,20249,2350,2300,1721,1000,1000,13824,15910,17614,18715,19249,0
Female,Graduate,Single,23,50000,-697,11361,0,0,0,0,12058,0,0,0,0,-697,0,0,0,0,0
Female,Graduate,Single,23,50000,15252,16885,18500,18864,19807,19407,2200,2200,1000,1500,0,14685,16300,17864,18307,19407,0
Female,University,Single,22,80000,53023,76708,39701,41021,41525,42394,0,3320,1980,1484,1536,76708,36381,39041,40041,40858,1
Female,High School,Single,22,10000,7720,10063,9272,-8758,8989,9202,2500,1000,0,30000,500,7563,8272,-8758,-21011,8702,1
Female,University,Single,22,50000,18293,19301,20338,22486,22932,23413,1315,1352,2500,820,850,17986,18986,19986,22112,22563,0
Female,University,Single,22,50000,50635,49488,48099,50021,50352,50740,1760,1888,3464,1717,1766,47728,46211,46557,48635,48974,1
Female,University,Single,23,50000,49441,45880,42621,21734,18775,19590,1998,2198,1300,655,1100,43882,40423,20434,18120,18490,0
Female,University,Single,22,20000,0,0,0,0,0,0,0,0,0,0,0,0,0,0,0,0,0
Female,Graduate,Single,27,60000,19341,19625,20347,21669,23005,22499,900,1342,1664,2000,0,18725,19005,20005,21005,22499,1
Female,University,Single,23,50000,9101,10446,12595,11449,9914,9875,1502,2651,500,500,500,8944,9944,10949,9414,9375,0
Female,University,Single,23,50000,47559,48549,50076,50205,19985,20650,1784,2701,2220,1000,1050,46765,47375,47985,18985,19600,1
Female,University,Single,21,20000,390,780,780,0,0,0,780,0,0,0,0,0,780,0,0,0,0
Female,University,Single,23,20000,14418,18829,18248,17657,18007,18385,5000,0,0,644,668,13829,18248,17657,17363,17717,1
Female,High School,Married,23,80000,22852,25371,26111,25393,29053,28450,3200,1440,0,4100,0,22171,24671,25393,24953,28450,1
Female,High School,Single,24,50000,10901,16877,9673,7755,6701,15567,22514,4000,8,3000,19000,-5637,5673,7747,3701,-3433,1
Female,University,Single,24,120000,27491,20707,-1843,45041,45453,42065,3000,1843,46884,1296,7000,17707,-3686,-1843,44157,35065,0
Female,Graduate,Single,24,50000,43219,35137,25862,12468,12381,12683,2400,1900,2400,250,500,32737,23962,10068,12131,12183,0
Female,Graduate,Single,24,110000,115527,109871,110565,216850,110952,109169,0,4000,7000,7766,3982,109871,106565,209850,103186,105187,1
Female,University,Single,24,30000,26690,27954,27226,28427,28752,28447,2000,0,2000,1000,1100,25954,27226,26427,27752,27347,0
Female,University,Single,23,110000,1587,2399,0,980,35305,36065,1000,0,980,35000,1327,1399,0,0,305,34738,1
Female,University,Single,23,20000,15675,17462,16895,17470,7500,7500,4492,0,1000,150,0,12970,16895,16470,7350,7500,0
Female,University,Single,23,50000,47654,48529,44669,45684,46592,47568,2000,1743,1758,1666,1725,46529,42926,43926,44926,45843,0
Female,Graduate,Single,24,50000,48483,52167,51052,50116,20181,19702,4500,0,2000,19000,1000,47667,51052,48116,1181,18702,1
Female,University,Single,24,50000,43638,42146,30026,29857,30619,30376,2200,1700,2000,1261,1419,39946,28326,27857,29358,28957,0
Female,University,Single,22,20000,20549,21301,22251,18040,18402,19118,1400,1300,1284,646,1000,19901,20951,16756,17756,18118,0
Female,University,Married,36,200000,184697,186660,77221,110294,68214,72103,8001,5000,35000,6000,5000,178659,72221,75294,62214,67103,0
Female,Graduate,Single,24,30000,1991,2621,4211,4709,4805,2848,2000,2000,1000,96,0,621,2211,3709,4709,2848,0
Female,High School,Married,23,130000,109592,113508,115633,96898,46425,0,5733,5659,4680,2325,0,107775,109974,92218,44100,0,0
Female,University,Single,24,20000,4261,7830,17213,4781,3178,15834,7830,17221,1203,3178,15834,0,-8,3578,0,0,0
Female,Graduate,Single,23,20000,19364,19082,19286,19637,18826,19522,1358,1321,1400,1000,1000,17724,17965,18237,17826,18522,0
Female,University,Married,23,60000,59408,58844,43427,30408,30632,30021,2230,2000,4300,1000,0,56614,41427,26108,29632,30021,0
Female,Graduate,Single,24,30000,27660,28780,780,0,0,0,2000,0,0,0,0,26780,780,0,0,0,0
Female,University,Single,22,30000,27987,25690,27032,28070,29402,29854,1420,1762,1800,2089,1059,24270,25270,26270,27313,28795,1
Female,University,Single,24,120000,55829,53799,53021,53216,49194,48487,2000,2600,4241,1700,2500,51799,50421,48975,47494,45987,0
Female,University,Single,24,30000,20367,21882,22929,25433,26228,25679,2000,1696,3200,1500,0,19882,21233,22233,24728,25679,0
Female,Graduate,Single,24,30000,26094,27095,28158,29385,29665,30446,1440,1503,1730,1010,1206,25655,26655,27655,28655,29240,0
Female,University,Married,24,60000,23851,24404,21849,18474,15488,11348,1700,2000,1200,1000,0,22704,19849,17274,14488,11348,1
Female,University,Single,25,50000,45688,47122,48888,37264,17486,18348,2500,3000,2000,1000,1000,44622,45888,35264,16486,17348,1
Female,University,Single,25,30000,8935,9948,10971,11982,12219,12475,1165,1188,1199,436,452,8783,9783,10783,11783,12023,0
Female,Graduate,Single,25,270000,4999,5588,3366,0,2192,0,5588,3366,0,2192,0,0,0,0,0,0,0
Female,Graduate,Single,25,360000,160411,163079,166445,168301,171870,175458,6200,6200,4768,5000,5000,156879,160245,163533,166870,170458,0
Female,High School,Single,26,450000,28765,24672,23095,20776,6189,2396,1714,2012,1107,21,512,22958,21083,19669,6168,1884,0
Female,Graduate,Single,25,50000,9040,3020,2262,2185,0,5918,0,2262,2185,0,5918,3020,0,0,0,0,0
Female,High School,Single,25,50000,27232,26777,27129,26613,26057,25924,1439,1464,1401,908,935,25338,25665,25212,25149,24989,0
Female,Graduate,Single,25,120000,58106,53974,51786,43180,41469,42004,2000,3000,3000,4000,4000,51974,48786,40180,37469,38004,0
Female,Graduate,Single,26,40000,7904,7628,10270,9961,10495,12161,0,2775,0,1000,2000,7628,7495,9961,9495,10161,1
Female,University,Married,24,140000,62755,64001,65341,66674,68003,69424,2285,2365,2413,2431,2514,61716,62976,64261,65572,66910,0
Female,University,Married,25,200000,0,0,1257,0,0,0,0,1257,0,0,0,0,0,0,0,0,0
Female,University,Single,25,30000,415,150,150,150,150,150,150,0,0,0,0,0,150,150,150,150,0
Female,University,Single,25,30000,15493,16427,17379,23100,0,0,1500,1279,10000,0,0,14927,16100,13100,0,0,0
Female,Graduate,Single,25,30000,29335,29869,26425,28034,27375,23466,4000,0,4400,0,2000,25869,26425,23634,27375,21466,1
Female,University,Married,25,30000,25530,26600,29765,28933,29205,29630,1500,3600,0,978,2300,25100,26165,28933,28227,27330,0
Female,Graduate,Single,25,110000,2729,4382,1972,1426,5660,5660,4340,5,1426,5660,0,42,1967,0,0,5660,1
Female,Graduate,Single,24,50000,33385,35538,34686,39097,38171,39396,3000,0,5000,0,2000,32538,34686,34097,38171,37396,0
Female,University,Single,24,130000,135466,126091,128636,103400,40638,11104,4139,137549,3519,1180,0,121952,-8913,99881,39458,11104,0
Female,University,Single,25,50000,47431,48306,35150,25104,20560,8614,2000,1542,1475,1000,350,46306,33608,23629,19560,8264,1
Female,Graduate,Single,25,150000,87822,83850,56931,96867,95085,69199,2575,2569,45000,5000,3312,81275,54362,51867,90085,65887,0
Female,University,Single,25,30000,21020,21207,21403,21074,21289,21425,2000,2000,1500,2000,1000,19207,19403,19574,19289,20425,1
Female,University,Single,23,50000,15167,16393,14195,14859,9446,7246,1523,1353,1017,1000,1000,14870,12842,13842,8446,6246,0
Female,University,Married,23,20000,17049,16178,17218,18630,19029,19579,15000,1600,2000,1000,1000,1178,15618,16630,18029,18579,0
Female,University,Single,24,230000,64929,65093,59349,56418,52950,49439,6000,0,3000,2000,1500,59093,59349,53418,50950,47939,0
Female,Graduate,Single,25,280000,985,500,500,0,500,4778,505,500,0,500,4778,-5,0,0,0,0,0
Female,University,Single,24,50000,5819,8044,3469,2121,821,3821,2555,1200,1000,0,3000,5489,2269,1121,821,821,0
Female,University,Single,23,130000,44930,40688,40880,37851,37816,39849,6000,6000,4000,10000,5000,34688,34880,33851,27816,34849,0
Female,Graduate,Single,25,20000,0,891,789,0,728,169,891,789,0,728,169,0,0,0,0,0,0
Female,High School,Married,26,80000,69489,70336,71755,66175,67573,69083,2600,2571,2500,2500,2600,67736,69184,63675,65073,66483,0
Female,Graduate,Single,24,100000,84895,71271,71053,70405,71109,73905,3513,3169,3002,2022,3907,67758,67884,67403,69087,69998,0
Female,University,Single,24,90000,89346,89466,93755,89706,89221,91596,4100,8245,0,3450,7200,85366,85510,89706,85771,84396,1
Female,Graduate,Single,24,20000,440,4023,440,440,440,440,4023,440,440,440,440,0,0,0,0,0,0
Female,University,Married,24,140000,1536,696,696,696,696,696,696,696,696,696,696,0,0,0,0,0,1
Female,Graduate,Single,24,150000,291,291,291,291,658,441,291,291,291,658,441,0,0,0,0,0,1
Female,Graduate,Single,24,140000,778,982,1206,5430,4460,8429,980,1000,5000,0,5000,2,206,430,4460,3429,0
Female,University,Single,24,50000,23497,24197,25226,26238,26760,27318,1395,1424,1436,958,989,22802,23802,24802,25802,26329,0
Female,High School,Single,24,30000,0,0,1469,2432,827,0,0,1469,1008,300,0,0,0,1424,527,0,0
Female,University,Single,22,110000,0,0,0,0,0,0,0,0,0,0,0,0,0,0,0,0,0
Female,Graduate,Single,23,80000,326,-326,0,652,0,326,0,652,652,0,326,-326,-652,0,0,0,0
Female,University,Married,23,30000,21710,23021,23851,26067,25357,25887,1670,1500,2609,0,930,21351,22351,23458,25357,24957,1
Female,University,Single,23,90000,28120,32429,0,0,2522,2575,5000,0,0,2522,94,27429,0,0,0,2481,0
Female,University,Single,25,80000,47836,49038,53158,48269,48019,46908,2000,5000,2000,2000,2000,47038,48158,46269,46019,44908,0
Female,University,Single,25,30000,9095,10297,9988,11708,11223,12079,1500,0,1892,0,1042,8797,9988,9816,11223,11037,1
Female,Graduate,Single,24,20000,19335,20094,19495,18845,19023,17928,1415,3600,0,700,4500,18679,15895,18845,18323,13428,0
Female,University,Married,24,30000,3740,4616,5837,6778,6912,7057,1100,1300,1200,247,256,3516,4537,5578,6665,6801,0
Female,Graduate,Single,24,80000,2254,620,4220,8540,8540,8540,0,3600,4500,0,0,620,620,4040,8540,8540,0
Female,University,Single,23,90000,88015,69701,52046,42541,8571,4653,5640,16021,13280,8571,19653,64061,36025,29261,0,-15000,0
Female,University,Single,25,50000,46895,45929,44709,28179,28877,29217,2000,1740,1400,1000,1000,43929,42969,26779,27877,28217,0
Female,Graduate,Single,22,20000,13718,15033,15751,17068,17891,17463,1550,1268,1585,1408,0,13483,14483,15483,16483,17463,1
Female,University,Single,22,10000,6488,7502,8519,9376,9562,9762,1282,1299,1156,342,354,6220,7220,8220,9220,9408,0
Female,High School,Single,23,80000,66909,67465,65470,57187,29058,26790,2451,3017,1557,1500,1000,65014,62453,55630,27558,25790,0
Female,University,Single,25,60000,75932,60693,50324,58688,30099,16810,3121,3000,12000,30000,12000,57572,47324,46688,99,4810,1
Female,Graduate,Single,25,50000,50051,46768,48124,48171,19401,19412,1754,2500,1781,2000,695,45014,45624,46390,17401,18717,0
Female,High School,Single,22,30000,30136,20741,21906,23183,13273,3027,1335,1500,1700,750,200,19406,20406,21483,12523,2827,0
Female,University,Single,23,30000,34048,33053,33506,41931,38638,35343,0,1800,9851,0,1183,33053,31706,32080,38638,34160,0
Female,Graduate,Single,24,10000,6632,7095,7565,8854,9229,8376,2000,2000,2000,1000,1000,5095,5565,6854,8229,7376,0
Female,Graduate,Single,26,50000,5052,0,0,0,4400,9318,0,0,0,4400,5000,0,0,0,0,4318,0
Female,Graduate,Single,24,290000,11157,0,0,0,2700,1350,0,0,0,2700,0,0,0,0,0,1350,0
Female,Graduate,Married,24,100000,10376,36404,37813,38881,39634,40493,26404,2000,2001,1700,1650,10000,35813,36880,37934,38843,0
Female,High School,Married,26,40000,33811,34654,35597,36211,35334,36170,1700,1800,1500,0,1500,32954,33797,34711,35334,34670,1
Female,University,Single,26,130000,130535,127155,126264,128318,96428,98156,6000,5200,5000,3500,3622,121155,121064,123318,92928,94534,1
Female,University,Married,26,100000,1962,4911,5933,6942,7102,9966,3000,1106,1115,275,3000,1911,4827,5827,6827,6966,0
Female,Graduate,Single,27,360000,0,0,0,0,0,300,0,0,0,0,300,0,0,0,0,0,0
Female,Graduate,Single,23,110000,78793,79182,76460,60136,41872,38158,3400,4000,2951,1600,1540,75782,72460,57185,40272,36618,0
Female,University,Single,23,150000,58757,59555,59684,59501,59075,59171,2714,2812,2599,2143,2208,56841,56872,56902,56932,56963,0
Female,Graduate,Single,23,100000,4802,4802,4714,11642,4897,3722,4806,4718,11734,4901,3723,-4,-4,-92,-4,-1,0
Female,Graduate,Single,23,50000,50638,49484,45095,9299,3054,0,0,2155,1000,1500,0,49484,42940,8299,1554,0,1
Female,University,Single,22,50000,50180,38404,29775,0,0,0,2100,1800,0,0,0,36304,27975,0,0,0,0
Female,University,Married,22,50000,47718,48719,47725,46467,14767,15085,2106,2200,2000,1000,700,46613,45525,44467,13767,14385,0
Female,University,Single,23,60000,48413,52587,54733,55618,56827,58040,5000,3000,1888,2000,2000,47587,51733,53730,54827,56040,1
Female,University,Single,23,40000,18653,20035,21406,24735,24050,43317,2000,2000,4000,0,20000,18035,19406,20735,24050,23317,0
Female,High School,Married,25,50000,51243,49805,50654,41776,17083,9412,0,2025,2062,2016,1022,49805,48629,39714,15067,8390,1
Female,High School,Single,25,80000,79986,80012,78748,76722,70370,64510,3000,3010,2700,2300,2500,77012,75738,74022,68070,62010,0
Female,University,Married,24,50000,20173,15509,7085,10358,8606,2740,1500,2008,10358,1000,1000,14009,5077,0,7606,1740,0
Female,University,Single,22,10000,3646,7374,6714,4432,6652,6095,4000,0,2000,3000,0,3374,6714,2432,3652,6095,0
Female,University,Single,24,50000,30344,47000,33034,0,0,0,20002,1000,0,0,0,26998,32034,0,0,0,0
Female,University,Married,24,180000,6272,0,0,1000,2190,0,0,0,1000,2190,0,0,0,0,0,0,0
Female,University,Single,25,80000,0,0,0,0,0,0,0,0,0,0,0,0,0,0,0,0,0
Female,Graduate,Single,25,50000,0,0,0,0,0,0,0,0,0,0,0,0,0,0,0,0,1
Female,University,Married,25,50000,8731,2463,8514,5797,2413,33353,2463,8514,0,0,33353,0,0,5797,2413,0,0
Female,Graduate,Single,22,30000,8066,4869,3781,1991,3951,2612,4869,4000,1991,3951,2612,0,-219,0,0,0,0
Female,Other,Single,23,50000,48473,49454,47893,30707,50741,49663,2100,2021,1562,26004,1800,47354,45872,29145,24737,47863,0
Female,University,Single,24,80000,77883,78749,77025,66725,21604,9352,3500,4000,2784,1882,1000,75249,73025,63941,19722,8352,0
Female,University,Single,26,150000,69169,67855,74494,74204,75678,74235,3083,10000,2554,2566,2600,64772,64494,71650,73112,71635,0
Female,Graduate,Single,24,120000,2946,384,1914,390,0,780,384,1920,390,0,780,0,-6,0,0,0,1
Female,University,Married,24,80000,3177,-13,4229,4161,4042,6807,0,4242,1032,1000,2812,-13,-13,3129,3042,3995,1
Female,University,Single,24,240000,75830,50787,51524,31783,33993,36783,1480,1601,1400,3000,3180,49307,49923,30383,30993,33603,0
Female,University,Single,24,30000,27465,30386,31105,30270,29963,29661,3700,1500,0,1050,1250,26686,29605,30270,28913,28411,0
Female,Graduate,Single,25,150000,30305,40190,39743,48971,38291,569,10190,10000,10003,0,0,30000,29743,38968,38291,569,0
Female,Graduate,Single,25,50000,41892,43875,45052,44938,40655,40930,3000,2200,2000,2000,2000,40875,42852,42938,38655,38930,0
Female,University,Married,24,50000,25562,33879,33441,32697,33693,33029,10000,2000,1500,3000,1500,23879,31441,31197,30693,31529,0
Female,Graduate,Single,24,230000,5883,7923,5418,0,2000,987,7000,1000,0,2000,987,923,4418,0,0,0,0
Female,University,Single,24,90000,84137,85684,87396,67761,65602,65902,3210,3503,2420,2400,2400,82474,83893,65341,63202,63502,0
Female,Graduate,Single,25,230000,264,264,264,264,264,264,264,264,264,264,264,0,0,0,0,0,0
Female,Graduate,Single,25,90000,6090,7477,8848,10135,11731,8138,1500,1500,1500,2000,1500,5977,7348,8635,9731,6638,0
Female,University,Married,25,230000,9167,10468,10722,11543,10058,20158,1392,2000,1000,0,10100,9076,8722,10543,10058,10058,0
Female,University,Single,25,230000,95544,95311,94489,93143,87654,90172,4200,4500,4114,3500,4000,91111,89989,89029,84154,86172,0
Female,University,Single,25,420000,17685,28206,122212,117835,112705,111357,30553,100000,4013,3822,4086,-2347,22212,113822,108883,107271,0
Female,Graduate,Single,25,50000,30587,30440,30367,30621,30150,30246,1800,1900,1800,1500,1450,28640,28467,28821,28650,28796,0
Female,University,Single,24,70000,67897,62826,62595,40327,48673,46158,3000,2916,2004,15006,3000,59826,59679,38323,33667,43158,0
Female,Other,Single,25,200000,3302,0,0,-5,-5,-5,0,0,0,0,0,0,0,-5,-5,-5,0
Female,Graduate,Single,25,30000,27396,27994,28631,28935,28954,29155,1753,1786,1486,1170,1200,26241,26845,27449,27784,27955,0
Female,University,Single,24,60000,47210,46155,46838,50044,50923,52158,0,1725,4000,2000,2200,46155,45113,46044,48923,49958,1
Female,Graduate,Single,25,230000,248,248,248,248,248,248,248,248,248,248,248,0,0,0,0,0,0
Female,University,Single,25,100000,100778,98987,101368,100466,97117,99252,4000,4000,4000,3500,3700,94987,97368,96466,93617,95552,0
Female,High School,Single,25,420000,68394,72874,71035,57503,56467,53995,5620,0,2000,1892,1979,67254,71035,55503,54575,52016,0
Female,University,Single,25,100000,880,880,2926,60540,60929,64121,880,2926,58801,2200,5000,0,0,1739,58729,59121,0
Female,High School,Single,26,160000,19542,24035,17561,17094,4353,4906,10000,0,17098,4353,2500,14035,17561,-4,0,2406,0
Female,Graduate,Single,26,260000,238110,244368,245186,254614,176211,180845,10368,15186,14614,7211,7850,234000,230000,240000,169000,172995,0
Female,University,Married,26,280000,6056,804,4712,1728,2076,1709,1200,4720,1728,2076,1709,-396,-8,0,0,0,0
Female,University,Single,24,70000,36175,0,0,680,69257,68557,0,0,680,71867,9812,0,0,0,-2610,58745,0
Female,Graduate,Single,26,50000,47068,46010,49333,49708,45112,42063,0,4070,1551,0,1528,46010,45263,48157,45112,40535,1
Female,University,Single,26,100000,30067,36705,35847,37939,38619,37868,7500,0,3500,1600,0,29205,35847,34439,37019,37868,1
Female,Graduate,Married,28,100000,11059,10105,388,90907,91550,92907,0,388,90907,3413,3359,10105,0,0,88137,89548,0
Female,Graduate,Single,26,290000,55758,7970,7106,8901,16813,15723,5029,5035,8925,11030,5077,2941,2071,-24,5783,10646,0
Female,Graduate,Single,26,180000,3000,0,0,0,0,0,0,0,0,0,0,0,0,0,0,0,0
Female,University,Married,25,300000,237155,231932,238917,230083,13862,8210,102,11672,9700,1053,2010,231830,227245,220383,12809,6200,1
Female,University,Single,25,80000,34984,37853,36230,37235,38575,39590,3015,1155,1940,1500,1174,34838,35075,35295,37075,38416,0
Female,University,Married,25,90000,58502,57846,50663,45515,42599,38559,3043,2018,2033,2016,2010,54803,48645,43482,40583,36549,0
Female,University,Single,29,500000,433792,396009,335873,320755,316650,318228,13678,12021,11428,10871,11736,382331,323852,309327,305779,306492,1
Female,Graduate,Single,25,40000,20216,8851,17940,31308,12009,32846,8851,18220,31319,12009,33482,0,-280,-11,0,-636,0
Female,High School,Single,26,170000,63977,63630,51986,90196,50464,48282,2550,0,3500,3000,2001,61080,51986,86696,47464,46281,0
Female,University,Single,25,30000,14045,15363,16108,17888,16505,16511,1555,1300,4894,1000,800,13808,14808,12994,15505,15711,0
Female,University,Single,23,120000,436,1476,475,804,245,100,1480,478,804,245,144,-4,-3,0,0,-44,0
Female,University,Single,28,100000,1506,89,89,0,356,16213,89,0,0,356,16213,0,89,0,0,0,1
Female,University,Single,28,50000,0,0,0,0,0,0,0,0,0,0,0,0,0,0,0,0,0
Female,University,Married,26,360000,4183,6469,465,4251,1668,2284,6501,467,5452,41,2286,-32,-2,-1201,1627,-2,0
Female,Graduate,Single,26,220000,29452,33967,41422,44738,51479,56653,5000,8000,4000,7500,6000,28967,33422,40738,43979,50653,0
Female,University,Single,25,110000,-2628,-5118,31503,-2880,-5000,0,165,36621,1496,10000,5000,-5283,-5118,-4376,-15000,-5000,0
Female,Graduate,Single,26,110000,113284,110062,100659,93909,78589,52644,5200,4628,4878,3000,2055,104862,96031,89031,75589,50589,0
Female,University,Single,26,310000,219155,223308,225574,224001,230902,105844,10000,10000,6000,10000,39000,213308,215574,218001,220902,66844,0
Female,University,Single,27,50000,45750,1655,8425,10408,53327,318,1655,8425,10424,53327,318,0,0,-16,0,0,0
Female,Graduate,Single,26,50000,-18,-18,-18,-18,-18,-18,0,0,0,0,0,-18,-18,-18,-18,-18,0
Female,Graduate,Single,26,200000,29339,21624,22409,11671,5493,3288,2000,1770,2003,900,1800,19624,20639,9668,4593,1488,0
Female,University,Married,27,120000,50620,15000,100,0,0,0,1000,100,0,0,0,14000,0,0,0,0,0
Female,University,Married,27,80000,81841,79062,74722,40151,28424,29059,15,2876,2052,625,693,79047,71846,38099,27799,28366,1
Female,University,Single,27,320000,228129,324028,295760,151783,125860,137856,100741,15993,57149,5136,40275,223287,279767,94634,120724,97581,0
Female,Graduate,Single,27,210000,4426,0,1349,10368,0,0,0,1349,10368,0,0,0,0,0,0,0,0
Female,University,Single,26,90000,88103,90951,92226,89817,87296,89130,8300,3600,0,3300,3400,82651,88626,89817,83996,85730,1
Female,Graduate,Single,26,170000,172523,164962,169636,152603,114885,105735,8000,9000,5800,3505,3500,156962,160636,146803,111380,102235,0
Female,University,Single,25,310000,2548,10304,12497,8568,1787,498,10317,12497,8580,1787,498,-13,0,-12,0,0,0
Female,University,Single,26,360000,2143,3060,3548,3408,5995,10136,1000,3548,1000,5995,10136,2060,0,2408,0,0,0
Female,Graduate,Single,26,200000,2364,442,33442,2140,964,2075,442,33448,2140,964,2075,0,-6,0,0,0,0
Female,High School,Single,26,500000,16162,18581,19321,21986,22440,25070,3000,1335,3000,811,3000,15581,17986,18986,21629,22070,0
Female,University,Single,26,300000,212323,216844,220004,18715,18675,18693,8420,7117,1285,702,810,208424,212887,17430,17973,17883,0
Female,University,Single,26,130000,99290,96811,99330,94501,91503,91064,0,5000,3358,3500,6000,96811,94330,91143,88003,85064,1
Female,Graduate,Single,26,260000,144112,144619,142380,141746,112938,110346,5033,5046,4573,4000,3800,139586,137334,137173,108938,106546,0
Female,High School,Single,27,100000,89312,141034,61119,58535,54224,51204,3000,2208,2700,2000,1844,138034,58911,55835,52224,49360,0
Female,University,Single,26,70000,65229,66348,67292,67091,49303,49350,3000,3100,2400,2000,2000,63348,64192,64691,47303,47350,0
Female,University,Married,26,100000,95087,87380,87083,82653,72867,74140,3965,7138,0,2448,2674,83415,79945,82653,70419,71466,1
Female,Graduate,Single,26,80000,1238,376,2281,1356,355,-520,376,2281,0,0,0,0,0,1356,355,-520,0
Female,Graduate,Single,25,100000,97570,87923,91078,86433,65149,64810,4100,5514,2500,3000,4000,83823,85564,83933,62149,60810,1
Female,Graduate,Single,24,70000,47220,48432,52650,53099,51648,55409,2000,5000,1900,0,4600,46432,47650,51199,51648,50809,0
Female,Graduate,Single,27,170000,169057,170609,164777,166227,166199,169533,7500,0,7400,5978,6251,163109,164777,158827,160221,163282,0
Female,Graduate,Single,26,30000,9600,8805,10534,8240,7027,7034,0,2399,0,388,260,8805,8135,8240,6639,6774,0
Female,High School,Single,26,20000,18025,17443,18117,17040,17763,17666,0,1277,1300,1000,799,17443,16840,15740,16763,16867,0
Female,Graduate,Single,26,180000,17517,27856,16285,9632,15025,53941,28000,16370,9676,15098,54207,-144,-85,-44,-73,-266,0
Female,University,Married,27,30000,20581,21632,24267,24572,24872,25427,1700,3300,1000,1000,1100,19932,20967,23572,23872,24327,1
Female,Graduate,Single,27,80000,82150,80163,81296,81624,81614,78268,3463,3600,3624,3200,3100,76700,77696,78000,78414,75168,0
Female,University,Single,27,60000,27921,29954,33166,33528,32690,34661,2500,3700,1200,0,2500,27454,29466,32328,32690,32161,0
Female,Graduate,Single,26,150000,151812,145411,132560,121003,69091,55543,7005,6612,4540,2426,1854,138406,125948,116463,66665,53689,0
Female,High School,Single,23,50000,46913,47486,47963,33499,19227,19334,1938,1703,1304,680,696,45548,46260,32195,18547,18638,0
Female,Graduate,Married,27,360000,0,0,9000,3002,3063,3063,0,9000,3002,61,0,0,0,0,3002,3063,0
Female,High School,Married,26,70000,71832,71147,72227,71078,50777,50841,3275,3800,3200,1950,2000,67872,68427,67878,48827,48841,0
Female,Graduate,Single,27,50000,48064,47691,49140,49423,48377,48158,3000,2525,3900,0,2000,44691,46615,45523,48377,46158,1
Female,Graduate,Single,28,90000,52061,50472,46226,40920,29863,19674,79,5000,10009,10000,0,50393,41226,30911,19863,19674,1
Female,High School,Single,27,60000,39325,40668,42009,43804,44473,45752,2000,2000,2500,1700,2000,38668,40009,41304,42773,43752,0
Female,Graduate,Single,27,360000,2434,3881,2394,2441,2441,2441,3900,2406,2453,2453,2453,-19,-12,-12,-12,-12,0
Female,University,Single,22,70000,66748,52642,40934,34685,30166,29299,2049,1700,1446,1000,1044,50593,39234,33239,29166,28255,0
Female,University,Single,23,20000,12508,12015,14459,14498,14029,15179,0,2955,597,0,1473,12015,11504,13901,14029,13706,1
Female,University,Married,25,110000,30079,29349,27630,22017,20517,18534,1494,1402,1534,800,700,27855,26228,20483,19717,17834,1
Female,University,Single,25,30000,15767,16083,6115,0,0,0,1488,1000,0,0,0,14595,5115,0,0,0,0
Female,High School,Single,25,90000,74814,71859,0,0,0,0,5000,0,0,0,0,66859,0,0,0,0,0
Female,University,Married,25,210000,142848,94018,96926,100399,101472,103834,5000,4415,6000,3635,4000,89018,92511,94399,97837,99834,0
Female,Graduate,Single,27,270000,196192,200750,204418,197854,173743,149095,9000,9500,8929,7265,5400,191750,194918,188925,166478,143695,0
Female,Graduate,Single,27,60000,322,530,8004,692,0,191,563,8004,692,0,191,-33,0,0,0,0,0
Female,University,Single,24,280000,316,316,3861,316,10800,9099,316,3861,316,10800,382,0,0,0,0,8717,0
Female,High School,Single,25,50000,8298,5841,3750,0,0,0,1250,1000,0,0,0,4591,2750,0,0,0,0
Female,Graduate,Married,25,70000,69334,66987,58055,44593,-1380,48757,3000,2213,1565,0,50137,63987,55842,43028,-1380,-1380,0
Female,University,Single,26,140000,10066,6465,13524,94419,93295,94599,6483,13566,94422,3100,3600,-18,-42,-3,90195,90999,0
Female,High School,Single,26,30000,27818,27594,29717,28812,28762,10404,3000,2595,1200,1020,10404,24594,27122,27612,27742,0,1
Female,Graduate,Single,26,70000,69754,71377,71225,64644,68427,69893,2791,2939,2364,4876,2557,68586,68286,62280,63551,67336,0
Female,Graduate,Single,27,140000,0,0,3544,0,0,0,0,3544,0,0,0,0,0,0,0,0,0
Female,Other,Single,30,300000,10915,3469,2316,58284,6877,5970,3480,3016,58438,20,5987,-11,-700,-154,6857,-17,0
Female,University,Single,26,80000,0,0,0,0,0,0,0,3100,0,0,0,0,-3100,0,0,0,0
Female,University,Single,27,340000,59322,70886,81480,13580,22474,70590,20063,20385,6157,22533,60052,50823,61095,7423,-59,10538,0
Female,Graduate,Single,27,310000,134525,115126,105687,102306,93929,87681,6200,5222,5197,4000,5000,108926,100465,97109,89929,82681,0
Female,University,Single,27,110000,59580,54255,55474,45467,46285,47334,0,2230,2100,2010,2150,54255,53244,43367,44275,45184,1
Female,Graduate,Single,27,130000,68251,66221,67061,64154,15903,16493,3000,2500,2000,1500,1000,63221,64561,62154,14403,15493,0
Female,University,Single,29,280000,190601,4987,651,3126,3707,11225,4987,651,3126,3707,11225,0,0,0,0,0,0
Female,Graduate,Single,29,100000,6266,2366,7042,780,390,390,0,5000,0,0,390,2366,2042,780,390,0,0
Female,Graduate,Single,29,150000,94062,65825,64041,60948,51510,46917,3183,3023,2549,2000,2000,62642,61018,58399,49510,44917,0
Female,High School,Married,26,130000,121329,128791,127881,133130,127159,131069,11000,2600,9000,0,6000,117791,125281,124130,127159,125069,0
Female,Graduate,Married,27,250000,85238,87797,75436,58695,41211,34987,20004,2893,2201,1215,10040,67793,72543,56494,39996,24947,0
Female,Graduate,Single,28,200000,7484,8273,13249,22319,17279,9853,2000,13000,10000,5000,5000,6273,249,12319,12279,4853,0
Female,University,Single,28,110000,105014,104574,94521,88833,82585,75992,9000,10,3917,2730,2770,95574,94511,84916,79855,73222,0
Female,University,Other,27,160000,11442,7257,15770,27024,14490,8190,1000,15793,11000,6000,1000,6257,-23,16024,8490,7190,0
Female,High School,Married,27,80000,24003,21887,14799,6402,4950,4661,3028,1241,3010,2025,3500,18859,13558,3392,2925,1161,1
Female,Graduate,Single,27,220000,66620,56611,37504,9499,3679,13232,16008,12000,15030,10000,15000,40603,25504,-5531,-6321,-1768,0
Female,University,Single,27,20000,16679,14921,9470,9640,6110,5775,1554,2360,500,1000,3200,13367,7110,9140,5110,2575,0
Female,University,Single,26,160000,5654,796,398,0,398,0,398,0,0,398,0,398,398,0,0,0,0
Female,Graduate,Single,26,170000,3732,3732,3732,3732,4239,3910,3732,3732,3732,4239,3910,0,0,0,0,0,0
Female,University,Single,26,360000,17084,17896,67507,68884,70406,71769,1400,50000,2502,2669,2650,16496,17507,66382,67737,69119,0
Female,University,Married,26,50000,49378,49744,40859,20706,-1166,19133,2500,1500,1206,0,20689,47244,39359,19500,-1166,-1556,0
Female,Graduate,Single,27,100000,43599,45865,54424,56032,59475,47491,3000,10000,2647,5000,2000,42865,44424,53385,54475,45491,0
Female,Graduate,Single,29,150000,146465,147331,146999,146277,147946,145846,7000,6740,6850,5664,5660,140331,140259,139427,142282,140186,0
Female,University,Married,29,150000,8139,151691,143248,109930,80987,80938,151691,6502,4333,2810,3100,0,136746,105597,78177,77838,0
Female,Graduate,Single,29,100000,167410,85536,77303,60178,56436,51773,70001,3769,2008,1950,2001,15535,73534,58170,54486,49772,0
Female,Graduate,Single,29,200000,5967,1892,26995,7601,6481,1610,1897,26995,7606,380,0,-5,0,-5,6101,1610,0
Female,High School,Single,27,300000,17376,17538,16425,11976,3012,0,1294,11236,1032,9,0,16244,5189,10944,3003,0,0
Female,High School,Single,28,130000,0,14051,0,1358,1039,164,14051,0,1358,1039,164,0,0,0,0,0,0
Female,University,Married,28,150000,97069,100743,103528,105623,106583,108909,5300,5300,5300,4200,4200,95443,98228,100323,102383,104709,0
Female,Graduate,Single,28,110000,53152,45002,42051,30803,28377,29053,1725,1774,1526,1100,1200,43277,40277,29277,27277,27853,0
Female,High School,Married,28,340000,6780,3629,29052,50832,30272,11253,3629,29052,30000,5034,11253,0,0,20832,25238,0,0
Female,Graduate,Single,25,60000,59228,59961,59824,47655,27298,28303,2300,3572,2169,6000,4000,57661,56252,45486,21298,24303,0
Female,High School,Single,23,90000,94806,119836,21836,11036,29836,986,30000,30000,11036,19836,986,89836,-8164,0,10000,0,0
Female,University,Married,29,230000,113218,114665,115898,112930,115743,118933,4800,4600,4300,4700,5124,109865,111298,108630,111043,113809,0
Female,Graduate,Single,29,200000,3655,3036,3423,7403,4896,3185,3084,3475,7417,108,18,-48,-52,-14,4788,3167,0
Female,Graduate,Single,28,310000,18877,18379,10327,17252,9917,33776,18417,48,17337,9965,33826,-38,10279,-85,-48,-50,0
Female,University,Married,29,150000,80625,37645,43747,700,64758,92966,8002,7601,701,64758,29008,29643,36146,-1,0,63958,0
Female,University,Married,29,390000,10598,1446,2041,4582,2070,0,1571,2041,4582,2070,0,-125,0,0,0,0,0
Female,Graduate,Single,29,210000,0,0,0,0,0,0,0,0,0,0,0,0,0,0,0,0,1
Female,Graduate,Single,27,290000,236258,232523,243753,253145,267412,273095,1500,16500,15000,20000,10000,231023,227253,238145,247412,263095,0
Female,University,Married,26,180000,31540,5080,9227,3235,2655,7251,5000,9000,0,2668,7251,80,227,3235,-13,0,0
Female,Graduate,Single,26,140000,137789,135240,211542,132019,101731,108687,5000,7027,6032,4000,8700,130240,204515,125987,97731,99987,1
Female,University,Married,26,10000,2742,5015,4789,6199,5951,6255,2500,0,1500,0,400,2515,4789,4699,5951,5855,0
Female,Graduate,Single,27,80000,36959,38042,38925,40274,41598,42926,2000,1800,2000,2000,2000,36042,37125,38274,39598,40926,0
Female,Graduate,Single,27,50000,300,300,300,300,300,300,0,0,0,0,0,300,300,300,300,300,1
Female,Graduate,Single,28,110000,52693,54148,73596,76938,47942,40963,5064,42000,5091,2026,3033,49084,31596,71847,45916,37930,0
Female,Graduate,Single,29,180000,0,0,0,0,0,0,0,0,0,0,0,0,0,0,0,0,1
Female,High School,Married,27,230000,67615,19870,19649,17969,10888,8657,1323,1500,1000,2000,1023,18547,18149,16969,8888,7634,0
Female,Graduate,Single,27,80000,2127,1948,1770,3104,2946,2844,0,0,1400,0,57,1948,1770,1704,2946,2787,0
Female,Graduate,Married,27,50000,19029,18431,22782,32304,31519,23724,0,5000,10000,0,6724,18431,17782,22304,31519,17000,0
Female,Graduate,Single,28,220000,215779,196299,202596,198845,194885,92905,8600,11000,6000,10082,3400,187699,191596,192845,184803,89505,0
Female,Graduate,Single,28,30000,24307,23618,26733,27016,24972,25425,0,3500,1028,0,1000,23618,23233,25988,24972,24425,1
Female,Graduate,Single,26,200000,196168,201190,200662,-1528,-1528,-1504,8800,10183,1504,0,24,192390,190479,-3032,-1528,-1528,0
Female,University,Married,26,130000,45563,46607,47329,45854,46822,47567,2100,1807,1800,1701,2002,44507,45522,44054,45121,45565,0
Female,Graduate,Single,26,360000,2500,0,0,0,0,0,0,0,0,0,0,0,0,0,0,0,0
Female,Graduate,Single,27,140000,27750,28797,29840,31349,35687,36983,1500,1500,2000,5000,2000,27297,28340,29349,30687,34983,0
Female,Graduate,Single,27,130000,8508,27049,0,0,0,0,27049,0,0,0,0,0,0,0,0,0,0
Female,Graduate,Single,28,150000,0,0,0,0,0,0,0,0,0,0,0,0,0,0,0,0,0
Female,University,Married,28,20000,17023,18432,17848,19103,19229,18856,2000,0,1574,700,688,16432,17848,17529,18529,18168,1
Female,University,Single,28,130000,7964,8976,9998,11007,11226,11460,1152,1174,1183,402,415,7824,8824,9824,10824,11045,0
Female,Graduate,Single,29,190000,28096,29322,30144,31243,32719,33540,2000,1600,1600,2000,1500,27322,28544,29643,30719,32040,0
Female,Graduate,Single,25,140000,26623,28863,34049,36061,40003,45423,3000,6000,3000,5000,6000,25863,28049,33061,35003,39423,1
Female,University,Single,25,180000,177607,177498,176081,175540,142015,139162,6500,7000,7200,5018,5200,170998,169081,168340,136997,133962,0
Female,Graduate,Single,28,180000,2393,5428,5683,39351,3241,2614,5461,5834,39000,3241,2614,-33,-151,351,0,0,0
Female,University,Single,28,50000,23318,24327,25360,27929,27184,27752,1398,1431,3000,0,1155,22929,23929,24929,27184,26597,0
Female,University,Married,27,80000,2805,1995,0,680,2862,5539,1995,0,680,2862,5539,0,0,0,0,0,0
Female,University,Single,27,120000,11238,0,0,0,0,0,0,0,0,0,0,0,0,0,0,0,1
Female,University,Single,28,420000,89829,82251,78830,76521,78049,79792,5126,3019,2777,2800,3000,77125,75811,73744,75249,76792,0
Female,University,Married,27,90000,0,1191,-21,2130,3486,1495,1191,0,2151,3486,1495,0,-21,-21,0,0,0
Female,Graduate,Single,27,70000,42825,47047,62703,28945,16345,21163,5000,20000,10000,6000,5000,42047,42703,18945,10345,16163,0
Female,University,Single,27,200000,37076,18382,18834,0,0,0,5000,18834,60000,0,0,13382,0,-60000,0,0,0
Female,Graduate,Single,28,240000,30173,29109,16704,13934,2020,4520,5009,4000,3506,0,2500,24100,12704,10428,2020,2020,0
Female,Graduate,Single,28,360000,276,0,502,0,1017,0,0,502,0,1017,0,0,0,0,0,0,0
Female,Graduate,Single,28,180000,20098,22063,11705,14900,7180,-10,3000,4000,4000,3000,0,19063,7705,10900,4180,-10,0
Female,Graduate,Single,27,160000,288,451,1665,330,165,794,451,1680,330,0,794,0,-15,0,165,0,0
Female,University,Single,29,20000,12742,8438,9792,10990,13990,10000,1500,1500,1500,3000,2000,6938,8292,9490,10990,8000,0
Female,High School,Single,28,30000,1946,1473,0,157,24767,24991,1000,0,3160,25000,1000,473,0,-3003,-233,23991,0
Female,Graduate,Single,28,230000,45405,41630,38940,37150,36306,33563,2500,3013,4000,5006,3000,39130,35927,33150,31300,30563,0
Female,Graduate,Single,29,240000,10747,30380,15579,20496,15296,24332,30439,10023,10000,5000,15000,-59,5556,10496,10296,9332,0
Female,Graduate,Single,27,200000,159215,172029,167856,179126,174748,179337,15500,0,14100,0,7400,156529,167856,165026,174748,171937,1
Female,University,Single,28,280000,0,0,0,0,0,0,0,0,0,0,0,0,0,0,0,0,0
Female,University,Married,29,340000,20816,11706,600,-470,50813,50271,1005,600,0,51283,1193,10701,0,-470,-470,49078,0
Female,Graduate,Single,25,50000,44641,45769,47397,40345,31003,29693,1870,2500,3017,1060,1300,43899,44897,37328,29943,28393,0
Female,High School,Married,26,200000,201642,202486,197888,145078,137272,131447,7671,6210,4500,4200,6200,194815,191678,140578,133072,125247,1
Female,University,Married,27,140000,776,752,776,1580,804,728,752,800,1580,0,700,0,-24,0,804,28,0
Female,Graduate,Single,29,160000,20193,3250,9244,8344,5607,1289,3250,6152,1000,1401,0,0,3092,7344,4206,1289,0
Female,Graduate,Single,26,50000,29164,28396,31533,31833,31022,31681,0,3600,1111,0,1160,28396,27933,30722,31022,30521,0
Female,Graduate,Single,28,20000,15522,18442,17862,19756,19143,21671,3186,0,2500,0,3000,15256,17862,17256,19143,18671,1
Female,University,Married,29,170000,-807,-807,-807,-807,-1169,-1531,0,0,0,0,0,-807,-807,-807,-1169,-1531,0
Female,University,Single,27,140000,1186,3713,390,390,6580,0,4000,390,390,6580,0,-287,0,0,0,0,0
Female,Graduate,Married,29,150000,0,231,0,0,0,0,231,0,0,0,0,0,0,0,0,0,0
Female,University,Single,25,70000,73167,70238,70640,71298,70930,72491,0,2600,3000,3000,6000,70238,68040,68298,67930,66491,0
Female,High School,Single,28,50000,51422,50525,49691,49308,30284,30554,2100,2500,28400,1100,2000,48425,47191,20908,29184,28554,1
Female,University,Married,28,80000,150651,52233,81162,71470,28718,27813,3905,81000,1513,47921,10000,48328,162,69957,-19203,17813,0
Female,University,Married,29,360000,0,0,0,0,0,0,0,0,0,0,0,0,0,0,0,0,0
Female,Graduate,Single,27,360000,0,0,0,0,0,0,0,0,0,0,0,0,0,0,0,0,0
Female,Graduate,Single,27,130000,37319,38252,46741,42881,367,46265,2031,10000,1000,367,61170,36221,36741,41881,0,-14905,0
Female,Graduate,Single,28,120000,2494,1394,780,470,-170,180,2000,780,470,0,500,-606,0,0,-170,-320,0
Female,University,Single,28,110000,79573,81449,83241,84960,86045,88060,3800,4000,4000,3400,3400,77649,79241,80960,82645,84660,0
Female,University,Single,28,230000,29500,4828,7633,9202,2553,6015,4800,7021,8008,0,6015,28,612,1194,2553,0,0
Female,University,Single,29,110000,18817,21068,16412,16809,8682,8861,2600,1102,1000,0,602,18468,15310,15809,8682,8259,1
Female,Graduate,Single,28,200000,1860,4464,29705,25854,510,1470,4464,29705,25854,510,1470,0,0,0,0,0,0
Female,Graduate,Married,28,60000,2848,1469,1647,1355,1458,1631,1469,1675,1355,1458,1631,0,-28,0,0,0,0
Female,High School,Single,28,310000,240846,220845,179260,116798,109647,114745,10500,7809,10000,10000,10334,210345,171451,106798,99647,104411,0
Female,High School,Single,27,160000,-10,3382,7726,12290,1280,0,3392,7749,14529,1283,0,-10,-23,-2239,-3,0,0
Female,Graduate,Married,27,180000,152158,155181,158437,161664,164873,168344,5539,5741,5852,5881,7607,149642,152696,155812,158992,160737,0
Female,Graduate,Married,30,170000,364,14662,0,0,1861,-167,14662,0,0,1861,0,0,0,0,0,-167,0
Female,Graduate,Single,29,240000,3647,2530,464,1316,1102,3381,2535,464,1316,1104,3384,-5,0,0,-2,-3,0
Female,Graduate,Single,28,160000,160,0,0,0,0,0,0,0,0,0,0,0,0,0,0,0,0
Female,Graduate,Single,28,200000,7618,7961,1452,6248,4112,0,7961,1452,6248,4112,0,0,0,0,0,0,0
Female,High School,Single,28,60000,59650,51176,42368,35730,28670,27979,3376,1900,1908,1133,1015,47800,40468,33822,27537,26964,0
Female,University,Married,28,100000,94245,95268,96620,97938,78126,65680,3500,3800,3900,3000,2300,91768,92820,94038,75126,63380,0
Female,Graduate,Single,28,60000,6393,10540,10232,11237,11427,20973,4278,0,1483,673,10000,6262,10232,9754,10754,10973,1
Female,Graduate,Single,31,50000,12725,34526,12787,3995,0,0,30018,12787,3995,0,0,4508,0,0,0,0,0
Female,University,Single,29,120000,96342,97724,99131,100464,100380,101445,4500,4500,4500,3700,3679,93224,94631,95964,96680,97766,0
Female,Graduate,Single,30,250000,18751,21550,23932,37329,26339,4836,5000,3500,15054,7885,4836,16550,20432,22275,18454,0,0
Female,Graduate,Married,30,180000,1863,1863,2886,840,2052,1443,1863,2886,840,2052,1443,0,0,0,0,0,1
Female,University,Married,30,210000,107539,103234,47363,45810,42093,36587,3000,3018,2000,1500,1500,100234,44345,43810,40593,35087,0
Female,University,Married,30,360000,19918,-182,-6877,-5377,-2377,-377,500,0,2000,3000,2000,-682,-6877,-7377,-5377,-2377,0
Female,Graduate,Single,26,210000,132909,135210,140056,143584,147832,150953,7000,7003,8000,8000,5500,128210,133053,135584,139832,145453,0
Female,University,Married,29,110000,27340,17353,0,0,3161,2996,10000,0,0,3161,0,7353,0,0,0,2996,0
Female,University,Single,29,270000,88996,17142,18118,147189,170268,170268,17142,18118,147500,60000,15000,0,0,-311,110268,155268,0
Female,Graduate,Single,29,50000,6161,8998,8319,8672,9390,9861,3500,0,1282,1000,1000,5498,8319,7390,8390,8861,0
Female,University,Married,29,220000,142818,141540,131810,118866,115256,97161,5042,5042,3687,3660,3528,136498,126768,115179,111596,93633,0
Female,University,Single,30,80000,4161,1819,6845,1813,8362,-783,2000,6689,1817,8100,0,-181,156,-4,262,-783,0
Female,Graduate,Single,31,180000,4522,1763,1571,0,4775,0,1771,1571,0,4775,0,-8,0,0,0,0,0
Female,Graduate,Married,31,400000,325,5581,2833,1162,325,325,5581,2833,1162,325,325,0,0,0,0,0,0
Female,University,Married,30,230000,234521,228486,216287,215927,174259,174486,9800,8502,8350,6200,6500,218686,207785,207577,168059,167986,0
Female,Other,Single,31,90000,0,0,0,0,0,0,0,0,0,0,0,0,0,0,0,0,0
Female,University,Married,29,30000,27371,26632,29703,28700,28300,25520,0,3500,0,0,1000,26632,26203,28700,28300,24520,1
Female,Graduate,Single,29,150000,145138,140210,136196,105989,98836,94504,5200,7982,4500,4048,3800,135010,128214,101489,94788,90704,0
Female,Graduate,Single,29,230000,711,711,711,711,711,291,711,711,711,711,291,0,0,0,0,0,0
Female,Graduate,Single,30,510000,71121,481382,559712,163628,117475,116656,493358,1227082,164577,510,6239,-11976,-667370,-949,116965,110417,0
Female,University,Single,30,20000,20128,17842,18979,7886,19786,20025,0,7027,1000,19000,6000,17842,11952,6886,786,14025,1
Female,Graduate,Single,27,150000,51032,69242,65366,62283,60942,55878,30000,20142,3759,7022,20000,39242,45224,58524,53920,35878,0
Female,University,Single,24,110000,6217,7947,9649,11472,13267,15048,2000,2000,2000,2000,2000,5947,7649,9472,11267,13048,0
Female,University,Married,25,250000,24920,26456,24196,22408,20610,17978,2000,1790,1250,700,644,24456,22406,21158,19910,17334,0
Female,Graduate,Other,29,240000,0,0,0,0,0,0,0,0,0,0,0,0,0,0,0,0,0
Female,Graduate,Single,28,150000,3470,0,0,0,0,0,0,0,0,0,0,0,0,0,0,0,0
Female,University,Single,29,420000,267050,272606,278407,284777,301438,308571,10000,10200,11000,21500,12000,262606,268207,273777,279938,296571,0
Female,Other,Single,30,170000,66805,51351,38816,32475,24606,21988,5148,3000,1978,4700,1000,46203,35816,30497,19906,20988,0
Female,Graduate,Single,28,220000,6601,8312,2102,4707,7216,6565,5026,2102,4000,7216,6565,3286,0,707,0,0,0
Female,University,Single,28,160000,2191,645,2102,5477,2258,1849,645,2118,5477,2276,1851,0,-16,0,-18,-2,0
Female,University,Married,28,150000,5527,614,12515,10749,7549,5749,1000,13000,12006,7000,0,-386,-485,-1257,549,5749,0
Female,University,Single,29,150000,4577,4356,6643,2831,1745,3212,0,2400,0,1500,1500,4356,4243,2831,245,1712,1
Female,University,Married,27,140000,444,0,1650,0,2226,0,0,1650,0,2226,0,0,0,0,0,0,1
Female,University,Single,27,240000,30589,2225,3708,20694,19771,38603,2239,3700,20739,10003,40115,-14,8,-45,9768,-1512,0
Female,University,Single,28,20000,2937,5696,4144,8168,6894,11424,3353,3,5101,6,6530,2343,4141,3067,6888,4894,1
Female,University,Single,29,30000,28541,16436,18146,0,0,0,1385,5000,0,0,0,15051,13146,0,0,0,1
Female,University,Married,29,80000,80100,79368,81130,49407,49067,50234,3500,3700,1800,1900,3000,75868,77430,47607,47167,47234,0
Female,Graduate,Single,29,400000,5567,13011,22396,26359,41627,16709,13011,10001,5023,20150,5082,0,12395,21336,21477,11627,0
Female,University,Single,27,150000,88957,92548,82169,67958,69310,70819,5500,2730,2468,2483,2628,87048,79439,65490,66827,68191,0
Female,University,Married,32,180000,95917,85902,77013,69551,62960,59487,2986,3000,2367,3000,3554,82916,74013,67184,59960,55933,0
Female,High School,Married,32,360000,227689,206249,182985,186047,188389,191907,7142,8200,7600,6200,6000,199107,174785,178447,182189,185907,0
Female,Graduate,Married,30,160000,960,3597,3633,2707,6087,4852,3597,3633,2702,6087,4852,0,0,5,0,0,1
Female,University,Single,30,80000,80681,84064,79988,79291,53876,49513,6900,0,4382,1822,2000,77164,79988,74909,52054,47513,0
Female,University,Married,32,240000,0,0,0,262,0,1389,0,0,262,0,1389,0,0,0,0,0,0
Female,University,Married,33,50000,34485,28251,7114,28042,28479,29066,1815,1700,30042,1200,1200,26436,5414,-2000,27279,27866,1
Female,University,Married,34,50000,50680,50655,50710,50503,40140,-21364,50702,2033,1776,2000,29000,-47,48677,48727,38140,-50364,0
Female,High School,Married,29,50000,47194,48381,46777,39420,8824,9009,2002,2000,1530,1000,327,46379,44777,37890,7824,8682,1
Female,University,Married,30,200000,42488,0,0,0,7637,21186,0,0,0,7637,21186,0,0,0,0,0,0
Female,Graduate,Single,29,50000,50461,48340,51113,48114,19400,19240,2100,4900,0,3000,2500,46240,46213,48114,16400,16740,0
Female,Graduate,Single,30,140000,78095,84781,82558,80376,85281,84688,8000,0,3500,5900,0,76781,82558,76876,79381,84688,0
Female,Graduate,Single,29,310000,8454,14570,21897,4316,771,2888,14581,11139,15347,793,7390,-11,10758,-11031,-22,-4502,0
Female,High School,Single,30,430000,308741,304476,277823,251443,236975,203526,12000,11000,11000,10000,8000,292476,266823,240443,226975,195526,0
Female,Graduate,Single,30,100000,89242,91067,93409,95056,75688,77330,4200,4700,4500,3000,2900,86867,88709,90556,72688,74430,0
Female,Graduate,Single,29,500000,28555,33055,42392,36641,12149,426518,5000,10000,5132,12159,426529,28055,32392,31509,-10,-11,0
Female,University,Single,29,200000,204134,194949,153646,137087,134995,135953,8000,5542,5308,4587,4750,186949,148104,131779,130408,131203,1
Female,Graduate,Single,29,140000,135436,144922,141289,137377,93261,95368,13102,17,5547,3242,3512,131820,141272,131830,90019,91856,0
Female,University,Married,30,200000,0,1541,811,2754,17557,1144,1541,4,3071,17557,1144,0,807,-317,0,0,0
Female,Graduate,Single,28,200000,466,161746,153377,134027,135120,136512,161844,5228,5005,5004,5151,-98,148149,129022,130116,131361,0
Female,Graduate,Single,28,100000,10886,11697,14479,10775,10998,12655,1300,3005,0,700,2000,10397,11474,10775,10298,10655,0
Female,Other,Married,28,180000,117328,115140,73730,64600,2500,0,4117,3504,3000,0,0,111023,70226,61600,2500,0,0
Female,Graduate,Single,28,190000,141693,143464,146943,151905,153538,156664,5618,5795,7408,5645,5753,137846,141148,144497,147893,150911,0
Female,Graduate,Single,28,50000,48782,47708,49846,49303,29722,29624,2100,3600,2146,1004,1100,45608,46246,47157,28718,28524,0
Female,Graduate,Married,31,440000,232526,1025,0,26549,0,1000,1025,0,26549,0,1000,0,0,0,0,0,0
Female,University,Married,30,30000,4994,886,937,0,1083,3395,0,1000,398,1083,3395,886,-63,-398,0,0,0
Female,University,Single,29,180000,4184,0,0,0,0,0,0,0,0,0,0,0,0,0,0,0,0
Female,Graduate,Single,29,150000,0,5067,131,987,0,14001,5067,131,987,400,14001,0,0,0,-400,0,1
Female,Graduate,Single,29,390000,89953,107947,60313,55769,65835,72177,25000,35127,20000,12000,7500,82947,25186,35769,53835,64677,0
Female,University,Married,31,30000,16207,16735,18253,19646,21238,23843,4000,5000,5000,5000,5000,12735,13253,14646,16238,18843,0
Female,University,Single,32,10000,77,7417,8459,9493,9678,9634,7417,1166,1200,300,1000,0,7293,8293,9378,8634,1
Female,University,Single,32,270000,59710,49986,104390,94856,86461,83650,1808,69563,2891,2689,3012,48178,34827,91965,83772,80638,0
Female,University,Married,32,20000,2400,2400,2400,2400,2400,2400,0,0,0,0,0,2400,2400,2400,2400,2400,1
Female,University,Married,34,50000,45974,47504,45206,35892,22989,22483,2374,4656,25,2869,0,45130,40550,35867,20120,22483,0
Female,Graduate,Single,33,60000,11776,11295,12799,14272,15225,16320,0,2000,2000,1500,1500,11295,10799,12272,13725,14820,0
Female,High School,Married,34,50000,28289,32783,33714,32250,34245,19719,5000,3000,0,5000,0,27783,30714,32250,29245,19719,1
Female,High School,Single,40,20000,19088,13828,9290,6636,2941,642,1248,1200,1156,1000,700,12580,8090,5480,1941,-58,0
Female,High School,Married,35,80000,68423,70002,71389,73788,74463,72834,3300,3100,4204,2790,0,66702,68289,69584,71673,72834,1
Female,University,Married,47,50000,48433,49664,49405,47522,28711,28060,3500,2013,1863,1006,1300,46164,47392,45659,27705,26760,0
Female,Graduate,Married,40,140000,21952,27540,31785,30980,33162,32497,6300,5000,0,3000,0,21240,26785,30980,30162,32497,1
Female,Graduate,Single,36,400000,845,1423,6649,3051,1926,51669,1428,6676,3051,5,51965,-5,-27,0,1921,-296,0
Female,High School,Married,44,50000,13881,11494,5847,4871,3007,2136,3483,0,1000,0,993,8011,5847,3871,3007,1143,0
Female,University,Married,36,80000,74652,76506,78173,79220,81351,48056,3700,3500,3000,3368,1023,72806,74673,76220,77983,47033,0
Female,University,Married,30,380000,225995,231382,224420,136324,137929,114249,10382,8420,46777,4929,4249,221000,216000,89547,133000,110000,1
Female,High School,Married,33,230000,233314,222220,210778,211132,179564,176949,8005,10002,15037,6500,16002,214215,200776,196095,173064,160947,0
Female,Graduate,Single,31,210000,9604,10970,1230,24531,24287,22683,5056,1230,24531,1003,479,5914,0,0,23284,22204,0
Female,University,Single,40,100000,92393,85345,76109,77068,77868,75954,3500,3500,3300,3000,3000,81845,72609,73768,74868,72954,0
Female,University,Married,44,210000,124146,127341,92812,89878,80812,139202,6000,6000,6000,5000,60000,121341,86812,83878,75812,79202,0
Female,Graduate,Married,35,140000,92924,88331,83421,79088,73360,67700,4691,4251,4500,3000,2500,83640,79170,74588,70360,65200,0
Female,University,Married,47,150000,0,0,0,0,0,0,0,0,0,0,0,0,0,0,0,0,0
Female,Other,Married,48,40000,36581,37896,40262,40370,39970,39970,1926,3292,1400,0,0,35970,36970,38970,39970,39970,0
Female,High School,Single,26,120000,0,1302,651,1302,651,651,1953,0,1302,0,651,-651,651,0,651,0,1
Female,University,Single,26,50000,49296,39427,35674,31113,31734,32488,1614,1546,1461,1082,1210,37813,34128,29652,30652,31278,0
Female,Graduate,Single,26,360000,273,3558,1489,-356,9824,2010,3558,1489,0,10560,2010,0,0,-356,-736,0,0
Female,High School,Married,42,80000,17511,20503,25917,19081,15200,13039,3600,6142,0,0,0,16903,19775,19081,15200,13039,1
Female,Graduate,Single,46,230000,699,699,699,999,1149,849,699,699,999,1149,849,0,0,0,0,0,0
Female,University,Married,38,50000,6350,3239,4166,0,0,0,1100,1000,0,0,0,2139,3166,0,0,0,1
Female,University,Other,48,150000,3611,5153,6158,4626,0,0,2000,1523,2000,0,0,3153,4635,2626,0,0,0
Female,High School,Married,35,20000,7196,6780,7399,8574,7833,6342,1120,2000,2580,600,0,5660,5399,5994,7233,6342,0
Female,High School,Married,44,10000,8678,8401,8128,7841,8579,8317,0,0,0,1000,0,8401,8128,7841,7579,8317,1
Female,Graduate,Married,41,140000,80603,80193,73318,70523,55318,50236,3000,3336,2372,1453,1536,77193,69982,68151,53865,48700,0
Female,University,Married,41,150000,1650,0,0,6784,6923,14116,0,0,6784,159,167,0,0,0,6764,13949,0
Female,University,Single,36,290000,110695,108583,70642,71008,65455,63421,3260,5000,4706,0,2007,105323,65642,66302,65455,61414,0
Female,University,Married,36,170000,813,2080,5425,115,505,1012,2085,5425,115,505,1012,-5,0,0,0,0,0
Female,High School,Married,39,420000,2476,3570,11343,5216,23001,2439,3634,11353,5255,23001,2439,-64,-10,-39,0,0,0
Female,University,Single,33,120000,508,607,611,593,653,587,700,611,593,653,587,-93,0,0,0,0,0
Female,University,Married,40,150000,3042,41036,16465,40215,5024,19924,41243,16548,40442,5049,20023,-207,-83,-227,-25,-99,0
Female,Graduate,Married,45,80000,77402,78997,79821,79308,52172,50266,2900,3600,10002,1754,1765,76097,76221,69306,50418,48501,0
Female,University,Married,48,100000,109033,97041,80993,72751,67146,68490,3641,3782,5000,5000,3000,93400,77211,67751,62146,65490,0
Female,High School,Single,41,40000,72892,37781,35647,0,0,0,1971,1000,0,0,0,35810,34647,0,0,0,1
Female,High School,Single,46,130000,131996,132177,132927,131866,130707,129174,5000,5000,4600,5000,4614,127177,127927,127266,125707,124560,0
Female,University,Single,41,100000,96509,97042,98054,92466,67337,67093,4500,5000,4000,5000,3000,92542,93054,88466,62337,64093,0
Female,High School,Married,46,300000,147289,150201,-3699,4142,1700,0,10000,0,10005,0,0,140201,-3699,-5863,1700,0,0
Female,University,Single,41,150000,316,316,316,316,466,8057,316,316,316,466,8057,0,0,0,0,0,0
Female,University,Married,39,50000,27094,26365,29124,28357,28984,30012,0,3500,0,1100,1500,26365,25624,28357,27884,28512,1
Female,Graduate,Married,37,350000,6185,27821,36140,34022,26366,67650,27821,36532,34022,20000,117650,0,-392,0,6366,-50000,0
Female,University,Single,45,170000,1638,1638,1638,3276,1638,1638,1638,1638,3276,0,1638,0,0,0,1638,0,0
Female,University,Single,31,220000,182176,176797,187033,171021,167789,168417,0,14179,0,7000,10000,176797,172854,171021,160789,158417,1
Female,Graduate,Single,29,210000,18662,6220,199,0,10024,-18,6224,199,200,10024,0,-4,0,-200,0,-18,0
Female,Graduate,Single,30,200000,89874,92567,96064,103511,100951,103364,4200,5000,9054,0,4200,88367,91064,94457,100951,99164,0
Female,Graduate,Single,30,180000,14038,16980,16915,17532,18429,20126,3500,500,1200,1500,2000,13480,16415,16332,16929,18126,1
Female,Graduate,Married,31,50000,50883,51184,50092,50332,29690,30246,2200,4,2300,1100,1400,48984,50088,48032,28590,28846,1
Female,University,Single,35,50000,31507,30705,33467,12870,3325,5103,0,3467,1229,3325,2000,30705,30000,11641,0,3103,0
Female,Graduate,Married,39,180000,892,6809,18390,13999,933,933,6846,18399,13999,933,933,-37,-9,0,0,0,0
Female,Graduate,Single,44,500000,29996,10625,14567,0,3808,6751,10625,14573,0,3808,6751,0,-6,0,0,0,0
Female,University,Single,45,160000,0,0,0,0,0,388,0,0,0,0,388,0,0,0,0,0,0
Female,Graduate,Single,37,120000,744,744,744,744,1188,594,444,444,444,888,0,300,300,300,300,594,1
Female,University,Married,39,60000,12545,1217,0,0,0,465,1217,0,0,0,465,0,0,0,0,0,1
Female,Other,Married,35,220000,1849,326,12681,84674,35326,1026,326,12681,84674,35326,1026,0,0,0,0,0,0
Female,University,Married,36,210000,13460,14765,14939,15748,16069,13780,1534,1307,1116,437,399,13231,13632,14632,15632,13381,0
Female,University,Single,38,480000,5619,7600,123988,177054,273429,293157,7600,123988,60000,100000,24250,0,0,117054,173429,268907,0
Female,High School,Single,43,140000,140832,131883,123504,126441,129345,137539,5006,4500,5000,5000,10490,126877,119004,121441,124345,127049,0
Female,University,Married,38,150000,149957,152224,152208,116763,72325,73273,6000,5440,4000,3000,3000,146224,146768,112763,69325,70273,0
Female,High School,Single,43,110000,114614,111306,112173,93675,59095,60336,0,5000,3000,2100,2500,111306,107173,90675,56995,57836,1
Female,Graduate,Married,41,350000,15407,17826,23489,29037,36213,38163,3000,6000,6000,8027,8000,14826,17489,23037,28186,30163,0
Female,University,Single,43,150000,111024,111486,12596,13610,14381,15147,2720,1500,1229,1000,1000,108766,11096,12381,13381,14147,0
Female,Graduate,Married,39,420000,298753,304964,312224,315822,275393,278745,13000,14000,11230,10000,8091,291964,298224,304592,265393,270654,1
Female,Graduate,Married,41,80000,11987,13007,3537,0,0,0,1325,1000,0,0,0,11682,2537,0,0,0,0
Female,Graduate,Married,44,180000,138701,140009,143053,145695,143705,133883,5100,5297,5128,4869,4960,134909,137756,140567,138836,128923,0
Female,University,Married,39,290000,-70,9540,390,3184,390,390,10000,800,3184,390,390,-460,-410,0,0,0,0
Female,Graduate,Married,37,300000,4476,2521,3529,-5364,-8943,4057,3017,4506,0,0,14000,-496,-977,-5364,-8943,-9943,0
Female,University,Married,41,80000,78480,77063,76720,74651,57109,46703,3100,6300,0,1743,1588,73963,70420,74651,55366,45115,1
Female,University,Married,39,230000,0,0,1052,0,1931,0,0,1052,0,1931,0,0,0,0,0,0,0
Female,University,Married,43,20000,17188,16619,17341,18352,18716,19109,0,1294,1305,669,694,16619,16047,17047,18047,18415,0
Female,University,Single,39,20000,0,0,0,0,0,0,0,0,0,0,0,0,0,0,0,0,1
Female,Graduate,Married,40,200000,-50,-50,-50,-50,-50,-50,0,0,0,0,0,-50,-50,-50,-50,-50,0
Female,Graduate,Single,35,500000,33214,18521,22802,22518,25733,19715,18694,22948,22571,14067,7598,-173,-146,-53,11666,12117,0
Female,High School,Married,49,10000,9807,9976,7538,9322,9567,9766,2114,1131,2155,1400,1354,7862,6407,7167,8167,8412,0
Female,High School,Married,42,100000,58543,54902,54590,53037,54100,53889,2004,1966,1884,1903,1940,52898,52624,51153,52197,51949,0
Female,University,Married,28,250000,0,0,0,0,4501,282,0,0,0,4501,282,0,0,0,0,0,0
Female,High School,Single,38,540000,736,736,736,736,0,-736,736,736,736,0,0,0,0,0,0,-736,0
Female,University,Married,39,50000,37503,33505,25626,26444,19422,19438,1399,1480,1298,677,700,32106,24146,25146,18745,18738,0
Female,Graduate,Single,44,550000,27093,30805,7451,16111,22819,80846,30820,7851,19751,29700,80987,-15,-400,-3640,-6881,-141,0
Female,High School,Married,42,200000,2213,5283,1863,9323,1612,1619,5286,1863,9323,1612,2054,-3,0,0,0,-435,0
Female,High School,Married,44,50000,46363,47356,48905,49794,8820,9000,1762,2311,2200,176,180,45594,46594,47594,8644,8820,0
Female,High School,Married,36,230000,232115,225086,222286,222884,220876,221496,22,9005,9037,7519,8018,225064,213281,213847,213357,213478,0
Female,High School,Married,45,330000,33369,34509,35406,34770,35468,36211,2000,1470,1374,1072,1113,32509,33936,33396,34396,35098,0
Female,Graduate,Married,37,520000,4439,3487,7491,2310,12000,0,3913,7494,2310,12000,0,-426,-3,0,0,0,0
Female,Graduate,Single,44,180000,16891,0,521,0,0,0,0,521,0,0,0,0,0,0,0,0,0
Female,High School,Married,36,200000,167385,171476,175956,171340,177236,181978,8000,8045,8000,8000,7000,163476,167911,163340,169236,174978,0
Female,Other,Single,44,430000,626648,586825,547667,504474,462640,420585,20659,20421,16943,15634,14933,566166,527246,487531,447006,405652,0
Female,Graduate,Married,46,220000,249449,243517,228368,224414,196229,190050,9501,0,10000,7200,7001,234016,228368,214414,189029,183049,0
Female,University,Single,41,210000,0,8333,0,0,0,0,8333,0,0,0,0,0,0,0,0,0,0
Female,University,Married,47,360000,71006,37066,49018,32760,31489,22316,36448,48833,32928,31646,22428,618,185,-168,-157,-112,0
Female,University,Married,48,200000,2233,6731,1374,24836,23348,7058,6734,1374,74836,0,250,-3,0,-50000,23348,6808,0
Female,Graduate,Married,36,150000,38298,39292,40357,41284,42105,43146,1635,1700,1600,1507,1719,37657,38657,39684,40598,41427,0
Female,High School,Single,47,170000,16089,5454,8846,920,380,4765,5455,8866,921,381,4801,-1,-20,-1,-1,-36,0
Female,High School,Married,49,50000,47934,48950,47891,98284,19950,20007,2100,0,5400,1000,900,46850,47891,92884,18950,19107,0
Female,High School,Single,48,20000,18038,18445,21556,22824,22192,21271,1000,3700,1900,0,0,17445,17856,20924,22192,21271,1
Female,Graduate,Single,32,300000,169223,179223,199223,202486,200935,-6,10000,20000,11022,4935,6,169223,179223,191464,196000,-12,0
Female,Graduate,Married,40,200000,2418,0,0,0,0,0,0,0,0,0,0,0,0,0,0,0,0
Female,Graduate,Married,34,210000,73329,74261,75602,76062,76287,76971,2700,3500,3300,3000,3000,71561,72102,72762,73287,73971,0
Female,Graduate,Single,42,100000,93256,99710,97051,98342,56639,57388,8300,0,4100,3000,2500,91410,97051,94242,53639,54888,0
Female,University,Married,43,210000,3088,5045,8024,1292,1000,3340,5056,8042,1292,1000,3340,-11,-18,0,0,0,0
Female,University,Married,32,80000,77808,77180,79147,81159,69573,70306,3000,4000,4000,5000,8000,74180,75147,77159,64573,62306,0
Female,High School,Married,31,130000,62518,4049,6690,-1018,89445,90179,4065,6704,21018,92610,3272,-16,-14,-22036,-3165,86907,1
Female,University,Single,35,320000,94561,96683,78479,71121,44698,53230,6085,3632,5010,7059,30018,90598,74847,66111,37639,23212,0
Female,Other,Married,45,350000,355310,337523,342288,336750,341376,348730,13671,12678,13601,12136,12771,323852,329610,323149,329240,335959,0
Female,Graduate,Single,29,260000,78341,44155,27779,27738,27923,28143,10000,30150,2000,3000,2000,34155,-2371,25738,24923,26143,0
Female,High School,Single,46,230000,273094,341657,344026,160377,85681,-371,135034,10806,20266,15120,343,206623,333220,140111,70561,-714,0
Female,Graduate,Married,44,210000,14993,1938,0,0,0,0,1938,0,0,0,0,0,0,0,0,0,0
Female,High School,Married,41,160000,45057,46017,47188,46134,47063,50034,2000,2200,0,2000,3900,44017,44988,46134,45063,46134,0
Female,Graduate,Married,30,210000,187191,140417,107768,84505,81796,52453,4700,4500,3100,3016,2000,135717,103268,81405,78780,50453,0
Female,Graduate,Single,32,120000,0,0,0,0,9310,0,0,0,0,9310,0,0,0,0,0,0,0
Female,Graduate,Married,32,30000,27764,29276,28637,29325,30004,30506,2000,2000,1500,1100,1300,27276,26637,27825,28904,29206,1
Female,University,Married,31,70000,38579,43891,33798,25993,26263,26812,8958,1500,2000,1000,972,34933,32298,23993,25263,25840,0
Female,University,Married,31,270000,177003,175642,198983,190085,177102,176033,6235,30067,8399,5623,5669,169407,168916,181686,171479,170364,0
Female,Graduate,Single,30,350000,951,601,714,263,900,1271,605,716,263,900,1271,-4,-2,0,0,0,0
Female,University,Single,45,50000,23751,23076,25004,24315,23626,25370,0,2600,0,0,2129,23076,22404,24315,23626,23241,1
Female,University,Married,48,110000,108668,111162,107172,107629,106628,106903,4322,5369,4003,3806,4050,106840,101803,103626,102822,102853,0
Female,University,Married,44,150000,49716,50198,50543,50774,51074,50425,2000,1845,1772,1768,1808,48198,48698,49002,49306,48617,0
Female,Graduate,Single,29,280000,0,0,0,0,0,0,0,0,0,0,0,0,0,0,0,0,1
Female,University,Married,30,300000,10746,13267,11915,8813,8292,13546,7006,6416,5800,6000,8900,6261,5499,3013,2292,4646,0
Female,University,Married,32,20000,18377,18353,19103,19471,19225,19106,1288,1305,1277,656,1106,17065,17798,18194,18569,18000,1
Female,University,Married,31,50000,44105,33089,22829,13216,16100,16696,2000,2506,3000,3000,1070,31089,20323,10216,13100,15626,0
Female,Graduate,Single,31,200000,0,0,0,0,0,0,0,0,0,0,0,0,0,0,0,0,0
Female,High School,Married,31,50000,0,0,0,0,414,0,0,0,0,414,0,0,0,0,0,0,0
Female,Graduate,Married,46,150000,135748,136681,140019,143237,140658,143344,5000,5000,5000,5000,5000,131681,135019,138237,135658,138344,0
Female,University,Single,32,200000,13467,4345,0,0,171,1557,4366,0,0,171,1386,-21,0,0,0,171,0
Female,University,Married,32,100000,-350,-740,-1130,-1520,780,0,0,0,0,2300,0,-740,-1130,-1520,-1520,0,0
Female,Graduate,Single,33,360000,5334,6849,68133,71708,58551,54678,3017,65009,6784,3041,5044,3832,3124,64924,55510,49634,1
Female,University,Married,33,50000,37541,36504,26901,26021,19438,12198,1434,1555,1148,1000,422,35070,25346,24873,18438,11776,0
Female,University,Married,33,220000,204144,175748,172758,175030,174122,175472,6500,6300,7700,6300,6300,169248,166458,167330,167822,169172,0
Female,Graduate,Single,33,80000,83367,81409,78790,80567,78047,82942,0,2873,3101,3000,6328,81409,75917,77466,75047,76614,1
Female,Graduate,Married,33,150000,20441,26417,1091,5933,1517,1787,6549,1096,5962,1524,1795,19868,-5,-29,-7,-8,0
Female,Graduate,Married,34,210000,326,983,1297,326,326,326,983,1297,326,326,326,0,0,0,0,0,1
Female,University,Single,34,70000,67655,68525,68038,55193,27099,28298,3200,2518,1525,1000,2000,65325,65520,53668,26099,26298,0
Female,University,Married,48,50000,44324,43053,44016,15386,31401,16573,2000,1880,2000,1000,2000,41053,42136,13386,30401,14573,0
Female,High School,Other,43,80000,3408,-11,-11,-11,2429,905,0,0,0,2440,905,-11,-11,-11,-11,0,0
Female,University,Single,34,110000,0,576,0,0,0,0,576,0,0,0,0,0,0,0,0,0,0
Female,Graduate,Single,34,170000,1088,1088,5425,5223,1084,1084,1088,5425,1000,2172,1084,0,0,4223,-1088,0,0
Female,High School,Married,46,160000,-510,-520,0,-390,780,0,380,2000,0,101170,0,-900,-2000,-390,-100390,0,0
Female,High School,Married,49,130000,25339,26342,27376,28415,28980,29738,1427,1461,1500,1037,1225,24915,25915,26915,27943,28513,0
Female,High School,Married,48,200000,119139,5844,3666,37005,47376,1292,5844,3694,37177,47376,1292,0,-28,-172,0,0,0
Female,University,Married,40,360000,29540,27930,692,41301,10889,2017,27930,692,41303,10893,2017,0,0,-2,-4,0,0
Female,University,Married,42,160000,25338,27601,31818,34270,35698,37122,3000,5000,3000,2000,2000,24601,26818,31270,33698,35122,0
Female,University,Married,42,310000,2851,4609,2109,14109,2109,2218,7869,2109,14109,2109,2218,-3260,0,0,0,0,0
Female,Graduate,Married,40,500000,18436,2574,1390,3186,1649,2507,3001,1320,2007,1651,2517,-427,70,1179,-2,-10,0
Female,Graduate,Single,36,430000,258212,232225,237297,240682,245337,242481,10500,10300,9000,8541,9054,221725,226997,231682,236796,233427,1
Female,High School,Single,48,300000,-2,779,390,769,772,1722,781,1,769,3,1730,-2,389,0,769,-8,1
Female,Graduate,Single,46,50000,3737,0,7752,596,18396,5769,0,7752,596,18396,5769,0,0,0,0,0,0
Female,University,Married,38,300000,1250,940,11240,12137,15937,16437,940,10300,1200,4000,500,0,940,10937,11937,15937,0
Female,University,Single,39,300000,1028,0,0,0,0,0,0,0,0,0,0,0,0,0,0,0,1
Female,High School,Married,39,20000,19078,19929,16912,12698,11939,12346,1509,1321,1500,500,600,18420,15591,11198,11439,11746,1
Female,Graduate,Single,39,400000,0,0,0,0,0,0,0,0,0,0,0,0,0,0,0,0,1
Female,University,Married,48,310000,0,99,0,110,0,0,99,0,110,0,0,0,0,0,0,0,0
Female,University,Single,38,370000,75823,63617,65585,67223,62201,64356,5000,3000,3003,3000,3500,58617,62585,64220,59201,60856,0
Female,University,Married,36,230000,4390,1402,3665,929,4167,115126,1402,3665,929,4167,115126,0,0,0,0,0,0
Female,University,Married,40,300000,11704,10196,8900,7099,5437,3958,1139,1322,1000,2000,1000,9057,7578,6099,3437,2958,0
Female,Graduate,Married,40,250000,2971,1737,3989,11577,11377,500,1737,3989,11577,0,500,0,0,0,11377,0,0
Female,Graduate,Married,41,320000,95155,97797,99672,101953,102284,104090,4400,4520,5050,3590,3700,93397,95152,96903,98694,100390,0
Female,High School,Married,45,310000,311401,218298,222424,220058,199376,189840,21084,20000,12000,15000,8000,197214,202424,208058,184376,181840,0
Female,Graduate,Married,39,500000,3625,0,501,501,902,544,398,501,0,544,544,-398,0,501,358,0,0
Female,High School,Married,37,80000,24941,25945,27297,27969,29857,28872,1423,1775,1447,2335,0,24522,25522,26522,27522,28872,0
Female,High School,Single,45,200000,69817,71272,76740,67480,68843,70266,2049,6104,1839,1862,1918,69223,70636,65641,66981,68348,0
Female,High School,Married,38,160000,151963,141884,143428,146289,128133,124606,5100,7100,7500,4500,5000,136784,136328,138789,123633,119606,0
Female,University,Single,47,20000,20151,19419,19864,4723,0,0,2000,2013,4731,0,0,17419,17851,-8,0,0,0
Female,University,Single,33,20000,11635,12604,12870,12726,13336,2496,2000,1308,1000,1000,50,10604,11562,11726,12336,2446,0
Female,University,Married,33,30000,2400,2400,2400,2400,2400,2400,0,0,0,0,0,2400,2400,2400,2400,2400,1
Female,Graduate,Single,30,500000,943,5664,-33,6454,842,8031,5692,0,6487,842,8111,-28,-33,-33,0,-80,0
Female,Graduate,Single,30,180000,1650,196,2500,0,0,3650,196,2500,0,0,3650,0,0,0,0,0,0
Female,High School,Single,31,180000,2941,1436,12900,3026,2168,487,1443,12964,3041,2178,489,-7,-64,-15,-10,-2,0
Female,Graduate,Married,33,450000,0,0,0,0,0,0,0,0,0,0,0,0,0,0,0,0,0
Female,University,Married,33,180000,70472,72518,73422,72687,68167,69746,3218,2708,3071,2500,2615,69300,70714,69616,65667,67131,0
Female,High School,Married,46,290000,30365,32571,36918,37063,11566,32057,32575,36982,37063,11566,32057,-4,-64,0,0,0,0
Female,University,Married,37,200000,4942,3554,3152,2732,1380,1380,1068,1046,1006,34,1386,2486,2106,1726,1346,-6,0
Female,Graduate,Married,34,200000,0,0,0,0,0,0,0,0,0,0,0,0,0,0,0,0,0
Female,University,Single,35,400000,61245,109943,222085,223350,213831,210563,50016,120018,10071,8037,8018,59927,102067,213279,205794,202545,1
Female,University,Single,32,210000,0,0,980,0,0,0,0,980,0,0,0,0,0,0,0,0,0
Female,High School,Single,42,30000,30445,27794,30603,29802,30134,30410,0,3569,0,1100,1100,27794,27034,29802,29034,29310,1
Female,University,Single,39,340000,332319,308286,315601,318616,243586,248766,12500,13775,10631,8900,9200,295786,301826,307985,234686,239566,0
Female,University,Married,41,50000,74903,49413,50812,50261,29720,30233,2120,2500,1905,1500,1200,47293,48312,48356,28220,29033,0
Female,High School,Married,43,220000,215050,211239,207821,209795,144729,148139,9029,10000,9084,10042,10000,202210,197821,200711,134687,138139,0
Female,Graduate,Married,37,100000,0,0,0,0,0,0,0,0,0,0,0,0,0,0,0,0,1
Female,High School,Married,40,400000,30179,35550,71671,-329,65691,23657,35729,72031,0,66020,23776,-179,-360,-329,-329,-119,0
Female,University,Single,43,360000,6088,17980,4890,3008,3920,19282,17980,4897,3008,3920,19282,0,-7,0,0,0,0
Female,High School,Single,47,30000,3220,390,0,5780,11611,0,390,0,5780,6611,0,0,0,0,5000,0,0
Female,High School,Married,34,10000,7101,8131,9024,6292,2530,6727,1307,1200,1012,2530,6727,6824,7824,5280,0,0,1
Female,Graduate,Married,37,330000,726,-20,10756,0,442,0,0,10776,0,442,0,-20,-20,0,0,0,0
Female,University,Married,46,110000,102726,110179,105137,105467,94294,86381,10700,0,5000,4000,4000,99479,105137,100467,90294,82381,0
Female,University,Married,44,30000,21003,22309,23343,24336,24475,24643,1662,1696,1689,1016,893,20647,21647,22647,23459,23750,1
Female,University,Married,37,110000,95986,189688,93984,91983,90129,89925,4300,5000,4109,3100,3322,185388,88984,87874,87029,86603,0
Female,University,Single,42,150000,255207,249205,245393,29526,6990,0,6301,8000,5000,6800,0,242904,237393,24526,190,0,0
Female,University,Single,32,80000,113740,97093,85266,85871,47367,47812,0,3448,2383,1609,2000,97093,81818,83488,45758,45812,1
Female,Graduate,Married,41,160000,24411,7944,1080,0,40100,18899,7944,1080,0,40100,18899,0,0,0,0,0,0
Female,University,Married,32,30000,3454,-2,-2,-2,708,940,0,0,0,710,1042,-2,-2,-2,-2,-102,0
Female,Graduate,Single,33,200000,4510,7430,4144,57836,1810,0,7430,4144,57836,1810,0,0,0,0,0,0,0
Female,Graduate,Married,33,150000,-3,350,0,863,863,0,353,0,863,0,0,-3,0,0,863,0,0
Female,University,Married,34,140000,0,0,0,0,0,0,0,0,0,0,0,0,0,0,0,0,0
Female,Graduate,Married,37,120000,21128,16121,12027,5870,2994,-175,5020,5000,1000,2994,0,11101,7027,4870,0,-175,0
Female,High School,Married,48,100000,390,5333,15798,390,2265,1823,5333,15798,390,2265,1823,0,0,0,0,0,0
Female,University,Married,38,50000,51023,51019,50951,50818,40453,37862,2300,2210,3300,1910,1530,48719,48741,47518,38543,36332,0
Female,High School,Married,42,80000,4571,4905,9764,3829,4248,3747,4905,9764,3829,4248,3747,0,0,0,0,0,0
Female,High School,Single,41,140000,85698,24993,26021,28684,29273,30900,1400,1337,3000,951,2000,23593,24684,25684,28322,28900,0
Female,Graduate,Married,45,270000,218116,207533,204532,196061,180142,185838,10041,10064,9238,6000,8044,197492,194468,186823,174142,177794,0
Female,High School,Married,36,210000,1168,1511,0,1783,1000,150,1511,0,1783,1000,150,0,0,0,0,0,0
Female,University,Married,48,230000,0,0,1611,1498,1301,309,0,1611,1498,1301,309,0,0,0,0,0,0
Female,University,Married,43,30000,26806,30035,29274,31460,33890,31224,4000,0,3000,2900,0,26035,29274,28460,30990,31224,0
Female,High School,Married,44,260000,259346,234428,176632,129022,131447,135699,9428,6729,5022,4447,5699,225000,169903,124000,127000,130000,1
Female,University,Married,42,20000,18162,18464,19465,19649,19978,20512,900,1600,800,950,1000,17564,17865,18849,19028,19512,1
Female,University,Married,34,160000,390,390,390,390,390,584,390,390,390,390,584,0,0,0,0,0,0
Female,University,Married,43,50000,46882,49737,50361,50152,28119,28238,5100,2600,2011,2000,3510,44637,47761,48141,26119,24728,0
Female,High School,Married,41,50000,46857,48080,49705,51400,16087,16827,2000,2400,3000,16087,1000,46080,47305,48400,0,15827,0
Female,Graduate,Married,38,160000,316,873,1392,0,696,696,873,1392,0,696,696,0,0,0,0,0,1
Female,High School,Married,44,140000,-9,900,311,7867,1031,1117,909,311,7867,1031,1117,-9,0,0,0,0,0
Female,University,Married,43,230000,7075,7806,8392,8967,8729,10816,1279,1295,1300,468,2816,6527,7097,7667,8261,8000,0
Female,University,Married,34,120000,0,0,0,0,0,0,0,0,0,0,0,0,0,0,0,0,0
Female,University,Married,49,20000,9589,11627,12145,12648,13438,14222,2200,1000,1000,1000,1000,9427,11145,11648,12438,13222,1
Female,University,Married,44,90000,390,390,390,390,390,390,390,390,390,390,390,0,0,0,0,0,1
Female,High School,Married,38,130000,64517,64254,66103,61549,62389,58782,3000,3500,3000,2500,2000,61254,62603,58549,59889,56782,0
Female,High School,Single,31,20000,-885,-885,18354,19064,19422,4390,20,21431,2300,558,4403,-905,-3077,16764,18864,-13,0
Female,Graduate,Single,31,230000,-7,6785,0,147,0,0,6792,0,147,0,0,-7,0,0,0,0,0
Female,University,Married,42,430000,89756,89395,90052,90604,91200,92134,3169,3243,3200,3185,3500,86226,86809,87404,88015,88634,0
Female,University,Married,40,110000,5457,6660,7590,8657,9013,9367,1300,1200,1200,500,500,5360,6390,7457,8513,8867,0
Female,Other,Married,40,210000,206446,202462,173236,84302,25876,140066,8139,10007,5609,2000,151139,194323,163229,78693,23876,-11073,1
Female,High School,Single,49,260000,-5684,211466,200304,2735,316,305,217773,200304,2759,316,305,-6307,0,-24,0,0,0
Female,High School,Married,45,280000,294995,316345,334612,262625,172344,182776,26345,24612,22625,12344,12776,290000,310000,240000,160000,170000,0
Female,University,Single,36,230000,858,885,669,656,827,2360,885,669,656,827,2376,0,0,0,0,-16,0
Female,High School,Single,46,50000,36165,15054,15414,16349,15800,14719,1600,1300,2000,600,1000,13454,14114,14349,15200,13719,0
Female,University,Single,36,320000,396,396,396,596,13386,396,396,396,596,13386,396,0,0,0,0,0,0
Female,University,Married,41,110000,104133,106135,45766,46864,50935,49538,4500,2000,2000,5000,2023,101635,43766,44864,45935,47515,1
Female,University,Married,42,180000,390,390,390,17475,17425,17396,390,390,17475,611,629,0,0,0,16814,16767,0
Female,High School,Single,41,180000,130979,133062,124014,125279,115315,117740,5739,4700,4316,4090,4245,127323,119314,120963,111225,113495,0
Female,University,Single,32,10000,5250,1223,2264,3230,0,0,1223,1066,1032,0,0,0,1198,2198,0,0,1
Female,University,Married,32,30000,0,0,0,0,0,0,0,0,0,0,0,0,0,0,0,0,1
Female,University,Single,32,70000,67955,58404,50036,36908,29439,19494,3007,1794,2000,967,1000,55397,48242,34908,28472,18494,1
Female,University,Single,44,20000,18578,19928,18677,18503,17231,15410,2000,2000,2000,1100,1586,17928,16677,16503,16131,13824,0
Female,University,Single,36,50000,39125,40169,41461,36901,18499,18244,2000,2000,2090,1000,648,38169,39461,34811,17499,17596,1
Female,University,Married,38,180000,390,10426,21430,21040,2234,12485,10426,11820,21040,2234,10641,0,9610,0,0,1844,0
Female,High School,Single,46,220000,214274,214207,211733,80965,78992,77537,11000,10000,10000,6000,6000,203207,201733,70965,72992,71537,0
Female,Graduate,Single,29,180000,15991,1473,26876,53390,35292,61910,1473,26876,53390,35292,61910,0,0,0,0,0,0
Female,Graduate,Single,29,170000,106146,115333,128440,124909,127393,130243,11021,15000,0,6059,5068,104312,113440,124909,121334,125175,0
Female,University,Single,30,100000,96636,95169,97303,99339,77082,77677,3402,3663,3788,2695,2772,91767,93640,95551,74387,74905,0
Female,University,Single,30,280000,13182,5290,2711,4464,4069,5161,5290,2711,4476,4069,5161,0,0,-12,0,0,0
Female,Graduate,Single,31,290000,21720,1240,3682,4694,5258,1248,1240,3682,4704,5258,1248,0,0,-10,0,0,0
Female,University,Married,31,30000,25320,24620,25522,26008,25294,26928,0,1600,1200,0,2200,24620,23922,24808,25294,24728,1
Female,University,Single,31,30000,28651,28716,26570,26829,26839,27449,1800,2000,1600,1000,1000,26916,24570,25229,25839,26449,0
Female,University,Married,46,80000,74745,76314,77344,49168,48243,47810,2815,2345,1763,1854,1737,73499,74999,47405,46389,46073,0
Female,University,Married,42,50000,48706,49704,50851,50868,12003,9679,1809,1956,2234,369,330,47895,48895,48634,11634,9349,0
Female,High School,Married,34,60000,6731,7777,9502,9217,9722,9291,1300,2000,0,800,0,6477,7502,9217,8922,9291,0
Female,University,Married,34,260000,198788,195154,191504,168983,160592,156826,6105,6345,7027,6000,5000,189049,185159,161956,154592,151826,0
Female,University,Married,41,60000,19813,20064,23213,20383,18431,18702,5000,5000,2000,1000,2000,15064,18213,18383,17431,16702,0
Female,University,Married,29,80000,85738,80445,82639,83357,78188,79492,0,7400,3000,0,5700,80445,75239,80357,78188,73792,0
Female,High School,Married,40,360000,0,0,0,0,0,0,0,0,0,0,0,0,0,0,0,0,0
Female,University,Married,30,180000,8531,9432,10771,11965,11903,12769,1200,1500,1431,369,1000,8232,9271,10534,11534,11769,0
Female,University,Single,31,80000,30911,28190,27045,22843,20578,19049,2009,1751,1500,1000,779,26181,25294,21343,19578,18270,1
Female,University,Married,44,70000,66301,68105,68287,28163,27220,28124,3500,3000,1500,1000,2000,64605,65287,26663,26220,26124,0
Female,Graduate,Married,36,360000,18641,7174,11044,15887,8607,8843,7174,11044,15895,8607,8843,0,0,-8,0,0,0
Female,High School,Single,36,300000,0,3958,0,0,6536,1400,1979,0,0,6536,1400,1979,0,0,0,0,0
Female,High School,Married,38,100000,87181,84668,83898,77260,68173,66682,4017,7121,94,2408,2513,80651,76777,77166,65765,64169,0
Female,Graduate,Single,29,100000,70205,64898,62715,61465,55501,57892,4000,5030,10000,5000,10000,60898,57685,51465,50501,47892,0
Female,High School,Married,34,120000,0,360,389,978,0,2358,360,389,978,0,2358,0,0,0,0,0,0
Female,University,Married,48,200000,22111,32938,10902,6309,4979,2978,11257,0,6309,0,2986,21681,10902,0,4979,-8,1
Female,Graduate,Married,37,180000,8592,8468,1300,0,2000,0,8478,1300,0,2000,0,-10,0,0,0,0,0
Female,University,Single,27,60000,7301,11482,39511,39654,38168,36526,11512,39511,1866,1400,2000,-30,0,37788,36768,34526,0
Female,University,Married,29,10000,6176,6512,7447,8777,8956,9731,1265,1200,1500,400,1000,5247,6247,7277,8556,8731,0
Female,Other,Married,35,230000,4793,6277,3433,11449,2433,23832,6336,3447,11449,2433,23832,-59,-14,0,0,0,0
Female,University,Single,27,50000,11966,12967,13962,13440,14416,14043,1500,1500,0,1200,0,11467,12462,13440,13216,14043,0
Female,University,Single,28,350000,3738,7555,36553,8997,13074,5107,7555,36698,9124,13074,5107,0,-145,-127,0,0,0
Female,High School,Married,28,200000,86,7024,1466,1466,479,2448,7066,1473,1473,486,3442,-42,-7,-7,-7,-994,1
Female,High School,Single,28,150000,1666,802,1793,0,0,0,806,1801,0,0,0,-4,-8,0,0,0,0
Female,University,Married,29,180000,113331,113436,109439,111108,108476,104655,5500,1308,7623,3900,11,107936,108131,103485,104576,104644,1
Female,Graduate,Single,30,30000,29009,28432,18191,9745,9545,13964,1315,1522,1200,0,6000,27117,16669,8545,9545,7964,0
Female,University,Single,30,70000,69494,112821,70305,71017,66218,66854,2716,2570,2720,2350,2500,110105,67735,68297,63868,64354,1
Female,University,Single,32,460000,30506,26595,16712,15635,6965,7107,1568,1714,1000,1000,142,25027,14998,14635,5965,6965,0
Female,University,Married,42,110000,776,776,776,776,776,926,776,776,776,776,926,0,0,0,0,0,0
Female,Graduate,Single,31,240000,31759,40286,9015,10476,20237,2011,10000,9015,2000,10000,2512,30286,0,8476,10237,-501,0
Female,University,Married,31,210000,205243,209502,203831,178410,130619,115700,7736,7100,8300,4800,4396,201766,196731,170110,125819,111304,0
Female,High School,Single,32,300000,-27,72044,10000,0,0,0,72071,2050,0,0,0,-27,7950,0,0,0,0
Female,Graduate,Single,34,170000,0,5010,7912,12517,14151,12157,5010,3000,5000,3020,5000,0,4912,7517,11131,7157,0
Female,University,Married,34,420000,49256,48264,45983,41494,41065,40666,4000,2650,1043,42000,40666,44264,43333,40451,-935,0,0
Female,Other,Single,34,230000,2223,2233,159,1772,28704,19474,1000,159,1778,28704,19474,1233,0,-6,0,0,0
Female,Graduate,Single,33,260000,465,460,0,3600,2250,1650,460,0,3600,2250,0,0,0,0,0,1650,0
Female,High School,Married,41,50000,46456,47445,48847,50065,17304,17824,1760,2162,2380,619,798,45685,46685,47685,16685,17026,0
Female,University,Single,43,80000,77479,77057,78102,58501,51042,19036,3631,3177,2600,3000,1691,73426,74925,55901,48042,17345,0
Female,Graduate,Married,45,200000,69288,0,1800,1795,58932,29331,0,1800,2000,60000,29331,0,0,-205,-1068,0,0
Female,High School,Married,40,80000,18608,19583,19098,14269,14612,16945,2000,2000,1090,2300,4500,17583,17098,13179,12312,12445,0
Female,University,Married,36,290000,8413,9852,8890,13338,10542,20076,2006,1529,5063,5000,10010,7846,7361,8275,5542,10066,0
Female,High School,Other,40,20000,390,390,2974,2376,5262,4401,390,2974,0,5262,88,0,0,2376,0,4313,1
Female,University,Married,42,50000,565,5481,2874,759,5328,2885,5481,0,759,5328,1,0,2874,0,0,2884,0
Female,University,Married,36,450000,3087,2081,198,9532,3420,130,2081,198,9532,3420,130,0,0,0,0,0,0
Female,University,Married,38,250000,-163,-553,212,49924,-918,-1567,0,2000,51002,2,0,-553,-1788,-1078,-920,-1567,0
Female,High School,Married,40,50000,48747,53239,51400,0,0,0,5300,0,0,0,0,47939,51400,0,0,0,0
Female,University,Other,40,280000,291952,275948,240627,228230,209987,196997,8562,7071,6574,5938,5867,267386,233556,221656,204049,191130,0
Female,High School,Married,41,20000,8777,10461,11583,13079,14546,16149,2000,1600,2000,2000,2000,8461,9983,11079,12546,14149,0
Female,High School,Married,37,310000,4052,6514,-3484,-3484,-3484,13833,6514,0,0,0,17317,0,-3484,-3484,-3484,-3484,0
Female,Graduate,Single,36,250000,111204,114954,116608,120564,121477,124115,5600,5000,5900,4400,4600,109354,111608,114664,117077,119515,0
Female,University,Married,36,180000,172360,176867,179020,180773,128078,119632,9000,6600,7000,0,4500,167867,172420,173773,128078,115132,1
Female,High School,Single,35,500000,458863,16818,37596,62845,80212,20494,16918,37596,31802,30615,21346,-100,0,31043,49597,-852,0
Female,High School,Married,44,30000,25957,28914,29754,28583,29739,28412,3400,1600,0,2220,0,25514,28154,28583,27519,28412,0
Female,University,Single,36,250000,71012,60816,59328,57692,52811,49067,2200,3003,2800,1834,1850,58616,56325,54892,50977,47217,0
Female,Graduate,Single,39,170000,60514,33711,21660,23307,15135,3527,5011,5000,6538,4167,3527,28700,16660,16769,10968,0,0
Female,University,Married,39,100000,518,0,0,0,0,0,0,0,0,0,0,0,0,0,0,0,0
Female,University,Married,42,430000,38495,11935,32878,115683,84049,37210,11935,32887,115683,0,37210,0,-9,0,84049,0,0
Female,University,Single,43,170000,136113,137722,139384,141314,139252,139205,7000,7000,7000,5100,5300,130722,132384,134314,134152,133905,0
Female,University,Single,32,210000,576,3578,34,10734,30367,8193,3578,0,10700,30367,19644,0,34,34,0,-11451,0
Female,University,Single,32,280000,6562,54318,4245,6969,29236,8865,54318,4281,6985,29264,8873,0,-36,-16,-28,-8,0
Female,High School,Single,47,160000,396,396,5345,396,396,6396,396,5345,396,396,6396,0,0,0,0,0,0
Female,Graduate,Married,40,210000,7542,-78,15611,502,781,754,0,15689,504,784,757,-78,-78,-2,-3,-3,0
Female,Graduate,Married,40,200000,3827,8030,5020,5451,2619,5188,8030,5020,5451,2619,5188,0,0,0,0,0,0
Female,Graduate,Single,30,400000,634,5939,6624,8004,10390,21325,5939,2624,3004,3090,11325,0,4000,5000,7300,10000,0
Female,High School,Single,35,80000,0,0,0,0,0,0,0,0,0,0,0,0,0,0,0,0,0
Female,University,Married,35,80000,30997,32043,31250,34109,34802,34108,1852,0,3711,1550,0,30191,31250,30398,33252,34108,1
Female,University,Married,38,30000,2828,4868,3963,4514,3129,675,3963,16,4527,675,0,905,3947,-13,2454,675,0
Female,High School,Married,39,20000,8562,9478,8198,9752,9447,10290,1200,0,1700,0,1000,8278,8198,8052,9447,9290,1
Female,Graduate,Married,37,300000,8756,26,19999,17139,10304,16062,26,20018,1072,206,6003,0,-19,16067,10098,10059,0
Female,University,Married,39,460000,11403,14015,2978,11402,12072,7090,14029,2978,11402,12802,7090,-14,0,0,-730,0,0
Female,University,Single,42,80000,42656,39657,30297,30633,31190,30905,1519,2000,2000,1312,3200,38138,28297,28633,29878,27705,0
Female,High School,Married,36,80000,808,808,1672,1672,836,836,836,1700,836,0,836,-28,-28,836,836,0,0
Female,High School,Married,40,100000,3234,6163,3786,3789,2195,3691,6163,0,3809,0,3691,0,3786,-20,2195,0,0
Female,Graduate,Married,41,100000,31786,34629,34189,36309,36916,36192,3680,400,3000,1500,0,30949,33789,33309,35416,36192,1
Female,University,Married,36,50000,46714,47404,48786,49768,27838,84810,1766,2148,2130,1200,1012,45638,46638,47638,26638,83798,0
Female,University,Married,36,80000,74328,75515,73741,75200,76959,78556,3000,0,2700,2950,3000,72515,73741,72500,74009,75556,1
Female,University,Single,37,130000,81731,84383,87518,89360,90481,92858,4000,4500,4190,3500,4000,80383,83018,85170,86981,88858,0
Female,University,Married,36,50000,46203,45159,49125,47956,43578,35126,0,4700,0,2004,3500,45159,44425,47956,41574,31626,0
Female,University,Married,44,210000,88309,89755,90031,70660,71172,71844,4500,3600,3100,2900,2600,85255,86431,67560,68272,69244,0
Female,Other,Single,39,260000,174591,175093,176088,155624,141976,141305,10000,10000,7619,7000,8000,165093,166088,148005,134976,133305,0
Female,University,Married,32,50000,45271,44751,43952,29136,19048,17946,2000,1500,1239,612,607,42751,42452,27897,18436,17339,0
Female,University,Single,33,460000,8316,11672,1110,1927,5621,1703,6018,1110,1927,5649,1703,5654,0,0,-28,0,0
Female,High School,Married,34,150000,115227,112391,98583,95810,87216,88201,10000,5000,4000,4000,3290,102391,93583,91810,83216,84911,0
Female,High School,Married,31,80000,56195,60067,58535,59730,61236,70617,4808,0,2169,2500,10400,55259,58535,57561,58736,60217,0
Female,University,Married,42,80000,46911,31748,16000,0,0,0,1748,1000,0,0,0,30000,15000,0,0,0,0
Female,High School,Married,46,180000,10456,7326,8469,6591,5244,2174,357,8510,5244,2174,0,6969,-41,1347,3070,2174,1
Female,High School,Married,35,100000,0,0,0,0,249,317,0,0,0,249,317,0,0,0,0,0,0
Female,University,Married,40,60000,28738,30216,23720,1569,5580,2211,4000,1010,1569,5580,2211,26216,22710,0,0,0,1
Female,High School,Single,34,50000,51037,47669,48940,50545,29523,28960,2100,2329,2943,990,1168,45569,46611,47602,28533,27792,0
Female,Graduate,Married,42,390000,310075,184647,90383,55212,29701,-1429,10021,4000,15046,20000,0,174626,86383,40166,9701,-1429,0
Female,Graduate,Married,38,210000,8420,8106,4168,23067,19972,45864,3000,4521,24000,10000,30000,5106,-353,-933,9972,15864,0
Female,University,Single,39,160000,163058,161485,161076,156478,122441,120574,6001,6401,6384,4600,4800,155484,154675,150094,117841,115774,0
Female,High School,Married,42,50000,28693,31854,31065,31976,29300,31151,3644,0,1766,1036,2700,28210,31065,30210,28264,28451,0
Female,University,Single,31,50000,10682,11694,12819,36424,37029,36303,1194,1319,23924,1500,0,10500,11500,12500,35529,36303,0
Female,University,Married,37,160000,138594,134736,97629,100398,102606,104864,3755,3676,3637,3000,3040,130981,93953,96761,99606,101824,0
Female,University,Married,40,220000,5785,4164,8553,11652,14968,7898,4183,8603,11709,15823,7937,-19,-50,-57,-855,-39,0
Female,High School,Married,43,80000,71604,73316,75039,76597,78712,81365,3500,3500,3400,4000,4000,69816,71539,73197,74712,77365,0
Female,University,Married,31,170000,60644,63948,62090,63000,0,0,5000,5000,4000,0,0,58948,57090,59000,0,0,0
Female,High School,Married,33,60000,56326,54833,56105,59338,57870,57884,0,2750,4850,0,2180,54833,53355,54488,57870,55704,0
Female,Graduate,Married,36,200000,588,608,4695,2008,164,3383,608,4695,2008,164,3383,0,0,0,0,0,0
Female,Graduate,Single,41,320000,2197,1376,3342,11970,9700,38473,1376,3343,11973,9700,38473,0,-1,-3,0,0,0
Female,Graduate,Married,47,160000,0,0,0,0,0,0,0,0,0,0,0,0,0,0,0,0,0
Female,University,Married,45,20000,9779,9368,4494,5405,1000,3383,1063,1089,1000,3899,3383,8305,3405,4405,-2899,0,0
Female,Graduate,Single,27,80000,988,12922,12261,2393,407,2888,12961,0,2403,407,3176,-39,12261,-10,0,-288,1
Female,University,Single,29,210000,103591,104103,70449,66311,26802,25029,3831,3357,2098,610,763,100272,67092,64213,26192,24266,0
Female,Graduate,Single,27,50000,4950,5924,4766,5652,5772,4392,1068,1114,1000,120,0,4856,3652,4652,5652,4392,1
Female,Graduate,Single,28,500000,390393,374105,467911,355531,587067,323821,26085,13566,18975,11096,35204,348020,454345,336556,575971,288617,0
Female,University,Single,28,120000,0,0,0,0,0,0,0,0,0,0,0,0,0,0,0,0,0
Female,University,Single,28,20000,20583,19942,16614,15941,13205,6009,0,1358,1065,327,187,19942,15256,14876,12878,5822,0
Female,Graduate,Single,28,250000,116861,109714,101494,92258,71472,77800,5000,5000,3000,3000,11500,104714,96494,89258,68472,66300,0
Female,High School,Married,34,80000,3500,9295,2500,3045,1451,6541,9295,2500,3045,1456,6541,0,0,0,-5,0,0
Female,University,Single,28,240000,1154,1154,0,1954,0,0,1154,0,1954,0,0,0,0,0,0,0,0
Female,University,Single,28,150000,22943,18989,19961,16549,14227,15380,1335,1307,1178,1500,1500,17654,18654,15371,12727,13880,0
Female,University,Single,29,340000,43733,16584,16498,100928,26083,20214,16787,16514,100940,20229,25,-203,-16,-12,5854,20189,0
Female,Graduate,Married,28,80000,73606,81876,71029,67915,69190,53606,10200,4000,10000,11700,53606,71676,67029,57915,57490,0,0
Female,High School,Single,29,130000,12939,10000,2277,1132,1289,0,1000,2277,1132,1289,0,9000,0,0,0,0,0
Female,University,Single,29,100000,87133,79469,75452,69257,62005,60882,3400,3350,3000,2400,2500,76069,72102,66257,59605,58382,0
Female,Graduate,Single,29,230000,12394,12105,2439,5185,9893,11567,2102,3000,6000,5000,2000,10003,-561,-815,4893,9567,0
Female,Graduate,Single,30,160000,0,0,0,0,0,0,0,0,0,0,0,0,0,0,0,0,0
Female,University,Single,29,220000,28992,36106,33494,29518,29569,28587,8000,3000,3000,6000,5000,28106,30494,26518,23569,23587,0
Female,Graduate,Single,29,80000,14227,15185,16236,16960,17777,18042,1500,1600,1300,1100,700,13685,14636,15660,16677,17342,1
Female,University,Married,29,420000,48455,34993,35340,54763,59037,60290,2011,3000,20000,5000,2000,32982,32340,34763,54037,58290,0
Female,University,Single,32,130000,11175,14181,70042,20739,7469,5963,14181,70505,20749,7469,5997,0,-463,-10,0,-34,0
Female,Graduate,Single,32,80000,40478,38533,22243,8524,819,-181,5225,5091,3528,0,0,33308,17152,4996,819,-181,0
Female,Graduate,Single,31,210000,77830,68850,42884,23547,18574,12466,2555,2027,1045,1000,500,66295,40857,22502,17574,11966,0
Female,Graduate,Single,31,220000,124281,84575,93180,99097,106391,97337,10000,10000,8000,10000,10000,74575,83180,91097,96391,87337,0
Female,University,Single,30,170000,132283,121009,136552,132655,134140,115892,6000,19078,0,5000,5000,115009,117474,132655,129140,110892,1
Female,Graduate,Single,30,50000,41934,43041,44048,44824,46469,47579,2100,2000,1800,2700,2000,40941,42048,43024,43769,45579,0
Female,University,Single,31,80000,4771,4771,538,15664,150,1150,4771,538,15664,150,1150,0,0,0,0,0,0
Female,Graduate,Single,33,300000,58719,60142,61577,62169,63374,59865,3000,3000,2300,2203,1858,57142,58577,59869,61171,58007,0
Female,University,Married,33,140000,0,7933,7283,8577,9452,11153,7933,2000,2000,1000,2000,0,5283,6577,8452,9153,0
Female,University,Single,33,290000,242422,221004,211610,214300,213834,217758,7757,7697,7657,7771,7870,213247,203913,206643,206063,209888,0
Female,Graduate,Single,33,80000,0,747,0,0,3937,2359,747,0,0,3937,0,0,0,0,0,2359,0
Female,Graduate,Married,33,500000,3994,7222,33823,130689,77736,151,8022,34000,100028,0,151,-800,-177,30661,77736,0,0
Female,High School,Married,44,40000,35544,36664,35800,36839,35967,36586,2000,0,2000,2000,3000,34664,35800,34839,33967,33586,1
Female,University,Married,45,50000,39944,41180,41870,8469,8411,8361,2124,2037,1130,295,302,39056,39833,7339,8116,8059,0
Female,University,Married,34,260000,0,0,0,167,-810,-810,0,0,167,810,0,0,0,0,-1620,-810,0
Female,High School,Married,45,80000,19989,11904,10787,6226,1936,37201,1228,1156,1200,8,37201,10676,9631,5026,1928,0,0
Female,Graduate,Married,35,280000,7147,2500,0,0,0,0,2500,0,0,0,0,0,0,0,0,0,0
Female,Graduate,Married,37,270000,264,217,253,189,-75,525,217,300,200,0,600,0,-47,-11,-75,-75,0
Female,High School,Married,48,80000,33058,1945,2587,2108,1921,2071,1945,2587,2108,1936,2071,0,0,0,-15,0,0
Female,University,Married,34,120000,119884,105631,73143,75919,77059,78820,4545,2700,4000,3000,3000,101086,70443,71919,74059,75820,0
Female,Graduate,Married,40,300000,121603,125098,94769,112777,100323,87009,30000,25000,50007,10000,20000,95098,69769,62770,90323,67009,0
Female,University,Single,37,120000,38757,41302,39247,44412,23344,22892,4300,0,9076,8788,1000,37002,39247,35336,14556,21892,0
Female,University,Other,36,80000,63908,55028,44654,42464,38320,40586,10051,5013,3044,5006,5012,44977,39641,39420,33314,35574,0
Female,University,Married,42,50000,12106,10946,11968,12978,13236,13664,1184,1206,1216,474,642,9762,10762,11762,12762,13022,0
Female,University,Married,47,100000,24735,27555,29798,31028,33544,35328,3555,3000,2028,3354,2328,24000,26798,29000,30190,33000,0
Female,University,Married,44,180000,6529,6622,6572,3179,11875,7633,6626,6583,3179,18462,7633,-4,-11,0,-6587,0,0
Female,University,Married,45,160000,63198,36236,37847,37837,37637,0,7000,2500,1300,0,0,29236,35347,36537,37637,0,0
Female,University,Married,49,350000,16173,9122,12228,19850,8800,4260,9122,12228,19850,8800,4260,0,0,0,0,0,0
Female,High School,Married,33,50000,23500,0,0,0,0,0,0,0,0,0,0,0,0,0,0,0,0
Female,University,Single,37,320000,-5700,-5700,-5700,197300,-2300,227835,0,0,203000,400,310135,-5700,-5700,-5700,-2700,-82300,0
Female,University,Single,35,170000,121231,124208,118111,92592,96114,99628,5000,5000,10000,5000,5000,119208,113111,82592,91114,94628,0
Female,University,Married,37,50000,47832,45646,32668,25738,30192,27912,3010,5004,10000,5200,0,42636,27664,15738,24992,27912,0
Female,Graduate,Married,40,360000,108399,105167,115468,112157,114690,117845,0,12000,0,5900,5000,105167,103468,112157,108790,112845,1
Female,University,Single,36,70000,68028,67864,59165,29314,28844,29443,3340,2044,1773,1181,1215,64524,57121,27541,27663,28228,1
Female,High School,Married,45,20000,1403,6920,10785,390,6210,1040,6990,10785,390,6210,1040,-70,0,0,0,0,0
Female,High School,Married,46,100000,33699,32450,30160,22934,21876,22910,4500,0,1600,1000,2800,27950,30160,21334,20876,20110,0
Female,High School,Other,36,180000,326,326,326,326,326,326,326,326,326,326,326,0,0,0,0,0,0
Female,High School,Married,42,160000,0,1473,1863,0,112978,115357,1473,1863,0,119001,5000,0,0,0,-6023,110357,0
Female,University,Married,35,230000,1214,964,1214,464,214,-536,500,1000,0,500,0,464,214,464,-286,-536,1
Female,University,Married,38,20000,0,0,0,0,0,0,0,0,0,0,0,0,0,0,0,0,1
Female,University,Married,39,180000,101526,101957,104317,106583,108811,111160,3000,4000,4000,4000,4100,98957,100317,102583,104811,107060,0
Female,Graduate,Single,45,180000,0,0,0,0,0,0,0,0,0,0,0,0,0,0,0,0,0
Female,University,Married,34,20000,17625,14841,492,23150,17883,7729,1019,990,23965,371,7738,13822,-498,-815,17512,-9,0
Female,University,Married,49,150000,0,970,8867,0,600,0,970,8867,0,600,0,0,0,0,0,0,0
Female,Graduate,Married,40,240000,0,0,0,0,0,0,0,0,0,0,0,0,0,0,0,0,1
Female,High School,Married,37,360000,0,0,0,0,0,239,0,0,0,0,239,0,0,0,0,0,0
Female,University,Married,35,260000,5656,591,6574,3551,3634,2440,869,6574,3551,3700,0,-278,0,0,-66,2440,0
Female,University,Married,34,500000,17172,34674,6229,11534,12482,18192,35454,6229,11534,12564,18192,-780,0,0,-82,0,0
Female,University,Married,41,200000,-60,-60,1590,8188,428,278,0,1650,8188,428,0,-60,-60,0,0,278,0
Female,High School,Single,45,230000,30099,20069,1000,0,0,0,1000,1000,0,0,0,19069,0,0,0,0,0
Female,University,Single,32,200000,127132,126380,124413,118419,121047,123719,5058,11518,0,4600,4800,121322,112895,118419,116447,118919,0
Female,High School,Married,37,70000,48684,49628,53163,49953,32535,27715,1785,7320,1700,1200,1400,47843,45843,48253,31335,26315,0
Female,High School,Married,36,160000,0,17029,1283,4404,0,535,17029,1283,4404,0,535,0,0,0,0,0,0
Female,University,Single,33,80000,25211,14863,15816,12710,0,0,1300,1210,1000,0,0,13563,14606,11710,0,0,0
Female,University,Married,30,100000,47423,49978,52520,54877,57484,59095,3000,3000,3000,3000,2000,46978,49520,51877,54484,57095,0
Female,University,Married,38,20000,0,2000,0,0,0,0,2000,0,0,0,0,0,0,0,0,0,1
Female,High School,Married,47,110000,109461,109473,81439,81425,81039,81162,3477,2972,2853,2739,2852,105996,78467,78572,78300,78310,0
Female,University,Single,35,100000,326,2691,326,326,652,326,2691,326,326,652,0,0,0,0,0,326,1
Female,University,Married,39,240000,233161,238187,243554,211924,216395,231767,8900,9500,8000,8000,19000,229287,234054,203924,208395,212767,0
Female,Graduate,Married,31,170000,1564,0,0,0,0,1800,0,0,0,0,1800,0,0,0,0,0,0
Female,Graduate,Single,31,110000,91773,93892,94652,97097,98097,100361,4550,3150,4900,3500,4000,89342,91502,92197,94597,96361,1
Female,University,Single,44,50000,501,1463,1276,827,105,270,1463,1276,827,105,270,0,0,0,0,0,0
Female,University,Single,41,390000,10496,-23,-349,-675,-1001,-1327,0,0,0,0,0,-23,-349,-675,-1001,-1327,0
Female,High School,Married,44,40000,13033,14041,15065,16077,16396,16739,1232,1256,1268,587,607,12809,13809,14809,15809,16132,0
Female,High School,Married,39,160000,6089,2376,0,0,0,0,2400,0,0,0,0,-24,0,0,0,0,0
Female,High School,Married,41,20000,18548,21046,20296,10245,6635,6877,3100,3,0,700,500,17946,20293,10245,5935,6377,0
Female,University,Single,36,180000,0,0,0,0,0,10970,0,0,0,0,10970,0,0,0,0,0,0
Female,University,Married,41,50000,23165,21974,20544,17210,15754,10860,2000,2101,0,2201,1000,19974,18443,17210,13553,9860,1
Female,University,Married,37,110000,20733,21738,22760,23466,24085,24584,1602,1624,1330,949,976,20136,21136,22136,23136,23608,0
Female,High School,Single,39,20000,15969,16685,19008,18710,20235,19483,1285,2608,310,1835,707,15400,16400,18400,18400,18776,1
Female,High School,Married,36,40000,15861,18580,17994,20671,22328,21830,3000,0,3000,2000,0,15580,17994,17671,20328,21830,0
Female,High School,Married,47,50000,46666,47606,48350,48786,49277,50151,2100,2200,2000,2000,1755,45506,46150,46786,47277,48396,1
Female,Graduate,Single,30,200000,200,200,200,959,759,1317,200,200,959,0,931,0,0,0,759,386,0
Female,University,Married,31,90000,19929,17671,7870,0,0,0,1500,1000,0,0,3000,16171,6870,0,0,-3000,0
Female,Graduate,Single,34,300000,0,0,0,0,0,1280,0,0,0,0,1280,0,0,0,0,0,0
Female,University,Married,36,310000,294180,295875,302438,293473,297926,280967,11000,11300,10500,10100,10000,284875,291138,282973,287826,270967,0
Female,University,Married,37,330000,46348,37052,36228,37833,37694,41269,1574,1640,3000,3000,4016,35478,34588,34833,34694,37253,0
Female,High School,Single,30,210000,1661,5793,1181,1031,1430,1031,5793,1181,1031,1430,1031,0,0,0,0,0,0
Female,University,Single,34,260000,8383,2976,11237,27500,27500,33880,2985,11247,27500,0,21380,-9,-10,0,27500,12500,0
Female,Graduate,Single,35,290000,2348,10421,566,12008,19820,17135,10421,566,12008,8012,343,0,0,0,11808,16792,0
Female,University,Married,39,20000,17751,18963,18378,20000,19600,20000,1800,0,2400,0,400,17163,18378,17600,19600,19600,0
Female,University,Married,31,140000,98250,100319,102231,95852,94005,93177,4600,4523,4300,3300,3400,95719,97708,91552,90705,89777,0
Female,University,Married,36,150000,100247,109909,112453,113318,114268,116688,12924,5800,4200,4300,4400,96985,106653,109118,109968,112288,1
Female,High School,Other,46,50000,390,390,390,390,1200,1869,390,390,390,1200,1869,0,0,0,0,0,0
Female,University,Married,37,50000,7390,2157,4204,390,390,540,2157,4204,390,390,540,0,0,0,0,0,0
Female,University,Married,28,270000,1459,-702,1900,7518,57765,59377,12,5011,8049,53008,5004,-714,-3111,-531,4757,54373,0
Female,University,Married,28,240000,175976,149257,93689,81226,71547,72794,6600,3711,3100,2500,3019,142657,89978,78126,69047,69775,0
Female,Graduate,Single,29,150000,78044,43437,45132,39180,31422,32410,2000,2500,3300,2150,1500,41437,42632,35880,29272,30910,0
Female,University,Single,40,260000,120108,107696,103745,90818,92640,94338,4224,3650,5000,3640,3500,103472,100095,85818,89000,90838,0
Female,High School,Married,42,470000,219081,285141,408974,361703,318251,310982,70000,140000,13000,11000,20000,215141,268974,348703,307251,290982,0
Female,Graduate,Married,47,190000,192493,193297,193400,193278,192956,193039,7200,7222,7300,7100,7380,186097,186178,185978,185856,185659,0
Female,University,Single,28,160000,5171,3634,4436,1978,3781,1732,3634,4436,1978,3781,1732,0,0,0,0,0,0
Female,Graduate,Single,31,320000,66604,9293,19905,15645,11388,28017,9293,19905,15452,11388,28017,0,0,193,0,0,0
Female,University,Single,30,30000,24482,25571,26294,27308,27853,28504,1800,1441,1455,1000,1100,23771,24853,25853,26853,27404,1
Female,Graduate,Single,33,150000,24393,26847,32702,33459,27800,2261,27007,32715,33475,27808,2261,-160,-13,-16,-8,0,0
Female,University,Single,34,200000,189490,204278,207559,202518,164682,168224,18000,8000,0,6000,6200,186278,199559,202518,158682,162024,1
Female,University,Single,34,150000,39883,34983,23772,20410,14818,7565,2068,1331,1029,353,208,32915,22441,19381,14465,7357,0
Female,High School,Married,30,50000,48549,49256,50338,48848,46709,47688,1813,1895,2200,1595,1653,47443,48443,46648,45114,46035,0
Female,University,Single,24,80000,19188,18774,12339,11312,8324,7079,1374,1235,1101,270,1000,17400,11104,10211,8054,6079,0
Female,University,Married,47,50000,9532,14023,13513,14388,13862,14149,5000,0,1400,0,659,9023,13513,12988,13862,13490,0
Female,High School,Married,37,80000,93050,99396,100495,97982,100261,102147,8840,3560,0,3912,3832,90556,96935,97982,96349,98315,1
Female,University,Single,34,280000,7215,28794,-5,1175,-23,-23,24143,0,1180,0,0,4651,-5,-5,-23,-23,0
Female,Graduate,Married,38,160000,132932,134384,131724,131767,133195,126064,8005,15000,10000,7000,5000,126379,116724,121767,126195,121064,0
Female,Graduate,Single,29,80000,28491,26524,23224,23141,22160,21478,1710,1500,1700,1000,1000,24814,21724,21441,21160,20478,0
Female,University,Single,30,160000,136053,86746,86019,87990,87186,84373,3528,3500,3500,4000,3500,83218,82519,84490,83186,80873,0
Female,University,Married,32,90000,3682,3472,33784,0,0,256,0,33812,0,0,256,3472,-28,0,0,0,0
Female,University,Single,32,360000,11646,14124,23497,13128,13485,0,5000,10000,5000,3500,0,9124,13497,8128,9985,0,0
Female,University,Married,34,80000,71435,72886,74678,74080,75251,77040,2642,3000,3274,3000,3000,70244,71678,70806,72251,74040,0
Female,High School,Married,36,20000,626,626,1252,626,626,776,626,1252,0,626,776,0,0,626,0,0,1
Female,University,Married,48,50000,48572,45067,46492,47368,7988,8011,2028,2453,2329,431,300,43039,44039,45039,7557,7711,0
Female,Graduate,Married,40,200000,80468,82874,84900,85758,87003,89112,4200,4100,3000,3400,3500,78674,80800,82758,83603,85612,1
Female,High School,Married,44,50000,13112,14679,15143,16892,16341,15798,2100,1000,2300,0,0,12579,14143,14592,16341,15798,1
Female,University,Married,31,120000,21134,20502,24832,24135,28723,31258,0,5000,0,5000,3000,20502,19832,24135,23723,28258,1
Female,University,Married,31,60000,63201,56600,54952,32094,31232,30384,1132,60994,1436,1047,1056,55468,-6042,30658,30185,29328,1
Female,High School,Single,32,120000,66551,67876,69903,71446,79589,81354,2429,3120,3300,10000,3200,65447,66783,68146,69589,78154,0
Female,Graduate,Married,32,80000,0,0,1900,7411,1900,0,0,1900,7411,1900,0,0,0,0,0,0,0
Female,University,Single,32,140000,103181,107446,125702,124182,124155,137176,6000,20000,2000,3500,15000,101446,105702,122182,120655,122176,0
Female,Graduate,Married,33,300000,3890,4002,1438,5322,6814,2956,4008,1438,5328,6814,114,-6,0,-6,0,2842,0
Female,University,Married,30,230000,8685,1079,2923,25916,4219,7903,1079,3000,25916,2219,4000,0,-77,0,2000,3903,0
Female,High School,Single,30,310000,5931,118109,131107,97009,51757,50009,120000,18008,20000,12000,5000,-1891,113099,77009,39757,45009,0
Female,Graduate,Single,31,330000,4054,4661,5731,5186,6522,8995,1091,2000,1222,2400,3000,3570,3731,3964,4122,5995,0
Female,Graduate,Married,35,210000,67374,55004,56221,57181,61327,60227,2500,2700,2500,5100,0,52504,53521,54681,56227,60227,0
Female,University,Married,35,120000,115600,113690,114609,118232,119052,119232,5521,4232,5602,4123,4330,108169,110377,112630,114929,114902,0
Female,University,Married,35,170000,96565,62524,88390,63470,55890,51650,30580,50000,24517,14243,7852,31944,38390,38953,41647,43798,0
Female,University,Single,39,50000,25254,26366,510,16121,17539,19088,2000,510,16121,2000,2000,24366,0,0,15539,17088,0
Female,High School,Married,44,100000,12724,12228,13255,13959,14921,14539,0,1529,1233,1195,0,12228,11726,12726,13726,14539,1
Female,Graduate,Single,33,140000,10174,8651,19404,19498,9771,1106,8651,19404,10000,2000,1106,0,0,9498,7771,0,0
Female,University,Single,33,210000,43047,9378,0,0,0,0,1000,0,0,0,0,8378,0,0,0,0,0
Female,Graduate,Single,34,360000,96169,96586,98927,98750,96045,93456,4000,4223,4004,4000,3500,92586,94704,94746,92045,89956,0
Female,University,Other,34,50000,50854,17429,17728,17886,18043,19134,1314,2000,1300,1000,1500,16115,15728,16586,17043,17634,0
Female,University,Single,34,340000,0,2630,0,0,0,0,2630,0,0,0,0,0,0,0,0,0,0
Female,Graduate,Single,37,260000,1050,1050,2287,1050,1050,1050,1050,2287,0,1050,1050,0,0,1050,0,0,1
Female,High School,Single,37,500000,5186,3985,3935,4861,4523,4637,0,1101,1027,117,141,3985,2834,3834,4406,4496,0
Female,University,Married,40,60000,57388,58381,56363,47940,30134,31144,2522,0,3000,1083,1500,55859,56363,44940,29051,29644,0
Female,University,Married,38,420000,56107,53309,-11,51555,2093,5773,53400,0,51566,2093,5773,-91,-11,-11,0,0,0
Female,High School,Married,41,30000,28041,23367,22843,23044,25082,25648,13,2003,2008,5000,1005,23354,20840,21036,20082,24643,0
Female,University,Married,41,370000,1442,9750,0,30100,0,0,9750,0,30100,0,0,0,0,0,0,0,0
Female,Graduate,Married,35,450000,7240,1251,0,1620,0,4155,1251,0,1620,0,4155,0,0,0,0,0,0
Female,Graduate,Married,39,400000,1991,2920,1721,2018,446,1068,2920,2500,2018,0,1068,0,-779,0,446,0,1
Female,Graduate,Single,46,400000,2030,10520,6073,8591,6611,17080,10540,18,8591,0,10990,-20,6055,0,6611,6090,1
Female,University,Single,39,640000,119887,123223,119211,118722,105197,93921,10000,10000,10535,15000,5000,113223,109211,108187,90197,88921,0
Female,University,Married,38,210000,4991,551,33658,42551,51800,2295,551,33658,10551,10000,2295,0,0,32000,41800,0,0
Female,High School,Single,35,30000,27873,27326,27648,27859,27084,27133,1441,1479,1406,1097,2031,25885,26169,26453,25987,25102,0
Female,Graduate,Married,36,100000,16155,3514,3400,15156,13920,2099,3514,3400,15156,13920,2099,0,0,0,0,0,0
Female,Graduate,Married,41,250000,22423,16296,32631,43399,2323,46895,60,32812,43932,2323,47356,16236,-181,-533,0,-461,0
Female,Graduate,Single,40,190000,122308,124332,126944,130606,131120,133774,4445,5000,6171,4536,5150,119887,121944,124435,126584,128624,0
Female,High School,Married,43,20000,9540,11788,14137,16283,17108,18005,2422,2560,2426,1038,1116,9366,11577,13857,16070,16889,0
Female,High School,Married,40,180000,20909,24262,2079,792,1645,1645,4262,2083,792,1645,0,20000,-4,0,0,1645,0
Female,Graduate,Married,29,200000,188,2210,2451,3043,1542,0,2215,2451,3043,1542,0,-5,0,0,0,0,0
Female,Graduate,Single,29,80000,0,0,1612,16388,0,0,0,1612,16415,0,0,0,0,-27,0,0,0
Female,University,Single,29,120000,96686,77817,29166,7403,3095,9641,3508,2003,2772,3095,9641,74309,27163,4631,0,0,0
Female,University,Single,29,50000,30517,31866,29647,29539,31384,31924,4000,0,3000,4000,3000,27866,29647,26539,27384,28924,0
Female,Other,Single,30,260000,5106,280,6158,9439,5492,397,280,6160,9439,5492,397,0,-2,0,0,0,0
Female,Graduate,Single,30,180000,0,3095,7843,13084,926,711,3095,5000,6022,2566,711,0,2843,7062,-1640,0,0
Female,University,Married,30,130000,1650,1650,1650,1650,1650,1650,1650,1650,1650,1650,1650,0,0,0,0,0,1
Female,University,Married,30,110000,68910,70382,71866,72698,70930,72439,3200,3200,2600,0,2650,67182,68666,70098,70930,69789,0
Female,University,Married,44,50000,50496,47955,48751,37140,19535,19492,2007,10109,1514,1000,1000,45948,38642,35626,18535,18492,0
Female,Graduate,Married,46,500000,196606,64144,49722,67909,61613,16932,10000,10000,20025,10000,20000,54144,39722,47884,51613,-3068,0
Female,Graduate,Single,32,360000,0,0,0,0,0,0,0,0,0,0,0,0,0,0,0,0,0
Female,University,Married,34,80000,1383,5030,1964,7541,3201,5026,5030,1964,7568,0,5026,0,0,-27,3201,0,0
Female,Graduate,Single,33,10000,7486,9354,7183,7814,7814,7190,3000,0,1000,0,0,6354,7183,6814,7814,7190,0
Female,Graduate,Married,34,320000,5159,967,14331,16591,9433,398,967,14331,9433,0,0,0,0,7158,9433,398,0
Female,High School,Married,32,30000,28701,26108,17595,24715,22136,22738,27078,17648,25008,509,22806,-970,-53,-293,21627,-68,0
Female,High School,Married,32,80000,0,0,0,0,0,0,0,0,0,0,0,0,0,0,0,0,0
Female,University,Married,34,160000,79727,77290,72681,66526,66893,66637,0,4500,2500,3000,3000,77290,68181,64026,63893,63637,0
Female,Graduate,Single,34,490000,19036,14474,3404,14445,7672,2295,5038,3404,14445,7672,2295,9436,0,0,0,0,0
Female,Graduate,Married,35,220000,0,0,0,0,0,0,0,0,0,0,0,0,0,0,0,0,0
Female,Graduate,Married,35,450000,403,0,0,390,390,390,0,0,390,390,390,0,0,0,0,0,0
Female,High School,Married,35,370000,5886,4821,6823,26501,32774,32645,8190,6000,27011,15004,10000,-3369,823,-510,17770,22645,0
Female,High School,Married,34,80000,43321,47586,48525,49423,46132,47233,5000,2000,2000,0,2000,42586,46525,47423,46132,45233,1
Female,Graduate,Married,47,360000,2500,0,0,0,0,0,0,0,0,0,0,0,0,0,0,0,1
Female,University,Married,42,60000,58899,55834,55993,56675,57550,57545,2579,2047,2024,2180,2321,53255,53946,54651,55370,55224,0
Female,Graduate,Married,45,50000,7963,1664,5408,2734,7976,0,1669,5413,2734,7976,0,-5,-5,0,0,0,0
Female,University,Married,49,160000,347,2389,0,0,0,0,2389,0,0,0,0,0,0,0,0,0,0
Female,High School,Married,41,260000,264549,227021,233426,230319,127897,118868,10000,12007,9170,4853,4531,217021,221419,221149,123044,114337,0
Female,University,Single,45,220000,990,990,990,990,5538,5687,990,990,990,5538,1206,0,0,0,0,4481,0
Female,High School,Married,46,60000,44030,44509,44999,45463,45918,47863,1500,1500,1500,1500,3000,43009,43499,43963,44418,44863,1
Female,Graduate,Married,38,220000,171784,177468,173233,176859,182393,187446,10000,0,8000,10000,8000,167468,173233,168859,172393,179446,0
Female,Graduate,Married,39,290000,264,264,264,264,264,264,264,264,264,264,264,0,0,0,0,0,0
Female,High School,Single,40,130000,98874,99363,101618,-32,-32,-32,5000,5000,3000,0,0,94363,96618,-3032,-32,-32,0
Female,University,Married,41,200000,6981,678,1287,54531,55229,56836,1000,1350,54531,2200,2500,-322,-63,0,53029,54336,0
Female,High School,Other,37,200000,0,35000,5000,4000,22800,5716,35000,5000,4000,22800,5716,0,0,0,0,0,0
Female,High School,Other,44,110000,38639,39694,40752,41476,42090,43059,2000,2000,1700,1600,1800,37694,38752,39776,40490,41259,1
Female,High School,Married,45,30000,15667,12110,14904,14340,15131,16909,12110,3000,0,1000,2000,0,11904,14340,14131,14909,1
Female,University,Married,42,30000,22943,47912,25023,25768,26410,27960,1700,1755,1500,1000,1909,46212,23268,24268,25410,26051,0
Female,University,Married,41,100000,621,0,368,0,1900,1900,0,368,0,1900,0,0,0,0,0,1900,0
Female,University,Married,44,360000,0,0,0,0,0,0,0,0,0,0,0,0,0,0,0,0,0
Female,University,Married,38,140000,84539,96604,90785,95736,95912,97070,18000,0,10000,5000,6000,78604,90785,85736,90912,91070,0
Female,High School,Married,47,50000,34740,9769,9899,11017,13460,15529,4000,2000,2000,3000,4000,5769,7899,9017,10460,11529,0
Female,High School,Married,35,70000,1473,1473,390,390,1311,1933,1473,390,390,1311,1933,0,0,0,0,0,0
Female,High School,Single,48,60000,48094,43533,39252,38051,37988,38725,0,1700,1700,2000,1500,43533,37552,36351,35988,37225,0
Female,High School,Single,39,360000,0,0,271,-1,560,0,0,271,0,561,0,0,0,-1,-1,0,0
Female,Graduate,Married,40,240000,0,9965,4100,4100,4100,4100,9965,4100,4100,4100,4100,0,0,0,0,0,0
Female,Graduate,Single,30,200000,896,896,670,6220,8536,23040,900,674,6450,8579,23155,-4,-4,-230,-43,-115,0
Female,High School,Married,35,100000,91518,76621,78265,82808,83869,85191,3000,4000,8000,4000,3500,73621,74265,74808,79869,81691,0
Female,University,Married,41,50000,9172,10184,11204,12214,12458,12719,1172,1192,1202,446,462,9012,10012,11012,12012,12257,0
Female,University,Single,41,100000,98075,96813,85590,79747,70468,63235,3600,3289,2632,2449,2300,93213,82301,77115,68019,60935,0
Female,Other,Single,42,270000,14352,1843,9190,2072,637,238,1859,9190,2072,637,238,-16,0,0,0,0,0
Female,High School,Married,48,50000,47945,35712,23177,8550,6373,5848,4100,1150,1200,1000,1000,31612,22027,7350,5373,4848,0
Female,University,Married,41,300000,5511,1982,2263,7412,5113,4121,1982,2267,7523,5113,4121,0,-4,-111,0,0,0
Female,University,Married,40,50000,31934,32711,34061,32672,32479,33431,2000,3000,3000,3000,2000,30711,31061,29672,29479,31431,1
Female,High School,Married,41,80000,42124,1833,2446,834,1596,855,1835,2458,834,1600,855,-2,-12,0,-4,0,0
Female,Graduate,Married,31,200000,76621,82105,80662,75942,74090,72679,6808,3300,0,2720,2700,75297,77362,75942,71370,69979,0
Female,University,Single,31,340000,589654,581775,572677,384060,304508,247178,3000,0,0,1000,4320,578775,572677,384060,303508,242858,1
Female,Graduate,Married,31,310000,0,0,24480,0,0,1635,0,24480,0,0,1635,0,0,0,0,0,0
Female,University,Single,31,80000,15633,17536,17495,13198,10287,3275,2302,1774,1000,10287,3295,15234,15721,12198,0,-20,0
Female,Graduate,Single,31,210000,1983,422,815,191,-174,472,422,815,191,0,646,0,0,0,-174,-174,0
Female,Graduate,Single,32,80000,70163,72984,74807,76363,78091,79829,4000,3000,2800,3000,3000,68984,71807,73563,75091,76829,0
Female,University,Married,32,500000,405490,417191,429469,431426,440026,449026,20000,19000,12000,9000,9000,397191,410469,419426,431026,440026,0
Female,University,Married,35,260000,9286,7926,33379,35877,21946,32150,2036,33393,6094,3530,12357,5890,-14,29783,18416,19793,0
Female,University,Married,41,120000,919,8209,421,4502,6013,5094,8209,421,5000,6013,0,0,0,-498,0,5094,0
Female,High School,Married,41,100000,70202,70978,70814,69786,68116,62652,2548,2687,2997,2147,2369,68430,68127,66789,65969,60283,0
Female,University,Married,35,60000,49825,45436,42240,38884,34488,28838,1700,2500,2600,1500,0,43736,39740,36284,32988,28838,1
Female,Graduate,Married,36,190000,6915,4923,-2,6381,6383,817,4923,0,6383,2,0,0,-2,-2,6381,817,0
Female,High School,Married,35,100000,93983,97002,102698,97997,103384,97266,5500,8200,0,8000,0,91502,94498,97997,95384,97266,1
Female,University,Married,37,380000,13415,14381,13277,14291,15949,15556,1204,1300,1242,1900,0,13177,11977,13049,14049,15556,0
Female,Graduate,Single,44,350000,8651,8890,1772,1957,1807,11811,1871,7,1807,0,11811,7019,1765,150,1807,0,1
Female,High School,Married,39,100000,97944,99580,92297,184134,70400,0,4296,4068,2037,1408,0,95284,88229,182097,68992,0,0
Female,Graduate,Single,31,100000,100296,97239,98386,69324,53183,53559,3703,4091,3403,2001,2004,93536,94295,65921,51182,51555,0
Female,University,Married,32,150000,3267,3782,316,5469,3360,2399,3782,316,5469,3360,2399,0,0,0,0,0,0
Female,University,Married,33,150000,5607,6565,6334,9058,8823,7458,1200,0,2823,0,3530,5365,6334,6235,8823,3928,1
Female,Graduate,Married,38,150000,109244,96560,86565,85069,508,0,3506,5000,5003,508,0,93054,81565,80066,0,0,0
Female,Graduate,Single,35,460000,-14,693,224526,227242,228126,143697,707,224850,5000,4593,23584,-14,-324,222242,223533,120113,0
Female,University,Single,44,100000,105373,107001,108350,107457,105598,105751,5700,5400,3700,4000,3600,101301,102950,103757,101598,102151,1
Female,University,Single,38,230000,75459,76607,78868,80343,82564,74531,3000,3500,3000,3500,3000,73607,75368,77343,79064,71531,0
Female,University,Married,38,10000,3980,3771,3564,4500,5039,5275,0,0,1000,5039,375,3771,3564,3500,0,4900,1
Female,High School,Married,44,200000,390,390,390,390,390,390,390,390,390,390,390,0,0,0,0,0,0
Female,University,Married,34,140000,141066,129173,116858,105786,93273,91207,4873,4691,4000,4000,4000,124300,112167,101786,89273,87207,0
Female,High School,Married,46,370000,6370,2110,10086,804,4577,-10,2120,10136,808,4599,0,-10,-50,-4,-22,-10,0
Female,High School,Married,49,50000,36325,0,0,0,0,0,0,0,0,0,0,0,0,0,0,0,0
Female,University,Married,36,160000,2447,206,805,666,740,539,206,886,679,740,539,0,-81,-13,0,0,0
Female,High School,Single,43,80000,80707,77532,77492,78362,50001,50035,3332,3051,2600,1877,1767,74200,74441,75762,48124,48268,0
Female,Graduate,Single,33,240000,61180,57174,73008,61310,39694,45301,23222,50192,10078,24694,28407,33952,22816,51232,15000,16894,0
Female,High School,Single,33,160000,18195,755,44255,43228,-772,-772,0,43500,0,0,0,755,755,43228,-772,-772,0
Female,High School,Married,44,50000,48592,38491,900,1900,2900,3000,1063,900,1000,1000,100,37428,0,900,1900,2900,1
Female,University,Single,38,180000,179307,183613,182709,149997,142612,140493,7294,6792,5490,5156,5232,176319,175917,144507,137456,135261,0
Female,High School,Married,46,50000,58141,58544,56850,4359,816,766,2200,3000,1218,0,1000,56344,53850,3141,816,-234,0
Female,Graduate,Single,32,500000,253767,222365,207026,203513,202853,202404,10000,10000,7000,7000,6799,212365,197026,196513,195853,195605,0
Female,Graduate,Married,34,200000,2955,5895,15146,11575,11564,13744,5938,15682,11633,11622,13813,-43,-536,-58,-58,-69,0
Female,High School,Single,44,60000,56403,57765,59198,31437,32113,33591,2300,2600,1600,1200,2000,55465,56598,29837,30913,31591,0
Female,University,Single,46,50000,52308,51194,50101,49527,10147,9965,0,0,1200,400,400,51194,50101,48327,9747,9565,0
Female,High School,Single,44,50000,40985,42115,41164,43658,44644,43798,2100,0,3500,2000,0,40015,41164,40158,42644,43798,1
Female,University,Single,27,210000,0,0,0,0,0,0,0,0,0,0,0,0,0,0,0,0,1
Female,University,Married,27,60000,10415,10099,11545,12928,12581,10787,0,1617,2000,0,270,10099,9928,10928,12581,10517,0
Female,Graduate,Single,28,140000,31,1272,1446,2880,1914,968,2000,1500,3000,1914,0,-728,-54,-120,0,968,1
Female,Graduate,Married,35,260000,-124,-124,-124,1599,360,882,0,0,1723,366,882,-124,-124,-124,-6,0,1
Female,Graduate,Married,40,300000,1529,3717,4541,5620,25,25,3717,4541,5620,25,0,0,0,0,0,25,0
Female,University,Married,36,500000,-1,229,504,24125,19611,3100,230,625,24246,19709,3117,-1,-121,-121,-98,-17,0
Female,Graduate,Married,34,140000,2574,0,0,0,0,840,0,0,0,0,840,0,0,0,0,0,0
Female,High School,Married,49,290000,301651,329277,275075,280512,202300,207510,34905,0,10951,7238,8467,294372,275075,269561,195062,199043,1
Female,Graduate,Single,27,360000,91282,85875,87400,87343,71180,64500,3967,4213,3741,2353,2471,81908,83187,83602,68827,62029,0
Female,University,Single,27,20000,8879,10222,10940,12825,12331,12984,1500,1188,2073,0,1000,8722,9752,10752,12331,11984,0
Female,University,Single,27,190000,125739,126184,127189,122034,124837,128442,6000,6000,4000,5000,5000,120184,121189,118034,119837,123442,0
Female,Graduate,Single,28,150000,41387,40310,42652,42711,43311,48311,2000,3000,1500,1000,5000,38310,39652,41211,42311,43311,0
Female,Graduate,Single,28,100000,4523,7267,9967,19706,20378,22038,3000,3000,10000,1000,2000,4267,6967,9706,19378,20038,1
Female,Graduate,Single,29,310000,29906,14780,18261,41540,50803,59927,14750,5000,24000,10000,10000,30,13261,17540,40803,49927,0
Female,Graduate,Single,29,500000,70287,73487,77282,80977,84609,88073,5000,5000,5000,5000,5000,68487,72282,75977,79609,83073,0
Female,University,Single,28,120000,792,0,792,0,396,396,0,792,0,396,396,0,0,0,0,0,0
Female,University,Married,28,200000,135841,127109,102712,79902,59253,59826,4449,3555,3524,2300,2000,122660,99157,76378,56953,57826,0
Female,Graduate,Single,30,180000,7808,4511,3435,5345,2018,164,1198,1099,2009,2024,164,3313,2336,3336,-6,0,0
Female,University,Single,30,50000,46795,46285,43282,14713,19583,14959,2169,1966,1130,5000,1000,44116,41316,13583,14583,13959,1
Female,Graduate,Single,30,210000,52514,52053,52558,52515,52108,51758,2449,3000,2500,2000,2000,49604,49558,50015,50108,49758,0
Female,Graduate,Single,30,230000,212400,216409,221419,224753,228022,232724,9000,10000,8500,8500,8500,207409,211419,216253,219522,224224,1
Female,Graduate,Single,30,200000,1028,1025,1613,2193,2698,3812,1030,1621,2213,2711,3831,-5,-8,-20,-13,-19,0
Female,University,Single,31,100000,101458,101207,101421,101111,101384,101358,3800,4000,3602,3719,3700,97407,97421,97509,97665,97658,1
Female,University,Single,31,250000,171006,167192,46332,40974,26683,26887,5004,3330,2000,2000,2000,162188,43002,38974,24683,24887,0
Female,University,Married,31,200000,3850,2025,1926,3263,1580,16874,6,1931,3267,7,17894,2019,-5,-4,1573,-1020,0
Female,University,Married,31,50000,4468,0,0,0,3251,3484,0,0,0,3251,274,0,0,0,0,3210,0
Female,University,Married,31,170000,0,427,427,23321,23475,25218,427,0,23500,840,2121,0,427,-179,22635,23097,0
Female,University,Married,32,70000,57550,22049,17349,14654,23808,24852,3000,2000,4000,10000,2000,19049,15349,10654,13808,22852,0
Female,Graduate,Married,31,260000,50312,128072,55359,39189,49909,20782,85387,33061,5039,20154,2854,42685,22298,34150,29755,17928,0
Female,High School,Single,32,60000,59143,58612,59017,59220,26607,29719,2100,3000,3008,6000,4000,56512,56017,56212,20607,25719,0
Female,University,Single,31,120000,140,140,4836,3780,7501,3300,140,4836,4034,7501,3300,0,0,-254,0,0,1
Female,High School,Single,33,100000,74847,70663,63794,60651,54664,51776,3000,3000,2700,2000,2000,67663,60794,57951,52664,49776,0
Female,Graduate,Single,34,500000,161716,143382,123316,142773,107136,95915,6018,5198,46047,10039,30027,137364,118118,96726,97097,65888,0
Female,University,Married,34,230000,566,2329,1894,2528,1865,1496,2329,1894,2532,1865,1496,0,0,-4,0,0,0
Female,Other,Married,34,330000,252755,272262,281220,121814,11383,13090,25000,15000,7000,3000,2000,247262,266220,114814,8383,11090,0
Female,Graduate,Married,35,360000,3925,5320,1016,7173,10763,4857,5352,1022,7408,10817,5044,-32,-6,-235,-54,-187,0
Female,University,Married,44,180000,0,0,0,0,0,0,0,0,0,0,0,0,0,0,0,0,0
Female,High School,Married,35,180000,175200,175285,60790,50479,28739,18037,7002,1807,2000,4000,0,168283,58983,48479,24739,18037,1
Female,University,Single,35,140000,84873,82471,84235,82432,81465,83160,4000,4010,3800,3200,3100,78471,80225,78632,78265,80060,0
Female,Graduate,Married,37,260000,58261,59706,60969,59400,60315,63230,3000,2800,0,2500,4000,56706,58169,59400,57815,59230,0
Female,Graduate,Married,36,220000,0,0,2337,-602,-1184,-2047,0,2337,58,0,0,0,0,-660,-1184,-2047,0
Female,High School,Married,42,100000,1651,631,3611,631,631,0,631,3611,631,631,0,0,0,0,0,0,0
Female,Graduate,Married,39,280000,1451,9152,335,2300,0,0,9152,335,2322,0,0,0,0,-22,0,0,0
Female,University,Single,40,100000,1573,-28,-28,-28,2816,2118,0,0,0,2844,2118,-28,-28,-28,-28,0,0
Female,High School,Married,46,290000,73612,44236,3253,766,168322,169676,2207,1000,766,168342,7000,42029,2253,0,-20,162676,0
Female,Graduate,Married,48,360000,202783,202036,202918,202197,199002,197781,10000,10000,10000,7500,8000,192036,192918,192197,191502,189781,0
Female,High School,Married,46,290000,7874,9236,10326,11000,11000,11417,1500,1400,1000,0,11417,7736,8926,10000,11000,0,0
Female,University,Married,39,60000,32734,32234,32136,31204,30330,29934,1506,1881,1422,1021,1500,30728,30255,29782,29309,28434,0
Female,Graduate,Single,44,80000,41630,48893,47831,57000,55489,57450,8000,0,10000,0,3000,40893,47831,47000,55489,54450,1
Female,University,Married,42,180000,132986,126825,109319,111343,91966,82280,6167,5800,5700,3600,3000,120658,103519,105643,88366,79280,0
Female,Graduate,Single,37,200000,454,2015,3603,16158,0,836,2500,3700,16200,0,836,-485,-97,-42,0,0,0
Female,Graduate,Single,44,170000,2500,804,2016,3957,4956,482,804,5991,3957,5444,482,0,-3975,0,-488,0,0
Female,University,Single,41,780000,101957,61715,38686,21482,72628,182792,62819,39558,22204,82097,184322,-1104,-872,-722,-9469,-1530,0
Female,Graduate,Other,42,340000,139808,176743,34402,205931,265431,270237,873552,1215471,889043,621000,20000,-696809,-1181069,-683112,-355569,250237,0
Female,Other,Married,39,200000,20218,25242,3930,0,0,0,25267,3930,0,0,0,-25,0,0,0,0,0
Female,Graduate,Married,45,350000,291,291,291,291,291,291,291,291,291,291,291,0,0,0,0,0,0
Female,University,Married,39,360000,366965,-17710,-17706,301085,307035,63451,12709,1393,319494,13079,2438,-30419,-19099,-18409,293956,61013,1
Female,University,Married,41,130000,2538,1866,1349,1609,635,849,1177,1349,1609,635,849,689,0,0,0,0,0
Female,University,Married,44,310000,67423,67729,113788,106919,100656,93846,10000,56000,5000,4000,3300,57729,57788,101919,96656,90546,0
Female,University,Married,46,110000,107281,109551,48942,49959,50951,52019,4560,1808,1825,1817,1882,104991,47134,48134,49134,50137,0
Female,University,Married,44,260000,-6,1100,2527,1698,0,5062,1106,2527,1698,0,5062,-6,0,0,0,0,0
Female,Graduate,Married,44,290000,7886,9636,10060,3946,7388,4482,9636,10060,3948,7388,4482,0,0,-2,0,0,0
Female,Graduate,Married,37,200000,1382,23942,18143,11770,22155,13235,23994,10112,11770,12155,3000,-52,8031,0,10000,10235,0
Female,University,Married,40,130000,54137,28019,29927,24555,24873,26583,2600,3500,498,3000,3300,25419,26427,24057,21873,23283,1
Female,Graduate,Single,28,60000,38991,13115,2958,4556,19213,18825,10008,2950,4556,19938,800,3107,8,0,-725,18025,0
Female,University,Single,30,20000,21302,18842,19370,19355,17155,18660,1300,1800,1106,435,1599,17542,17570,18249,16720,17061,0
Female,University,Married,31,300000,3565,316,316,17597,15257,9482,316,316,17597,2000,2690,0,0,0,13257,6792,0
Female,High School,Married,39,70000,124493,125680,129498,131216,136744,133413,4800,5900,6000,9200,0,120880,123598,125216,127544,133413,0
Female,University,Married,35,240000,528,264,264,264,264,414,0,264,264,264,414,264,0,0,0,0,1
Female,Graduate,Single,29,60000,5557,7587,7058,8127,4557,2992,7587,8028,8127,15,2992,0,-970,0,4542,0,0
Female,Graduate,Single,28,240000,0,0,1522,2141,590,176,0,1522,2141,590,176,0,0,0,0,0,0
Female,High School,Married,29,200000,161,0,0,0,0,1063,0,0,0,0,1063,0,0,0,0,0,0
Female,Graduate,Single,31,500000,47177,55947,57052,62051,70198,72924,10000,3000,6000,10000,10000,45947,54052,56051,60198,62924,0
Female,University,Other,28,140000,138901,140732,140661,100656,49783,49310,5600,5500,2650,36000,1000,135132,135161,98006,13783,48310,1
Female,University,Married,29,210000,42140,31938,45502,41704,40509,41305,2000,20020,1672,1600,1600,29938,25482,40032,38909,39705,0
Female,University,Married,31,240000,184,0,2500,12500,749,2829,0,2500,12500,749,2829,0,0,0,0,0,0
Female,Graduate,Single,30,240000,0,0,2999,0,0,0,0,2999,0,0,0,0,0,0,0,0,0
Female,Graduate,Single,28,160000,4145,3930,5859,10299,11825,13121,0,2000,5008,3007,2000,3930,3859,5291,8818,11121,0
Female,Graduate,Single,29,50000,28889,21803,20990,16236,9759,8789,1368,1330,1160,330,314,20435,19660,15076,9429,8475,0
Female,Graduate,Single,29,400000,16666,62545,98214,84142,70732,68674,62545,53704,4142,5010,66676,0,44510,80000,65722,1998,0
Female,University,Single,29,440000,23147,88848,42045,400321,229680,265404,70554,45213,400972,5456,100267,18294,-3168,-651,224224,165137,0
Female,Graduate,Married,30,150000,114797,117393,120002,122013,131426,134676,4500,4500,4000,11000,5000,112893,115502,118013,120426,129676,0
Female,University,Married,27,100000,0,0,0,0,0,4747,0,0,0,0,4747,0,0,0,0,0,1
Female,Graduate,Married,32,120000,497,0,1085,193,1549,1549,0,1085,193,1549,0,0,0,0,0,1549,0
Female,University,Married,28,50000,2400,2400,2400,2400,2400,2400,0,0,0,0,0,2400,2400,2400,2400,2400,0
Female,Graduate,Single,32,150000,118348,120800,123379,122881,123954,131543,5900,6000,3000,4600,9800,114900,117379,119881,119354,121743,1
Female,Graduate,Single,30,360000,2500,0,0,0,0,0,0,0,0,0,0,0,0,0,0,0,0
Female,University,Married,29,260000,246509,251197,243167,231463,105518,93193,7012,6310,5871,3130,2966,244185,236857,225592,102388,90227,0
Female,University,Married,43,240000,244103,240733,236553,241215,230480,234610,9102,8602,9013,8195,8202,231631,227951,232202,222285,226408,1
Female,University,Other,41,180000,141137,130282,109327,77752,66202,58557,5481,4399,3008,2150,2147,124801,104928,74744,64052,56410,0
Female,University,Married,42,210000,2201,3571,987,2467,3319,5387,3571,987,2469,3319,5387,0,0,-2,0,0,0
Female,University,Single,34,70000,2226,1245,-1000,11019,11632,7864,1245,0,12019,1000,157,0,-1000,-1000,10632,7707,0
Female,Graduate,Single,35,500000,3994,11230,10925,11795,14384,15806,11160,1244,1114,2703,3435,70,9681,10681,11681,12371,0
Female,University,Single,48,500000,30252,47506,28171,26498,45212,35223,38009,28005,22000,33000,22000,9497,166,4498,12212,13223,0
Female,Graduate,Single,28,180000,51085,48531,55352,63055,75046,65184,5014,10000,10000,15057,10010,43517,45352,53055,59989,55174,0
Female,University,Married,31,120000,45716,44610,45428,34401,34360,35523,2000,1732,2041,1000,1500,42610,43696,32360,33360,34023,0
Female,University,Married,33,200000,15126,14633,14918,16992,8967,8494,3000,2000,5000,2000,1000,11633,12918,11992,6967,7494,0
Female,University,Married,33,140000,89226,90212,-1037,-1037,66441,68365,3133,0,0,68383,3000,87079,-1037,-1037,-1942,65365,0
Female,High School,Single,34,20000,0,0,0,0,0,0,0,0,0,0,0,0,0,0,0,0,1
Female,Graduate,Married,39,220000,419,419,419,419,419,419,419,419,419,419,419,0,0,0,0,0,0
Female,Graduate,Married,32,290000,4340,3686,3094,8164,1509,8262,3686,3112,8164,1509,8262,0,-18,0,0,0,1
Female,University,Single,37,260000,188,188,189,192,188,0,188,189,192,188,0,0,0,0,0,0,0
Female,Graduate,Single,34,220000,135132,136108,133534,27484,23728,21039,7245,6121,1551,875,1800,128863,127413,25933,22853,19239,0
Female,High School,Other,40,80000,1140,5395,4415,1375,779,5889,5000,0,0,885,5889,395,4415,1375,-106,0,0
Female,University,Married,41,160000,13512,13453,13420,13873,13833,13818,1206,1329,1098,374,400,12247,12091,12775,13459,13418,0
Female,Graduate,Single,37,500000,80846,74776,73558,71055,61248,40737,3032,3200,1946,1734,2000,71744,70358,69109,59514,38737,0
Female,University,Married,42,230000,-138,-69,231,4749,33389,34928,0,300,4749,38000,5000,-69,-69,0,-4611,29928,0
Female,High School,Married,39,120000,0,0,0,0,0,0,0,0,0,0,0,0,0,0,0,0,1
Female,Graduate,Married,38,360000,2410,7830,4024,6643,1947,2066,7954,4044,6715,1956,2076,-124,-20,-72,-9,-10,0
Female,Graduate,Single,39,220000,300,-200,-200,4040,4040,-1269,0,0,4240,0,0,-200,-200,-200,4040,-1269,0
Female,Graduate,Single,32,120000,1192,696,1210,1799,1594,1255,0,1179,1799,1594,1255,696,31,0,0,0,0
Female,University,Single,33,360000,3231,9523,11357,12123,9743,9567,9666,2000,1000,0,0,-143,9357,11123,9743,9567,0
Female,Graduate,Married,42,120000,344,881,1778,1885,607,687,881,1781,1885,607,687,0,-3,0,0,0,1
Female,Graduate,Married,32,50000,27447,28187,29220,30547,32329,31677,1500,1491,1818,2600,0,26687,27729,28729,29729,31677,0
Female,University,Married,35,290000,285679,277275,199437,154369,110016,27774,10050,8007,4005,2500,13000,267225,191430,150364,107516,14774,0
Female,University,Married,38,230000,1129,2117,2283,3227,4227,4616,1029,1056,1000,1000,389,1088,1227,2227,3227,4227,0
Female,Graduate,Married,36,200000,0,0,0,0,0,0,0,0,0,0,0,0,0,0,0,0,0
Female,Other,Married,48,370000,250264,252955,254111,257816,255491,255320,10004,9498,10827,9002,9040,242951,244613,246989,246489,246280,0
Male,University,Single,40,50000,60131,49486,41463,39577,32474,32303,3000,2000,2174,2000,2000,46486,39463,37403,30474,30303,0
Female,Other,Married,32,50000,0,0,0,0,0,0,0,0,0,0,0,0,0,0,0,0,0
Female,High School,Single,44,20000,18783,19660,14561,15017,15119,4077,1230,1354,1200,302,82,18430,13207,13817,14817,3995,0
Female,Graduate,Married,36,260000,131971,139305,89200,79702,79025,79997,10000,0,3012,3000,3000,129305,89200,76690,76025,76997,0
Female,Other,Married,42,230000,390,390,390,390,240,930,390,390,390,240,1080,0,0,0,0,-150,0
Female,University,Married,36,200000,8812,15189,6205,37658,696,1430,15234,6225,38150,2,1434,-45,-20,-492,694,-4,0
Female,Graduate,Married,36,340000,29879,26968,31051,34917,32110,33984,1459,4674,5032,360,6360,25509,26377,29885,31750,27624,0
Female,Other,Married,32,220000,84942,56366,4252,6129,6423,7208,2500,1500,2000,500,1000,53866,2752,4129,5923,6208,0
Female,Graduate,Married,36,340000,4490,4834,17716,12010,14111,6995,4834,17716,12636,14111,0,0,0,-626,0,6995,0
Female,High School,Married,42,200000,535,10468,0,0,400,400,10468,0,0,400,0,0,0,0,0,400,0
Female,High School,Married,44,180000,0,0,0,0,0,0,0,0,0,0,0,0,0,0,0,0,0
Female,University,Single,43,50000,24847,26043,26724,20903,19225,19536,2000,2000,2020,2000,1000,24043,24724,18883,17225,18536,0
Female,Graduate,Single,38,80000,77204,73940,47627,48482,49153,46995,2938,1853,1708,1824,1704,71002,45774,46774,47329,45291,0
Female,University,Married,31,160000,1133,31964,24805,0,0,0,31964,1003,0,0,0,0,23802,0,0,0,0
Female,University,Married,48,80000,77627,80712,48428,52391,23359,24597,5000,5000,5000,3000,2000,75712,43428,47391,20359,22597,0
Female,Graduate,Single,37,30000,264,264,264,0,528,0,264,264,0,528,0,0,0,0,0,0,1
Female,Graduate,Single,42,230000,107,529,135,108,830,2536,529,135,108,830,2536,0,0,0,0,0,0
Female,University,Single,42,400000,3608,4032,9885,65207,59247,53752,4052,9939,65243,1239,5366,-20,-54,-36,58008,48386,0
Female,High School,Single,42,200000,-105,5237,2297,-3903,11989,11839,10000,2509,0,24000,0,-4763,-212,-3903,-12011,11839,0
Female,University,Married,46,20000,5437,6602,7622,8479,8647,8829,1264,1284,1141,309,321,5338,6338,7338,8338,8508,1
Female,Graduate,Married,38,200000,3824,6115,11950,7311,18517,6787,6115,11950,7311,18567,6787,0,0,0,-50,0,0
Female,Graduate,Single,34,140000,1500,0,0,0,6400,11400,0,0,0,6400,5000,0,0,0,0,6400,0
Female,Graduate,Single,29,360000,270528,267435,193910,167029,134294,154290,10256,12000,15273,15000,25000,257179,181910,151756,119294,129290,0
Female,Graduate,Married,36,360000,-1,-1,-1,-1,-1,-1,0,0,0,0,0,-1,-1,-1,-1,-1,0
Female,Other,Single,45,390000,184547,179819,162571,167832,205750,212634,6645,5782,7782,42393,10414,173174,156789,160050,163357,202220,0
Female,Graduate,Single,41,390000,-13,-13,-13,-13,-13,-13,0,0,0,0,0,-13,-13,-13,-13,-13,1
Female,High School,Married,35,160000,335,0,312,7736,7278,7278,0,312,7736,0,0,0,0,0,7278,7278,0
Female,Graduate,Single,44,340000,2732,2183,4103,12950,11372,2434,2183,4142,12950,11372,2434,0,-39,0,0,0,0
Female,Graduate,Married,36,280000,832,416,416,416,59211,416,0,416,416,59211,0,416,0,0,0,416,0
Female,Graduate,Single,42,500000,21179,51124,21138,49305,39095,15826,51304,21138,49775,39095,0,-180,0,-470,0,15826,0
Female,Graduate,Single,46,60000,16017,30073,18385,20732,21196,23175,22000,3000,3000,1000,3000,8073,15385,17732,20196,20175,0
Female,University,Single,37,420000,14823,16367,17709,18801,20328,25065,1800,1608,1700,2500,5065,14567,16101,17101,17828,20000,0
Female,Graduate,Married,38,160000,6555,0,0,0,0,0,0,0,0,0,0,0,0,0,0,0,0
Female,University,Single,34,230000,316,316,316,316,316,466,316,316,316,316,466,0,0,0,0,0,0
Female,Graduate,Single,31,230000,125270,129588,115066,87021,82460,64818,6531,5091,3307,3316,2316,123057,109975,83714,79144,62502,1
Female,University,Married,36,280000,2874,2874,2874,2874,2874,2854,2888,2888,2888,2888,2868,-14,-14,-14,-14,-14,0
Female,University,Single,31,180000,6903,11489,5488,1635,1680,782,8000,3003,1635,1680,782,3489,2485,0,0,0,0
Female,Graduate,Married,40,100000,1895,0,0,0,150,167,0,0,0,1323,167,0,0,0,-1173,0,1
Female,Graduate,Single,33,180000,3302,1295,0,0,0,0,1295,0,0,0,0,0,0,0,0,0,0
Female,Other,Single,46,30000,29213,17064,16465,16977,0,0,5064,0,5047,0,0,12000,16465,11930,0,0,0
Female,University,Married,39,320000,46383,111937,0,0,589,-4543,68800,0,0,589,0,43137,0,0,0,-4543,0
Female,High School,Married,39,590000,128659,128715,127961,128112,128798,128467,5025,5693,6007,5013,4701,123690,122268,122105,123785,123766,0
Female,University,Married,38,130000,5636,8485,6263,24571,18817,13481,8510,6279,24516,16,34,-25,-16,55,18801,13447,0
Female,Graduate,Married,33,130000,1365,84118,44404,27113,801,28027,84118,44404,27309,801,28027,0,0,-196,0,0,0
Female,University,Married,41,280000,268,509,0,121,0,0,509,0,121,0,0,0,0,0,0,0,0
Female,University,Married,40,90000,89789,88337,85248,86483,87765,85855,7069,0,3500,3500,3500,81268,85248,82983,84265,82355,0
Female,University,Married,30,320000,1031,1886,2913,-27,-27,5399,1895,2927,0,0,5426,-9,-14,-27,-27,-27,0
Female,University,Married,31,160000,63780,64675,56561,52338,31133,27590,3518,3015,2128,2000,1000,61157,53546,50210,29133,26590,0
Female,University,Married,37,150000,104460,101914,103297,100603,98188,101441,6000,4573,5000,5000,5000,95914,98724,95603,93188,96441,0
Female,University,Married,48,40000,27273,27207,28055,15199,17331,19428,2000,3000,3000,3000,3000,25207,25055,12199,14331,16428,0
Female,High School,Married,31,180000,68450,69818,71298,72729,73627,75086,3100,3200,3210,2700,2800,66718,68098,69519,70927,72286,0
Female,University,Single,39,550000,336722,276725,260932,267917,217738,167245,11007,10507,13035,9511,6114,265718,250425,254882,208227,161131,0
Female,Graduate,Married,45,50000,6805,532,17453,18444,18855,18886,0,17453,1290,701,901,532,0,17154,18154,17985,0
Female,Graduate,Single,36,220000,222598,222168,217900,221193,181859,184605,10000,8018,10121,6006,10987,212168,209882,211072,175853,173618,1
Female,University,Single,40,360000,9325,10741,45619,37459,31747,26899,10741,46378,46347,0,0,0,-759,-8888,31747,26899,0
Female,University,Single,35,250000,277822,255167,233029,279256,46144,85984,6150,6235,80000,923,70069,249017,226794,199256,45221,15915,0
Female,Graduate,Married,46,340000,94915,92955,89689,81996,83439,71239,3224,4000,3504,4349,3000,89731,85689,78492,79090,68239,0
Female,Graduate,Married,44,180000,1210,1071,6554,0,21398,298,1071,6557,0,21398,298,0,-3,0,0,0,0
Female,High School,Single,48,30000,26950,23655,25131,29148,12134,12976,0,3200,5000,1000,1000,23655,21931,24148,11134,11976,1
Female,High School,Single,33,300000,76922,-694,-694,-694,-694,-694,0,0,0,0,0,-694,-694,-694,-694,-694,1
Female,University,Married,37,40000,5366,6541,16390,9891,9594,9798,1273,2000,3538,0,500,5268,14390,6353,9594,9298,0
Female,Graduate,Married,47,500000,26110,12943,4814,18365,8728,28521,2064,5025,18571,5000,20000,10879,-211,-206,3728,8521,0
Female,Graduate,Married,41,180000,55193,48257,42128,39654,42954,22543,5000,6000,10000,15000,23000,43257,36128,29654,27954,-457,0
Female,Graduate,Married,44,350000,110819,115058,76156,51500,150,500,6000,4000,2500,150,500,109058,72156,49000,0,0,0
Female,University,Single,48,90000,6224,8150,0,0,9167,0,8150,0,0,9167,0,0,0,0,0,0,0
Female,University,Single,31,240000,245553,244958,245148,240343,211449,215874,10178,10577,8302,7300,7505,234780,234571,232041,204149,208369,0
Female,High School,Other,46,50000,44835,45989,47167,25142,4716,4840,1900,2050,2000,300,200,44089,45117,23142,4416,4640,0
Female,Graduate,Single,33,220000,1379,1205,825,1783,1205,1205,705,325,1283,507,705,500,500,500,698,500,0
Female,University,Single,38,180000,25895,26173,26260,26805,8992,10906,2000,2000,2000,1000,2000,24173,24260,24805,7992,8906,0
Female,Other,Married,37,400000,14889,929,1191,11930,11286,5766,929,1191,11930,11286,5766,0,0,0,0,0,0
Female,Graduate,Married,42,220000,2500,2500,2500,2500,2500,2500,0,0,0,0,0,2500,2500,2500,2500,2500,1
Female,Other,Married,48,180000,872,3345,2962,6139,1842,1115,3347,2962,6366,1842,1115,-2,0,-227,0,0,0
Female,High School,Married,38,80000,39604,10635,0,0,0,0,1000,0,0,0,0,9635,0,0,0,0,1
Female,Graduate,Single,37,360000,198839,187955,163120,140383,121771,102568,7000,8071,7029,3011,4000,180955,155049,133354,118760,98568,0
Female,Graduate,Single,49,170000,163951,136825,140450,116293,118759,108766,5100,6000,4000,4000,3200,131725,134450,112293,114759,105566,0
Female,University,Married,48,130000,0,1240,1487,1279,749,440,1240,1487,1279,749,440,0,0,0,0,0,0
Female,Graduate,Married,30,290000,216328,218435,218783,158215,69234,71560,8000,8600,6700,2600,3500,210435,210183,151515,66634,68060,0
Female,University,Married,32,90000,79105,85997,83779,88577,86365,91105,8200,0,7200,0,6200,77797,83779,81377,86365,84905,0
Female,High School,Single,32,130000,12535,14317,15656,4918,6918,8944,2000,2040,3000,2000,2026,12317,13616,1918,4918,6918,0
Female,Graduate,Other,48,140000,0,780,1176,0,780,642,780,1176,0,780,642,0,0,0,0,0,0
Female,University,Single,48,510000,113616,96756,72730,64746,24040,23791,9019,8000,20000,24040,23791,87737,64730,44746,0,0,0
Female,Graduate,Married,39,50000,2080,-60,-60,-60,6000,228,0,0,0,6060,228,-60,-60,-60,-60,0,0
Female,Graduate,Single,40,200000,1489,9973,2457,0,948,0,9973,2457,0,948,0,0,0,0,0,0,0
Female,Graduate,Single,37,200000,83000,62084,64610,60567,52122,50610,2500,5000,2509,2000,2000,59584,59610,58058,50122,48610,0
Female,University,Single,36,400000,69376,61204,50773,39676,30680,27761,2255,1421,1381,770,731,58949,49352,38295,29910,27030,0
Female,Graduate,Married,35,310000,1815,3689,20524,7986,1100,9622,3689,20658,7986,1100,9622,0,-134,0,0,0,0
Female,Graduate,Married,46,210000,50720,52174,48957,49848,59060,60420,3111,2109,2000,10000,6032,49063,46848,47848,49060,54388,0
Female,University,Married,33,90000,77379,67092,61071,44821,24653,25254,2500,3908,2100,884,1000,64592,57163,42721,23769,24254,0
Female,Graduate,Single,31,270000,9213,2283,3203,1144,1144,1144,1080,1000,1121,0,0,1203,2203,23,1144,1144,0
Female,High School,Married,39,30000,30238,30166,29745,27468,27436,27613,2000,1635,1438,796,5000,28166,28110,26030,26640,22613,1
Female,University,Married,41,30000,20061,17435,14452,13050,11083,9249,1542,2002,2000,900,1500,15893,12450,11050,10183,7749,0
Female,University,Married,36,210000,2853,8028,10827,5385,1187,1552,8037,6018,5388,1191,1554,-9,4809,-3,-4,-2,0
Female,Graduate,Married,43,110000,104622,103639,105714,105998,105080,105638,4000,5500,5300,4000,4100,99639,100214,100698,101080,101538,0
Female,University,Married,42,160000,0,0,369,0,522,0,0,369,0,522,0,0,0,0,0,0,0
Female,Graduate,Single,30,380000,27015,31684,33442,32361,32518,32308,5700,2800,0,1205,1226,25984,30642,32361,31313,31082,0
Female,Graduate,Single,33,140000,954,1015,310,2361,854,565,1015,310,2361,854,565,0,0,0,0,0,0
Female,High School,Married,44,250000,166325,165081,169492,172936,136182,139362,6686,7037,6358,4918,5420,158395,162455,166578,131264,133942,0
Female,Graduate,Single,39,150000,1709,14674,771,1365,10965,1488,14674,771,1375,10965,1488,0,0,-10,0,0,0
Female,University,Single,43,230000,206245,215936,221001,220886,239299,237297,13126,10000,5000,23700,2000,202810,211001,215886,215599,235297,1
Female,Graduate,Married,49,220000,0,0,0,0,4488,540,0,0,0,4488,540,0,0,0,0,0,1
Female,High School,Married,39,60000,31011,29565,31123,34134,23552,24020,0,3000,3638,0,1000,29565,28123,30496,23552,23020,0
Female,Other,Married,41,50000,46148,47711,47645,47552,48512,49622,4000,5000,3000,2000,2000,43711,42645,44552,46512,47622,1
Female,University,Married,40,300000,0,0,0,0,280,0,0,0,0,280,0,0,0,0,0,0,0
Female,University,Married,41,320000,2555,7065,648,2258,722,15937,7100,651,2269,725,16014,-35,-3,-11,-3,-77,0
Female,Graduate,Married,43,250000,331,0,0,0,0,0,0,0,0,0,0,0,0,0,0,0,0
Female,High School,Married,42,200000,858,1406,3673,0,150,609,1406,3673,0,150,609,0,0,0,0,0,0
Female,High School,Married,36,110000,3681,6026,1555,2043,1037,4718,6026,1555,2045,1037,4000,0,0,-2,0,718,0
Female,High School,Single,46,50000,36259,37669,8770,7251,15948,8838,2500,2127,1500,1000,1000,35169,6643,5751,14948,7838,0
Female,Other,Single,45,300000,0,1669,0,0,0,0,1669,0,0,0,0,0,0,0,0,0,0
Female,Other,Married,33,50000,26358,24890,25440,26191,25193,25742,4,1925,28293,0,1100,24886,23515,-2102,25193,24642,0
Female,High School,Married,42,230000,170,2217,5167,8552,12552,10596,2217,3167,3552,5000,3000,0,2000,5000,7552,7596,0
Female,University,Married,36,30000,528,-120,-120,-120,-120,6675,0,0,0,0,6795,-120,-120,-120,-120,-120,1
Female,University,Married,41,30000,1660,856,428,428,13749,659,428,0,428,13749,659,428,428,0,0,0,0
Female,University,Married,41,290000,4783,7239,6957,4954,7221,6988,2552,0,1000,5000,2500,4687,6957,3954,2221,4488,0
Female,Graduate,Married,47,210000,234,0,0,0,0,0,0,0,0,0,0,0,0,0,0,0,0
Female,University,Married,46,200000,827,1654,827,827,827,827,1654,0,827,827,827,0,827,0,0,0,0
Female,University,Married,41,150000,11026,9459,9929,1595,3630,3516,9640,9976,1595,3647,3516,-181,-47,0,-17,0,0
Female,Graduate,Married,45,110000,21842,15843,10466,3537,1378,316,3000,2007,1000,0,316,12843,8459,2537,1378,0,0
Female,University,Married,43,20000,13139,13915,18667,18072,18120,19329,1300,5000,0,640,1497,12615,13667,18072,17480,17832,1
Female,Graduate,Single,28,360000,79161,81260,83055,85662,87458,86393,4000,4000,4000,4000,3300,77260,79055,81662,83458,83093,0
Female,Graduate,Married,35,230000,165405,168697,172990,177963,77076,78848,6027,7000,8000,3000,3000,162670,165990,169963,74076,75848,0
Female,University,Married,38,60000,27527,31715,35850,37165,39490,25854,5000,5000,2000,2898,0,26715,30850,35165,36592,25854,0
Female,University,Married,45,470000,212948,188435,182687,153366,114451,122489,30000,15000,5052,5000,10000,158435,167687,148314,109451,112489,0
Female,Graduate,Single,29,120000,59538,50150,44742,33231,-1320,-660,4000,5069,2805,0,0,46150,39673,30426,-1320,-660,0
Female,University,Single,35,50000,41657,47969,49131,38884,8144,8643,10000,11000,5000,1005,15000,37969,38131,33884,7139,-6357,0
Female,Graduate,Married,40,140000,0,1220,0,584,0,190,1220,0,584,0,190,0,0,0,0,0,0
Female,Graduate,Married,39,500000,10840,1108,2111,920,920,920,1108,2111,920,920,920,0,0,0,0,0,0
Female,University,Single,41,400000,43672,678,330,330,330,330,678,330,330,330,330,0,0,0,0,0,1
Female,University,Single,34,310000,87559,74929,76404,76133,53065,17529,3000,3022,5208,15734,1607,71929,73382,70925,37331,15922,0
Female,Graduate,Married,42,320000,304057,318844,324589,320622,252323,253557,20000,10000,450,7025,7161,298844,314589,320172,245298,246396,1
Female,Graduate,Married,41,330000,11006,4160,48549,16942,1610,26842,4160,48549,18562,0,26842,0,0,-1620,1610,0,0
Female,University,Married,38,240000,231990,202714,199711,203767,208015,220109,10028,7711,7767,8015,15829,192686,192000,196000,200000,204280,0
Female,University,Married,36,290000,8909,8199,972,445,3589,6939,8300,972,455,3589,6939,-101,0,-10,0,0,0
Female,Graduate,Married,39,150000,10147,0,1351,2942,384,504,0,1351,2942,384,504,0,0,0,0,0,0
Female,University,Married,34,50000,5745,4266,3047,3606,2390,1655,1023,1051,1000,50,10050,3243,1996,2606,2340,-8395,0
Female,Graduate,Married,37,210000,2960,0,0,0,198,0,0,0,0,198,0,0,0,0,0,0,0
Female,Graduate,Married,38,150000,14391,1213,4952,1040,3617,540,1213,4952,1040,3617,540,0,0,0,0,0,0
Female,University,Married,46,210000,594,594,21445,0,0,0,0,21451,0,0,0,594,-6,0,0,0,0
Female,Graduate,Married,40,180000,34483,21142,11279,5698,5993,-73895,22864,1133,1000,1000,0,-1722,10146,4698,4993,-73895,0
Female,Graduate,Single,33,360000,0,0,0,0,0,0,0,0,0,0,0,0,0,0,0,0,1
Female,High School,Single,33,220000,179430,177387,175378,178367,177657,180346,7041,6921,6858,6219,6409,170346,168457,171509,171438,173937,0
Female,University,Married,40,160000,0,3685,0,0,0,660,3685,0,0,0,660,0,0,0,0,0,0
Female,High School,Married,40,500000,38322,38913,27489,27053,-9,14863,1284,1231,1154,0,14872,37629,26258,25899,-9,-9,0
Female,High School,Married,43,100000,100792,91738,88883,90710,92471,79318,0,4107,4204,4200,3071,91738,84776,86506,88271,76247,0
Female,University,Married,47,80000,966,0,647,1988,1049,1466,0,647,1990,1049,1466,0,0,-2,0,0,1
Female,University,Single,35,360000,0,0,0,0,0,0,0,0,0,0,0,0,0,0,0,0,1
Female,High School,Married,49,230000,224985,188593,162143,165345,151047,147564,10000,8000,7000,10000,10000,178593,154143,158345,141047,137564,0
Female,Graduate,Single,33,180000,4500,2580,178,1500,0,1118,2580,178,1500,0,1118,0,0,0,0,0,0
Female,Graduate,Single,44,200000,203045,140347,139282,138462,134497,126617,4501,4916,4505,4205,4145,135846,134366,133957,130292,122472,1
Female,University,Married,45,60000,60244,59868,58221,16305,3124,29484,3000,2577,1525,3124,29484,56868,55644,14780,0,0,0
Female,Graduate,Married,35,280000,171057,173712,177913,182942,186892,197661,7000,7000,8000,7000,14000,166712,170913,174942,179892,183661,0
Female,High School,Married,48,80000,396,792,396,792,0,396,792,0,792,0,396,0,396,0,0,0,1
Female,Graduate,Married,40,200000,0,0,0,0,0,0,0,0,0,0,0,0,0,0,0,0,0
Female,University,Single,37,50000,4793,3594,0,5369,3746,9408,3000,0,5369,0,9000,594,0,0,3746,408,0
Female,Graduate,Single,34,460000,14460,8869,21494,12657,5739,10184,8869,23664,12659,5752,10192,0,-2170,-2,-13,-8,0
Female,Graduate,Married,34,220000,2774,5152,6615,15799,13526,8726,5162,6615,15799,1526,0,-10,0,0,12000,8726,0
Female,Graduate,Married,37,170000,397,396,396,596,25081,25189,395,396,596,25081,504,1,0,0,0,24685,0
Female,University,Married,41,50000,10400,0,23425,19040,19624,20152,0,23425,1500,900,993,0,0,17540,18724,19159,0
Female,Graduate,Married,44,210000,89519,50144,52148,50723,43200,17556,20033,10000,5012,1251,2007,30111,42148,45711,41949,15549,0
Female,University,Married,31,20000,9701,9401,11903,11420,11342,12157,0,2969,0,408,1000,9401,8934,11420,10934,11157,0
Female,Graduate,Married,46,230000,266,0,0,0,0,300,0,0,0,0,300,0,0,0,0,0,0
Female,Graduate,Single,32,390000,46895,45435,47678,47753,38671,50795,7518,12006,13006,4006,25011,37917,35672,34747,34665,25784,0
Female,University,Single,34,180000,18314,18630,19126,12939,6939,3439,2000,2000,1042,0,0,16630,17126,11897,6939,3439,0
Female,High School,Married,33,130000,0,0,0,0,0,0,0,0,0,0,0,0,0,0,0,0,0
Female,High School,Married,43,250000,278,278,278,278,278,428,278,278,278,278,428,0,0,0,0,0,0
Female,Graduate,Married,37,500000,6694,17470,15091,1587,61385,56252,17470,15091,1587,61385,0,0,0,0,0,56252,1
Female,Graduate,Single,40,240000,338294,79849,81563,83224,84878,86665,2857,3000,3016,3033,3150,76992,78563,80208,81845,83515,0
Female,University,Single,39,270000,3073,1816,1163,1582,0,1320,1816,1163,1582,0,1320,0,0,0,0,0,0
Female,High School,Single,44,450000,11150,4281,0,2442,14234,-2988,4281,0,2442,14234,452,0,0,0,0,-3440,0
Female,High School,Married,33,280000,75953,84005,86472,87457,88281,86749,9348,4700,3300,3150,0,74657,81772,84157,85131,86749,1
Female,Graduate,Single,42,170000,3480,316,316,316,948,632,316,316,316,948,0,0,0,0,0,632,0
Female,Graduate,Single,30,280000,26679,52223,25088,9427,2829,198,52223,25100,9427,2838,198,0,-12,0,-9,0,0
Female,University,Married,43,170000,38137,39135,39872,40693,41334,42118,1934,1671,1657,1463,1666,37201,38201,39036,39871,40452,0
Female,Graduate,Single,37,200000,19149,20103,21543,22765,23374,24134,1500,2000,1500,1200,1200,18603,19543,21265,22174,22934,0
Female,Graduate,Single,33,380000,89842,88898,63203,44889,44276,31799,8000,8009,7000,6000,10500,80898,55194,37889,38276,21299,0
Female,Graduate,Single,44,500000,522,17643,1462,6224,0,0,20007,5000,7000,0,0,-2364,-3538,-776,0,0,0
Female,Graduate,Single,29,40000,35735,29772,23602,0,0,0,2017,1206,0,0,0,27755,22396,0,0,0,0
Female,University,Married,29,150000,123248,126311,130388,138246,140513,118464,5000,6000,10500,5015,173,121311,124388,127746,135498,118291,1
Female,University,Married,34,220000,36242,38320,39700,40737,42743,44052,3000,2000,2000,3000,2000,35320,37700,38737,39743,42052,0
Female,Graduate,Single,29,200000,181821,185506,190977,193800,190936,186183,6000,7000,6000,6000,5400,179506,183977,187800,184936,180783,0
Female,Graduate,Married,43,360000,0,0,0,0,0,3078,0,0,0,0,3078,0,0,0,0,0,0
Female,Graduate,Married,36,100000,905,3450,1195,2775,890,2117,3450,1195,2775,890,2117,0,0,0,0,0,0
Female,University,Married,34,420000,158471,44131,32423,18824,0,21082,1644,1436,1000,0,21082,42487,30987,17824,0,0,1
Female,Graduate,Married,39,200000,0,0,0,522,0,1073,0,0,522,0,1073,0,0,0,0,0,0
Female,University,Single,36,310000,298221,303251,270591,252989,225814,231165,10500,9672,8826,8100,9000,292751,260919,244163,217714,222165,1
Female,University,Single,34,180000,41699,42812,44132,24594,25686,26780,1800,2100,1500,1500,1500,41012,42032,23094,24186,25280,0
Female,Other,Married,32,500000,5353,5739,5578,57722,55468,55026,6081,5588,58476,1910,1974,-342,-10,-754,53558,53052,0
Female,Graduate,Single,35,230000,0,0,0,0,0,150,0,0,0,0,150,0,0,0,0,0,0
Female,Graduate,Single,40,50000,52841,52016,51990,50570,21095,19999,1860,2619,2000,500,714,50156,49371,48570,20595,19285,0
Female,Graduate,Married,40,250000,16503,13894,14669,14265,8887,6679,0,1400,1090,246,402,13894,13269,13175,8641,6277,0
Female,University,Single,31,150000,22723,22060,25195,24497,24791,25462,0,3500,0,1000,1071,22060,21695,24497,23791,24391,0
Female,University,Married,34,50000,2435,0,197,2995,19515,0,0,197,2995,19515,0,0,0,0,0,0,0
Female,University,Married,35,100000,77394,76081,61898,53035,15785,7762,2640,3007,2300,200,290,73441,58891,50735,15585,7472,1
Female,University,Single,42,110000,39635,40580,41631,42352,41373,42156,1900,2000,1700,0,1600,38680,39631,40652,41373,40556,1
Female,University,Single,38,210000,76418,78798,82525,84353,87835,79481,5000,5000,3200,5000,3000,73798,77525,81153,82835,76481,0
Female,Graduate,Single,45,150000,1923,101,0,0,0,399,101,0,0,0,399,0,0,0,0,0,0
Female,Graduate,Married,44,80000,-60,2400,595,1810,737,2555,2460,595,1815,737,2555,-60,0,-5,0,0,0
Female,University,Married,48,200000,-1123,2711,3030,1695,10569,9777,4165,1700,5,10624,9816,-1454,1330,1690,-55,-39,1
Female,Graduate,Single,35,150000,55337,53851,53710,48797,49928,51106,0,2503,2000,1804,2000,53851,51207,46797,48124,49106,1
Female,High School,Married,39,100000,10135,1646,1635,884,0,0,1646,5635,884,0,0,0,-4000,0,0,0,0
Female,Graduate,Single,32,110000,46603,48351,51815,47225,34975,43725,2536,5000,1653,1500,10000,45815,46815,45572,33475,33725,0
Female,Graduate,Single,33,240000,99938,92104,85194,83021,78556,78495,3500,4200,3600,3000,3000,88604,80994,79421,75556,75495,0
Female,High School,Married,42,80000,0,0,0,0,0,0,0,0,0,0,0,0,0,0,0,0,0
Female,Graduate,Single,35,180000,5450,150,150,150,150,150,0,0,0,0,0,150,150,150,150,150,1
Female,University,Single,35,180000,0,0,0,900,0,0,0,0,900,0,0,0,0,0,0,0,0
Female,Graduate,Single,31,400000,-287,-287,5439,5747,687,19898,0,5726,5753,687,19934,-287,-287,-6,0,-36,0
Female,University,Married,41,260000,195465,199338,203651,223837,218383,222960,8400,8800,25000,0,8000,190938,194851,198837,218383,214960,0
Female,University,Married,47,160000,1857,1672,836,836,836,836,0,0,836,836,836,1672,836,0,0,0,1
Female,University,Married,34,240000,7806,10142,12211,13828,11337,11577,2481,2550,2167,1000,389,7661,9661,11661,10337,11188,0
Female,Graduate,Married,35,260000,0,0,0,0,0,5181,0,0,0,0,5181,0,0,0,0,0,0
Female,University,Single,38,160000,159637,155003,158156,153699,127366,117812,5580,5680,4950,4350,4300,149423,152476,148749,123016,113512,0
Female,High School,Single,43,80000,66047,59910,55122,54006,50779,50257,2071,2063,1779,2087,1743,57839,53059,52227,48692,48514,0
Female,Graduate,Married,39,480000,98569,106660,400000,66270,80274,82160,10620,302000,66270,15000,3044,96040,98000,0,65274,79116,1
Female,High School,Married,41,270000,48872,43688,35638,41704,43869,45160,3688,2638,6704,2869,2000,40000,33000,35000,41000,43160,0
Female,University,Single,40,100000,40626,41945,45247,45208,46160,48268,2000,4000,1000,2000,3000,39945,41247,44208,44160,45268,1
Female,High School,Single,40,300000,390,390,390,390,390,390,390,390,390,390,390,0,0,0,0,0,0
Female,High School,Single,40,450000,5453,25948,53938,14602,18065,19239,26731,55367,15174,10528,10037,-783,-1429,-572,7537,9202,0
Female,Graduate,Married,43,360000,0,0,0,0,0,0,0,0,0,0,0,0,0,0,0,0,0
Female,University,Married,40,170000,134496,143242,124103,115638,116430,118950,17400,5921,5700,4200,4400,125842,118182,109938,112230,114550,0
Female,High School,Married,36,50000,48032,48175,48691,49108,19809,11314,1771,2123,2675,552,1000,46404,46568,46433,19257,10314,0
Female,High School,Single,30,50000,16986,6929,8743,1000,5557,5027,1186,2000,0,5557,470,5743,6743,1000,0,4557,1
Female,University,Married,31,240000,6900,6641,10495,2813,3805,5730,0,4000,1000,1200,2000,6641,6495,1813,2605,3730,1
Female,University,Single,34,440000,6480,7265,444912,218064,222734,227445,1000,226848,8300,8300,8300,6265,218064,209764,214434,219145,0
Female,University,Single,35,180000,168090,150482,154063,158494,161855,171055,5500,6001,7000,6000,12000,144982,148062,151494,155855,159055,0
Female,University,Single,40,140000,0,1887,0,0,0,0,1887,0,0,0,0,0,0,0,0,0,0
Female,Graduate,Single,34,150000,0,53,0,0,0,0,53,0,0,0,0,0,0,0,0,0,0
Female,University,Single,35,100000,100207,94080,75428,76450,77503,64119,4026,3100,3050,3000,2300,90054,72328,73400,74503,61819,0
Female,University,Married,40,190000,124082,125032,129167,130331,132958,135814,4500,6147,4800,4800,5000,120532,123020,125531,128158,130814,0
Female,Graduate,Married,40,200000,0,114558,1898,849,-171,14686,114558,3796,849,0,14857,0,-1898,0,-171,-171,0
Female,Graduate,Married,41,260000,157551,160759,351026,170671,169689,159066,7312,18934,23,3729,4226,153447,332092,170648,165960,154840,0
Female,University,Married,34,580000,420115,405932,437254,477809,486721,498316,0,38001,50000,16881,18887,405932,399253,427809,469840,479429,1
Female,University,Single,36,100000,101513,98736,99072,91809,77499,76997,3600,5006,2910,2755,5000,95136,94066,88899,74744,71997,0
Female,Graduate,Married,40,400000,3716,4318,273,743,516,200,4318,273,743,516,200,0,0,0,0,0,0
Female,Graduate,Single,32,350000,24522,18876,5571,10978,9326,13255,18970,5594,11024,9317,13321,-94,-23,-46,9,-66,0
Female,University,Married,43,140000,90632,88637,90859,92734,48461,49067,0,4200,4261,2182,1844,88637,86659,88473,46279,47223,1
Female,University,Married,46,90000,1829,2793,696,546,846,846,2793,696,546,996,846,0,0,0,-150,0,0
Female,Graduate,Married,40,180000,0,319,0,0,0,0,319,0,0,0,0,0,0,0,0,0,1
Female,Graduate,Married,41,150000,3275,1105,0,0,0,300,1105,0,0,0,300,0,0,0,0,0,0
Female,Graduate,Single,40,200000,0,0,0,0,0,0,0,0,0,0,0,0,0,0,0,0,1
Female,University,Married,39,390000,359641,283210,240876,190709,191162,195336,11100,13163,8349,6840,7252,272110,227713,182360,184322,188084,0
Female,University,Single,28,180000,416,416,416,416,416,832,416,416,416,416,832,0,0,0,0,0,1
Female,Graduate,Single,28,90000,5799,3095,5257,6649,8680,7844,0,3000,2000,3000,0,3095,2257,4649,5680,7844,0
Female,University,Married,29,240000,81274,83030,84945,65601,66901,68086,3101,3385,2377,2387,2472,79929,81560,63224,64514,65614,0
Female,Graduate,Single,28,320000,331,1081,6144,14977,9473,8002,1085,6146,9473,0,5,-4,-2,5504,9473,7997,1
Female,Graduate,Single,28,90000,88627,86357,84131,85225,90347,85725,0,0,3400,6500,0,86357,84131,81825,83847,85725,1
Female,Graduate,Married,40,200000,5853,6549,9389,18475,1016,4934,6567,9421,14068,3,4948,-18,-32,4407,1013,-14,0
Female,Graduate,Single,41,210000,194,6479,-200,-200,23560,0,6479,0,0,23760,0,0,-200,-200,-200,0,1
Female,University,Married,31,160000,166573,158760,140777,136066,143005,129960,2000,5000,4600,14650,0,156760,135777,131466,128355,129960,1
Female,Graduate,Single,28,100000,77007,80708,84401,85786,65345,67205,5000,5000,4200,3000,3000,75708,79401,81586,62345,64205,0
Female,Graduate,Single,29,240000,236883,241574,244010,239778,191762,196015,8636,9303,8159,5449,5900,232938,234707,231619,186313,190115,0
Female,High School,Married,50,50000,12164,13475,14197,15207,15509,15834,1521,1243,1253,555,575,11954,12954,13954,14954,15259,0
Female,University,Married,50,50000,21956,20439,20691,17081,16234,16330,2000,1306,1206,1000,697,18439,19385,15875,15234,15633,0
Female,High School,Married,52,20000,10248,11271,13513,12999,14456,16313,1501,2743,0,1686,2089,9770,10770,12999,12770,14224,1
Female,Graduate,Married,50,320000,885,2116,11481,0,0,0,2116,11481,0,0,0,0,0,0,0,0,0
Female,High School,Married,50,60000,2811,297,734,399,670,0,297,737,399,670,0,0,-3,0,0,0,1
Female,Graduate,Married,49,230000,1034,299,8994,1796,3970,7214,299,8997,1808,3970,7214,0,-3,-12,0,0,0
Female,Graduate,Married,50,170000,1978,2191,3185,0,582,3779,2191,3185,0,582,3779,0,0,0,0,0,0
Female,Graduate,Married,49,400000,9279,7419,0,3378,0,590,0,0,3378,0,590,7419,0,0,0,0,0
Female,High School,Single,50,200000,3943,1443,2203,2189,5475,5506,1443,2583,2189,5475,5506,0,-380,0,0,0,0
Female,High School,Married,50,250000,193355,8173,-11,-11,39618,20380,8173,0,0,39629,20380,0,-11,-11,-11,0,0
Female,University,Married,50,460000,581319,552144,523423,493548,429966,427216,19141,19141,20141,14642,31549,533003,504282,473407,415324,395667,1
Female,High School,Single,54,10000,1083,390,390,390,0,780,780,780,0,0,780,-390,-390,390,0,0,0
Female,University,Married,50,50000,32570,34713,39803,41790,44351,46194,3000,6000,3000,3500,3500,31713,33803,38790,40851,42694,0
Female,University,Married,50,150000,0,0,0,0,0,0,0,0,0,0,0,0,0,0,0,0,1
Female,University,Married,50,290000,272799,261286,246740,224260,233251,226100,10109,10126,7095,30227,40213,251177,236614,217165,203024,185887,0
Female,High School,Married,58,50000,7308,7987,8582,9719,9692,9663,1200,1500,1300,500,500,6787,7082,8419,9192,9163,0
Female,High School,Married,65,120000,58436,60202,61042,61253,57695,2530,2740,2407,1421,0,0,57462,58635,59832,57695,2530,0
Female,Graduate,Married,53,250000,440,439,440,440,880,440,439,441,440,880,0,0,-1,0,0,440,0
Female,High School,Married,54,500000,0,0,0,0,0,0,0,0,0,0,0,0,0,0,0,0,1
Female,University,Married,55,160000,86179,83960,61589,58702,56853,56002,4000,3000,2000,2000,3000,79960,58589,56702,54853,53002,0
Female,High School,Married,58,60000,26259,25544,26578,27828,28271,28868,0,1750,2000,1200,1200,25544,24828,25828,27071,27668,0
Female,University,Other,52,10000,8546,8267,7992,8610,8325,8441,0,0,900,0,400,8267,7992,7710,8325,8041,1
Female,University,Married,50,20000,0,390,181,891,501,1051,780,181,1100,0,1100,-390,0,-209,501,-49,0
Female,University,Married,51,80000,42731,23086,23661,24678,25766,26351,1365,1500,1412,1500,1000,21721,22161,23266,24266,25351,1
Female,High School,Married,57,100000,101890,100403,101350,101324,101475,100558,4000,4000,4000,4000,4000,96403,97350,97324,97475,96558,0
Female,High School,Married,53,30000,35647,34775,35946,37685,33305,28305,0,1733,2452,1072,1089,34775,34213,35233,32233,27216,0
Female,University,Single,53,230000,148058,161291,136908,118358,115497,118539,20074,6246,8836,5955,8984,141217,130662,109522,109542,109555,0
Female,High School,Married,53,360000,0,208,2489,786,0,486,208,2489,786,0,486,0,0,0,0,0,1
Female,High School,Married,52,30000,27964,25817,27097,27930,16288,17023,1720,2000,1700,1000,1000,24097,25097,26230,15288,16023,0
Female,High School,Married,52,300000,293174,268652,285524,235773,221123,221269,15000,25000,8000,22000,10060,253652,260524,227773,199123,211209,0
Female,High School,Married,64,110000,83050,85550,76793,13062,12609,12638,4000,3275,3028,3000,2000,81550,73518,10034,9609,10638,0
Female,Graduate,Married,54,450000,2500,0,0,0,0,0,0,0,0,0,0,0,0,0,0,0,0
Female,High School,Married,53,330000,287021,191065,290451,192123,196860,-3140,6802,102428,4100,4937,3140,184263,188023,188023,191923,-6280,0
Female,University,Married,55,240000,72188,74270,75959,80473,78883,80625,3000,3200,6100,0,2900,71270,72759,74373,78883,77725,0
Female,High School,Married,55,100000,17048,26593,50330,7495,9584,0,10000,35000,2000,2089,0,16593,15330,5495,7495,0,0
Female,High School,Married,56,30000,29261,29960,28316,28966,29542,30163,1500,1790,1440,1016,1055,28460,26526,27526,28526,29108,0
Female,High School,Married,50,120000,109372,111564,112482,115046,80987,85921,5500,4200,4552,3100,6416,106064,108282,110494,77887,79505,0
Female,University,Married,50,310000,316,316,6464,7016,4351,17016,316,6464,1000,4351,17016,0,0,6016,0,0,0
Female,Graduate,Married,51,290000,0,22888,783,40720,4352,504,22888,783,40720,4352,504,0,0,0,0,0,0
Female,High School,Married,52,230000,986,3915,2233,1410,0,0,3939,2244,1421,0,0,-24,-11,-11,0,0,0
Female,University,Married,52,270000,43210,45670,47625,49332,22950,25561,3500,3000,3000,3000,3000,42170,44625,46332,19950,22561,0
Female,Other,Single,52,160000,157018,135516,117895,86943,23433,20000,5000,5000,2200,500,1000,130516,112895,84743,22933,19000,0
Female,University,Married,51,280000,258764,279451,280882,218619,201679,195934,25000,7500,0,6500,7000,254451,273382,218619,195179,188934,0
Female,University,Married,54,20000,14930,14404,15558,16166,8824,0,11,1392,1000,176,0,14393,14166,15166,8648,0,1
Female,Graduate,Married,55,400000,153951,193159,72201,199209,179290,9780,193358,72356,199209,411,0,-199,-155,0,178879,9780,0
Female,High School,Single,56,50000,26242,2946,6152,4419,4419,1473,3006,6152,0,0,0,-60,0,4419,4419,1473,0
Female,University,Married,52,130000,50662,51562,47928,45456,42704,2552,4600,0,1500,0,2000,46962,47928,43956,42704,552,0
Female,High School,Other,56,100000,28625,27969,28812,31134,30444,32460,0,1500,2700,0,2400,27969,27312,28434,30444,30060,0
Female,University,Married,55,400000,530,5332,5101,6201,2173,2803,5101,6,2000,2173,2000,231,5095,4201,0,803,0
Female,University,Married,54,120000,-200,-200,-200,0,700,1935,0,0,200,700,1935,-200,-200,-200,0,0,1
Female,Graduate,Married,58,200000,203108,206084,187747,159746,140632,143092,7500,0,6014,5000,6000,198584,187747,153732,135632,137092,1
Female,Graduate,Married,55,260000,0,0,0,0,0,0,0,0,0,0,0,0,0,0,0,0,0
Female,Graduate,Married,56,110000,34102,30442,25656,22049,22456,18326,2000,1700,1800,1000,800,28442,23956,20249,21456,17526,0
Female,High School,Married,65,260000,0,0,0,0,0,0,0,0,0,0,0,0,0,0,0,0,1
Female,Graduate,Married,56,220000,0,0,0,0,5889,300,0,0,0,5889,300,0,0,0,0,0,0
Female,High School,Married,61,60000,28208,29230,30739,30841,28069,27941,1495,2004,2009,1211,2000,27735,28735,28832,26858,25941,0
Female,High School,Married,56,140000,11106,13627,13125,14600,16066,17521,3000,0,2000,2000,2000,10627,13125,12600,14066,15521,0
Female,High School,Married,50,100000,16469,17885,19587,21256,22895,24514,2000,2000,2000,2000,2000,15885,17587,19256,20895,22514,0
Female,University,Single,51,360000,-28,15500,2145,9944,4540,8024,15528,2145,9944,4540,8024,-28,0,0,0,0,0
Female,University,Married,52,160000,465,10451,9385,2260,1313,947,10451,0,4560,2626,1894,0,9385,-2300,-1313,-947,0
Female,University,Married,52,30000,34104,31600,30199,30010,24660,22042,0,2000,2000,1500,2000,31600,28199,28010,23160,20042,1
Female,University,Married,52,200000,290122,274868,280828,286702,293038,299317,7100,7500,7500,8000,8000,267768,273328,279202,285038,291317,0
Female,University,Single,59,330000,130797,112383,79505,80589,76180,61693,20000,3500,19000,15000,3000,92383,76005,61589,61180,58693,0
Female,High School,Married,56,80000,1407,2445,3377,-6,2188,5808,1068,1000,6,2194,5825,1377,2377,-12,-6,-17,0
Female,Graduate,Married,56,140000,136084,138468,93802,94531,96264,98135,6500,4300,3500,3600,3881,131968,89502,91031,92664,94254,1
Female,High School,Married,55,270000,2039,7918,4246,4875,836,5949,7922,4246,4875,836,5949,-4,0,0,0,0,0
Female,High School,Married,50,90000,91123,90056,88330,83948,82168,82304,3614,3223,3172,2743,3051,86442,85107,80776,79425,79253,0
Female,High School,Single,50,120000,6574,1374,45802,53231,25888,27114,1374,45812,10000,900,3000,0,-10,43231,24988,24114,0
Female,University,Married,50,50000,49068,47947,49293,41941,39643,39273,1848,2194,1842,1544,1396,46099,47099,40099,38099,37877,0
Female,High School,Married,52,320000,650,2080,218,0,2355,0,2080,218,0,2355,0,0,0,0,0,0,0
Female,University,Single,56,80000,49350,49533,49339,50415,45859,43152,2000,2000,2000,2007,1600,47533,47339,48415,43852,41552,0
Female,University,Married,58,180000,0,0,750,1576,1504,0,0,750,1576,1504,0,0,0,0,0,0,0
Female,University,Single,51,60000,38788,18251,19289,19033,20793,23530,2065,2000,2000,2000,3000,16186,17289,17033,18793,20530,0
Female,Graduate,Married,54,440000,293717,254498,169622,169140,152404,138447,9700,6323,5700,4800,4000,244798,163299,163440,147604,134447,0
Female,High School,Married,50,50000,0,1381,1214,1494,457,5523,1381,0,457,0,5523,0,1214,1037,457,0,1
Female,Graduate,Single,50,160000,1902,14706,706,706,316,1096,14846,1096,706,316,1096,-140,-390,0,0,0,0
Female,University,Married,51,50000,4746,4496,0,0,0,0,0,0,0,0,0,4496,0,0,0,0,0
Female,High School,Single,57,50000,50525,0,0,0,0,0,0,0,0,0,0,0,0,0,0,0,1
Female,Graduate,Single,54,140000,17962,17381,18104,17516,18721,18280,0,1300,0,1500,0,17381,16804,17516,17221,18280,1
Female,High School,Married,57,80000,80297,65002,62321,43303,40866,40573,3410,13800,3557,1620,1520,61592,48521,39746,39246,39053,0
Female,High School,Other,53,300000,0,0,0,0,0,0,0,0,0,0,0,0,0,0,0,0,0
Female,High School,Married,60,40000,14019,15780,18519,21058,8204,9899,2000,3000,3000,6000,2000,13780,15519,18058,2204,7899,0
Female,University,Married,54,30000,38866,29432,33364,30149,27028,29261,2000,4501,2396,4000,3076,27432,28863,27753,23028,26185,1
Female,High School,Married,50,300000,0,0,0,0,0,0,0,0,0,0,0,0,0,0,0,0,1
Female,University,Married,59,20000,8803,11137,10672,11201,12721,11946,2800,0,1000,2000,0,8337,10672,10201,10721,11946,1
Female,High School,Single,54,20000,13543,14308,16856,18073,18773,19166,1300,2800,1500,1000,695,13008,14056,16573,17773,18471,0
Female,University,Married,56,140000,123460,85778,89255,82800,16800,5367,5000,5000,4132,16800,5367,80778,84255,78668,0,0,0
Female,High School,Married,49,200000,570,52439,51040,56205,54723,58657,52439,0,6000,0,5000,0,51040,50205,54723,53657,1
Female,Graduate,Married,50,200000,2070,3250,0,1500,750,750,2500,0,2250,0,750,750,0,-750,750,0,0
Female,University,Single,50,400000,15986,4359,1783,129,3170,657,4359,0,129,3170,657,0,1783,0,0,0,0
Female,High School,Married,50,290000,173564,176233,171993,183510,179061,182891,7000,0,14367,0,6700,169233,171993,169143,179061,176191,0
Female,High School,Married,53,210000,88680,86225,84144,86894,88779,90641,7350,0,4000,3153,3268,78875,84144,82894,85626,87373,0
Female,University,Married,54,50000,46137,46975,47500,47921,17125,16686,2000,2045,1466,600,604,44975,45455,46455,16525,16082,0
Female,High School,Single,56,20000,11471,12188,15074,14426,14526,15026,1214,3100,0,500,500,10974,11974,14426,14026,14526,0
Female,Graduate,Single,54,360000,4463,3270,0,0,621,0,3270,0,0,621,0,0,0,0,0,0,0
Female,High School,Married,53,70000,70659,61100,62497,47581,48805,50018,3000,3200,2000,2000,2000,58100,59297,45581,46805,48018,1
Female,University,Married,52,80000,82904,80954,80070,74172,68002,58032,0,7000,4007,0,3000,80954,73070,70165,68002,55032,0
Female,High School,Married,66,230000,0,5580,500,1614,0,2800,5580,500,1614,0,2800,0,0,0,0,0,0
Female,University,Single,52,30000,19629,20639,22302,23208,21822,16624,1340,2000,1800,0,641,19299,20302,21408,21822,15983,0
Female,Graduate,Married,52,500000,76701,71680,67260,76145,74831,111826,2540,3334,15012,2822,40025,69140,63926,61133,72009,71801,0
Female,Graduate,Married,51,260000,0,2000,558,218,0,0,2000,558,218,0,0,0,0,0,0,0,0
Female,Graduate,Married,58,330000,880,2304,0,440,0,115,2304,0,440,0,115,0,0,0,0,0,1
Female,Graduate,Married,59,350000,0,0,0,0,0,42800,0,0,0,0,42800,0,0,0,0,0,0
Female,Other,Married,50,200000,0,1882,1312,0,0,0,1882,1325,0,0,0,0,-13,0,0,0,0
Female,University,Single,52,130000,124007,124919,119553,116530,113962,113972,6000,5000,4214,4500,5000,118919,114553,112316,109462,108972,0
Female,High School,Married,50,610000,10579,11299,7380,3755,20515,11497,11299,9710,3769,20515,0,0,-2330,-14,0,11497,0
Female,University,Married,51,330000,208263,200865,194176,184986,173688,164579,10000,10500,8000,6000,6000,190865,183676,176986,167688,158579,0
Female,University,Married,51,70000,42815,43913,44911,45772,46611,47508,2100,2000,1900,1900,1800,41813,42911,43872,44711,45708,1
Female,High School,Single,51,110000,111255,110615,112071,89274,91413,95541,4112,4519,4000,4000,6000,106503,107552,85274,87413,89541,0
Female,Graduate,Married,51,120000,117287,120290,116082,118405,99081,106300,6500,6000,6000,4000,9000,113790,110082,112405,95081,97300,0
Female,Graduate,Married,52,480000,105286,86619,18802,34863,73914,47938,87170,18802,34874,73921,47938,-551,0,-11,-7,0,0
Female,University,Single,52,80000,88819,77304,79545,55119,45630,45630,2990,3714,1500,1000,0,74314,75831,53619,44630,45630,0
Female,Graduate,Married,52,200000,16964,317,1169,3175,153,0,317,1169,3178,153,0,0,0,-3,0,0,0
Female,University,Married,51,20000,11156,13263,13357,14427,14894,15112,2300,1300,1300,700,600,10963,12057,13127,14194,14512,0
Female,High School,Married,70,230000,183500,147525,147391,149904,151816,103443,7000,5500,7000,6066,4000,140525,141891,142904,145750,99443,1
Female,High School,Single,52,40000,31960,33429,34887,35607,36514,37921,2000,2000,1600,1500,2000,31429,32887,34007,35014,35921,0
Female,University,Married,56,350000,1966,14440,13176,9399,10477,10775,14515,13316,9446,10529,10829,-75,-140,-47,-52,-54,0
Female,University,Married,56,360000,919,2374,-7,-7,-7,-7,2385,0,0,0,0,-11,-7,-7,-7,-7,0
Female,High School,Married,67,30000,27943,30734,28092,29112,29555,28536,3580,0,1800,1200,1083,27154,28092,27312,28355,27453,0
Female,University,Married,61,360000,353176,353782,303494,260113,263229,268446,13869,11644,12307,9474,9662,339913,291850,247806,253755,258784,1
Female,High School,Married,60,30000,1950,1950,1950,1950,1950,1950,0,0,0,0,0,1950,1950,1950,1950,1950,1
Female,High School,Married,61,120000,121709,78369,61849,57737,59174,60651,99,8800,2700,3000,2600,78270,53049,55037,56174,58051,1
Female,High School,Married,56,20000,19774,14990,14071,15512,17081,21108,2009,2000,2000,2000,5016,12981,12071,13512,15081,16092,0
Female,Graduate,Married,56,140000,450,450,450,450,1450,1150,0,0,0,1000,0,450,450,450,450,1150,1
Female,University,Married,59,20000,19328,18711,17657,20000,0,0,0,1700,3000,0,0,18711,15957,17000,0,0,1
Female,High School,Married,54,80000,68519,69493,70656,72290,390,390,2500,2671,3308,390,390,66993,67985,68982,0,0,0
Female,High School,Married,56,360000,0,0,0,0,0,0,0,0,0,0,0,0,0,0,0,0,0
Female,High School,Married,56,50000,45652,44037,40517,29734,16198,16669,1734,5000,1000,10160,16669,42303,35517,28734,6038,0,0
Female,Graduate,Married,55,150000,14149,18734,17822,32353,25007,16708,18734,18040,32353,25000,16708,0,-218,0,7,0,0
Female,University,Single,53,20000,17474,18396,17826,18547,19118,18679,1500,0,1300,1170,0,16896,17826,17247,17948,18679,0
Female,High School,Single,53,10000,9917,6615,8355,8000,9000,10000,3400,2000,0,1000,1000,3215,6355,8000,8000,9000,1
Female,University,Single,56,100000,390,780,390,390,3863,390,780,0,390,3863,390,0,390,0,0,0,0
Female,High School,Married,73,360000,0,0,0,0,0,0,0,0,0,0,0,0,0,0,0,0,1
Female,University,Single,53,170000,784,605,826,500,0,487,605,826,550,0,487,0,0,-50,0,0,0
Female,High School,Married,55,70000,68467,64657,55201,26213,26734,27304,2249,1519,1435,956,1000,62408,53682,24778,25778,26304,0
Female,High School,Married,53,30000,8615,9960,11492,12391,12891,9069,1500,1700,1500,500,1000,8460,9792,10891,12391,8069,0
Female,Graduate,Single,54,80000,78294,79247,74954,79356,48981,46848,3500,5608,8000,1205,1500,75747,69346,71356,47776,45348,1
Female,High School,Single,58,100000,98067,96802,97177,99043,74453,76252,4600,5000,4600,3000,3000,92202,92177,94443,71453,73252,0
Female,High School,Married,56,20000,9061,8769,9680,9376,9720,10962,0,1200,0,500,1400,8769,8480,9376,9220,9562,1
Female,University,Single,53,60000,8735,8448,9156,10226,12041,11704,0,1000,1226,2000,0,8448,8156,9000,10041,11704,1
Female,High School,Married,61,510000,187070,181733,192903,181801,178179,223100,8500,17000,0,6508,50000,173233,175903,181801,171671,173100,0
Female,High School,Married,54,260000,9760,5465,2504,15809,3756,9560,5484,2504,16593,3764,11092,-19,0,-784,-8,-1532,0
Female,Graduate,Married,64,360000,0,4900,0,0,5640,0,4900,0,0,5640,0,0,0,0,0,0,0
Female,University,Married,53,300000,7733,7424,8042,7733,7733,7733,7424,8351,7733,7733,7733,0,-309,0,0,0,0
Female,High School,Married,74,160000,79201,69376,66192,16905,0,19789,3783,2268,16905,0,19789,65593,63924,0,0,0,0
Female,University,Married,56,240000,2500,2500,0,0,0,0,0,0,0,0,0,2500,0,0,0,0,1
Female,High School,Single,58,150000,152767,152319,120458,98302,69424,70906,6251,5000,3903,2500,2600,146068,115458,94399,66924,68306,0
Female,High School,Single,60,90000,1933,63201,5322,27878,27243,27799,63201,5322,26400,545,556,0,0,1478,26698,27243,0
Female,University,Married,73,500000,0,2826,2652,2835,8896,3850,2826,2652,2835,8896,3850,0,0,0,0,0,1
Female,University,Married,60,140000,113079,109796,112144,114789,115590,118221,0,5600,6000,4200,4500,109796,106544,108789,111390,113721,1
Female,High School,Married,57,170000,163452,163148,161315,164366,124387,120529,7300,8000,7800,4600,5000,155848,153315,156566,119787,115529,0
Female,Graduate,Married,56,280000,4320,4789,9957,12492,3464,3936,4811,9957,12492,3469,3936,-22,0,0,-5,0,0
Male,Graduate,Single,30,30000,26061,27104,28076,25991,25429,26234,1780,1752,1666,800,1161,25324,26324,24325,24629,25073,0
Male,Graduate,Single,34,120000,646,1278,639,621,-18,-18,1271,0,621,0,0,7,639,0,-18,-18,1
Female,High School,Single,55,50000,13741,14750,15774,17087,17119,17602,1243,1267,1580,612,758,13507,14507,15507,16507,16844,0
Male,University,Single,41,80000,60588,61369,44810,43766,44636,93074,2505,3745,0,1571,2627,58864,41065,43766,43065,90447,0
Male,University,Single,29,180000,177554,175969,174812,177252,129190,130431,6500,7000,7100,5000,5000,169469,167812,170152,124190,125431,0
Male,University,Single,26,400000,938,348,292,12677,1650,1516,350,292,12677,1650,1516,-2,0,0,0,0,0
Male,Graduate,Single,28,50000,13258,18647,18064,19462,18854,20380,5635,0,2000,0,2000,13012,18064,17462,18854,18380,1
Male,High School,Single,24,60000,17054,16963,17298,17889,17847,17827,1600,1300,1277,625,644,15363,15998,16612,17222,17183,0
Male,University,Single,29,200000,13765,14304,29399,15817,6155,9955,14304,29404,15825,6155,9955,0,-5,-8,0,0,0
Male,Graduate,Single,29,50000,50085,2127,6093,5850,9558,15371,3000,4000,0,4000,6000,-873,2093,5850,5558,9371,1
Male,High School,Married,28,20000,16066,17477,17041,18239,17919,17398,2000,1400,1500,1000,1000,15477,15641,16739,16919,16398,1
Male,University,Other,22,130000,25200,0,0,0,500,0,0,0,0,500,0,0,0,0,0,0,0
Male,University,Single,22,10000,10160,9860,9565,9265,11951,12189,0,0,0,3000,1000,9860,9565,9265,8951,11189,0
Male,High School,Single,26,50000,50343,24132,20109,19932,19762,10708,1319,1902,1200,30,1031,22813,18207,18732,19732,9677,0
Male,University,Single,24,10000,7521,8519,8142,8235,0,0,1145,1148,1021,0,0,7374,6994,7214,0,0,0
Male,High School,Single,27,200000,3179,3844,5117,6877,7504,8148,1844,2117,1877,1504,1148,2000,3000,5000,6000,7000,0
Male,University,Single,27,10000,9457,9554,7335,9025,7886,8382,1107,1310,2000,269,1000,8447,6025,7025,7617,7382,0
Male,High School,Single,25,50000,39686,43685,44694,43673,44659,49512,5000,2000,0,2000,6000,38685,42694,43673,42659,43512,0
Male,University,Single,23,20000,17081,16809,17541,18250,19463,19010,300,1305,1305,1518,0,16509,16236,16945,17945,19010,1
Male,High School,Other,22,10000,9473,9661,9001,9768,9233,9154,1288,1400,1200,300,800,8373,7601,8568,8933,8354,1
Male,High School,Married,35,100000,94467,96521,98728,74239,75704,55704,3627,3938,2515,2516,4022,92894,94790,71724,73188,51682,0
Male,University,Single,23,50000,49842,49830,50116,49184,19184,18021,2000,2100,1500,1000,1000,47830,48016,47684,18184,17021,0
Male,University,Single,23,50000,46926,18385,11097,10596,12421,12129,1387,4200,0,1958,0,16998,6897,10596,10463,12129,0
Male,University,Single,23,50000,11148,13637,14959,16204,16536,17118,3000,1850,1800,900,1000,10637,13109,14404,15636,16118,0
Male,Graduate,Single,23,160000,6760,7043,9499,2814,2174,26053,4000,3000,1000,2274,25456,3043,6499,1814,-100,597,0
Male,Graduate,Single,23,10000,6927,5313,6264,5970,7175,6032,1500,3500,1000,2000,2500,3813,2764,4970,5175,3532,0
Male,University,Single,23,20000,6321,4813,595,18628,19324,19208,6000,597,21722,1000,697,-1187,-2,-3094,18324,18511,0
Male,University,Single,22,20000,19698,20305,20602,19850,20277,17525,2000,1300,0,702,620,18305,19302,19850,19575,16905,1
Male,University,Single,22,50000,51159,51699,50584,20480,9413,9712,3000,2650,2100,10000,600,48699,47934,18380,-587,9112,0
Male,University,Single,24,90000,37985,36664,22265,30504,26909,25685,2010,2000,10004,1010,2000,34654,20265,20500,25899,23685,0
Male,University,Single,24,20000,5266,6026,15855,16295,17023,17388,1000,10000,1000,1000,639,5026,5855,15295,16023,16749,1
Male,Graduate,Single,24,20000,6696,7437,8810,9470,18315,19237,1000,1495,1000,9000,1800,6437,7315,8470,9315,17437,1
Male,University,Single,23,50000,50175,49798,50795,50150,9658,10011,1796,2193,2040,330,492,48002,48602,48110,9328,9519,0
Male,High School,Single,23,10000,8604,8594,9259,9733,9528,9513,1600,1351,1215,400,200,6994,7908,8518,9128,9313,0
Male,University,Single,24,150000,9514,14961,3337,1012,4944,1016,15046,3367,1020,5392,1016,-85,-30,-8,-448,0,0
Male,University,Single,24,60000,58197,47537,46576,41376,36959,35508,3000,3010,3004,3000,3000,44537,43566,38372,33959,32508,0
Male,University,Other,25,20000,3855,3150,2862,3247,2857,2467,1040,1225,1000,0,2500,2110,1637,2247,2857,-33,0
Male,Graduate,Single,23,10000,0,0,0,0,0,0,0,0,0,0,0,0,0,0,0,0,0
Male,University,Single,24,20000,18836,19147,20223,19788,19927,20045,1318,1394,1159,678,793,17829,18829,18629,19249,19252,0
Male,Graduate,Single,24,10000,7760,8928,8386,7512,7615,7621,1471,1100,1107,600,264,7457,7286,6405,7015,7357,0
Male,University,Single,23,10000,10041,9804,10034,6599,6713,3940,2000,1503,1000,2134,79,7804,8531,5599,4579,3861,0
Male,University,Single,24,20000,16794,17496,18981,19608,19600,20000,1288,1773,1400,392,400,16208,17208,18208,19208,19600,0
Male,Graduate,Single,23,50000,980,3413,1068,1386,2800,3696,3500,11000,2000,2000,6396,-87,-9932,-614,800,-2700,0
Male,University,Single,22,20000,4341,5356,6376,7382,7375,7531,1245,1265,1271,264,275,4111,5111,6111,7111,7256,0
Male,University,Single,24,50000,6701,8770,11312,13112,13394,14176,2200,2700,2000,500,1000,6570,8612,11112,12894,13176,0
Male,University,Single,23,10000,7545,7510,8583,9156,9727,8706,1500,1588,1274,1235,303,6010,6995,7882,8492,8403,0
Male,University,Single,24,50000,18684,19690,21021,22067,22896,23873,1323,1654,1700,1500,1500,18367,19367,20367,21396,22373,0
Male,Graduate,Single,24,30000,11080,-202,-202,-202,-202,7571,0,0,0,0,7844,-202,-202,-202,-202,-273,0
Male,University,Single,24,250000,0,0,1859,3582,18717,20213,0,1859,2628,41000,3000,0,0,954,-22283,17213,0
Male,University,Single,24,50000,49411,50385,50207,48974,19090,780,2100,2183,1211,1362,390,48285,48024,47763,17728,390,0
Male,University,Single,23,50000,22643,23758,24870,18740,17861,17433,1497,1609,1279,1500,0,22261,23261,17461,16361,17433,1
Male,University,Single,23,10000,2427,6109,2736,3654,3729,9446,3775,0,1000,75,994,2334,2736,2654,3654,8452,1
Male,University,Single,23,20000,16994,18105,19504,19974,11548,10784,1700,2000,1011,300,216,16405,17504,18963,11248,10568,0
Male,University,Single,23,20000,18963,19904,18038,19032,17372,17893,1300,1400,1300,700,800,18604,16638,17732,16672,17093,1
Male,University,Single,23,50000,50511,50478,50146,49685,50252,9958,1785,2341,2128,344,359,48693,47805,47557,49908,9599,0
Male,High School,Single,24,50000,50645,48259,45079,30783,1727,150,0,2177,1702,2000,350,48259,42902,29081,-273,-200,0
Male,University,Single,24,20000,15940,19222,20650,0,0,0,3572,2000,0,0,0,15650,18650,0,0,0,0
Male,University,Single,24,110000,326,326,176,-150,150,952,326,176,0,952,952,0,0,-150,-802,0,1
Male,Graduate,Single,23,20000,11819,12840,15416,15567,15022,16855,1524,3100,696,0,2237,11316,12316,14871,15022,14618,0
Male,University,Single,24,50000,390,390,390,390,780,390,390,390,390,780,0,0,0,0,0,390,1
Male,University,Single,25,50000,43793,41739,20650,0,0,0,1651,1650,0,0,0,40088,19000,0,0,0,0
Male,University,Single,25,140000,0,850,2620,66397,62967,44226,850,2620,66397,2038,2000,0,0,0,60929,42226,0
Male,Graduate,Married,25,50000,47053,5472,5891,6595,8400,4041,2000,1500,1000,2000,1000,3472,4391,5595,6400,3041,0
Male,University,Single,25,10000,0,0,0,0,0,0,0,0,0,0,0,0,0,0,0,0,0
Male,High School,Single,25,70000,69447,67209,56580,24991,16036,16667,0,4000,1500,3000,2500,67209,52580,23491,13036,14167,1
Male,University,Single,25,20000,14989,15999,17043,18236,19376,18958,1263,1307,1500,1408,0,14736,15736,16736,17968,18958,1
Male,High School,Single,25,20000,1650,1650,1650,1650,1650,1650,0,0,0,0,0,1650,1650,1650,1650,1650,1
Male,University,Single,25,20000,18885,21563,20943,20152,19754,19204,3300,0,0,2,384,18263,20943,20152,19752,18820,1
Male,University,Single,25,20000,17927,17384,13648,13924,15685,15292,1500,1500,1400,2000,0,15884,12148,12524,13685,15292,0
Male,University,Single,26,60000,38815,40171,37274,30203,30809,33323,2023,1491,2000,1092,3000,38148,35783,28203,29717,30323,0
Male,University,Married,25,50000,47410,48705,46776,48218,41037,9288,2100,2000,2300,2100,470,46605,44776,45918,38937,8818,0
Male,University,Married,25,50000,49007,48847,47241,47683,46844,47537,1922,2200,2000,1400,2000,46925,45041,45683,45444,45537,1
Male,University,Married,25,30000,11355,12670,13383,14699,14688,16749,1512,1225,1541,530,2302,11158,12158,13158,14158,14447,1
Male,High School,Single,24,20000,19438,16944,17990,19671,19244,19443,1273,1319,2000,674,693,15671,16671,17671,18570,18750,0
Male,University,Single,25,50000,20636,17792,17422,17273,18827,16996,1604,1702,1500,2004,16,16188,15720,15773,16823,16980,1
Male,University,Single,24,70000,32536,26351,45870,46918,53153,52174,0,20000,1807,7042,0,26351,25870,45111,46111,52174,0
Male,Graduate,Single,24,70000,12109,15328,16854,16741,15154,6060,5328,4000,3000,3007,6060,10000,12854,13741,12147,0,0
Male,University,Single,25,20000,13429,14502,15564,16600,17025,17381,1300,1300,1300,700,630,13202,14264,15300,16325,16751,0
Male,University,Single,23,10000,4812,3072,2529,390,9478,8170,1196,2535,390,9478,0,1876,-6,0,0,8170,1
Male,High School,Single,24,10000,2736,4050,5426,6743,8544,9858,3000,2000,2000,2000,2000,1050,3426,4743,6544,7858,0
Male,High School,Single,23,80000,1053,193,9387,125,-68,-261,0,9387,125,0,0,193,0,0,-68,-261,0
Male,Graduate,Single,25,60000,1193,49461,51024,32215,31088,33581,48967,2530,1525,1200,3000,494,48494,30690,29888,30581,0
Male,University,Married,26,180000,396,396,396,396,396,396,396,396,396,396,396,0,0,0,0,0,0
Male,University,Single,27,300000,1386,25051,9505,91527,80780,2694,25125,9565,91559,252,2694,-74,-60,-32,80528,0,0
Male,University,Married,26,70000,64691,65259,66673,62278,64268,65264,2500,2500,2500,3000,3000,62759,64173,59778,61268,62264,0
Male,University,Single,26,50000,29373,28607,29843,32257,35421,36265,0,2000,3200,4000,2000,28607,27843,29057,31421,34265,1
Male,University,Married,26,120000,16068,14775,7982,6289,7319,6958,1134,1163,1000,2000,1000,13641,6819,5289,5319,5958,0
Male,High School,Single,26,50000,50419,40200,0,0,0,0,1000,0,0,0,0,39200,0,0,0,0,1
Male,University,Married,27,170000,2697,0,1409,1337,1337,53885,0,1409,1337,0,53885,0,0,0,1337,0,0
Male,University,Single,27,170000,711,176,465,1422,582,291,176,1000,1422,291,0,0,-535,0,291,291,0
Male,University,Single,27,50000,35905,35028,36373,37165,39539,40454,0,1908,1700,3000,1700,35028,34465,35465,36539,38754,0
Male,Graduate,Single,23,180000,177998,167021,148713,129518,125868,121823,7000,6000,5000,5000,4416,160021,142713,124518,120868,117407,0
Male,University,Married,26,80000,31740,74415,56435,40620,37356,35091,50000,1796,2126,1539,1807,24415,54639,38494,35817,33284,0
Male,High School,Single,26,50000,49006,48814,49180,44941,20056,19783,2000,2000,2005,700,856,46814,47180,42936,19356,18927,0
Male,University,Single,27,290000,98861,89638,50453,193665,188075,162106,3221,3104,160045,4959,5201,86417,47349,33620,183116,156905,0
Male,University,Married,27,160000,112022,85788,67093,30166,0,0,4342,4017,2190,3990,0,81446,63076,27976,-3990,0,1
Male,Graduate,Single,27,160000,316,316,2968,19656,4056,7496,316,2968,19666,4056,7496,0,0,-10,0,0,0
Male,Graduate,Single,27,390000,59917,73806,75614,77358,86007,88601,15000,3000,3000,10000,4000,58806,72614,74358,76007,84601,0
Male,High School,Single,25,10000,9737,9947,9802,8450,4060,0,1352,1000,0,1000,900,8595,8802,8450,3060,-900,1
Female,Graduate,Other,25,80000,8900,1136,720,478,219,0,1136,727,478,219,0,0,-7,0,0,0,0
Male,Graduate,Single,25,160000,85748,86473,89120,88854,84598,86309,4000,5000,3096,3100,4000,82473,84120,85758,81498,82309,0
Male,Graduate,Single,26,80000,56808,55901,57030,56576,53819,48604,3000,3010,4000,5000,3000,52901,54020,52576,48819,45604,0
Male,University,Single,26,360000,94672,96585,102837,110891,53827,14589,3485,7837,10185,5126,2898,93100,95000,100706,48701,11691,0
Male,University,Single,26,200000,58050,2500,2500,2500,2500,2500,0,0,0,0,0,2500,2500,2500,2500,2500,1
Male,University,Single,25,60000,56473,61514,61748,58583,28301,29301,6000,1800,0,600,1000,55514,59948,58583,27701,28301,0
Male,University,Single,26,110000,61167,60549,55400,10711,10868,11079,2721,2422,1132,289,341,57828,52978,9579,10579,10738,0
Male,Graduate,Single,26,90000,61212,57315,5710,12959,9140,9333,2497,1154,8000,288,300,54818,4556,4959,8852,9033,0
Male,High School,Single,26,50000,49644,94883,42097,32394,16658,17006,2047,5728,1300,1194,617,92836,36369,31094,15464,16389,1
Male,Graduate,Single,27,180000,212751,205797,206670,31546,141189,138880,40000,37000,3270,194989,5753,165797,169670,28276,-53800,133127,0
Male,University,Single,25,30000,21403,20766,21637,22473,23312,23419,0,1500,1500,1500,1500,20766,20137,20973,21812,21919,1
Male,Graduate,Single,25,50000,9716,25045,15180,6964,7604,2173,25045,15522,6964,7604,2173,0,-342,0,0,0,1
Male,University,Single,24,50000,19267,23553,21507,17827,7655,7881,5000,1700,2000,500,500,18553,19807,15827,7155,7381,0
Male,University,Single,26,120000,109110,105891,113662,110349,112036,114584,0,11000,0,5000,4332,105891,102662,110349,107036,110252,0
Male,Graduate,Single,25,60000,58479,58839,53235,38533,39639,39619,3000,2018,1900,2000,1500,55839,51217,36633,37639,38119,0
Male,University,Single,25,70000,34700,21597,3340,0,0,0,21597,3340,0,0,0,0,0,0,0,0,0
Male,University,Single,25,50000,29425,30932,32128,33588,38106,37364,2000,2000,2000,5100,0,28932,30128,31588,33006,37364,0
Male,University,Single,26,240000,24779,28630,29095,28883,28372,24033,5000,1700,1500,755,3000,23630,27395,27383,27617,21033,0
Male,University,Single,25,200000,147660,148603,143647,152605,155981,158508,5500,0,12000,8000,5800,143103,143647,140605,147981,152708,1
Male,Graduate,Single,25,50000,41761,44689,47613,48174,48731,49655,4000,4000,2000,2000,2200,40689,43613,46174,46731,47455,0
Male,Graduate,Single,26,290000,196780,198682,144672,146116,109672,60439,10144,7443,35215,5011,5079,188538,137229,110901,104661,55360,0
Male,University,Single,26,30000,-185,27478,30642,29361,29022,28409,28924,4000,0,1000,900,-1446,26642,29361,28022,27509,0
Male,University,Single,26,290000,46041,47039,48047,51395,52332,416,2000,2300,5000,2600,0,45039,45747,46395,49732,416,0
Male,High School,Single,25,50000,50184,50664,50633,48724,19208,19917,2000,1925,5006,2000,1016,48664,48708,43718,17208,18901,0
Male,University,Single,26,50000,581,581,581,581,581,581,581,581,581,581,581,0,0,0,0,0,0
Male,Graduate,Single,26,310000,47330,48947,49738,53602,40510,43742,4000,5000,5052,9950,5000,44947,44738,48550,30560,38742,0
Male,University,Married,26,120000,101215,100685,15452,12491,3550,2729,5006,2000,3010,1000,2000,95679,13452,9481,2550,729,0
Male,University,Single,26,140000,146023,141873,137057,135046,136131,135292,6,233,6342,4800,5100,141867,136824,128704,131331,130192,1
Male,High School,Single,26,50000,24003,25597,26237,19296,19127,18997,2000,1425,1598,819,705,23597,24812,17698,18308,18292,0
Male,University,Married,26,10000,1198,0,0,0,0,0,0,0,0,0,0,0,0,0,0,0,1
Male,University,Married,30,110000,88168,90585,89555,87410,85576,84021,7300,3800,3000,3100,3000,83285,85755,84410,82476,81021,1
Male,High School,Married,29,20000,14576,16318,17388,17850,17737,27240,2000,1354,2113,1000,1000,14318,16034,15737,16737,26240,0
Male,University,Single,26,50000,44781,46033,47289,47462,18204,18322,2000,2000,2000,2000,3314,44033,45289,45462,16204,15008,0
Male,University,Single,26,230000,-8,-8,3243,20172,26446,58598,0,3251,20174,12000,46100,-8,-8,-2,14446,12498,0
Male,High School,Single,27,80000,0,0,0,0,0,0,0,0,0,0,0,0,0,0,0,0,0
Male,High School,Single,26,30000,28337,27203,25791,18972,28051,20782,2000,2000,1600,10000,2140,25203,23791,17372,18051,18642,0
Male,University,Single,28,100000,188853,180765,64653,10388,3762,1434,5003,3018,1400,3786,1774,175762,61635,8988,-24,-340,0
Male,Other,Single,26,280000,688,2384,696,696,1392,696,2400,696,696,1392,0,-16,0,0,0,696,0
Male,Graduate,Single,26,110000,65215,130746,69834,71245,72199,73711,2375,10000,3170,2735,2829,128371,59834,68075,69464,70882,0
Male,University,Married,26,110000,52489,53615,54803,55729,57001,58036,2000,2050,1895,2068,1982,51615,52753,53834,54933,56054,0
Male,University,Single,27,40000,40933,39630,40340,42332,41023,42722,0,2000,3304,0,3000,39630,38340,39028,41023,39722,0
Male,Graduate,Single,26,180000,23758,31278,124718,133102,124279,123748,9000,100000,12000,0,4800,22278,24718,121102,124279,118948,0
Male,High School,Single,26,50000,50632,49654,49746,50365,35157,19796,1808,2084,1703,975,683,47846,47662,48662,34182,19113,0
Male,University,Single,27,50000,50580,48956,49252,28838,2102,19366,3000,4063,1700,600,20000,45956,45189,27138,1502,-634,0
Male,High School,Single,27,50000,48534,48429,49884,43799,20191,19096,1824,2279,1194,594,599,46605,47605,42605,19597,18497,0
Male,Graduate,Single,27,90000,21506,18304,15783,16815,17236,17807,1600,2000,1600,1000,1000,16704,13783,15215,16236,16807,0
Male,Graduate,Single,26,80000,67090,67229,24772,20000,20000,20000,2500,2089,6000,200,0,64729,22683,14000,19800,20000,0
Male,Other,Single,26,90000,2862,0,0,1000,326,326,0,0,1000,326,326,0,0,0,0,0,1
Male,Graduate,Single,26,50000,14577,15329,16575,17496,17907,18375,1300,1500,1500,1000,1000,14029,15075,15996,16907,17375,0
Male,Graduate,Single,26,100000,1872,4490,4056,10782,3187,18515,4503,4066,10900,3196,18543,-13,-10,-118,-9,-28,0
Male,University,Single,41,390000,22309,21921,18357,17376,835,835,1325,1283,1092,14836,837,20596,17074,16284,-14001,-2,0
Male,University,Married,26,70000,18757,19764,20539,23066,23684,24182,1625,1400,2882,1000,879,18139,19139,20184,22684,23303,0
Male,Graduate,Single,27,100000,9228,10240,11372,12092,12429,22315,1171,1303,1023,360,10000,9069,10069,11069,12069,12315,0
Male,University,Single,27,210000,90675,19357,18885,20258,21610,23025,1607,1700,2000,2000,2000,17750,17185,18258,19610,21025,0
Male,University,Single,27,10000,5002,6014,7111,8120,9120,0,1103,1200,1200,1000,0,4911,5911,6920,8120,0,0
Male,University,Single,26,310000,2154,359,256,2513,795,250,360,257,2537,798,251,-1,-1,-24,-3,-1,0
Male,University,Single,26,30000,33181,32391,31624,30683,29215,29900,0,8,0,0,1015,32391,31616,30683,29215,28885,1
Male,Graduate,Single,27,130000,0,0,0,0,0,0,0,0,0,0,0,0,0,0,0,0,0
Male,Other,Single,27,20000,543,2070,370,-20,780,0,1100,5193,0,800,0,970,-4823,-20,-20,0,0
Male,University,Single,28,50000,5281,7025,7758,8459,8635,7473,2000,1000,1000,282,1000,5025,6758,7459,8353,6473,0
Male,University,Single,24,30000,21788,22832,23473,22798,24420,23889,1700,1300,0,2000,0,21132,22173,22798,22420,23889,1
Male,University,Single,26,140000,80351,166526,83514,72387,67261,68670,4000,2890,3118,3000,2493,162526,80624,69269,64261,66177,0
Male,Graduate,Single,27,70000,43214,44196,45181,46426,47380,46923,2000,2000,2000,2000,2000,42196,43181,44426,45380,44923,0
Male,University,Single,27,20000,17569,18478,19884,20218,19687,20307,1500,2000,1000,0,1000,16978,17884,19218,19687,19307,1
Male,Graduate,Single,27,400000,3359,6790,7010,4111,24808,1839,6034,7060,4113,24838,1848,756,-50,-2,-30,-9,0
Male,University,Single,27,20000,19388,18807,18235,18654,18073,17501,0,0,1000,0,0,18807,18235,17654,18073,17501,0
Male,Graduate,Single,27,10000,8907,6599,7736,8492,8138,4990,1500,1400,1000,1009,1000,5099,6336,7492,7129,3990,0
Male,Graduate,Single,27,60000,5370,7268,10131,11644,14430,17180,2000,3000,2000,3000,3000,5268,7131,9644,11430,14180,0
Male,Graduate,Single,28,180000,2566,7255,24974,25256,29627,17765,7255,25043,25256,29627,17765,0,-69,0,0,0,0
Male,University,Married,28,50000,49139,50125,0,0,0,0,2500,0,0,0,0,47625,0,0,0,0,0
Male,High School,Single,28,90000,15940,19742,19137,20212,20874,21387,4400,0,1400,1000,1000,15342,19137,18812,19874,20387,1
Male,University,Single,28,390000,198132,192975,68855,-1391,249742,253914,9124,3181,895,253009,10009,183851,65674,-2286,-3267,243905,0
Male,University,Single,29,30000,19363,20723,22492,22819,24441,23910,2000,2100,1000,2000,0,18723,20392,21819,22441,23910,1
Male,Graduate,Single,29,200000,7885,7613,9318,10297,17321,21263,0,2003,2063,8000,4033,7613,7315,8234,9321,17230,1
Male,Graduate,Single,28,20000,8469,8187,9097,10935,10463,11295,0,1200,2000,0,1000,8187,7897,8935,10463,10295,1
Male,Graduate,Single,28,70000,72605,70859,71946,69337,29949,29380,0,2800,0,1200,1200,70859,69146,69337,28749,28180,0
Male,Graduate,Single,27,80000,63132,61397,70223,53429,28689,24827,2378,10000,23000,5000,10000,59019,60223,30429,23689,14827,0
Male,Graduate,Married,27,80000,2197,3613,4820,867,1154,2473,3613,1500,867,1500,1500,0,3320,0,-346,973,0
Male,University,Single,28,110000,10817,10988,8033,7262,9612,6747,3000,0,2000,5000,0,7988,8033,5262,4612,6747,1
Male,High School,Single,28,310000,186,186,3550,653,14353,15932,0,3567,654,14428,15018,186,-17,-1,-75,914,0
Male,Graduate,Single,28,80000,80849,79422,76834,76333,49942,50191,3200,9000,3365,2000,2200,76222,67834,72968,47942,47991,0
Male,University,Single,29,390000,6664,6931,5985,7151,-200,-200,6931,5985,7000,0,0,0,0,151,-200,-200,0
Male,Graduate,Single,22,20000,-7,-7,730,1000,300,0,0,737,1060,300,0,-7,-7,-60,0,0,0
Male,University,Single,24,50000,10912,10401,20916,20658,9426,8215,2152,1209,1080,438,434,8249,19707,19578,8988,7781,0
Male,University,Single,26,20000,300,300,300,300,300,300,0,0,0,0,0,300,300,300,300,300,1
Male,University,Single,26,30000,25993,6296,17223,18305,0,0,1183,11500,2000,0,0,5113,5723,16305,0,0,0
Male,University,Single,26,170000,7228,6238,6265,5430,4898,3240,1200,2367,5430,4898,3240,5038,3898,0,0,0,0
Male,University,Single,28,320000,5799,70891,76755,74838,72402,71847,70891,7001,21,3012,3015,0,69754,74817,69390,68832,0
Male,University,Single,27,200000,137266,137888,136545,116549,109622,111113,5212,5065,4005,3900,4003,132676,131480,112544,105722,107110,0
Male,High School,Single,27,50000,17500,0,0,0,0,0,0,0,0,0,0,0,0,0,0,0,0
Male,Graduate,Single,29,180000,115191,117488,118504,119034,-966,-966,5700,4400,2500,937,0,111788,114104,116534,-1903,-966,0
Male,University,Single,29,290000,42065,10800,9653,4374,179758,180125,1100,1087,1002,179768,5800,9700,8566,3372,-10,174325,0
Male,University,Single,28,260000,0,0,0,0,0,0,0,0,0,0,0,0,0,0,0,0,0
Male,Graduate,Single,27,170000,2190,264,1408,1434,264,264,264,1408,1434,264,264,0,0,0,0,0,0
Male,Graduate,Single,28,290000,346,0,2765,6116,10462,1052,0,2765,6200,10479,1052,0,0,-84,-17,0,1
Male,University,Single,28,120000,92677,92809,93392,93609,95055,96761,4516,5005,5006,5014,5008,88293,88387,88603,90041,91753,0
Male,Graduate,Single,28,290000,6395,7330,8711,9409,10153,9846,1200,1500,1000,900,0,6130,7211,8409,9253,9846,1
Male,Graduate,Single,27,10000,5703,6734,8833,9604,9800,10000,1130,2229,1000,196,200,5604,6604,8604,9604,9800,0
Male,University,Single,28,160000,530,530,-102,-418,-418,1647,0,102,316,123,2847,530,-204,-734,-541,-1200,0
Male,University,Married,28,20000,18941,16568,17222,18045,18083,18123,1500,1300,1500,700,700,15068,15922,16545,17383,17423,0
Male,Graduate,Married,29,200000,199417,188778,195335,194775,197105,204122,0,8278,4100,180000,202317,188778,187057,190675,17105,1805,0
Male,High School,Single,30,200000,24853,24065,19153,20606,21032,89162,3158,3007,3014,2007,70012,20907,16146,17592,19025,19150,0
Male,University,Single,27,130000,84579,86256,88093,89837,91625,92822,3084,3224,3236,3257,3509,83172,84869,86601,88368,89313,0
Male,University,Single,28,230000,26574,-26,-26,90624,92624,-89,26,0,90650,2000,89,-52,-26,-26,90624,-178,0
Male,Graduate,Single,28,140000,933,1768,3169,5041,389,3065,1768,3169,5041,389,3065,0,0,0,0,0,0
Male,Graduate,Single,27,280000,1284,842,1212,3244,2134,1270,846,1216,3249,4,6,-4,-4,-5,2130,1264,0
Male,Graduate,Single,27,50000,14614,15622,16342,17653,17697,18068,1558,1278,1589,633,656,14064,15064,16064,17064,17412,0
Male,University,Single,28,20000,12234,11762,13007,13590,13476,15009,1192,1827,1500,482,1750,10570,11180,12090,12994,13259,0
Male,Other,Single,27,150000,133374,40283,49746,51500,0,0,10000,10000,2900,10000,0,30283,39746,48600,-10000,0,0
Male,Graduate,Single,29,200000,0,0,2348,1790,1790,350,0,2348,0,0,350,0,0,1790,1790,0,1
Male,Graduate,Single,29,420000,16127,12074,85269,86388,87153,88957,1322,90499,3122,2915,3000,10752,-5230,83266,84238,85957,0
Male,High School,Single,29,10000,2944,4877,6287,7521,8389,9252,2000,1500,1500,1000,1000,2877,4787,6021,7389,8252,0
Male,University,Married,28,500000,257603,217964,171462,99495,168313,233306,10234,10753,20134,110167,105000,207730,160709,79361,58146,128306,0
Male,University,Single,28,150000,157051,161665,0,0,0,0,8566,1500,0,0,0,153099,-1500,0,0,0,0
Male,Graduate,Single,28,240000,227346,231891,240146,245552,91382,93177,8308,12000,10373,3403,4000,223583,228146,235179,87979,89177,0
Male,Graduate,Single,28,70000,4638,323,0,0,0,0,323,0,0,0,0,0,0,0,0,0,0
Male,University,Married,29,70000,57779,59016,60263,65348,63699,67667,2200,2200,6100,0,5000,56816,58063,59248,63699,62667,0
Male,University,Single,28,230000,-73,-73,-73,-73,7723,0,0,0,0,7796,0,-73,-73,-73,-73,0,0
Male,Graduate,Single,28,200000,5765,12386,2662,6023,8303,171059,12453,12,6053,8337,171074,-67,2650,-30,-34,-15,0
Male,Graduate,Single,29,50000,46489,48210,49493,20650,1000,0,2500,2493,1650,1000,0,45710,47000,19000,0,0,0
Male,Graduate,Single,29,300000,2163,345,2541,730,1350,2100,345,2541,730,1350,2100,0,0,0,0,0,0
Male,University,Single,29,130000,58299,59352,51420,48140,34893,33986,2626,8585,1620,698,725,56726,42835,46520,34195,33261,0
Male,High School,Single,29,610000,8965,7988,3428,6384,65809,62950,7062,4017,6434,68290,2045,926,-589,-50,-2481,60905,0
Male,University,Single,29,120000,115698,118277,121004,118774,91369,88015,6000,6513,3740,3215,3300,112277,114491,115034,88154,84715,0
Male,University,Single,27,60000,58982,59063,58440,59593,59642,60165,2097,2141,3000,2064,2672,56966,56299,56593,57578,57493,0
Male,University,Single,29,50000,28818,26000,0,0,0,0,2000,300,0,0,0,24000,-300,0,0,0,0
Male,High School,Single,29,50000,43933,42927,46324,45283,48042,50834,0,4100,0,3780,3515,42927,42224,45283,44262,47319,1
Male,University,Single,30,20000,19082,19691,19932,19904,19549,19920,1314,1405,1157,802,790,18377,18527,18747,18747,19130,0
Male,University,Married,30,300000,900,195,1442,1740,3871,606,195,1542,1748,3890,608,0,-100,-8,-19,-2,0
Male,High School,Married,31,50000,43200,0,0,0,0,0,6000,0,0,0,0,-6000,0,0,0,0,0
Male,Graduate,Married,29,130000,118723,117323,38765,33349,33463,33795,3001,3000,2000,1000,666,114322,35765,31349,32463,33129,0
Male,University,Single,30,100000,89898,92422,95979,93580,91181,93563,4900,5900,0,0,4000,87522,90079,93580,91181,89563,1
Male,University,Single,28,130000,101546,88549,74624,76133,77648,79370,3000,2709,2750,2767,2961,85549,71915,73383,74881,76409,0
Male,University,Single,29,30000,390,390,390,390,1438,719,390,390,390,1438,0,0,0,0,0,719,0
Male,University,Married,29,10000,8099,9727,5732,6576,7472,8359,2000,3000,1104,1000,1000,7727,2732,5472,6472,7359,0
Male,University,Single,28,50000,48591,48896,48587,37211,28248,28430,2300,2000,1432,988,1600,46596,46587,35779,27260,26830,0
Male,University,Married,30,10000,1050,1050,1050,1050,1050,1050,0,0,0,0,0,1050,1050,1050,1050,1050,1
Male,University,Single,30,230000,115141,101832,92396,84297,49681,46224,5028,5000,4000,2029,2000,96804,87396,80297,47652,44224,0
Male,University,Married,30,210000,820,820,820,820,820,820,820,820,820,820,820,0,0,0,0,0,0
Male,Other,Single,30,140000,2663,1823,1823,1769,84042,89381,1823,1823,1769,85096,9000,0,0,0,-1054,80381,0
Male,University,Single,31,50000,47533,48640,49483,40850,0,800,2200,2000,3000,0,400,46440,47483,37850,0,400,0
Male,Graduate,Single,30,310000,48931,207890,24113,65010,67144,60592,207000,20000,60126,20000,25000,890,4113,4884,47144,35592,0
Male,University,Single,30,80000,64330,65813,66282,67285,68309,71830,2934,2500,2500,2500,5000,62879,63782,64785,65809,66830,0
Male,Graduate,Married,30,500000,6049,2500,0,0,0,0,2500,0,0,0,0,0,0,0,0,0,0
Male,University,Single,26,80000,50442,51397,49991,47681,46900,45161,1816,1920,2063,1543,1400,49581,48071,45618,45357,43761,0
Male,High School,Single,28,120000,1835,1651,390,390,282,-108,0,0,390,282,0,1651,390,0,0,-108,1
Male,University,Single,26,50000,45253,44840,45880,46893,47827,48829,1724,1764,1777,1711,1772,43116,44116,45116,46116,47057,0
Male,University,Single,30,50000,16397,17378,17523,18467,17865,18234,1572,1617,1561,759,779,15806,15906,16906,17106,17455,0
Male,Graduate,Married,30,200000,3207,4347,2897,1432,1200,-41,4360,2902,1432,1517,0,-13,-5,0,-317,-41,0
Male,University,Single,30,50000,1382,2496,4533,4279,4592,0,1300,2254,0,313,0,1196,2279,4279,4279,0,0
Male,University,Single,30,130000,780,780,390,0,780,0,390,0,0,780,0,390,390,0,0,0,0
Male,Graduate,Single,28,240000,181569,182916,186885,187756,188520,189908,6606,8246,6806,5112,5291,176310,178639,180950,183408,184617,0
Male,Graduate,Single,28,180000,9796,500,3866,6019,7602,7622,500,3866,3300,7602,7622,0,0,2719,0,0,0
Male,University,Single,28,20000,10926,12899,18394,16806,36070,19257,2500,9000,0,2000,2000,10399,9394,16806,34070,17257,0
Male,Graduate,Single,28,140000,31529,30844,33961,33250,34524,38098,0,3500,0,2000,4000,30844,30461,33250,32524,34098,1
Male,Graduate,Married,29,160000,498,680,0,362,9464,6087,682,0,362,9102,0,-2,0,0,362,6087,0
Male,Graduate,Single,29,280000,10660,5123,8467,2510,591,14994,5123,8467,2510,591,14994,0,0,0,0,0,0
Male,Graduate,Single,28,80000,198,734,1580,2338,3140,3907,734,1044,1000,2000,1500,0,536,1338,1140,2407,0
Male,University,Married,29,140000,14544,22376,28746,36395,46358,49946,8376,7000,8395,10546,4400,14000,21746,28000,35812,45546,0
Male,Graduate,Single,30,300000,237372,243409,250477,254808,260562,266200,10000,11000,10000,10000,10000,233409,239477,244808,250562,256200,0
Male,University,Married,27,150000,118533,119911,123914,126447,128773,134930,3375,5000,3583,3402,7226,116536,118914,122864,125371,127704,0
Male,Other,Married,27,240000,0,249,913,0,0,0,249,913,0,0,0,0,0,0,0,0,0
Male,Graduate,Single,29,100000,390,390,390,780,0,599,390,390,780,0,599,0,0,0,0,0,1
Male,University,Single,30,100000,27869,29329,30294,31734,32323,33648,3500,3000,3500,1500,2000,25829,27294,28234,30823,31648,0
Male,University,Married,30,220000,15746,17537,14856,35705,25649,5018,16780,14469,35278,4647,19,757,387,427,21002,4999,0
Male,High School,Single,30,50000,9610,9132,8681,8039,4952,390,1147,1169,1000,4986,390,7985,7512,7039,-34,0,1
Male,Graduate,Single,30,120000,1500,3010,1700,1125,909,786,1700,0,1125,909,786,1310,1700,0,0,0,0
Male,Graduate,Married,31,280000,-6,-6,1345,-5,-5,985,0,1351,0,0,990,-6,-6,-5,-5,-5,0
Male,Graduate,Single,30,200000,0,1870,1000,0,1275,543,1870,1000,0,1275,543,0,0,0,0,0,0
Male,University,Single,29,10000,5948,5716,7132,8477,8292,9861,0,1500,1500,0,1604,5716,5632,6977,8292,8257,1
Male,University,Single,30,10000,8107,8724,9191,9800,10072,9766,1298,1155,1154,1206,0,7426,8036,8646,8866,9766,1
Male,Graduate,Single,29,50000,5249,14427,19819,18567,23535,28620,10000,6000,0,5630,6000,4427,13819,18567,17905,22620,0
Male,Graduate,Single,30,70000,2329,55664,59529,57571,57871,60872,55000,5800,0,2250,4500,664,53729,57571,55621,56372,1
Male,University,Single,30,20000,-300,-690,-1080,-1470,-1860,-2250,0,0,0,0,0,-690,-1080,-1470,-1860,-2250,0
Male,Graduate,Single,30,140000,90313,103560,78842,67003,0,0,15037,5,2007,0,0,88523,78837,64996,0,0,0
Male,Other,Married,46,200000,103138,94638,88227,82087,75285,78872,3929,4000,4000,3000,13000,90709,84227,78087,72285,65872,0
Male,University,Single,42,280000,22821,23169,82073,61638,44868,29804,1118,82267,1528,997,1049,22051,-194,60110,43871,28755,0
Male,Graduate,Single,45,70000,73958,72097,46445,46759,21265,14379,67,3006,4659,1000,1000,72030,43439,42100,20265,13379,0
Male,University,Single,26,210000,9358,-27,-27,-27,3073,2878,0,0,0,3100,0,-27,-27,-27,-27,2878,0
Male,Other,Single,27,50000,47830,47863,34725,15735,0,0,6143,2354,4147,0,0,41720,32371,11588,0,0,0
Male,Graduate,Single,27,150000,85500,86009,86108,89006,89775,87725,3956,4031,10006,3266,4040,82053,82077,79000,86509,83685,0
Male,University,Single,28,120000,8022,9493,11612,12438,13099,15926,2000,3000,3000,3000,3000,7493,8612,9438,10099,12926,0
Male,Graduate,Married,28,200000,1867,994,2058,1546,2215,1828,997,2064,1550,2229,1833,-3,-6,-4,-14,-5,1
Male,Graduate,Single,31,420000,31065,25918,20899,14966,5676,134038,2004,3000,1041,5676,135687,23914,17899,13925,0,-1649,0
Male,Graduate,Single,29,50000,5931,5690,8023,7748,8269,7992,0,2600,0,800,0,5690,5423,7748,7469,7992,0
Male,Graduate,Single,31,270000,9526,10418,6436,7196,7137,5587,1116,1500,2000,1000,194,9302,4936,5196,6137,5393,0
Male,University,Married,31,130000,2280,1725,3895,1500,450,5289,1725,3895,1500,450,5289,0,0,0,0,0,0
Male,Graduate,Single,31,210000,82940,84583,86357,88149,93654,82166,3024,3134,3228,7000,0,81559,83223,84921,86654,82166,0
Male,University,Single,31,240000,0,780,0,390,780,0,780,0,390,780,0,0,0,0,0,0,0
Male,Graduate,Single,30,260000,27855,28307,27842,25366,19533,14214,1259,1305,1113,528,406,27048,26537,24253,19005,13808,0
Male,University,Married,32,250000,79319,0,0,174749,171541,175042,0,0,174749,0,3501,0,0,0,171541,171541,0
Male,University,Married,31,150000,530,530,957,1817,714,424,530,957,1000,800,0,0,0,817,-86,424,0
Male,Graduate,Single,31,140000,128036,106657,45887,137487,111602,111552,4180,2800,100005,3800,3990,102477,43087,37482,107802,107562,0
Male,High School,Married,34,60000,43293,28305,22298,22161,18667,19381,1368,1396,1287,654,1000,26937,20902,20874,18013,18381,0
Male,Graduate,Married,39,500000,133598,167378,171106,174500,137406,204975,54209,4607,4603,5224,207440,113169,166499,169897,132182,-2465,0
Male,University,Single,37,50000,21153,23507,22838,20411,16016,15242,3000,0,57,2000,0,20507,22838,20354,14016,15242,1
Male,High School,Married,42,50000,18838,22834,23553,22876,23328,24955,4650,1380,0,832,2000,18184,22173,22876,22496,22955,0
Male,Graduate,Single,33,140000,128213,133080,136412,136481,135012,133324,7000,7000,7000,5500,6000,126080,129412,129481,129512,127324,0
Male,University,Married,32,20000,16354,17776,21158,20511,20316,20474,1700,4000,0,800,1000,16076,17158,20511,19516,19474,0
Male,Graduate,Married,38,360000,2513,5023,6664,11358,15479,20934,5066,6704,11415,15556,21039,-43,-40,-57,-77,-105,0
Male,High School,Single,41,10000,10400,0,0,0,400,0,5275,0,0,400,0,-5275,0,0,0,0,0
Male,University,Married,41,200000,51995,52442,46472,48692,50571,51756,4000,2000,3000,3000,2000,48442,44472,45692,47571,49756,1
Male,University,Married,38,400000,3380,3395,5856,6401,389,21447,3411,8863,1032,390,21448,-16,-3007,5369,-1,-1,0
Male,Graduate,Married,32,180000,6687,4919,2644,1300,2644,0,1227,1000,1300,2644,0,3692,1644,0,0,0,1
Male,High School,Single,41,220000,193903,176755,147558,102365,63842,43252,8000,7000,3500,1500,2000,168755,140558,98865,62342,41252,0
Male,High School,Married,45,50000,5339,1189,0,0,0,0,1189,300,0,0,0,0,-300,0,0,0,0
Male,Other,Married,45,100000,94502,95697,98222,90500,82586,22620,5000,5000,3203,2103,50000,90697,93222,87297,80483,-27380,0
Male,University,Single,47,50000,51129,50378,48282,0,2068,30135,2096,1000,0,2068,30067,48282,47282,0,0,68,0
Male,Graduate,Single,28,320000,26149,3860,360,360,0,720,3894,360,360,0,720,-34,0,0,0,0,0
Male,Graduate,Single,31,320000,-6029,-9119,-46127,-50616,-53007,-94625,185,28,12,208,8,-9304,-46155,-50628,-53215,-94633,1
Male,University,Married,31,310000,4673,3851,547,3913,670,2489,0,547,3913,670,2489,3851,0,0,0,0,0
Male,University,Married,33,100000,60286,58753,57250,58014,58761,60061,0,0,2300,2300,2400,58753,57250,55714,56461,57661,0
Male,Graduate,Single,34,320000,71944,88243,96574,104795,113156,121465,19246,11550,11688,12122,12156,68997,85024,93107,101034,109309,0
Male,University,Married,34,280000,55237,55664,51436,34260,36564,33331,2625,1795,1372,3931,3047,53039,49641,32888,32633,30284,0
Male,University,Married,35,80000,1692,2694,1130,397,42857,41864,2702,1246,397,42860,7,-8,-116,0,-3,41857,0
Male,Graduate,Married,41,200000,150406,151415,156476,163330,162163,170867,5000,7500,11000,3000,11365,146415,148976,152330,159163,159502,1
Male,University,Married,37,70000,23546,26630,25922,27177,28930,28329,3800,0,2000,2200,0,22830,25922,25177,26730,28329,0
Male,Graduate,Married,40,50000,47695,48879,44765,31240,20343,12349,2017,3000,2000,3007,1003,46862,41765,29240,17336,11346,0
Male,University,Married,42,10000,4770,9182,8893,8928,9586,9294,4505,0,334,801,0,4677,8893,8594,8785,9294,1
Male,Graduate,Married,43,300000,1920,410,5015,2334,3334,3350,412,5459,0,1000,16,-2,-444,2334,2334,3334,0
Male,High School,Married,39,210000,13024,726,-632,-632,-632,-632,726,632,0,0,0,0,-1264,-632,-632,-632,0
Male,Graduate,Single,36,60000,28504,27747,32577,31754,34228,35128,0,5300,0,3000,1600,27747,27277,31754,31228,33528,1
Male,University,Married,40,20000,14829,17267,16706,18694,19049,18459,3000,0,2560,955,0,14267,16706,16134,18094,18459,0
Male,University,Married,42,50000,35892,32546,30660,31320,36227,35569,2007,2000,1500,5400,0,30539,28660,29820,30827,35569,0
Male,University,Married,39,100000,66177,70177,80914,86403,88972,91554,4000,10737,6849,4000,4000,66177,70177,79554,84972,87554,0
Male,Graduate,Married,43,200000,18422,13546,3820,0,0,0,1127,3820,0,0,0,12419,0,0,0,0,0
Male,Graduate,Married,34,240000,102650,0,0,4557,7557,9275,0,0,4557,3000,4000,0,0,0,4557,5275,0
Male,University,Other,41,200000,106576,107178,119691,116278,128087,125931,3864,14269,0,13808,0,103314,105422,116278,114279,125931,0
Male,University,Married,39,130000,19698,10058,10833,0,0,0,1500,1000,0,0,0,8558,9833,0,0,0,0
Male,Graduate,Single,28,130000,0,0,0,0,0,0,0,0,0,0,0,0,0,0,0,0,1
Male,University,Married,45,50000,942,942,942,390,390,390,942,942,390,390,390,0,0,0,0,0,1
Male,University,Single,32,30000,26742,29095,30819,29214,29478,23384,2800,2500,0,910,1000,26295,28319,29214,28568,22384,0
Male,High School,Single,29,130000,129602,130079,122267,96800,58170,57483,5437,5088,4180,2035,3009,124642,117179,92620,56135,54474,0
Male,High School,Single,46,10000,9592,8844,7560,7134,7280,0,1150,1166,2000,146,0,7694,6394,5134,7134,0,1
Male,University,Married,33,70000,390,4924,5566,6139,5868,6399,4924,1113,1076,195,1000,0,4453,5063,5673,5399,1
Male,University,Married,37,150000,100894,103001,104416,86597,88276,90398,4700,4099,4000,3000,3000,98301,100317,82597,85276,87398,0
Male,University,Single,38,120000,116399,117514,111003,84840,86954,83448,5000,5000,3000,3500,3000,112514,106003,81840,83454,80448,1
Male,High School,Single,48,100000,58430,36846,35538,34958,34039,33650,2000,2000,2000,2000,2000,34846,33538,32958,32039,31650,0
Male,High School,Single,34,50000,49093,50375,51400,0,0,0,2400,2400,0,0,0,47975,49000,0,0,0,1
Male,Graduate,Married,40,210000,5411,5922,2174,6522,1532,9327,5956,2180,6568,1532,9373,-34,-6,-46,0,-46,0
Male,University,Single,29,50000,48632,52100,50611,50411,19722,19682,4600,0,2200,900,800,47500,50611,48211,18822,18882,0
Male,University,Married,36,50000,2400,2400,2400,2400,2400,2400,0,0,0,0,0,2400,2400,2400,2400,2400,1
Male,High School,Married,42,30000,24335,23651,26346,26920,26194,27854,0,3401,1300,0,2400,23651,22945,25620,26194,25454,1
Male,University,Married,33,500000,680,1094,1508,1862,3676,4961,1101,1100,2103,2500,2000,-7,408,-241,1176,2961,0
Male,High School,Single,46,60000,61548,63020,16982,37318,18352,17869,2700,1500,2000,1000,824,60320,15482,35318,17352,17045,0
Male,University,Single,39,180000,715,4637,969,21365,9707,3837,4637,1595,21365,9707,3837,0,-626,0,0,0,0
Male,University,Married,47,20000,14186,14960,16102,18926,18125,18714,1000,1376,3200,1399,1102,13960,14726,15726,16726,17612,0
Male,University,Married,42,50000,0,3095,5850,4300,2800,3000,3095,5855,4300,2500,3000,0,-5,0,300,0,0
Male,University,Married,38,100000,1473,390,390,1170,780,780,390,390,1170,0,0,0,0,0,780,780,0
Male,Graduate,Married,34,240000,0,0,0,0,0,0,0,0,0,0,0,0,0,0,0,0,1
Male,University,Married,34,170000,7950,6691,7332,2716,4200,7708,6691,7332,2716,4200,7708,0,0,0,0,0,0
Male,Graduate,Single,36,50000,49395,50058,50753,0,0,0,1776,2374,0,0,0,48282,48379,0,0,0,0
Male,Graduate,Single,30,150000,147112,122159,125470,119007,101928,103989,4518,6000,4055,13980,4000,117641,119470,114952,87948,99989,0
Male,University,Married,34,20000,16112,16851,16292,18010,18411,19455,1300,0,2000,1000,1500,15551,16292,16010,17411,17955,0
Male,Graduate,Single,35,210000,103632,-36,-18,-18,-18,-18,0,0,0,0,0,-36,-18,-18,-18,-18,0
Male,University,Married,49,50000,48481,48526,50056,49735,14240,890,2313,2313,2082,677,890,46213,47743,47653,13563,0,1
Male,University,Married,34,120000,115040,117371,119044,120086,120662,118345,6000,5600,4500,4300,0,111371,113444,115586,116362,118345,0
Male,High School,Married,45,70000,65824,51634,52567,42743,43894,45051,3067,3000,3000,2000,2000,48567,49567,39743,41894,43051,0
Male,University,Single,40,10000,9649,10084,9421,9997,9799,10163,1500,1200,1137,329,500,8584,8221,8860,9470,9663,1
Male,University,Married,47,20000,8198,6465,5450,4427,2661,895,300,1000,1000,0,0,6165,4450,3427,2661,895,0
Male,Other,Married,36,150000,181335,188576,188864,188547,193087,196559,14000,7000,5000,8000,7000,174576,181864,183547,185087,189559,0
Male,University,Married,35,190000,0,0,100104,0,0,0,0,100104,0,0,0,0,0,0,0,0,0
Male,University,Single,40,50000,49224,50222,50921,49415,8862,9711,1821,2200,2000,500,9000,48401,48721,47415,8362,711,0
Male,High School,Married,30,50000,37208,38204,39243,40255,41057,41914,1615,1654,1666,1468,1517,36589,37589,38589,39589,40397,1
Male,Graduate,Single,30,50000,49194,50036,47855,48894,50258,48276,1978,1797,1836,2200,2000,48058,46058,47058,48058,46276,0
Male,University,Single,31,250000,206199,206822,194318,181608,172922,175302,8006,7606,7200,6000,6303,198816,186712,174408,166922,168999,0
Male,Graduate,Single,31,220000,119810,129821,126311,151588,147656,157276,12000,0,27500,0,12000,117821,126311,124088,147656,145276,1
Male,Graduate,Single,33,490000,59016,16355,24307,21136,24758,21817,0,24307,12396,13000,10000,16355,0,8740,11758,11817,0
Male,University,Single,30,20000,13269,12391,12326,10621,10400,0,33,3317,0,1000,0,12358,9009,10621,9400,0,0
Male,Graduate,Single,29,70000,10449,2343,14336,13155,3929,1953,6000,15000,4000,4000,0,-3657,-664,9155,-71,1953,0
Male,Graduate,Single,32,290000,23561,52005,49188,68168,67465,44593,30020,2002,19982,1799,7,21985,47186,48186,65666,44586,0
Male,Graduate,Single,32,450000,1270,1570,0,0,0,144,1580,0,0,0,144,-10,0,0,0,0,0
Male,University,Married,32,20000,23055,24070,25183,25961,27491,40106,1400,1500,1275,1805,2000,22670,23683,24686,25686,38106,1
Male,Graduate,Married,33,100000,49415,50851,49528,50604,40966,40308,2284,1961,2037,1434,1469,48567,47567,48567,39532,38839,0
Male,Graduate,Single,33,80000,98677,89056,87525,78266,74967,66512,0,8000,0,5000,0,89056,79525,78266,69967,66512,1
Male,High School,Married,44,70000,5484,5221,340,1430,930,4110,1000,340,1480,0,4110,4221,0,-50,930,0,1
Male,University,Married,45,200000,-7,34137,33749,28355,29465,30885,34144,1492,1402,2002,2007,-7,32257,26953,27463,28878,0
Male,University,Married,38,20000,9269,10585,11608,12313,12848,800,1477,1500,1000,1500,800,9108,10108,11313,11348,0,0
Male,Graduate,Married,38,220000,1815,743,743,43,-657,-1357,1486,0,0,0,0,-743,743,43,-657,-1357,0
Male,University,Single,45,10000,9298,9093,8528,9319,9477,9736,1000,1200,1142,300,400,8093,7328,8177,9177,9336,0
Male,High School,Married,35,290000,80748,78241,76401,76435,77434,79223,2755,2824,2456,2245,2500,75486,73577,73979,75189,76723,0
Male,High School,Single,38,20000,-2086,16116,17151,18161,18521,18911,18451,1300,1302,662,688,-2335,15851,16859,17859,18223,0
Male,University,Married,37,200000,3506,4713,2519,3960,6797,4414,4727,2526,3971,6827,4427,-14,-7,-11,-30,-13,0
Male,High School,Married,47,50000,-2012,-2012,47714,48685,18139,18519,0,50224,2195,649,672,-2012,-2510,46490,17490,17847,0
Male,University,Married,41,50000,45422,46291,16118,14237,14381,16026,1916,1243,1492,636,2000,44375,14875,12745,13745,14026,0
Male,University,Married,41,60000,47963,81071,41153,42268,32692,30892,2308,3980,2000,2000,2000,78763,37173,40268,30692,28892,0
Male,High School,Married,48,50000,6300,0,0,0,0,5275,0,0,0,0,5275,0,0,0,0,0,0
Male,Graduate,Married,38,290000,97531,99413,96194,96089,92505,74760,4429,5000,2928,3097,2033,94984,91194,93161,89408,72727,1
Male,University,Married,41,140000,73259,75063,73305,78454,79571,78176,3600,0,7000,3000,0,71463,73305,71454,76571,78176,1
Male,Graduate,Single,33,570000,388897,253793,261176,266800,0,0,9083,11472,12000,0,0,244710,249704,254800,0,0,0
Male,Graduate,Married,40,210000,1582,326,3632,1967,3952,10330,326,3632,1967,3985,10330,0,0,0,-33,0,1
Male,High School,Single,32,270000,157318,153388,164866,160821,164010,167446,0,13900,0,5760,5967,153388,150966,160821,158250,161479,0
Male,University,Married,33,50000,47048,24058,25042,21947,19198,19610,1445,1429,1294,1000,705,22613,23613,20653,18198,18905,0
Male,University,Single,38,60000,58190,59615,60379,56921,18050,18385,3000,3100,1409,631,1000,56615,57279,55512,17419,17385,1
Male,University,Single,45,120000,63911,62286,67259,67659,68937,70674,0,6000,2100,3000,3000,62286,61259,65559,65937,67674,1
Male,Graduate,Married,42,450000,3566,240,1718,2284,-561,-1477,0,2000,2300,0,590,240,-282,-16,-561,-2067,1
Male,University,Married,39,60000,50210,2846,18862,18145,20934,22146,60054,19061,20089,23019,22181,-57208,-199,-1944,-2085,-35,0
Male,University,Single,36,20000,2400,2400,2400,2400,2400,2400,0,0,0,0,0,2400,2400,2400,2400,2400,1
Male,Graduate,Married,36,180000,85703,84298,62201,81859,78566,77491,3614,2400,23500,3800,3700,80684,59801,58359,74766,73791,0
Male,University,Single,37,380000,2302,7281,2686,2281,5760,9239,7500,2700,2300,6000,6000,-219,-14,-19,-240,3239,0
Male,University,Married,48,20000,18401,19784,20650,0,0,0,2000,1650,0,0,0,17784,19000,0,0,0,0
Male,Graduate,Single,26,120000,2382,884,0,0,10446,0,884,0,0,10446,0,0,0,0,0,0,0
Male,High School,Married,39,500000,32647,1832,1920,21734,1837,96,1832,1920,21734,1837,0,0,0,0,0,96,1
Male,University,Single,39,20000,18646,17746,19953,19183,17703,12100,2000,3200,0,0,1100,15746,16753,19183,17703,11000,1
Male,High School,Married,43,260000,205599,151040,150917,152447,123771,126472,6000,7500,6000,4300,4500,145040,143417,146447,119471,121972,0
Male,University,Single,33,20000,13479,14944,16392,17789,18238,17638,2000,2000,2000,1000,800,12944,14392,15789,17238,16838,0
Male,University,Married,35,230000,149697,155697,165978,170563,173697,179697,6000,10281,8866,6000,6000,149697,155697,161697,167697,173697,0
Male,University,Married,33,120000,1336,-5,500,500,150,150,0,505,500,150,150,-5,-5,0,0,0,0
Male,Graduate,Married,40,130000,80987,79085,82799,86407,88959,97487,0,5000,5000,4000,10000,79085,77799,81407,84959,87487,1
Male,Graduate,Married,40,200000,840,770,386,0,475,390,800,396,4,475,1170,-30,-10,-4,0,-780,0
Male,Graduate,Single,49,30000,25144,25831,29122,28277,20390,20555,1500,4500,0,900,1000,24331,24622,28277,19490,19555,0
Male,High School,Married,39,230000,2606,2986,2608,797,-3,-3,2990,1020,799,0,0,-4,1588,-2,-3,-3,0
Male,Graduate,Married,44,210000,396,396,396,396,396,396,396,396,396,396,396,0,0,0,0,0,1
Male,Other,Married,40,260000,18503,19616,20725,21807,21216,22331,3000,3000,3000,1000,2000,16616,17725,18807,20216,20331,0
Male,University,Married,36,160000,8700,5159,10550,3566,2453,2673,5183,10670,3576,2460,2680,-24,-120,-10,-7,-7,0
Male,University,Single,44,140000,129301,129885,131886,133105,78607,78773,6104,7000,5518,2933,3100,123781,124886,127587,75674,75673,0
Male,University,Married,39,70000,71059,71998,71229,70747,68154,69815,5000,4792,3000,3019,8010,66998,66437,67747,65135,61805,1
Male,University,Married,38,100000,15788,8242,10095,11636,6649,8649,2000,2000,2007,2000,2000,6242,8095,9629,4649,6649,0
Male,Graduate,Single,32,150000,833,1601,9253,33062,2328,4121,1606,9297,33243,2336,4140,-5,-44,-181,-8,-19,0
Male,University,Single,34,290000,14543,12190,14483,16589,18306,22204,2000,3000,3000,3000,5000,10190,11483,13589,15306,17204,0
Male,University,Married,37,60000,6742,9582,-27,15273,14766,14687,3000,18,15300,5000,15132,6582,-45,-27,9766,-445,0
Male,University,Single,37,50000,19859,19268,18687,17956,17710,18710,0,0,0,354,1000,19268,18687,17956,17356,17710,0
Male,High School,Married,38,20000,17224,16533,17557,18666,19037,19434,1267,1291,1400,681,703,15266,16266,17266,18356,18731,0
Male,Graduate,Married,37,500000,474934,507062,491956,430637,376657,356636,40024,325,15296,12137,12312,467038,491631,415341,364520,344324,0
Male,University,Married,45,90000,3664,3449,1776,-1170,390,390,0,0,0,1560,390,3449,1776,-1170,-1170,0,1
Male,Graduate,Single,37,280000,7523,1567,-8,-8,1680,0,1574,0,0,1688,0,-7,-8,-8,-8,0,0
Male,University,Married,40,40000,34364,33512,34549,35572,36481,37889,0,1577,1600,1500,2000,33512,32972,33972,34981,35889,1
Male,Graduate,Married,39,220000,875,1093,3572,7330,0,3995,1093,2518,7409,0,3995,0,1054,-79,0,0,1
Male,Other,Married,37,220000,44253,1966,6189,1850,6938,5034,1966,6203,1850,6938,101,0,-14,0,0,4933,0
Male,University,Married,33,50000,97190,48290,49633,48707,19623,13673,1787,2130,1184,13604,496,46503,47503,47523,6019,13177,1
Male,University,Other,47,20000,390,780,390,0,780,0,780,0,0,780,0,0,390,0,0,0,1
Male,Graduate,Married,39,200000,192257,192560,198501,194782,191172,193267,7004,10061,7071,6514,7081,185556,188440,187711,184658,186186,0
Male,University,Married,32,20000,18390,19468,20844,19362,19402,19607,2000,3000,0,850,920,17468,17844,19362,18552,18687,1
Male,Graduate,Single,39,60000,60037,50524,58025,59724,28575,39402,0,9000,3000,1200,11500,50524,49025,56724,27375,27902,1
Male,High School,Married,45,280000,14493,1589,-7,1420,8036,12863,1596,0,1427,8076,12927,-7,-7,-7,-40,-64,0
Male,University,Single,48,50000,44385,45637,46815,16927,17263,17628,1992,2170,1282,618,643,43645,44645,15645,16645,16985,0
Male,Graduate,Married,32,420000,387143,24830,25419,10951,8126,8313,1585,1174,1133,291,318,23245,24245,9818,7835,7995,0
Male,High School,Married,44,30000,19397,18659,22544,21889,22721,23401,1500,4500,0,1500,1200,17159,18044,21889,21221,22201,1
Male,High School,Single,36,50000,22312,25349,26075,25358,27123,27509,3416,1425,0,2190,965,21933,24650,25358,24933,26544,0
Male,High School,Married,43,20000,18100,17926,19485,19503,19566,1320,2000,3000,1200,1000,1400,15926,16485,18303,18566,-80,0
Male,University,Married,39,110000,39733,38862,40995,40106,42492,43197,0,3000,0,3300,1463,38862,37995,40106,39192,41734,1
Male,University,Married,39,230000,20307,19864,17789,14416,14445,14452,2000,2263,2000,2000,2000,17864,15526,12416,12445,12452,0
Male,University,Married,45,60000,20959,20822,17973,18403,17898,17388,1500,1500,2000,1000,1000,19322,16473,16403,16898,16388,0
Male,Graduate,Married,36,360000,1814,6545,0,0,0,0,6545,0,0,0,0,0,0,0,0,0,0
Male,University,Single,42,50000,49165,46466,47145,47658,48209,48579,1800,1814,1717,1658,1858,44666,45331,45941,46551,46721,0
Male,University,Single,35,110000,106612,110828,109937,47250,48543,47848,6100,3000,2000,2000,2000,104728,106937,45250,46543,45848,0
Male,University,Single,29,150000,104165,93850,94944,100940,100339,102567,5000,4380,8528,5000,4000,88850,90564,92412,95339,98567,0
Male,Graduate,Single,29,180000,1124,18213,4390,1016,4745,0,18213,4390,1016,4745,0,0,0,0,0,0,0
Male,University,Single,30,80000,5092,4623,1944,15361,13286,5848,4623,1963,15361,13286,5848,0,-19,0,0,0,0
Male,University,Single,30,50000,46652,45235,23299,22672,21440,19304,2014,1600,1400,429,386,43221,21699,21272,21011,18918,0
Male,University,Single,31,170000,6336,7505,8522,9380,9566,9917,1281,1298,1156,342,505,6224,7224,8224,9224,9412,0
Male,University,Single,31,200000,5433,20516,7973,6202,8549,6251,20710,23,6228,8574,6269,-194,7950,-26,-25,-18,0
Male,Graduate,Single,31,210000,36042,37141,38179,39243,39740,40574,2000,1936,2000,1450,1472,35141,36243,37243,38290,39102,0
Male,University,Single,32,20000,19435,19790,19294,14092,6826,10090,2003,1448,1328,500,10986,17787,17846,12764,6326,-896,0
Male,Graduate,Single,35,160000,348,22,-304,-630,-956,476,0,0,0,0,1908,22,-304,-630,-956,-1432,0
Male,High School,Single,45,50000,46842,48356,41150,0,0,0,2356,2150,0,0,0,46000,39000,0,0,0,0
Male,University,Single,30,340000,233770,216978,181217,172862,171353,170048,8100,8000,6102,6628,6517,208878,173217,166760,164725,163531,1
Male,Graduate,Single,32,220000,5359,4217,2900,3392,1421,915,4217,2907,3397,1421,915,0,-7,-5,0,0,0
Male,University,Married,37,200000,500,598,1946,11900,6344,4747,598,1950,11921,4,3,0,-4,-21,6340,4744,1
Male,Graduate,Single,29,320000,225892,209493,170336,173806,177425,181003,9429,6189,6309,6510,6600,200064,164147,167497,170915,174403,0
Male,Graduate,Single,29,110000,77831,79365,81485,86309,84028,86114,3430,4000,7100,0,3600,75935,77485,79209,84028,82514,1
Male,Graduate,Single,30,200000,1130,566,0,560,558,558,0,0,560,558,0,566,0,0,0,558,1
Male,Graduate,Single,31,160000,56432,55371,56316,59331,60227,61778,0,2000,3500,2000,2200,55371,54316,55831,58227,59578,0
Male,University,Married,34,310000,89600,83373,80533,70343,58365,51454,3100,3604,2366,2018,2000,80273,76929,67977,56347,49454,0
Male,University,Married,29,70000,78244,19275,11231,10694,27908,11192,2009,1404,3016,20001,2000,17266,9827,7678,7907,9192,0
Male,University,Single,29,80000,28175,0,68227,68040,69840,69840,0,68227,2000,2000,0,0,0,66040,67840,69840,0
Male,Graduate,Single,34,320000,5250,-3,988,6420,7174,-19,0,991,6452,9757,0,-3,-3,-32,-2583,-19,0
Male,Graduate,Single,34,230000,56449,219192,226596,225791,226638,226265,231788,11621,9027,9015,9000,-12596,214975,216764,217623,217265,0
Male,University,Single,36,260000,334214,310546,288566,291597,214353,216238,12000,11000,11000,8000,8500,298546,277566,280597,206353,207738,1
Male,High School,Married,41,50000,54090,52955,51847,50307,27707,28479,0,0,0,0,974,52955,51847,50307,27707,27505,1
Male,High School,Single,48,210000,85107,83658,73664,38405,38395,5062,33658,30003,1000,38395,5062,50000,43661,37405,0,0,0
Male,High School,Married,42,60000,19489,20496,21702,22360,19760,0,1336,1542,1200,500,0,19160,20160,21160,19260,0,0
Male,University,Married,48,30000,26393,28622,29846,25571,40188,27544,3006,3000,2000,3000,8150,25616,26846,23571,37188,19394,1
Male,University,Married,44,480000,29112,43015,17223,10127,8416,14658,43111,17223,10135,8416,14658,-96,0,-8,0,0,0
Male,University,Single,43,240000,236238,225318,202513,198720,192574,195682,8763,7539,8267,7012,8010,216555,194974,190453,185562,187672,0
Male,University,Married,44,20000,18015,18344,19672,19652,780,0,1400,1630,1000,0,0,16944,18042,18652,780,0,1
Male,High School,Married,41,50000,49782,50741,48468,39203,28913,26636,1816,1753,1433,990,967,48925,46715,37770,27923,25669,0
Male,University,Married,37,50000,44270,42398,44346,44098,48698,26955,5000,3000,5000,5000,5000,37398,41346,39098,43698,21955,0
Male,Graduate,Married,35,50000,6290,3770,10060,0,0,0,3770,10060,0,0,0,0,0,0,0,0,0
Male,Graduate,Married,37,500000,14817,2480,122750,4599,10094,43150,3904,123000,10052,10105,43168,-1424,-250,-5453,-11,-18,0
Male,University,Single,31,70000,35515,36619,37725,38792,39447,40361,2000,2000,2000,1600,1700,34619,35725,36792,37847,38661,0
Male,Graduate,Single,31,40000,33075,34221,35866,36691,31672,27945,2000,2500,2014,250,2000,32221,33366,34677,31422,25945,0
Male,Graduate,Single,32,420000,1100,1183,2736,0,0,0,1183,2736,0,0,0,0,0,0,0,0,0
Male,University,Married,36,20000,25238,25274,25026,23073,22857,21143,2000,1700,0,1653,0,23274,23326,23073,21204,21143,0
Male,High School,Married,41,300000,1556,118157,11409,11907,3965,18327,118816,11488,11967,3983,18416,-659,-79,-60,-18,-89,0
Male,University,Single,38,110000,78480,80604,78326,44890,41394,42727,4000,0,2000,1500,2000,76604,78326,42890,39894,40727,1
Male,University,Married,42,70000,59130,59831,61873,63359,64221,65706,2272,3614,3100,2500,3100,57559,58259,60259,61721,62606,1
Male,Graduate,Single,39,110000,18310,19327,20650,0,0,0,1327,1650,0,0,0,18000,19000,0,0,0,0
Male,University,Married,40,220000,222418,206473,208464,175407,175170,174726,4,8027,6218,6220,6316,206469,200437,169189,168950,168410,0
Male,Graduate,Single,37,20000,14320,14595,16350,17322,18319,19297,2000,2000,2000,2000,2000,12595,14350,15322,16319,17297,0
Male,High School,Married,39,120000,326,326,326,326,326,326,326,326,326,326,326,0,0,0,0,0,0
Male,High School,Single,44,150000,65903,35916,34409,93241,67549,62479,5011,3045,70092,2521,3000,30905,31364,23149,65028,59479,0
Male,High School,Married,40,110000,91275,93357,94938,79368,74778,75996,4500,4100,2612,2666,2700,88857,90838,76756,72112,73296,0
Male,High School,Married,36,320000,5360,726,6992,3741,10138,15745,726,6992,3755,10138,15745,0,0,-14,0,0,0
Male,University,Married,28,50000,430,0,46257,45975,1300,43987,0,46257,2200,1300,43987,0,0,43775,0,0,0
Male,University,Single,34,20000,16912,-2,-1,-1,309,9525,0,0,0,310,9500,-2,-1,-1,-1,25,0
Male,High School,Married,35,180000,57991,58587,59497,60356,60209,60522,2700,3000,3000,2500,2500,55887,56497,57356,57709,58022,1
Male,University,Married,37,200000,208835,202673,193898,180759,160482,132870,7313,7157,11609,5609,5059,195360,186741,169150,154873,127811,0
Male,High School,Married,47,50000,16217,15664,16693,17407,18660,19115,0,1586,1300,1546,900,15664,15107,16107,17114,18215,0
Male,Graduate,Single,40,360000,499,499,499,13136,9160,2752,0,0,13169,2784,12,499,499,-33,6376,2740,1
Male,University,Married,30,30000,28130,27836,28998,29480,29500,0,1750,2000,1200,1000,0,26086,26998,28280,28500,0,0
Male,Graduate,Single,31,230000,0,0,0,0,100,2405,0,0,0,100,2405,0,0,0,0,0,0
Male,Graduate,Single,32,280000,3981,1350,3735,13956,5911,1356,1355,3754,14025,12820,1362,-5,-19,-69,-6909,-6,0
Male,High School,Married,32,50000,47974,43680,22133,12882,8131,3983,3000,2871,1000,163,3983,40680,19262,11882,7968,0,1
Male,Graduate,Single,33,360000,57709,23707,11850,12533,7477,7718,23718,11850,13898,7477,7718,-11,0,-1365,0,0,0
Male,University,Single,37,240000,45070,46111,45268,46295,48903,49763,1900,0,1900,3500,1600,44211,45268,44395,45403,48163,1
Male,High School,Married,43,180000,176911,172605,182641,135892,135411,126808,0,15000,0,4500,5000,172605,167641,135892,130911,121808,0
Male,Graduate,Single,36,200000,396,396,396,396,396,396,396,396,396,396,396,0,0,0,0,0,0
Male,Graduate,Married,29,390000,570,2681,1186,1944,4966,2973,2691,1191,1948,4987,2982,-10,-5,-4,-21,-9,0
Male,Graduate,Single,29,110000,47982,43735,41840,40199,39612,27926,1809,2012,1504,1502,1514,41926,39828,38695,38110,26412,0
Male,Graduate,Single,29,250000,240725,200603,150035,145876,100971,50333,10022,7004,5414,2500,1010,190581,143031,140462,98471,49323,0
Male,University,Single,30,380000,47765,47945,135167,95527,91541,92808,3000,90527,5000,3000,4000,44945,44640,90527,88541,88808,0
Male,University,Married,30,300000,165,165,165,165,1759,1394,165,165,165,1759,1394,0,0,0,0,0,0
Male,University,Married,44,300000,223211,239061,239874,233894,169520,160385,21000,6000,3662,6000,6000,218061,233874,230232,163520,154385,0
Male,Graduate,Married,40,320000,968,6444,23384,4310,5980,13522,6476,23507,4336,6010,13589,-32,-123,-26,-30,-67,0
Male,University,Married,48,160000,0,0,0,0,0,0,0,0,0,0,0,0,0,0,0,0,0
Male,Graduate,Married,47,310000,-1874,-2474,-2474,-74,2226,-484,0,0,2400,2300,0,-2474,-2474,-2474,-74,-484,0
Male,University,Single,32,50000,50962,50212,3800,50535,50525,1473,2264,1000,50042,2505,1473,47948,2800,493,48020,0,0
Male,University,Married,32,20000,8768,9622,10974,14963,15123,14741,1159,1511,4500,700,0,8463,9463,10463,14423,14741,1
Male,University,Married,31,240000,60511,41296,2181,1175,-13,2487,2300,2185,4,0,2500,38996,-4,1171,-13,-13,1
Male,Graduate,Single,31,250000,377399,78416,64479,33404,11259,11007,10045,3194,1104,10015,5005,68371,61285,32300,1244,6002,0
Male,Graduate,Single,31,200000,162018,121934,0,0,0,590,6000,0,0,0,590,115934,0,0,0,0,0
Male,Graduate,Single,35,240000,0,0,0,0,27670,28252,0,0,0,27670,920,0,0,0,0,27332,0
Male,High School,Married,43,150000,1280,390,390,780,1746,0,0,390,780,1746,0,390,0,0,0,0,0
Male,University,Married,43,420000,36590,44670,60376,30099,66049,61043,42063,30253,20016,40015,30004,2607,30123,10083,26034,31039,0
Male,High School,Married,36,10000,5104,6133,8432,8150,8945,8657,1274,2573,0,1086,0,4859,5859,8150,7859,8657,0
Male,University,Married,44,30000,12351,13068,12568,13880,13849,14816,1216,0,1528,497,1192,11852,12568,12352,13352,13624,0
Male,Graduate,Single,33,250000,441,441,81,1540,3088,5680,0,0,5000,3088,3000,441,81,-3460,0,2680,1
Male,University,Married,33,500000,5322,5920,6061,7289,8313,6490,1125,1280,1791,1528,1512,4795,4781,5498,6785,4978,0
Male,University,Single,38,30000,29770,27400,28935,28934,30313,30330,6000,2273,780,2635,1033,21400,26662,28154,27678,29297,0
Male,University,Single,48,120000,116757,120600,106464,92788,29989,31215,10717,10000,20014,0,6000,109883,96464,72774,29989,25215,0
Male,University,Married,34,200000,2498,2670,2967,0,0,0,2670,2996,0,0,0,0,-29,0,0,0,0
Male,University,Single,36,20000,11179,11985,14372,15619,16376,16738,1300,2600,1500,1000,1000,10685,11772,14119,15376,15738,0
Male,University,Single,38,50000,15116,14876,17325,16754,17175,17588,300,3000,0,1000,690,14576,14325,16754,16175,16898,1
Male,High School,Married,47,50000,39892,42704,34909,33528,16205,16593,3600,5,1309,800,800,39104,34904,32219,15405,15793,1
Male,High School,Single,40,50000,46185,47570,38984,23566,21652,3612,3000,4022,3034,5000,3700,44570,34962,20532,16652,-88,1
Male,High School,Married,39,140000,138317,142082,136034,137524,88752,89409,6047,6405,6452,3228,3140,136035,129629,131072,85524,86269,0
Male,High School,Married,34,20000,17692,17293,16803,16525,16185,-2623,2000,2004,1500,1500,0,15293,14799,15025,14685,-2623,0
Male,High School,Single,39,150000,42029,42678,11413,12418,12415,13211,2100,1500,1500,500,1000,40578,9913,10918,11915,12211,0
Male,University,Married,35,230000,174274,176853,180639,180117,179717,124117,7004,10000,5000,0,5000,169849,170639,175117,179717,119117,0
Male,University,Married,36,240000,230523,237022,235890,0,0,0,11828,6100,0,0,0,225194,229790,0,0,0,0
Male,Graduate,Married,41,150000,111056,113467,110235,111376,154802,152304,5700,0,4500,45500,0,107767,110235,106876,109302,152304,1
Male,Graduate,Married,38,140000,52684,46479,39949,30051,31124,32375,1692,2438,1464,2124,2375,44787,37511,28587,29000,30000,0
Male,University,Married,37,310000,1619,1443,1443,1443,1443,2886,1443,1443,1443,1443,2886,0,0,0,0,0,0
Male,University,Married,36,60000,2400,2400,2400,2400,2400,1800,0,0,0,0,0,2400,2400,2400,2400,1800,1
Male,Graduate,Single,34,200000,485,1313,1144,933,1207,3149,1316,1147,935,1210,3158,-3,-3,-2,-3,-9,0
Male,Graduate,Married,46,160000,0,0,0,0,0,0,0,0,0,0,0,0,0,0,0,0,1
Male,Graduate,Married,35,360000,12895,3546,4371,6365,2987,2979,3552,4377,6400,3002,2994,-6,-6,-35,-15,-15,0
Male,University,Married,49,30000,12922,14199,15461,16497,16923,17649,1500,1500,1300,700,1000,12699,13961,15197,16223,16649,0
Male,High School,Married,41,100000,0,840,0,0,63562,66520,840,0,0,63562,4000,0,0,0,0,62520,1
Male,University,Married,45,10000,6321,6075,10062,6267,-610,-220,0,4312,0,0,780,6075,5750,6267,-610,-1000,0
Male,University,Married,37,300000,3016,24038,6221,33999,24985,25743,12165,6252,34042,66,14062,11873,-31,-43,24919,11681,0
Male,University,Married,49,500000,1460,5594,5334,1911,1774,5351,5334,25,1920,1783,5377,260,5309,-9,-9,-26,1
Male,High School,Married,40,50000,48785,49762,49861,48660,7698,7463,2090,2450,1510,409,415,47672,47411,47150,7289,7048,1
Male,University,Married,48,500000,1900,5441,0,1535,1100,800,5441,0,1535,1100,800,0,0,0,0,0,0
Male,University,Married,46,100000,100000,99774,102237,98452,99423,101548,4500,5000,4500,3800,3900,95274,97237,93952,95623,97648,1
Male,Graduate,Single,35,240000,241499,236556,229622,202296,165639,159245,8500,10200,8366,6070,10000,228056,219422,193930,159569,149245,0
Male,University,Married,43,450000,104485,92993,80647,67875,58328,252696,6000,4000,4000,7000,215000,86993,76647,63875,51328,37696,0
Male,University,Single,31,620000,5712,11598,21049,13846,3565,7076,11881,21171,13915,3583,7111,-283,-122,-69,-18,-35,0
Male,University,Married,32,100000,60121,61575,63028,43360,41906,42831,2454,2700,1712,1500,1600,59121,60328,41648,40406,41231,0
Male,Graduate,Single,32,230000,246764,239685,135520,102518,129195,101717,8316,10084,5091,70063,4037,231369,125436,97427,59132,97680,0
Male,University,Single,34,50000,4166,0,4166,0,0,0,0,4166,0,0,0,0,0,0,0,0,0
Male,University,Single,38,30000,17628,20024,20424,20601,19992,19392,3000,1000,786,0,0,17024,19424,19815,19992,19392,1
Male,University,Other,40,20000,16149,17373,18000,20000,0,780,1500,1000,20000,0,390,15873,17000,0,0,390,0
Male,Graduate,Single,32,180000,291,582,291,291,291,291,582,0,291,291,291,0,291,0,0,0,1
Male,Graduate,Single,31,90000,90322,92257,89939,91176,91331,87588,4300,0,3656,7100,0,87957,89939,87520,84231,87588,1
Male,Graduate,Single,32,170000,166470,159880,161445,152549,122948,120277,5809,7334,6699,4315,4410,154071,154111,145850,118633,115867,0
Male,University,Single,34,180000,-16,-16,-16,850,0,0,0,0,866,0,0,-16,-16,-16,0,0,0
Male,High School,Single,40,50000,50693,50019,36939,29500,19655,20067,1747,1515,3076,20693,679,48272,35424,26424,-1038,19388,0
Male,High School,Married,30,100000,50512,49374,51644,45920,21659,10861,2000,5138,75,1032,32,47374,46506,45845,20627,10829,0
Male,Graduate,Single,39,200000,0,0,0,0,0,0,0,0,0,0,0,0,0,0,0,0,0
Male,Graduate,Single,37,200000,4279,3774,706,5177,3792,12035,3856,706,5192,3808,12035,-82,0,-15,-16,0,0
Male,Graduate,Married,39,220000,0,0,0,0,0,0,0,0,0,0,0,0,0,0,0,0,0
Male,High School,Married,43,80000,1473,1473,3133,1473,1473,390,1473,3133,0,1473,390,0,0,1473,0,0,0
Male,High School,Single,37,30000,24095,24796,23722,24630,24934,25264,1398,0,1696,1000,1500,23398,23722,22934,23934,23764,0
Male,High School,Single,30,50000,46860,48581,48968,18949,19181,20245,2500,1700,1600,811,2000,46081,47268,17349,18370,18245,0
Male,Graduate,Single,40,210000,65568,67501,52620,7379,9083,10766,3700,2700,1300,2000,2000,63801,49920,6079,7083,8766,0
Male,Graduate,Married,48,10000,8594,7421,8145,9000,9000,0,0,2000,2000,0,0,7421,6145,7000,9000,0,0
Male,Graduate,Married,38,300000,0,0,0,0,0,0,0,0,0,0,0,0,0,0,0,0,1
Male,University,Married,31,470000,12281,13323,13149,15824,19424,27522,2014,3000,3000,4000,8098,11309,10149,12824,15424,19424,0
Male,Graduate,Married,44,200000,196770,202515,205150,0,0,0,10500,9200,0,0,0,192015,195950,0,0,0,0
Male,University,Married,32,80000,81249,81117,81140,80567,59560,40390,3000,3300,2602,1800,1432,78117,77840,77965,57760,38958,0
Male,High School,Single,36,10000,6728,8050,9531,9904,9310,19000,1446,2017,1000,186,190,6604,7514,8904,9124,18810,0
Male,High School,Single,49,10000,2365,9148,7264,9084,4422,1735,10008,5000,5019,1009,1000,-860,2264,4065,3413,735,0
Male,High School,Single,37,20000,18623,21501,20650,0,0,0,3501,0,0,0,0,18000,20650,0,0,0,0
Male,University,Married,39,240000,245338,234661,234364,235982,239281,244329,0,10200,10200,8725,9068,234661,224164,225782,230556,235261,0
Male,University,Single,29,30000,13172,7965,3101,3126,7365,3245,1082,1000,3126,7365,0,6883,2101,0,0,3245,0
Male,University,Married,31,160000,94041,54835,46575,7169,9036,8749,3579,3500,2000,2000,0,51256,43075,5169,7036,8749,0
Male,Graduate,Single,31,20000,2400,2400,2400,2400,2400,2400,0,0,0,0,0,2400,2400,2400,2400,2400,1
Male,University,Married,37,10000,7501,7243,6988,6730,7463,7199,0,0,0,1000,0,7243,6988,6730,6463,7199,1
Male,High School,Married,39,250000,209263,199834,200957,205454,205710,210115,7127,7335,8871,8055,8426,192707,193622,196583,197655,201689,0
Male,Graduate,Single,34,260000,251267,254332,257628,161545,0,0,12021,11710,7503,0,0,242311,245918,154042,0,0,0
Male,University,Single,34,100000,47908,48909,49954,50974,52021,53186,1800,1830,1850,1894,2000,47109,48124,49124,50127,51186,1
Male,Graduate,Single,35,210000,1527,1350,0,0,0,0,0,0,0,0,0,1350,0,0,0,0,0
Male,Graduate,Single,33,290000,277227,279189,265077,241284,102450,104544,10681,15089,8801,7450,4544,268508,249988,232483,95000,100000,0
Male,Other,Single,29,150000,200442,206334,206221,69995,60000,0,8500,8000,2500,1500,0,197834,198221,67495,58500,0,1
Male,Graduate,Single,32,300000,255299,255607,258394,261024,260672,263894,9106,11000,11009,10000,10000,246501,247394,250015,250672,253894,1
Male,University,Married,32,50000,-11545,-1935,7321,2850,6340,3110,10000,10000,7867,6340,3000,-11935,-2679,-5017,0,110,0
Male,University,Single,29,100000,51183,-1478,1261,1044,-217,522,0,4000,1044,0,2000,-1478,-2739,0,-217,-1478,0
Male,Graduate,Single,32,210000,161444,160177,151914,148432,150935,154284,6000,8000,6200,6000,5700,154177,143914,142232,144935,148584,0
Male,High School,Married,32,300000,590,2635,1461,3242,-80,720,2635,1461,2000,0,800,0,0,1242,-80,-80,0
Male,University,Married,30,90000,45271,44247,45287,46332,49715,48788,0,2055,2100,4476,0,44247,43232,44232,45239,48788,0
Male,University,Married,31,210000,1748,2488,740,2048,740,740,2488,0,2048,740,740,0,740,0,0,0,0
Male,University,Single,47,10000,8640,9043,9489,9237,9422,9619,1145,1136,1144,329,340,7898,8353,8093,9093,9279,1
Male,University,Married,36,90000,53234,38645,0,0,0,0,2100,0,0,0,0,36545,0,0,0,0,0
Male,High School,Single,35,50000,51350,50214,50035,50495,52073,51120,0,2160,2000,4300,0,50214,47875,48495,47773,51120,0
Male,High School,Married,41,140000,1476,2139,0,1686,1686,205,2139,0,1686,0,205,0,0,0,1686,0,0
Male,University,Single,35,310000,259636,263812,269351,276873,281764,299161,10000,9775,12000,11000,22000,253812,259576,264873,270764,277161,0
Male,Graduate,Married,44,250000,3704,5303,25959,6354,2994,5360,5319,26036,6373,3000,4376,-16,-77,-19,-6,984,0
Male,Graduate,Married,37,200000,11572,52799,19583,20632,3142,21253,55291,25120,25118,36,27107,-2492,-5537,-4486,3106,-5854,0
Male,Graduate,Married,35,360000,3771,900,0,0,0,0,900,0,0,0,0,0,0,0,0,0,0
Male,University,Single,43,50000,12661,13743,14777,12404,10777,16597,1600,1605,2000,500,6000,12143,13172,10404,10277,10597,1
Male,University,Married,39,500000,1777,23800,297,9342,3518,5597,23800,297,9342,3518,5597,0,0,0,0,0,0
Male,University,Married,43,50000,50562,55032,50688,49739,18888,19290,6500,2112,1400,700,700,48532,48576,48339,18188,18590,0
Male,Graduate,Single,31,20000,668,355,0,600,5275,841,355,0,600,5275,841,0,0,0,0,0,0
Male,University,Married,31,90000,70329,69073,70561,72021,73912,58301,2471,2600,2633,3108,2052,66602,67961,69388,70804,56249,0
Male,University,Married,36,240000,216923,242282,245657,240040,231790,221683,30700,8700,0,8207,9000,211582,236957,240040,223583,212683,0
Male,University,Single,33,20000,14513,22232,21936,21631,21026,20130,8000,0,0,0,0,14232,21936,21631,21026,20130,1
Male,University,Single,33,210000,155847,156084,177865,89227,90027,93076,6000,5896,4800,3500,5000,150084,171969,84427,86527,88076,0
Male,Graduate,Single,33,260000,128352,131768,128251,142480,145630,150147,7000,0,18000,7000,7000,124768,128251,124480,138630,143147,0
Male,University,Single,32,50000,52475,53600,55739,55957,29238,6119,2000,3000,1591,72,1134,51600,52739,54366,29166,4985,0
Male,University,Single,32,90000,88903,34000,0,0,0,0,7000,0,0,0,0,27000,0,0,0,0,0
Male,High School,Married,45,20000,18838,18243,18849,17724,17524,0,0,1200,0,0,0,18243,17649,17724,17524,0,1
Male,University,Married,40,60000,53896,53640,51608,52642,52806,53530,2500,2500,2500,2000,2100,51140,49108,50142,50806,51430,0
Male,University,Single,34,200000,176642,180421,185722,196732,188930,192647,7000,8500,16000,0,7500,173421,177222,180732,188930,185147,0
Male,University,Married,34,50000,43389,44381,45942,45943,20276,19515,1717,2278,1279,3475,676,42664,43664,44664,16801,18839,0
Male,Graduate,Married,34,250000,6035,11782,7241,7277,4972,2609,1131,4000,3000,99,1000,10651,3241,4277,4873,1609,1
Male,High School,Married,48,20000,10805,15270,14740,18188,17630,16780,5000,0,4000,0,0,10270,14740,14188,17630,16780,1
Male,High School,Single,42,200000,2753,4520,7151,9641,14927,17345,3006,5019,5013,10007,5006,1514,2132,4628,4920,12339,0
Male,Other,Single,46,50000,49336,49623,19900,19183,19563,19157,1423,1000,19183,687,696,48200,18900,0,18876,18461,0
Male,University,Married,37,200000,149303,156632,136685,137432,138059,126615,30000,30000,4148,15100,8029,126632,106685,133284,122959,118586,0
Male,High School,Single,35,250000,29363,4501,27548,1800,11942,4680,4501,27548,1800,11942,4680,0,0,0,0,0,0
Male,University,Single,49,50000,52321,51210,50125,48640,17450,60,0,0,0,2000,1003,51210,50125,48640,15450,-943,0
Male,Graduate,Single,35,210000,326,326,326,326,326,326,326,326,326,326,326,0,0,0,0,0,0
Male,University,Single,42,80000,97841,94992,87801,81545,51338,50826,0,639,0,50918,2000,94992,87162,81545,420,48826,0
Male,University,Single,40,50000,11058,12479,13876,13444,13367,13282,2000,2000,1000,1000,1000,10479,11876,12444,12367,12282,1
Male,University,Single,48,50000,23694,22500,20279,19816,18711,17598,1635,1360,1233,601,591,20865,18919,18583,18110,17007,0
Male,University,Single,36,20000,20528,16287,7415,0,0,0,1300,1000,0,0,0,14987,6415,0,0,0,1
Male,University,Single,37,400000,396343,394858,395716,385947,305542,271385,423903,15100,14600,13000,9500,-29045,380616,371347,292542,261885,0
Male,Graduate,Married,44,500000,100862,367,15272,12925,75667,67609,367,16652,76146,67697,67609,0,-1380,-63221,7970,0,0
Male,University,Married,46,100000,60799,10095,1494,2200,0,0,2036,1504,2506,0,0,8059,-10,-306,0,0,0
Male,Graduate,Married,42,220000,0,0,0,0,0,0,0,0,0,0,0,0,0,0,0,0,1
Male,Graduate,Married,47,40000,10555,11084,12605,13102,12595,14386,1000,2000,1000,0,2000,10084,10605,12102,12595,12386,1
Male,University,Married,41,50000,43474,48921,34879,31820,9965,10017,40003,1636,1800,344,400,8918,33243,30020,9621,9617,0
Male,High School,Married,49,100000,99721,86232,83745,79107,63811,48863,3500,5000,3000,3000,1732,82732,78745,76107,60811,47131,0
Male,Graduate,Married,35,150000,165441,160292,153981,129725,103050,54447,7300,6100,5100,4200,1900,152992,147881,124625,98850,52547,1
Male,University,Single,37,80000,47765,49651,53850,52388,55589,54570,3000,5000,0,4078,0,46651,48850,52388,51511,54570,1
Male,University,Single,32,100000,85366,87064,89401,90470,44610,45806,3114,3738,3059,1450,1765,83950,85663,87411,43160,44041,0
Male,Graduate,Single,33,340000,0,0,0,0,0,0,0,0,0,0,0,0,0,0,0,0,1
Male,University,Single,30,120000,98440,100802,104378,106651,108362,96168,4000,5200,5500,5000,5000,96802,99178,101151,103362,91168,0
Male,University,Single,30,20000,19027,19656,18781,20632,20042,20090,1279,3000,6668,468,507,18377,15781,13964,19574,19583,0
Male,University,Single,31,20000,390,390,780,390,806,19103,390,780,0,806,19103,0,0,390,0,0,1
Male,University,Single,34,30000,24380,17858,19563,20929,21280,21724,2000,2000,2000,1000,787,15858,17563,18929,20280,20937,0
Male,High School,Single,34,130000,10557,12069,14849,17585,17990,20682,2000,3000,3000,1000,3000,10069,11849,14585,16990,17682,0
Male,Other,Married,34,180000,0,0,0,0,0,0,0,0,0,0,0,0,0,0,0,0,0
Male,Graduate,Single,34,500000,494356,488578,488166,485249,441981,424592,17438,18852,16673,15244,15216,471140,469314,468576,426737,409376,0
Male,University,Married,43,190000,83399,86010,87736,90373,91980,94502,4000,4000,5000,4000,4000,82010,83736,85373,87980,90502,1
Male,Other,Married,36,150000,216482,220889,133616,136378,139219,142172,5500,3800,3900,4000,4100,215389,129816,132478,135219,138072,0
Male,Graduate,Married,48,320000,206732,201932,215392,218370,220977,225021,0,18300,8000,7700,7700,201932,197092,210370,213277,217321,1
Male,Graduate,Married,47,320000,162701,132087,120285,124565,89699,62805,20000,15000,10000,22500,20000,112087,105285,114565,67199,42805,0
Male,Graduate,Married,49,490000,19107,10190,10149,76760,8879,16705,10238,10191,77163,8921,16786,-48,-42,-403,-42,-81,0
Male,High School,Married,42,10000,9013,8714,9121,9926,8898,7667,0,1200,1500,0,1000,8714,7921,8426,8898,6667,1
Male,Graduate,Married,39,400000,10260,17794,6402,20772,12406,10945,12201,6430,20118,5037,5054,5593,-28,654,7369,5891,0
Male,University,Married,37,10000,-265,-265,5235,5007,4779,7680,0,5500,0,0,3000,-265,-265,5007,4779,4680,1
Male,University,Single,47,300000,109274,110453,115453,118522,118586,118179,3000,5000,5013,4514,4220,107453,110453,113509,114072,113959,0
Male,Other,Married,46,310000,15431,10414,21209,91238,18293,14332,10414,21229,91254,18293,14332,0,-20,-16,0,0,0
Male,University,Single,44,100000,80358,81344,84133,84873,82613,87461,2900,5000,3000,0,6200,78444,79133,81873,82613,81261,1
Male,University,Single,36,80000,33457,34197,35641,36742,38127,39509,1600,2000,2000,2000,2000,32597,33641,34742,36127,37509,0
Male,High School,Married,46,50000,62315,60180,58108,55774,53589,51345,2200,2200,2000,1967,2002,57980,55908,53774,51622,49343,0
Male,University,Single,36,270000,-16,3326,-54,-54,19315,8388,3342,0,0,19369,996,-16,-54,-54,-54,7392,0
Male,University,Married,44,500000,2445,12988,2544,949,86362,-8,13053,2556,955,86793,0,-65,-12,-6,-431,-8,0
Male,University,Single,39,50000,25637,28371,29913,32417,31597,33575,3500,2000,3000,0,2500,24871,27913,29417,31597,31075,1
Male,University,Married,39,460000,700,9916,9906,7586,4706,4328,9916,9906,7596,4706,4328,0,0,-10,0,0,0
Male,High School,Single,44,80000,58606,57076,58358,58992,62696,64148,0,2800,2200,4700,2600,57076,55558,56792,57996,61548,0
Male,High School,Married,39,260000,30498,31500,31619,22020,22040,23061,1894,1403,1642,1053,2000,29606,30216,20378,20987,21061,0
Male,University,Married,47,50000,11325,12335,13431,14439,14602,14918,1504,1600,1537,700,700,10831,11831,12902,13902,14218,0
Male,High School,Married,41,30000,19904,21267,22120,23746,25346,24801,2000,1510,3000,2000,0,19267,20610,20746,23346,24801,0
Male,University,Married,42,190000,3747,3313,4085,4742,5875,7037,1000,1004,1500,1500,1267,2313,3081,3242,4375,5770,1
Male,Graduate,Single,40,290000,83607,83618,86768,87767,87813,71014,3000,4500,4001,3094,3000,80618,82268,83766,84719,68014,0
Male,Graduate,Married,44,650000,2119,5094,5158,7139,1034,2127,5115,5180,7201,1035,2139,-21,-22,-62,-1,-12,0
Male,University,Married,38,50000,1529,5404,3853,4768,-52,-52,1200,1200,1020,0,0,4204,2653,3748,-52,-52,1
Male,Graduate,Single,44,80000,77156,77494,77438,67054,60270,56138,3000,2734,2215,4000,2036,74494,74704,64839,56270,54102,0
Male,University,Married,42,200000,76929,74701,69669,13877,9789,116868,5000,4070,3000,2078,115000,69701,65599,10877,7711,1868,0
Male,Graduate,Married,43,150000,832,832,416,416,416,416,0,416,416,416,416,832,0,0,0,0,1
Male,University,Single,30,290000,270131,213484,197238,202680,133478,131024,0,9000,10500,17000,0,213484,188238,192180,116478,131024,1
Male,Graduate,Single,29,340000,44855,331641,331334,286660,263505,268256,300039,13214,12005,13005,10011,31602,318120,274655,250500,258245,0
Male,Graduate,Single,30,320000,95526,97737,101151,104203,108867,40411,5000,5000,5000,5364,5010,92737,96151,99203,103503,35401,0
Male,University,Single,31,80000,50244,51243,52319,58245,56728,55691,1835,1903,6800,0,0,49408,50416,51445,56728,55691,0
Male,University,Single,30,10000,9018,10015,10067,10105,9471,9669,1158,1210,1200,339,351,8857,8857,8905,9132,9318,1
Male,University,Single,31,420000,405274,411980,287733,293951,305011,312087,14302,10500,11000,16000,12000,397678,277233,282951,289011,300087,0
Male,University,Married,41,230000,226467,231187,231272,228653,225471,224853,10000,10500,10000,9000,8200,221187,220772,218653,216471,216653,0
Male,University,Single,35,100000,61378,62756,64147,65910,61018,62878,3000,3000,3500,3000,3000,59756,61147,62410,58018,59878,0
Male,Graduate,Married,35,100000,98803,101103,93566,90339,66222,66871,4035,4098,4213,3106,4000,97068,89468,86126,63116,62871,1
Male,Graduate,Married,31,280000,235461,196894,168463,149816,128721,130406,8900,8100,7200,5000,5000,187994,160363,142616,123721,125406,0
Male,Graduate,Married,34,220000,6433,6286,4903,9078,3583,4682,6307,4927,9123,3587,4698,-21,-24,-45,-4,-16,0
Male,University,Single,36,340000,19628,14586,15018,12062,3894,7957,14594,15047,12064,3894,7957,-8,-29,-2,0,0,0
Male,High School,Married,36,340000,362178,303611,92112,75710,63870,52671,10116,3300,5000,10000,10000,293495,88812,70710,53870,42671,1
Male,University,Single,37,210000,18896,19777,20803,21816,22250,22716,1500,1350,1363,797,825,18277,19453,20453,21453,21891,0
Male,University,Married,38,140000,135261,137999,141532,75815,65099,66445,4494,5303,2806,1825,1880,133505,136229,73009,63274,64565,1
Male,University,Married,37,390000,174603,178087,185212,187648,192538,198828,6379,10000,7001,8001,10000,171708,175212,180647,184537,188828,0
Male,High School,Single,49,20000,16787,18464,0,0,0,0,2074,0,0,0,0,16390,0,0,0,0,0
Male,Graduate,Married,34,420000,454391,466810,483277,479800,489200,489200,20000,24000,11000,10000,0,446810,459277,468800,479200,489200,0
Male,High School,Married,31,350000,225434,214620,170451,156922,143062,224387,11000,0,5500,5000,100000,203620,170451,151422,138062,124387,0
Male,High School,Married,39,50000,43127,44413,45697,46873,47188,48532,2000,2000,2000,2000,2000,42413,43697,44873,45188,46532,1
Male,University,Married,46,630000,125975,91247,81317,146005,146207,106467,3416,4300,84700,4211,4470,87831,77017,61305,141996,101997,0
Male,University,Married,34,140000,32538,36002,40422,44433,28029,32386,4000,5000,5000,5000,5000,32002,35422,39433,23029,27386,0
Male,High School,Married,40,180000,105918,81091,-1659,111077,112738,115746,4400,0,112736,5000,5300,76691,-1659,-1659,107738,110446,0
Male,University,Married,37,340000,71934,78695,80831,81589,83546,85362,8000,4000,3000,3300,3300,70695,76831,78589,80246,82062,0
Male,Graduate,Married,49,210000,291,291,291,291,291,291,291,582,291,291,291,0,-291,0,0,0,0
Male,High School,Single,47,100000,94667,97088,99520,102650,0,0,4000,4000,5000,0,0,93088,95520,97650,0,0,0
Male,Graduate,Married,37,180000,1660,2701,1832,919,500,7068,2701,1832,919,500,7068,0,0,0,0,0,0
Male,Graduate,Married,46,300000,132760,1968,4436,839,5792,7053,1977,4458,862,5821,7088,-9,-22,-23,-29,-35,0
Male,University,Married,45,210000,1792,4339,4049,345,650,3217,4369,4049,348,650,3217,-30,0,-3,0,0,1
Male,Graduate,Married,46,230000,39900,1200,0,11211,0,0,1200,0,11211,0,0,0,0,0,0,0,0
Male,High School,Married,45,70000,71586,71623,71020,67338,70769,68957,3100,3008,0,5100,2600,68523,68012,67338,65669,66357,1
Male,High School,Married,47,120000,71777,73282,75499,77739,78666,80399,2700,3400,3500,2815,3000,70582,72099,74239,75851,77399,1
Male,University,Single,34,20000,14498,13968,15739,17168,17580,18295,0,2000,2000,1000,1000,13968,13739,15168,16580,17295,0
Male,Graduate,Single,29,140000,142044,142087,255846,140057,100177,100873,6100,5528,4500,3500,4000,135987,250318,135557,96677,96873,1
Male,University,Single,29,20000,16809,0,0,0,0,0,0,0,0,0,0,0,0,0,0,0,1
Male,University,Single,29,50000,50845,48750,103486,50590,50248,49387,0,6556,3250,1563,1208,48750,96930,47340,48685,48179,0
Male,High School,Single,30,170000,10392,168088,168955,161351,126198,124746,168096,6409,7335,4448,4519,-8,162546,154016,121750,120227,0
Male,Graduate,Married,30,260000,27378,17082,13333,99,99,172104,10018,13333,99,99,172104,7064,0,0,0,0,0
Male,High School,Single,30,60000,54952,56021,54126,58732,59306,59728,2600,4553,5800,2000,1000,53421,49573,52932,57306,58728,1
Male,High School,Married,30,50000,17479,18195,17614,18630,19000,19421,1300,0,1310,680,727,16895,17614,17320,18320,18694,1
Male,High School,Single,29,150000,106556,108706,26068,20546,27228,3270,46060,81620,184133,17322,3279,62646,-55552,-163587,9906,-9,0
Male,Graduate,Single,29,240000,64826,72951,62848,60645,57554,57375,10589,34,4400,0,2000,62362,62814,56245,57554,55375,1
Male,Graduate,Single,29,140000,0,0,0,0,0,0,0,0,0,0,0,0,0,0,0,0,1
Male,Graduate,Single,32,360000,0,0,0,0,0,0,0,0,0,0,0,0,0,0,0,0,0
Male,University,Single,30,310000,167,-223,780,0,0,291,0,1003,0,0,291,-223,-223,0,0,0,0
Male,University,Married,31,210000,326,326,326,326,652,326,326,326,326,652,0,0,0,0,0,326,1
Male,Graduate,Single,31,450000,5000,5000,5000,0,0,0,5000,5000,0,0,0,0,0,0,0,0,0
Male,Graduate,Single,34,230000,23396,25723,49223,66006,47412,29290,25748,30029,27417,1016,640,-25,19194,38589,46396,28650,0
Male,Graduate,Single,32,390000,60425,49480,46201,38770,3914,6568,1781,2188,1000,8572,6568,47699,44013,37770,-4658,0,0
Male,University,Single,32,10000,9299,9576,9028,9644,9790,9990,1132,1384,1000,196,200,8444,7644,8644,9594,9790,0
Male,University,Single,33,330000,50999,50055,47398,40334,34443,33898,2000,2007,2000,2000,2000,48055,45391,38334,32443,31898,0
Male,Graduate,Single,33,30000,31724,30923,29928,29498,27025,0,0,0,31200,541,0,30923,29928,-1702,26484,0,1
Male,Graduate,Single,33,190000,144706,137502,127014,120826,112211,110396,6388,6112,4202,4200,4200,131114,120902,116624,108011,106196,0
Male,High School,Married,37,50000,3057,3427,3207,0,1250,5245,3000,0,0,1250,5245,427,3207,0,0,0,1
Male,Other,Married,45,50000,71927,73514,75373,50947,51020,0,3000,3428,2002,1023,0,70514,71945,48945,49997,0,1
Male,Graduate,Single,34,410000,468749,411016,420393,1467,1421,-15,17259,18600,1474,1428,0,393757,401793,-7,-7,-15,1
Male,University,Married,35,150000,-18,-18,-18,-18,-18,-18,0,0,0,0,0,-18,-18,-18,-18,-18,0
Male,Graduate,Single,35,360000,200,317,12349,0,326,105,317,12357,0,326,105,0,-8,0,0,0,0
Male,University,Married,40,50000,49073,49531,44002,44356,19344,19354,1691,1942,1296,674,693,47840,42060,43060,18670,18661,0
Male,Graduate,Single,36,210000,97826,20384,31294,43790,510,20188,5000,11294,13790,1000,20188,15384,20000,30000,-490,0,0
Male,High School,Married,46,50000,53418,52281,51173,50033,9779,9924,0,7,1104,445,400,52281,51166,48929,9334,9524,0
Male,Graduate,Single,38,220000,159322,164176,167028,170480,173818,177556,7500,7000,6500,6000,6000,156676,160028,163980,167818,171556,0
Male,University,Single,42,20000,10690,15027,14503,15238,14838,15141,4854,0,1400,0,303,10173,14503,13838,14838,14838,0
Male,High School,Married,46,170000,1804,1804,1804,1804,3608,1804,1804,1804,1804,3608,0,0,0,0,0,1804,1
Male,University,Married,43,20000,6216,7268,7009,8102,7136,5243,1307,0,1400,0,182,5961,7009,6702,7136,5061,0
Male,University,Other,41,60000,61118,50643,44004,26940,9971,-11798,2200,2000,1200,0,0,48443,42004,25740,9971,-11798,0
Male,High School,Married,42,160000,139983,125833,127815,130023,98604,101650,6000,5500,5000,3000,4000,119833,122315,125023,95604,97650,1
Male,High School,Married,44,190000,291,291,582,291,582,291,0,582,0,582,0,291,0,291,0,291,0
Male,University,Married,45,360000,18552,836,836,836,986,986,836,836,836,986,986,0,0,0,0,0,0
Male,University,Married,48,50000,48187,48344,46895,49161,6690,5665,46895,1775,51209,428,5665,1449,45120,-2048,6262,0,1
Male,High School,Single,40,130000,129548,129438,129388,127628,64345,62373,6000,6000,5161,2239,3000,123438,123388,122467,62106,59373,0
Male,Graduate,Married,44,320000,14075,6813,13482,2975,2029,888,6818,13482,2975,2029,888,-5,0,0,0,0,0
Male,University,Single,38,30000,19992,21055,22120,21471,21598,23241,1700,1700,0,782,2000,19355,20420,21471,20816,21241,0
Male,High School,Married,37,100000,31647,32935,32689,17246,3175,35311,2129,1686,1043,409,62380,30806,31003,16203,2766,-27069,0
Male,University,Married,48,20000,20733,20109,20126,18928,18761,18787,2,2019,11309,2000,700,20107,18107,7619,16761,18087,0
Male,University,Single,45,50000,20638,19834,19387,22574,20483,20121,1314,1340,5000,0,729,18520,18047,17574,20483,19392,0
Male,High School,Married,45,130000,1475,1826,2831,2756,1585,1215,1826,2831,2756,1585,1215,0,0,0,0,0,1
Male,University,Single,38,500000,31504,27546,20189,12058,14692,8274,12160,6056,3063,14725,206,15386,14133,8995,-33,8068,0
Male,University,Single,39,80000,75635,73830,74968,23867,23130,0,0,2968,1867,463,0,73830,72000,22000,22667,0,1
Male,University,Married,42,30000,28658,28281,29826,28572,9072,0,1656,3000,1000,500,0,26625,26826,27572,8572,0,0
Male,Graduate,Single,44,230000,5419,3288,806,1467,9192,4388,3306,806,1500,9216,4388,-18,0,-33,-24,0,0
Male,High School,Married,46,50000,11401,12506,14774,14233,14744,15252,1300,3000,0,1000,1000,11206,11774,14233,13744,14252,0
Male,Graduate,Married,32,290000,31933,38752,200,1956,910,0,39032,201,1961,4,0,-280,-1,-5,906,0,0
Male,Graduate,Married,39,280000,55050,51417,47069,40939,44290,70573,1652,2144,1666,5015,32013,49765,44925,39273,39275,38560,0
Male,Graduate,Married,32,220000,528,264,264,292,528,264,0,264,292,500,0,264,0,0,28,264,0
Male,Graduate,Single,30,160000,143457,134345,77045,69659,70186,75249,5237,3034,3010,5011,10006,129108,74011,66649,65175,65243,0
Male,University,Single,30,210000,4206,3980,7509,1252,626,626,3980,7509,1252,0,626,0,0,0,626,0,0
Male,Graduate,Single,30,170000,129848,89684,31050,0,0,0,5115,2500,0,0,0,84569,28550,0,0,0,0
Male,University,Single,30,180000,51323,44638,28674,14834,1415,47417,2124,1588,1526,66,57317,42514,27086,13308,1349,-9900,0
Male,Graduate,Single,32,410000,380,190,190,380,190,1539,0,190,380,0,1539,190,0,0,190,0,0
Male,Graduate,Single,30,150000,2384,4176,5877,1610,1180,2980,2000,2000,2000,1000,3000,2176,3877,-390,180,-20,0
Male,University,Single,31,500000,29566,25560,294257,278725,89161,87863,6025,294318,10254,7524,5009,19535,-61,268471,81637,82854,0
Male,High School,Single,31,230000,4261,25,221,417,613,-191,1000,1000,1000,1000,0,-975,-779,-583,-387,-191,0
Male,Graduate,Single,32,290000,23234,1571,108157,35379,18711,3110,1575,108168,35811,18711,0,-4,-11,-432,0,3110,0
Male,University,Married,29,10000,9406,9968,9385,5163,780,0,3009,2000,2009,0,0,6959,7385,3154,780,0,0
Male,Graduate,Single,33,260000,0,263,0,1368,101,955,263,0,1368,101,955,0,0,0,0,0,0
Male,University,Single,30,50000,-264,264,264,7300,0,0,528,0,7300,0,0,-264,264,0,0,0,0
Male,Graduate,Single,31,610000,348392,322228,319014,347303,248893,269528,323014,1605,349395,250144,271099,-786,317409,-2092,-1251,-1571,0
Male,Graduate,Single,31,360000,735,51,20007,18498,18422,1842,51,20007,1590,1000,1842,0,0,16908,17422,0,0
Male,University,Married,32,140000,134236,134663,137485,137450,135638,136375,6300,6500,6300,6000,5200,128363,130985,131150,129638,131175,0
Male,Other,Single,31,150000,134866,136692,91815,0,0,0,4633,2000,0,0,0,132059,89815,0,0,0,1
Male,University,Married,32,50000,50564,49710,0,50551,40590,39384,2686,0,50551,0,1600,47024,0,0,40590,37784,0
Male,University,Single,34,20000,13730,15170,15277,13478,16978,12914,2000,2000,1000,5000,12914,13170,13277,12478,11978,0,0
Male,University,Married,33,200000,110006,76950,63834,56768,58826,67577,5000,2183,2059,3000,9751,71950,61651,54709,55826,57826,0
Male,Graduate,Married,34,360000,33654,52686,64069,49005,8676,19487,52951,64535,8907,53,19584,-265,-466,40098,8623,-97,0
Male,High School,Married,36,80000,65554,66858,68279,69674,71070,73612,2395,2500,2530,2556,3700,64463,65779,67144,68514,69912,0
Male,Graduate,Married,37,190000,21628,20893,5869,29223,19616,148482,2000,3869,25128,10115,148482,18893,2000,4095,9501,0,0
Male,University,Married,35,230000,0,0,0,0,0,0,0,0,0,0,0,0,0,0,0,0,1
Male,University,Married,37,50000,10904,9316,4328,2846,1585,1324,0,3000,0,0,1000,9316,1328,2846,1585,324,1
Male,University,Married,41,220000,45075,8840,1369,5924,1759,1824,8840,6643,5924,1759,1824,0,-5274,0,0,0,0
Male,University,Single,47,40000,52358,54892,53415,51259,47151,46934,4000,0,2000,0,3520,50892,53415,49259,47151,43414,1
Male,Graduate,Single,34,420000,131939,136721,140011,141695,144839,147954,7000,7000,5500,5500,5600,129721,133011,136195,139339,142354,0
Male,University,Married,39,310000,238973,237196,233854,219409,216540,210675,10029,9218,10029,8049,8040,227167,224636,209380,208491,202635,0
Male,Graduate,Married,32,180000,0,0,0,0,0,0,0,0,0,0,0,0,0,0,0,0,0
Male,High School,Single,42,50000,43998,49123,49397,50360,19971,19694,10000,4000,5000,3000,4500,39123,45397,45360,16971,15194,0
Male,University,Married,44,50000,38671,36772,33101,28192,22676,14647,2300,1700,0,517,503,34472,31401,28192,22159,14144,0
Male,University,Married,36,90000,7752,9112,10306,11328,12036,14329,1500,1500,1500,1200,2500,7612,8806,9828,10836,11829,1
Male,University,Married,44,20000,1822,2872,2712,2882,9235,1719,2890,2720,2890,9263,1824,-18,-8,-8,-28,-105,0
Male,University,Single,38,30000,315,923,2939,1993,1907,3319,923,2977,1999,3057,3319,0,-38,-6,-1150,0,0
Male,Graduate,Single,30,240000,0,0,0,0,0,0,0,0,0,0,0,0,0,0,0,0,0
Male,Graduate,Single,35,360000,2220,0,0,0,0,0,0,0,0,0,0,0,0,0,0,0,0
Male,Graduate,Single,34,130000,23292,14077,15546,108047,93708,97353,3000,2000,93000,4000,5027,11077,13546,15047,89708,92326,0
Male,Graduate,Married,34,250000,279640,252913,243075,245750,175005,179687,65000,8800,9011,6000,7000,187913,234275,236739,169005,172687,0
Male,Graduate,Single,35,150000,3425,9009,-3,780,0,0,9054,0,783,0,0,-45,-3,-3,0,0,0
Male,University,Married,41,140000,138325,137142,139110,138262,49675,46121,6000,7000,4228,1505,2000,131142,132110,134034,48170,44121,0
Male,University,Married,34,210000,2500,2500,2500,2500,2500,2500,0,0,0,0,0,2500,2500,2500,2500,2500,1
Male,High School,Married,43,10000,8802,10400,0,0,0,0,2000,0,0,0,0,8400,0,0,0,0,0
Male,Graduate,Single,38,100000,3042,1427,102996,70626,69473,55004,2000,111784,4000,3000,2000,-573,-8788,66626,66473,53004,0
Male,University,Single,34,80000,72557,77708,79384,77519,82607,81158,7000,3500,0,7000,0,70708,75884,77519,75607,81158,1
Male,High School,Married,39,220000,188948,192815,208365,88004,31237,15980,8500,20000,5003,3047,5000,184315,188365,83001,28190,10980,0
Male,High School,Single,43,150000,1683,1828,3502,8979,5190,0,1837,3526,8998,129,0,-9,-24,-19,5061,0,0
Male,University,Single,37,30000,3565,3356,2758,20878,20582,19357,0,0,22000,4200,2000,3356,2758,-1122,16382,17357,1
Male,High School,Married,41,80000,-1645,78379,76304,52774,11855,48944,85900,3409,1178,1926,52964,-7521,72895,51596,9929,-4020,1
Male,University,Married,46,50000,47929,48905,49764,36535,32428,15313,2078,1800,1430,1000,1000,46827,47964,35105,31428,14313,1
